2018-04-08 07:34:27.563849;(21, (254, 128, 0, 0, 0, 0, 0, 0, 253, 255, 255, 255, 255, 255, 0, 1))
2018-04-08 07:34:27.569484;(1, (0, 0, 0, 0, 0, 0, 0, 0, 0, 0, 0, 0, 0, 0, 0, 0))
2018-04-08 07:34:27.626913;(3, (254, 128, 0, 0, 0, 0, 0, 0, 253, 255, 255, 255, 255, 255, 0, 20))
2018-04-08 07:34:27.651257;(10, (254, 128, 0, 0, 0, 0, 0, 0, 253, 255, 255, 255, 255, 255, 0, 15))
2018-04-08 07:34:27.782945;(13, (254, 128, 0, 0, 0, 0, 0, 0, 253, 255, 255, 255, 255, 255, 0, 1))
2018-04-08 07:34:27.807007;(20, (254, 128, 0, 0, 0, 0, 0, 0, 253, 255, 255, 255, 255, 255, 0, 1))
2018-04-08 07:34:27.814394;(14, (254, 128, 0, 0, 0, 0, 0, 0, 253, 255, 255, 255, 255, 255, 0, 22))
2018-04-08 07:34:27.907242;(16, (254, 128, 0, 0, 0, 0, 0, 0, 253, 255, 255, 255, 255, 255, 0, 18))
2018-04-08 07:34:27.910594;(23, (254, 128, 0, 0, 0, 0, 0, 0, 253, 255, 255, 255, 255, 255, 0, 15))
2018-04-08 07:34:27.927859;(8, (254, 128, 0, 0, 0, 0, 0, 0, 253, 255, 255, 255, 255, 255, 0, 22))
2018-04-08 07:34:28.003228;(12, (254, 128, 0, 0, 0, 0, 0, 0, 253, 255, 255, 255, 255, 255, 0, 8))
2018-04-08 07:34:28.061344;(11, (254, 128, 0, 0, 0, 0, 0, 0, 253, 255, 255, 255, 255, 255, 0, 8))
2018-04-08 07:34:28.079373;(18, (254, 128, 0, 0, 0, 0, 0, 0, 253, 255, 255, 255, 255, 255, 0, 15))
2018-04-08 07:34:28.133244;(17, (254, 128, 0, 0, 0, 0, 0, 0, 253, 255, 255, 255, 255, 255, 0, 7))
2018-04-08 07:34:28.201763;(22, (254, 128, 0, 0, 0, 0, 0, 0, 253, 255, 255, 255, 255, 255, 0, 20))
2018-04-08 07:34:28.223766;(5, (254, 128, 0, 0, 0, 0, 0, 0, 253, 255, 255, 255, 255, 255, 0, 1))
2018-04-08 07:34:28.327949;(7, (254, 128, 0, 0, 0, 0, 0, 0, 253, 255, 255, 255, 255, 255, 0, 20))
2018-04-08 07:34:28.361128;(15, (254, 128, 0, 0, 0, 0, 0, 0, 253, 255, 255, 255, 255, 255, 0, 1))
2018-04-08 07:34:28.367121;(4, (254, 128, 0, 0, 0, 0, 0, 0, 253, 255, 255, 255, 255, 255, 0, 13))
2018-04-08 07:34:28.442262;(19, (254, 128, 0, 0, 0, 0, 0, 0, 253, 255, 255, 255, 255, 255, 0, 3))
2018-04-08 07:34:28.465781;(6, (254, 128, 0, 0, 0, 0, 0, 0, 253, 255, 255, 255, 255, 255, 0, 5))
2018-04-08 07:34:28.486197;(9, (254, 128, 0, 0, 0, 0, 0, 0, 253, 255, 255, 255, 255, 255, 0, 4))
2018-04-08 07:34:57.566662;(21, (254, 128, 0, 0, 0, 0, 0, 0, 253, 255, 255, 255, 255, 255, 0, 1))
2018-04-08 07:34:57.571155;(1, (0, 0, 0, 0, 0, 0, 0, 0, 0, 0, 0, 0, 0, 0, 0, 0))
2018-04-08 07:34:57.630748;(3, (254, 128, 0, 0, 0, 0, 0, 0, 253, 255, 255, 255, 255, 255, 0, 20))
2018-04-08 07:34:57.654739;(10, (254, 128, 0, 0, 0, 0, 0, 0, 253, 255, 255, 255, 255, 255, 0, 15))
2018-04-08 07:34:57.787032;(13, (254, 128, 0, 0, 0, 0, 0, 0, 253, 255, 255, 255, 255, 255, 0, 1))
2018-04-08 07:34:57.810061;(20, (254, 128, 0, 0, 0, 0, 0, 0, 253, 255, 255, 255, 255, 255, 0, 1))
2018-04-08 07:34:57.819615;(14, (254, 128, 0, 0, 0, 0, 0, 0, 253, 255, 255, 255, 255, 255, 0, 18))
2018-04-08 07:34:57.912013;(16, (254, 128, 0, 0, 0, 0, 0, 0, 253, 255, 255, 255, 255, 255, 0, 18))
2018-04-08 07:34:57.913547;(23, (254, 128, 0, 0, 0, 0, 0, 0, 253, 255, 255, 255, 255, 255, 0, 15))
2018-04-08 07:34:57.931600;(8, (254, 128, 0, 0, 0, 0, 0, 0, 253, 255, 255, 255, 255, 255, 0, 14))
2018-04-08 07:34:58.006902;(12, (254, 128, 0, 0, 0, 0, 0, 0, 253, 255, 255, 255, 255, 255, 0, 14))
2018-04-08 07:34:58.066077;(11, (254, 128, 0, 0, 0, 0, 0, 0, 253, 255, 255, 255, 255, 255, 0, 8))
2018-04-08 07:34:58.084860;(18, (254, 128, 0, 0, 0, 0, 0, 0, 253, 255, 255, 255, 255, 255, 0, 15))
2018-04-08 07:34:58.137150;(17, (254, 128, 0, 0, 0, 0, 0, 0, 253, 255, 255, 255, 255, 255, 0, 7))
2018-04-08 07:34:58.205693;(22, (254, 128, 0, 0, 0, 0, 0, 0, 253, 255, 255, 255, 255, 255, 0, 6))
2018-04-08 07:34:58.226686;(5, (254, 128, 0, 0, 0, 0, 0, 0, 253, 255, 255, 255, 255, 255, 0, 1))
2018-04-08 07:34:58.332333;(7, (254, 128, 0, 0, 0, 0, 0, 0, 253, 255, 255, 255, 255, 255, 0, 14))
2018-04-08 07:34:58.365344;(15, (254, 128, 0, 0, 0, 0, 0, 0, 253, 255, 255, 255, 255, 255, 0, 1))
2018-04-08 07:34:58.370823;(4, (254, 128, 0, 0, 0, 0, 0, 0, 253, 255, 255, 255, 255, 255, 0, 13))
2018-04-08 07:34:58.445148;(19, (254, 128, 0, 0, 0, 0, 0, 0, 253, 255, 255, 255, 255, 255, 0, 3))
2018-04-08 07:34:58.469104;(6, (254, 128, 0, 0, 0, 0, 0, 0, 253, 255, 255, 255, 255, 255, 0, 5))
2018-04-08 07:34:58.489823;(9, (254, 128, 0, 0, 0, 0, 0, 0, 253, 255, 255, 255, 255, 255, 0, 4))
2018-04-08 07:35:27.571097;(21, (254, 128, 0, 0, 0, 0, 0, 0, 253, 255, 255, 255, 255, 255, 0, 15))
2018-04-08 07:35:27.573815;(1, (0, 0, 0, 0, 0, 0, 0, 0, 0, 0, 0, 0, 0, 0, 0, 0))
2018-04-08 07:35:27.635685;(3, (254, 128, 0, 0, 0, 0, 0, 0, 253, 255, 255, 255, 255, 255, 0, 20))
2018-04-08 07:35:27.657779;(10, (254, 128, 0, 0, 0, 0, 0, 0, 253, 255, 255, 255, 255, 255, 0, 15))
2018-04-08 07:35:27.791579;(13, (254, 128, 0, 0, 0, 0, 0, 0, 253, 255, 255, 255, 255, 255, 0, 1))
2018-04-08 07:35:27.814129;(20, (254, 128, 0, 0, 0, 0, 0, 0, 253, 255, 255, 255, 255, 255, 0, 1))
2018-04-08 07:35:27.823086;(14, (254, 128, 0, 0, 0, 0, 0, 0, 253, 255, 255, 255, 255, 255, 0, 3))
2018-04-08 07:35:27.915662;(16, (254, 128, 0, 0, 0, 0, 0, 0, 253, 255, 255, 255, 255, 255, 0, 18))
2018-04-08 07:35:27.917328;(23, (254, 128, 0, 0, 0, 0, 0, 0, 253, 255, 255, 255, 255, 255, 0, 15))
2018-04-08 07:35:27.935318;(8, (254, 128, 0, 0, 0, 0, 0, 0, 253, 255, 255, 255, 255, 255, 0, 14))
2018-04-08 07:35:28.010623;(12, (254, 128, 0, 0, 0, 0, 0, 0, 253, 255, 255, 255, 255, 255, 0, 14))
2018-04-08 07:35:28.069837;(11, (254, 128, 0, 0, 0, 0, 0, 0, 253, 255, 255, 255, 255, 255, 0, 8))
2018-04-08 07:35:28.091284;(18, (254, 128, 0, 0, 0, 0, 0, 0, 253, 255, 255, 255, 255, 255, 0, 23))
2018-04-08 07:35:28.141662;(17, (254, 128, 0, 0, 0, 0, 0, 0, 253, 255, 255, 255, 255, 255, 0, 7))
2018-04-08 07:35:28.208142;(22, (254, 128, 0, 0, 0, 0, 0, 0, 253, 255, 255, 255, 255, 255, 0, 10))
2018-04-08 07:35:28.230575;(5, (254, 128, 0, 0, 0, 0, 0, 0, 253, 255, 255, 255, 255, 255, 0, 1))
2018-04-08 07:35:28.335722;(7, (254, 128, 0, 0, 0, 0, 0, 0, 253, 255, 255, 255, 255, 255, 0, 14))
2018-04-08 07:35:28.374237;(4, (254, 128, 0, 0, 0, 0, 0, 0, 253, 255, 255, 255, 255, 255, 0, 21))
2018-04-08 07:35:28.449158;(19, (254, 128, 0, 0, 0, 0, 0, 0, 253, 255, 255, 255, 255, 255, 0, 3))
2018-04-08 07:35:28.471908;(6, (254, 128, 0, 0, 0, 0, 0, 0, 253, 255, 255, 255, 255, 255, 0, 5))
2018-04-08 07:35:28.494867;(9, (254, 128, 0, 0, 0, 0, 0, 0, 253, 255, 255, 255, 255, 255, 0, 13))
2018-04-08 07:35:57.583328;(1, (0, 0, 0, 0, 0, 0, 0, 0, 0, 0, 0, 0, 0, 0, 0, 0))
2018-04-08 07:35:57.663057;(10, (254, 128, 0, 0, 0, 0, 0, 0, 253, 255, 255, 255, 255, 255, 0, 15))
2018-04-08 07:35:57.829003;(14, (254, 128, 0, 0, 0, 0, 0, 0, 253, 255, 255, 255, 255, 255, 0, 3))
2018-04-08 07:35:57.922076;(23, (254, 128, 0, 0, 0, 0, 0, 0, 253, 255, 255, 255, 255, 255, 0, 15))
2018-04-08 07:35:58.073468;(11, (254, 128, 0, 0, 0, 0, 0, 0, 253, 255, 255, 255, 255, 255, 0, 8))
2018-04-08 07:35:58.638773;(3, (254, 128, 0, 0, 0, 0, 0, 0, 253, 255, 255, 255, 255, 255, 0, 20))
2018-04-08 07:35:58.797034;(13, (254, 128, 0, 0, 0, 0, 0, 0, 253, 255, 255, 255, 255, 255, 0, 1))
2018-04-08 07:35:58.818028;(20, (254, 128, 0, 0, 0, 0, 0, 0, 253, 255, 255, 255, 255, 255, 0, 1))
2018-04-08 07:35:58.921063;(16, (254, 128, 0, 0, 0, 0, 0, 0, 253, 255, 255, 255, 255, 255, 0, 18))
2018-04-08 07:35:58.939068;(8, (254, 128, 0, 0, 0, 0, 0, 0, 253, 255, 255, 255, 255, 255, 0, 7))
2018-04-08 07:35:59.014563;(12, (254, 128, 0, 0, 0, 0, 0, 0, 253, 255, 255, 255, 255, 255, 0, 14))
2018-04-08 07:35:59.097043;(18, (254, 128, 0, 0, 0, 0, 0, 0, 253, 255, 255, 255, 255, 255, 0, 23))
2018-04-08 07:35:59.147543;(17, (254, 128, 0, 0, 0, 0, 0, 0, 253, 255, 255, 255, 255, 255, 0, 7))
2018-04-08 07:35:59.213257;(22, (254, 128, 0, 0, 0, 0, 0, 0, 253, 255, 255, 255, 255, 255, 0, 10))
2018-04-08 07:35:59.234213;(5, (254, 128, 0, 0, 0, 0, 0, 0, 253, 255, 255, 255, 255, 255, 0, 1))
2018-04-08 07:35:59.340144;(7, (254, 128, 0, 0, 0, 0, 0, 0, 253, 255, 255, 255, 255, 255, 0, 20))
2018-04-08 07:35:59.372009;(15, (254, 128, 0, 0, 0, 0, 0, 0, 253, 255, 255, 255, 255, 255, 0, 1))
2018-04-08 07:35:59.378428;(4, (254, 128, 0, 0, 0, 0, 0, 0, 253, 255, 255, 255, 255, 255, 0, 21))
2018-04-08 07:35:59.452580;(19, (254, 128, 0, 0, 0, 0, 0, 0, 253, 255, 255, 255, 255, 255, 0, 3))
2018-04-08 07:35:59.474944;(6, (254, 128, 0, 0, 0, 0, 0, 0, 253, 255, 255, 255, 255, 255, 0, 5))
2018-04-08 07:35:59.497856;(9, (254, 128, 0, 0, 0, 0, 0, 0, 253, 255, 255, 255, 255, 255, 0, 13))
2018-04-08 07:36:27.586278;(1, (0, 0, 0, 0, 0, 0, 0, 0, 0, 0, 0, 0, 0, 0, 0, 0))
2018-04-08 07:36:28.584879;(21, (254, 128, 0, 0, 0, 0, 0, 0, 253, 255, 255, 255, 255, 255, 0, 1))
2018-04-08 07:36:28.642846;(3, (254, 128, 0, 0, 0, 0, 0, 0, 253, 255, 255, 255, 255, 255, 0, 14))
2018-04-08 07:36:28.670599;(10, (254, 128, 0, 0, 0, 0, 0, 0, 253, 255, 255, 255, 255, 255, 0, 15))
2018-04-08 07:36:28.801051;(13, (254, 128, 0, 0, 0, 0, 0, 0, 253, 255, 255, 255, 255, 255, 0, 1))
2018-04-08 07:36:28.821660;(20, (254, 128, 0, 0, 0, 0, 0, 0, 253, 255, 255, 255, 255, 255, 0, 1))
2018-04-08 07:36:28.831827;(14, (254, 128, 0, 0, 0, 0, 0, 0, 253, 255, 255, 255, 255, 255, 0, 7))
2018-04-08 07:36:28.925123;(16, (254, 128, 0, 0, 0, 0, 0, 0, 253, 255, 255, 255, 255, 255, 0, 18))
2018-04-08 07:36:28.925685;(23, (254, 128, 0, 0, 0, 0, 0, 0, 253, 255, 255, 255, 255, 255, 0, 15))
2018-04-08 07:36:28.943138;(8, (254, 128, 0, 0, 0, 0, 0, 0, 253, 255, 255, 255, 255, 255, 0, 11))
2018-04-08 07:36:29.017619;(12, (254, 128, 0, 0, 0, 0, 0, 0, 253, 255, 255, 255, 255, 255, 0, 14))
2018-04-08 07:36:29.079247;(11, (254, 128, 0, 0, 0, 0, 0, 0, 253, 255, 255, 255, 255, 255, 0, 8))
2018-04-08 07:36:29.099894;(18, (254, 128, 0, 0, 0, 0, 0, 0, 253, 255, 255, 255, 255, 255, 0, 23))
2018-04-08 07:36:29.155524;(17, (254, 128, 0, 0, 0, 0, 0, 0, 253, 255, 255, 255, 255, 255, 0, 7))
2018-04-08 07:36:29.217260;(22, (254, 128, 0, 0, 0, 0, 0, 0, 253, 255, 255, 255, 255, 255, 0, 10))
2018-04-08 07:36:29.238124;(5, (254, 128, 0, 0, 0, 0, 0, 0, 253, 255, 255, 255, 255, 255, 0, 15))
2018-04-08 07:36:29.345260;(7, (254, 128, 0, 0, 0, 0, 0, 0, 253, 255, 255, 255, 255, 255, 0, 20))
2018-04-08 07:36:29.377382;(15, (254, 128, 0, 0, 0, 0, 0, 0, 253, 255, 255, 255, 255, 255, 0, 1))
2018-04-08 07:36:29.382954;(4, (254, 128, 0, 0, 0, 0, 0, 0, 253, 255, 255, 255, 255, 255, 0, 13))
2018-04-08 07:36:29.455935;(19, (254, 128, 0, 0, 0, 0, 0, 0, 253, 255, 255, 255, 255, 255, 0, 7))
2018-04-08 07:36:29.477906;(6, (254, 128, 0, 0, 0, 0, 0, 0, 253, 255, 255, 255, 255, 255, 0, 10))
2018-04-08 07:36:29.501262;(9, (0, 0, 0, 0, 0, 0, 0, 0, 0, 0, 0, 0, 0, 0, 0, 0))
2018-04-08 07:36:57.589135;(1, (0, 0, 0, 0, 0, 0, 0, 0, 0, 0, 0, 0, 0, 0, 0, 0))
2018-04-08 07:36:58.587587;(21, (254, 128, 0, 0, 0, 0, 0, 0, 253, 255, 255, 255, 255, 255, 0, 4))
2018-04-08 07:36:58.645960;(3, (254, 128, 0, 0, 0, 0, 0, 0, 253, 255, 255, 255, 255, 255, 0, 20))
2018-04-08 07:36:58.675576;(10, (254, 128, 0, 0, 0, 0, 0, 0, 253, 255, 255, 255, 255, 255, 0, 15))
2018-04-08 07:36:58.805066;(13, (254, 128, 0, 0, 0, 0, 0, 0, 253, 255, 255, 255, 255, 255, 0, 1))
2018-04-08 07:36:58.824498;(20, (254, 128, 0, 0, 0, 0, 0, 0, 253, 255, 255, 255, 255, 255, 0, 1))
2018-04-08 07:36:58.929115;(16, (254, 128, 0, 0, 0, 0, 0, 0, 253, 255, 255, 255, 255, 255, 0, 18))
2018-04-08 07:36:58.929373;(23, (254, 128, 0, 0, 0, 0, 0, 0, 253, 255, 255, 255, 255, 255, 0, 15))
2018-04-08 07:36:58.946274;(8, (254, 128, 0, 0, 0, 0, 0, 0, 253, 255, 255, 255, 255, 255, 0, 14))
2018-04-08 07:36:59.020535;(12, (254, 128, 0, 0, 0, 0, 0, 0, 253, 255, 255, 255, 255, 255, 0, 14))
2018-04-08 07:36:59.085019;(11, (254, 128, 0, 0, 0, 0, 0, 0, 253, 255, 255, 255, 255, 255, 0, 14))
2018-04-08 07:36:59.105251;(18, (254, 128, 0, 0, 0, 0, 0, 0, 253, 255, 255, 255, 255, 255, 0, 23))
2018-04-08 07:36:59.160030;(17, (254, 128, 0, 0, 0, 0, 0, 0, 253, 255, 255, 255, 255, 255, 0, 7))
2018-04-08 07:36:59.220172;(22, (254, 128, 0, 0, 0, 0, 0, 0, 253, 255, 255, 255, 255, 255, 0, 10))
2018-04-08 07:36:59.242174;(5, (254, 128, 0, 0, 0, 0, 0, 0, 253, 255, 255, 255, 255, 255, 0, 15))
2018-04-08 07:36:59.349697;(7, (254, 128, 0, 0, 0, 0, 0, 0, 253, 255, 255, 255, 255, 255, 0, 20))
2018-04-08 07:36:59.380083;(15, (254, 128, 0, 0, 0, 0, 0, 0, 253, 255, 255, 255, 255, 255, 0, 1))
2018-04-08 07:36:59.386742;(4, (254, 128, 0, 0, 0, 0, 0, 0, 253, 255, 255, 255, 255, 255, 0, 13))
2018-04-08 07:36:59.459445;(19, (254, 128, 0, 0, 0, 0, 0, 0, 253, 255, 255, 255, 255, 255, 0, 3))
2018-04-08 07:36:59.482487;(6, (254, 128, 0, 0, 0, 0, 0, 0, 253, 255, 255, 255, 255, 255, 0, 10))
2018-04-08 07:36:59.504060;(9, (254, 128, 0, 0, 0, 0, 0, 0, 253, 255, 255, 255, 255, 255, 0, 4))
2018-04-08 07:37:27.591766;(1, (0, 0, 0, 0, 0, 0, 0, 0, 0, 0, 0, 0, 0, 0, 0, 0))
2018-04-08 07:37:28.590972;(21, (254, 128, 0, 0, 0, 0, 0, 0, 253, 255, 255, 255, 255, 255, 0, 23))
2018-04-08 07:37:28.649834;(3, (254, 128, 0, 0, 0, 0, 0, 0, 253, 255, 255, 255, 255, 255, 0, 20))
2018-04-08 07:37:28.678543;(10, (254, 128, 0, 0, 0, 0, 0, 0, 253, 255, 255, 255, 255, 255, 0, 15))
2018-04-08 07:37:28.810073;(13, (254, 128, 0, 0, 0, 0, 0, 0, 253, 255, 255, 255, 255, 255, 0, 15))
2018-04-08 07:37:28.827154;(20, (254, 128, 0, 0, 0, 0, 0, 0, 253, 255, 255, 255, 255, 255, 0, 1))
2018-04-08 07:37:28.838782;(14, (254, 128, 0, 0, 0, 0, 0, 0, 253, 255, 255, 255, 255, 255, 0, 7))
2018-04-08 07:37:28.933295;(16, (254, 128, 0, 0, 0, 0, 0, 0, 253, 255, 255, 255, 255, 255, 0, 18))
2018-04-08 07:37:28.933830;(23, (254, 128, 0, 0, 0, 0, 0, 0, 253, 255, 255, 255, 255, 255, 0, 15))
2018-04-08 07:37:28.949631;(8, (254, 128, 0, 0, 0, 0, 0, 0, 253, 255, 255, 255, 255, 255, 0, 14))
2018-04-08 07:37:29.026200;(12, (254, 128, 0, 0, 0, 0, 0, 0, 253, 255, 255, 255, 255, 255, 0, 14))
2018-04-08 07:37:29.089347;(11, (254, 128, 0, 0, 0, 0, 0, 0, 253, 255, 255, 255, 255, 255, 0, 14))
2018-04-08 07:37:29.109861;(18, (254, 128, 0, 0, 0, 0, 0, 0, 253, 255, 255, 255, 255, 255, 0, 23))
2018-04-08 07:37:29.163760;(17, (254, 128, 0, 0, 0, 0, 0, 0, 253, 255, 255, 255, 255, 255, 0, 7))
2018-04-08 07:37:29.223922;(22, (254, 128, 0, 0, 0, 0, 0, 0, 253, 255, 255, 255, 255, 255, 0, 10))
2018-04-08 07:37:29.246614;(5, (254, 128, 0, 0, 0, 0, 0, 0, 253, 255, 255, 255, 255, 255, 0, 15))
2018-04-08 07:37:29.355689;(7, (254, 128, 0, 0, 0, 0, 0, 0, 253, 255, 255, 255, 255, 255, 0, 20))
2018-04-08 07:37:29.383926;(15, (254, 128, 0, 0, 0, 0, 0, 0, 253, 255, 255, 255, 255, 255, 0, 1))
2018-04-08 07:37:29.391240;(4, (254, 128, 0, 0, 0, 0, 0, 0, 253, 255, 255, 255, 255, 255, 0, 13))
2018-04-08 07:37:29.462860;(19, (254, 128, 0, 0, 0, 0, 0, 0, 253, 255, 255, 255, 255, 255, 0, 3))
2018-04-08 07:37:29.485440;(6, (254, 128, 0, 0, 0, 0, 0, 0, 253, 255, 255, 255, 255, 255, 0, 10))
2018-04-08 07:37:29.507270;(9, (254, 128, 0, 0, 0, 0, 0, 0, 253, 255, 255, 255, 255, 255, 0, 4))
2018-04-08 07:37:58.594101;(21, (254, 128, 0, 0, 0, 0, 0, 0, 253, 255, 255, 255, 255, 255, 0, 15))
2018-04-08 07:37:58.595177;(1, (0, 0, 0, 0, 0, 0, 0, 0, 0, 0, 0, 0, 0, 0, 0, 0))
2018-04-08 07:37:58.654070;(3, (254, 128, 0, 0, 0, 0, 0, 0, 253, 255, 255, 255, 255, 255, 0, 20))
2018-04-08 07:37:58.682317;(10, (254, 128, 0, 0, 0, 0, 0, 0, 253, 255, 255, 255, 255, 255, 0, 15))
2018-04-08 07:37:58.813936;(13, (254, 128, 0, 0, 0, 0, 0, 0, 253, 255, 255, 255, 255, 255, 0, 15))
2018-04-08 07:37:58.829867;(20, (254, 128, 0, 0, 0, 0, 0, 0, 253, 255, 255, 255, 255, 255, 0, 1))
2018-04-08 07:37:58.842358;(14, (254, 128, 0, 0, 0, 0, 0, 0, 253, 255, 255, 255, 255, 255, 0, 7))
2018-04-08 07:37:58.937607;(16, (254, 128, 0, 0, 0, 0, 0, 0, 253, 255, 255, 255, 255, 255, 0, 18))
2018-04-08 07:37:58.937940;(23, (254, 128, 0, 0, 0, 0, 0, 0, 253, 255, 255, 255, 255, 255, 0, 15))
2018-04-08 07:37:58.951574;(8, (254, 128, 0, 0, 0, 0, 0, 0, 253, 255, 255, 255, 255, 255, 0, 14))
2018-04-08 07:37:59.029926;(12, (254, 128, 0, 0, 0, 0, 0, 0, 253, 255, 255, 255, 255, 255, 0, 11))
2018-04-08 07:37:59.093908;(11, (254, 128, 0, 0, 0, 0, 0, 0, 253, 255, 255, 255, 255, 255, 0, 16))
2018-04-08 07:37:59.113003;(18, (254, 128, 0, 0, 0, 0, 0, 0, 253, 255, 255, 255, 255, 255, 0, 23))
2018-04-08 07:37:59.167590;(17, (0, 0, 0, 0, 0, 0, 0, 0, 0, 0, 0, 0, 0, 0, 0, 0))
2018-04-08 07:37:59.228064;(22, (254, 128, 0, 0, 0, 0, 0, 0, 253, 255, 255, 255, 255, 255, 0, 10))
2018-04-08 07:37:59.251619;(5, (254, 128, 0, 0, 0, 0, 0, 0, 253, 255, 255, 255, 255, 255, 0, 15))
2018-04-08 07:37:59.387350;(15, (254, 128, 0, 0, 0, 0, 0, 0, 253, 255, 255, 255, 255, 255, 0, 1))
2018-04-08 07:37:59.395409;(4, (254, 128, 0, 0, 0, 0, 0, 0, 253, 255, 255, 255, 255, 255, 0, 13))
2018-04-08 07:37:59.466896;(19, (254, 128, 0, 0, 0, 0, 0, 0, 253, 255, 255, 255, 255, 255, 0, 7))
2018-04-08 07:37:59.488857;(6, (254, 128, 0, 0, 0, 0, 0, 0, 253, 255, 255, 255, 255, 255, 0, 5))
2018-04-08 07:37:59.510965;(9, (254, 128, 0, 0, 0, 0, 0, 0, 253, 255, 255, 255, 255, 255, 0, 4))
2018-04-08 07:38:00.361742;(7, (254, 128, 0, 0, 0, 0, 0, 0, 253, 255, 255, 255, 255, 255, 0, 20))
2018-04-08 07:38:28.598043;(1, (0, 0, 0, 0, 0, 0, 0, 0, 0, 0, 0, 0, 0, 0, 0, 0))
2018-04-08 07:38:28.685965;(10, (254, 128, 0, 0, 0, 0, 0, 0, 253, 255, 255, 255, 255, 255, 0, 15))
2018-04-08 07:38:28.845862;(14, (254, 128, 0, 0, 0, 0, 0, 0, 253, 255, 255, 255, 255, 255, 0, 18))
2018-04-08 07:38:28.945173;(23, (254, 128, 0, 0, 0, 0, 0, 0, 253, 255, 255, 255, 255, 255, 0, 15))
2018-04-08 07:38:29.099616;(11, (254, 128, 0, 0, 0, 0, 0, 0, 253, 255, 255, 255, 255, 255, 0, 14))
2018-04-08 07:38:29.659543;(3, (254, 128, 0, 0, 0, 0, 0, 0, 253, 255, 255, 255, 255, 255, 0, 20))
2018-04-08 07:38:29.818531;(13, (254, 128, 0, 0, 0, 0, 0, 0, 253, 255, 255, 255, 255, 255, 0, 1))
2018-04-08 07:38:29.833290;(20, (254, 128, 0, 0, 0, 0, 0, 0, 253, 255, 255, 255, 255, 255, 0, 1))
2018-04-08 07:38:29.942846;(16, (254, 128, 0, 0, 0, 0, 0, 0, 253, 255, 255, 255, 255, 255, 0, 18))
2018-04-08 07:38:29.955141;(8, (254, 128, 0, 0, 0, 0, 0, 0, 253, 255, 255, 255, 255, 255, 0, 14))
2018-04-08 07:38:30.034893;(12, (254, 128, 0, 0, 0, 0, 0, 0, 253, 255, 255, 255, 255, 255, 0, 14))
2018-04-08 07:38:30.115800;(18, (254, 128, 0, 0, 0, 0, 0, 0, 253, 255, 255, 255, 255, 255, 0, 23))
2018-04-08 07:38:30.170921;(17, (254, 128, 0, 0, 0, 0, 0, 0, 253, 255, 255, 255, 255, 255, 0, 7))
2018-04-08 07:38:30.232813;(22, (254, 128, 0, 0, 0, 0, 0, 0, 253, 255, 255, 255, 255, 255, 0, 10))
2018-04-08 07:38:30.255186;(5, (254, 128, 0, 0, 0, 0, 0, 0, 253, 255, 255, 255, 255, 255, 0, 15))
2018-04-08 07:38:30.366568;(7, (254, 128, 0, 0, 0, 0, 0, 0, 253, 255, 255, 255, 255, 255, 0, 20))
2018-04-08 07:38:30.390691;(15, (254, 128, 0, 0, 0, 0, 0, 0, 253, 255, 255, 255, 255, 255, 0, 1))
2018-04-08 07:38:30.399566;(4, (254, 128, 0, 0, 0, 0, 0, 0, 253, 255, 255, 255, 255, 255, 0, 13))
2018-04-08 07:38:30.470986;(19, (254, 128, 0, 0, 0, 0, 0, 0, 253, 255, 255, 255, 255, 255, 0, 7))
2018-04-08 07:38:30.493032;(6, (254, 128, 0, 0, 0, 0, 0, 0, 253, 255, 255, 255, 255, 255, 0, 5))
2018-04-08 07:38:30.513817;(9, (254, 128, 0, 0, 0, 0, 0, 0, 253, 255, 255, 255, 255, 255, 0, 4))
2018-04-08 07:38:58.601538;(1, (0, 0, 0, 0, 0, 0, 0, 0, 0, 0, 0, 0, 0, 0, 0, 0))
2018-04-08 07:38:59.600502;(21, (254, 128, 0, 0, 0, 0, 0, 0, 253, 255, 255, 255, 255, 255, 0, 23))
2018-04-08 07:38:59.662484;(3, (254, 128, 0, 0, 0, 0, 0, 0, 253, 255, 255, 255, 255, 255, 0, 20))
2018-04-08 07:38:59.822978;(13, (254, 128, 0, 0, 0, 0, 0, 0, 253, 255, 255, 255, 255, 255, 0, 1))
2018-04-08 07:38:59.836055;(20, (254, 128, 0, 0, 0, 0, 0, 0, 253, 255, 255, 255, 255, 255, 0, 1))
2018-04-08 07:38:59.849592;(14, (254, 128, 0, 0, 0, 0, 0, 0, 253, 255, 255, 255, 255, 255, 0, 18))
2018-04-08 07:38:59.946466;(16, (254, 128, 0, 0, 0, 0, 0, 0, 253, 255, 255, 255, 255, 255, 0, 18))
2018-04-08 07:38:59.950854;(23, (254, 128, 0, 0, 0, 0, 0, 0, 253, 255, 255, 255, 255, 255, 0, 15))
2018-04-08 07:38:59.959873;(8, (254, 128, 0, 0, 0, 0, 0, 0, 253, 255, 255, 255, 255, 255, 0, 14))
2018-04-08 07:39:00.039747;(12, (254, 128, 0, 0, 0, 0, 0, 0, 253, 255, 255, 255, 255, 255, 0, 14))
2018-04-08 07:39:00.103115;(11, (254, 128, 0, 0, 0, 0, 0, 0, 253, 255, 255, 255, 255, 255, 0, 14))
2018-04-08 07:39:00.121850;(18, (254, 128, 0, 0, 0, 0, 0, 0, 253, 255, 255, 255, 255, 255, 0, 23))
2018-04-08 07:39:00.175099;(17, (254, 128, 0, 0, 0, 0, 0, 0, 253, 255, 255, 255, 255, 255, 0, 7))
2018-04-08 07:39:00.235909;(22, (254, 128, 0, 0, 0, 0, 0, 0, 253, 255, 255, 255, 255, 255, 0, 10))
2018-04-08 07:39:00.259438;(5, (254, 128, 0, 0, 0, 0, 0, 0, 253, 255, 255, 255, 255, 255, 0, 15))
2018-04-08 07:39:00.370944;(7, (254, 128, 0, 0, 0, 0, 0, 0, 253, 255, 255, 255, 255, 255, 0, 20))
2018-04-08 07:39:00.399972;(15, (254, 128, 0, 0, 0, 0, 0, 0, 253, 255, 255, 255, 255, 255, 0, 1))
2018-04-08 07:39:00.406326;(4, (254, 128, 0, 0, 0, 0, 0, 0, 253, 255, 255, 255, 255, 255, 0, 13))
2018-04-08 07:39:00.473960;(19, (254, 128, 0, 0, 0, 0, 0, 0, 253, 255, 255, 255, 255, 255, 0, 7))
2018-04-08 07:39:00.495804;(6, (254, 128, 0, 0, 0, 0, 0, 0, 253, 255, 255, 255, 255, 255, 0, 5))
2018-04-08 07:39:00.515910;(9, (254, 128, 0, 0, 0, 0, 0, 0, 253, 255, 255, 255, 255, 255, 0, 4))
2018-04-08 07:39:28.606375;(1, (0, 0, 0, 0, 0, 0, 0, 0, 0, 0, 0, 0, 0, 0, 0, 0))
2018-04-08 07:39:29.604062;(21, (254, 128, 0, 0, 0, 0, 0, 0, 253, 255, 255, 255, 255, 255, 0, 1))
2018-04-08 07:39:29.665359;(3, (254, 128, 0, 0, 0, 0, 0, 0, 253, 255, 255, 255, 255, 255, 0, 20))
2018-04-08 07:39:29.693048;(10, (254, 128, 0, 0, 0, 0, 0, 0, 253, 255, 255, 255, 255, 255, 0, 15))
2018-04-08 07:39:29.826966;(13, (254, 128, 0, 0, 0, 0, 0, 0, 253, 255, 255, 255, 255, 255, 0, 1))
2018-04-08 07:39:29.839422;(20, (254, 128, 0, 0, 0, 0, 0, 0, 253, 255, 255, 255, 255, 255, 0, 1))
2018-04-08 07:39:29.852416;(14, (254, 128, 0, 0, 0, 0, 0, 0, 253, 255, 255, 255, 255, 255, 0, 18))
2018-04-08 07:39:29.950186;(16, (254, 128, 0, 0, 0, 0, 0, 0, 253, 255, 255, 255, 255, 255, 0, 18))
2018-04-08 07:39:29.954535;(23, (254, 128, 0, 0, 0, 0, 0, 0, 253, 255, 255, 255, 255, 255, 0, 15))
2018-04-08 07:39:29.965490;(8, (254, 128, 0, 0, 0, 0, 0, 0, 253, 255, 255, 255, 255, 255, 0, 14))
2018-04-08 07:39:30.042916;(12, (254, 128, 0, 0, 0, 0, 0, 0, 253, 255, 255, 255, 255, 255, 0, 14))
2018-04-08 07:39:30.107123;(11, (254, 128, 0, 0, 0, 0, 0, 0, 253, 255, 255, 255, 255, 255, 0, 14))
2018-04-08 07:39:30.125900;(18, (254, 128, 0, 0, 0, 0, 0, 0, 253, 255, 255, 255, 255, 255, 0, 23))
2018-04-08 07:39:30.178144;(17, (254, 128, 0, 0, 0, 0, 0, 0, 253, 255, 255, 255, 255, 255, 0, 7))
2018-04-08 07:39:30.238960;(22, (254, 128, 0, 0, 0, 0, 0, 0, 253, 255, 255, 255, 255, 255, 0, 10))
2018-04-08 07:39:30.265543;(5, (254, 128, 0, 0, 0, 0, 0, 0, 253, 255, 255, 255, 255, 255, 0, 15))
2018-04-08 07:39:30.375461;(7, (254, 128, 0, 0, 0, 0, 0, 0, 253, 255, 255, 255, 255, 255, 0, 20))
2018-04-08 07:39:30.405677;(15, (254, 128, 0, 0, 0, 0, 0, 0, 253, 255, 255, 255, 255, 255, 0, 1))
2018-04-08 07:39:30.413321;(4, (254, 128, 0, 0, 0, 0, 0, 0, 253, 255, 255, 255, 255, 255, 0, 13))
2018-04-08 07:39:30.477673;(19, (254, 128, 0, 0, 0, 0, 0, 0, 253, 255, 255, 255, 255, 255, 0, 7))
2018-04-08 07:39:30.498535;(6, (254, 128, 0, 0, 0, 0, 0, 0, 253, 255, 255, 255, 255, 255, 0, 5))
2018-04-08 07:39:30.518477;(9, (254, 128, 0, 0, 0, 0, 0, 0, 253, 255, 255, 255, 255, 255, 0, 13))
2018-04-08 07:39:58.609430;(1, (0, 0, 0, 0, 0, 0, 0, 0, 0, 0, 0, 0, 0, 0, 0, 0))
2018-04-08 07:39:59.608142;(21, (254, 128, 0, 0, 0, 0, 0, 0, 253, 255, 255, 255, 255, 255, 0, 23))
2018-04-08 07:39:59.668301;(3, (254, 128, 0, 0, 0, 0, 0, 0, 253, 255, 255, 255, 255, 255, 0, 22))
2018-04-08 07:39:59.695758;(10, (254, 128, 0, 0, 0, 0, 0, 0, 253, 255, 255, 255, 255, 255, 0, 15))
2018-04-08 07:39:59.830054;(13, (254, 128, 0, 0, 0, 0, 0, 0, 253, 255, 255, 255, 255, 255, 0, 1))
2018-04-08 07:39:59.842994;(20, (254, 128, 0, 0, 0, 0, 0, 0, 253, 255, 255, 255, 255, 255, 0, 1))
2018-04-08 07:39:59.857323;(14, (254, 128, 0, 0, 0, 0, 0, 0, 253, 255, 255, 255, 255, 255, 0, 18))
2018-04-08 07:39:59.953253;(16, (254, 128, 0, 0, 0, 0, 0, 0, 253, 255, 255, 255, 255, 255, 0, 18))
2018-04-08 07:39:59.957560;(23, (254, 128, 0, 0, 0, 0, 0, 0, 253, 255, 255, 255, 255, 255, 0, 15))
2018-04-08 07:39:59.968170;(8, (254, 128, 0, 0, 0, 0, 0, 0, 253, 255, 255, 255, 255, 255, 0, 3))
2018-04-08 07:40:00.045977;(12, (254, 128, 0, 0, 0, 0, 0, 0, 253, 255, 255, 255, 255, 255, 0, 16))
2018-04-08 07:40:00.110144;(11, (254, 128, 0, 0, 0, 0, 0, 0, 253, 255, 255, 255, 255, 255, 0, 8))
2018-04-08 07:40:00.130858;(18, (254, 128, 0, 0, 0, 0, 0, 0, 253, 255, 255, 255, 255, 255, 0, 23))
2018-04-08 07:40:00.182204;(17, (254, 128, 0, 0, 0, 0, 0, 0, 253, 255, 255, 255, 255, 255, 0, 7))
2018-04-08 07:40:00.242960;(22, (254, 128, 0, 0, 0, 0, 0, 0, 253, 255, 255, 255, 255, 255, 0, 10))
2018-04-08 07:40:00.268285;(5, (254, 128, 0, 0, 0, 0, 0, 0, 253, 255, 255, 255, 255, 255, 0, 15))
2018-04-08 07:40:00.379565;(7, (254, 128, 0, 0, 0, 0, 0, 0, 253, 255, 255, 255, 255, 255, 0, 20))
2018-04-08 07:40:00.410570;(15, (254, 128, 0, 0, 0, 0, 0, 0, 253, 255, 255, 255, 255, 255, 0, 1))
2018-04-08 07:40:00.417090;(4, (254, 128, 0, 0, 0, 0, 0, 0, 253, 255, 255, 255, 255, 255, 0, 13))
2018-04-08 07:40:00.481880;(19, (254, 128, 0, 0, 0, 0, 0, 0, 253, 255, 255, 255, 255, 255, 0, 7))
2018-04-08 07:40:00.502693;(6, (254, 128, 0, 0, 0, 0, 0, 0, 253, 255, 255, 255, 255, 255, 0, 5))
2018-04-08 07:40:00.522081;(9, (254, 128, 0, 0, 0, 0, 0, 0, 253, 255, 255, 255, 255, 255, 0, 4))
2018-04-08 07:40:28.614996;(1, (0, 0, 0, 0, 0, 0, 0, 0, 0, 0, 0, 0, 0, 0, 0, 0))
2018-04-08 07:40:29.613951;(21, (254, 128, 0, 0, 0, 0, 0, 0, 253, 255, 255, 255, 255, 255, 0, 15))
2018-04-08 07:40:29.671532;(3, (254, 128, 0, 0, 0, 0, 0, 0, 253, 255, 255, 255, 255, 255, 0, 7))
2018-04-08 07:40:29.699901;(10, (254, 128, 0, 0, 0, 0, 0, 0, 253, 255, 255, 255, 255, 255, 0, 3))
2018-04-08 07:40:29.833733;(13, (254, 128, 0, 0, 0, 0, 0, 0, 253, 255, 255, 255, 255, 255, 0, 1))
2018-04-08 07:40:29.860064;(14, (254, 128, 0, 0, 0, 0, 0, 0, 253, 255, 255, 255, 255, 255, 0, 8))
2018-04-08 07:40:29.959306;(23, (254, 128, 0, 0, 0, 0, 0, 0, 253, 255, 255, 255, 255, 255, 0, 15))
2018-04-08 07:40:29.971814;(8, (254, 128, 0, 0, 0, 0, 0, 0, 253, 255, 255, 255, 255, 255, 0, 3))
2018-04-08 07:40:30.049144;(12, (254, 128, 0, 0, 0, 0, 0, 0, 253, 255, 255, 255, 255, 255, 0, 14))
2018-04-08 07:40:30.113606;(11, (254, 128, 0, 0, 0, 0, 0, 0, 253, 255, 255, 255, 255, 255, 0, 8))
2018-04-08 07:40:30.135140;(18, (254, 128, 0, 0, 0, 0, 0, 0, 253, 255, 255, 255, 255, 255, 0, 3))
2018-04-08 07:40:30.185518;(17, (254, 128, 0, 0, 0, 0, 0, 0, 253, 255, 255, 255, 255, 255, 0, 7))
2018-04-08 07:40:30.246697;(22, (254, 128, 0, 0, 0, 0, 0, 0, 253, 255, 255, 255, 255, 255, 0, 3))
2018-04-08 07:40:30.271537;(5, (254, 128, 0, 0, 0, 0, 0, 0, 253, 255, 255, 255, 255, 255, 0, 15))
2018-04-08 07:40:30.414952;(15, (254, 128, 0, 0, 0, 0, 0, 0, 253, 255, 255, 255, 255, 255, 0, 1))
2018-04-08 07:40:30.421511;(4, (254, 128, 0, 0, 0, 0, 0, 0, 253, 255, 255, 255, 255, 255, 0, 13))
2018-04-08 07:40:30.505961;(6, (254, 128, 0, 0, 0, 0, 0, 0, 253, 255, 255, 255, 255, 255, 0, 5))
2018-04-08 07:40:30.846119;(20, (254, 128, 0, 0, 0, 0, 0, 0, 253, 255, 255, 255, 255, 255, 0, 1))
2018-04-08 07:40:30.956085;(16, (254, 128, 0, 0, 0, 0, 0, 0, 253, 255, 255, 255, 255, 255, 0, 8))
2018-04-08 07:40:31.384015;(7, (254, 128, 0, 0, 0, 0, 0, 0, 253, 255, 255, 255, 255, 255, 0, 20))
2018-04-08 07:40:31.484918;(19, (254, 128, 0, 0, 0, 0, 0, 0, 253, 255, 255, 255, 255, 255, 0, 7))
2018-04-08 07:40:31.525715;(9, (254, 128, 0, 0, 0, 0, 0, 0, 253, 255, 255, 255, 255, 255, 0, 4))
2018-04-08 07:40:58.619823;(1, (0, 0, 0, 0, 0, 0, 0, 0, 0, 0, 0, 0, 0, 0, 0, 0))
2018-04-08 07:40:59.618641;(21, (254, 128, 0, 0, 0, 0, 0, 0, 253, 255, 255, 255, 255, 255, 0, 15))
2018-04-08 07:40:59.702562;(10, (254, 128, 0, 0, 0, 0, 0, 0, 253, 255, 255, 255, 255, 255, 0, 5))
2018-04-08 07:40:59.862775;(14, (254, 128, 0, 0, 0, 0, 0, 0, 253, 255, 255, 255, 255, 255, 0, 22))
2018-04-08 07:40:59.962014;(23, (254, 128, 0, 0, 0, 0, 0, 0, 253, 255, 255, 255, 255, 255, 0, 15))
2018-04-08 07:41:00.115607;(11, (254, 128, 0, 0, 0, 0, 0, 0, 253, 255, 255, 255, 255, 255, 0, 8))
2018-04-08 07:41:00.674424;(3, (254, 128, 0, 0, 0, 0, 0, 0, 253, 255, 255, 255, 255, 255, 0, 22))
2018-04-08 07:41:00.836911;(13, (254, 128, 0, 0, 0, 0, 0, 0, 253, 255, 255, 255, 255, 255, 0, 1))
2018-04-08 07:41:00.849702;(20, (254, 128, 0, 0, 0, 0, 0, 0, 253, 255, 255, 255, 255, 255, 0, 1))
2018-04-08 07:41:00.959281;(16, (254, 128, 0, 0, 0, 0, 0, 0, 253, 255, 255, 255, 255, 255, 0, 8))
2018-04-08 07:41:00.975201;(8, (254, 128, 0, 0, 0, 0, 0, 0, 253, 255, 255, 255, 255, 255, 0, 20))
2018-04-08 07:41:01.053475;(12, (254, 128, 0, 0, 0, 0, 0, 0, 253, 255, 255, 255, 255, 255, 0, 14))
2018-04-08 07:41:01.139085;(18, (254, 128, 0, 0, 0, 0, 0, 0, 253, 255, 255, 255, 255, 255, 0, 14))
2018-04-08 07:41:01.190750;(17, (254, 128, 0, 0, 0, 0, 0, 0, 253, 255, 255, 255, 255, 255, 0, 7))
2018-04-08 07:41:01.251012;(22, (254, 128, 0, 0, 0, 0, 0, 0, 253, 255, 255, 255, 255, 255, 0, 15))
2018-04-08 07:41:01.277415;(5, (254, 128, 0, 0, 0, 0, 0, 0, 253, 255, 255, 255, 255, 255, 0, 15))
2018-04-08 07:41:01.387887;(7, (254, 128, 0, 0, 0, 0, 0, 0, 253, 255, 255, 255, 255, 255, 0, 8))
2018-04-08 07:41:01.419104;(15, (254, 128, 0, 0, 0, 0, 0, 0, 253, 255, 255, 255, 255, 255, 0, 1))
2018-04-08 07:41:01.425337;(4, (254, 128, 0, 0, 0, 0, 0, 0, 253, 255, 255, 255, 255, 255, 0, 13))
2018-04-08 07:41:01.487844;(19, (254, 128, 0, 0, 0, 0, 0, 0, 253, 255, 255, 255, 255, 255, 0, 7))
2018-04-08 07:41:01.509774;(6, (254, 128, 0, 0, 0, 0, 0, 0, 253, 255, 255, 255, 255, 255, 0, 5))
2018-04-08 07:41:01.529628;(9, (254, 128, 0, 0, 0, 0, 0, 0, 253, 255, 255, 255, 255, 255, 0, 4))
2018-04-08 07:41:29.623202;(1, (0, 0, 0, 0, 0, 0, 0, 0, 0, 0, 0, 0, 0, 0, 0, 0))
2018-04-08 07:41:29.625731;(21, (254, 128, 0, 0, 0, 0, 0, 0, 253, 255, 255, 255, 255, 255, 0, 15))
2018-04-08 07:41:29.705695;(10, (254, 128, 0, 0, 0, 0, 0, 0, 253, 255, 255, 255, 255, 255, 0, 5))
2018-04-08 07:41:29.866080;(14, (254, 128, 0, 0, 0, 0, 0, 0, 253, 255, 255, 255, 255, 255, 0, 22))
2018-04-08 07:41:29.963738;(23, (254, 128, 0, 0, 0, 0, 0, 0, 253, 255, 255, 255, 255, 255, 0, 15))
2018-04-08 07:41:30.121411;(11, (254, 128, 0, 0, 0, 0, 0, 0, 253, 255, 255, 255, 255, 255, 0, 8))
2018-04-08 07:41:30.677369;(3, (254, 128, 0, 0, 0, 0, 0, 0, 253, 255, 255, 255, 255, 255, 0, 20))
2018-04-08 07:41:30.841060;(13, (254, 128, 0, 0, 0, 0, 0, 0, 253, 255, 255, 255, 255, 255, 0, 1))
2018-04-08 07:41:30.853476;(20, (254, 128, 0, 0, 0, 0, 0, 0, 253, 255, 255, 255, 255, 255, 0, 1))
2018-04-08 07:41:30.962023;(16, (254, 128, 0, 0, 0, 0, 0, 0, 253, 255, 255, 255, 255, 255, 0, 11))
2018-04-08 07:41:30.978876;(8, (254, 128, 0, 0, 0, 0, 0, 0, 253, 255, 255, 255, 255, 255, 0, 3))
2018-04-08 07:41:31.057132;(12, (254, 128, 0, 0, 0, 0, 0, 0, 253, 255, 255, 255, 255, 255, 0, 14))
2018-04-08 07:41:31.149209;(18, (254, 128, 0, 0, 0, 0, 0, 0, 253, 255, 255, 255, 255, 255, 0, 14))
2018-04-08 07:41:31.194464;(17, (254, 128, 0, 0, 0, 0, 0, 0, 253, 255, 255, 255, 255, 255, 0, 7))
2018-04-08 07:41:31.254933;(22, (254, 128, 0, 0, 0, 0, 0, 0, 253, 255, 255, 255, 255, 255, 0, 3))
2018-04-08 07:41:31.280342;(5, (254, 128, 0, 0, 0, 0, 0, 0, 253, 255, 255, 255, 255, 255, 0, 13))
2018-04-08 07:41:31.391324;(7, (254, 128, 0, 0, 0, 0, 0, 0, 253, 255, 255, 255, 255, 255, 0, 20))
2018-04-08 07:41:31.422849;(15, (254, 128, 0, 0, 0, 0, 0, 0, 253, 255, 255, 255, 255, 255, 0, 1))
2018-04-08 07:41:31.428131;(4, (254, 128, 0, 0, 0, 0, 0, 0, 253, 255, 255, 255, 255, 255, 0, 13))
2018-04-08 07:41:31.490149;(19, (254, 128, 0, 0, 0, 0, 0, 0, 253, 255, 255, 255, 255, 255, 0, 7))
2018-04-08 07:41:31.513487;(6, (254, 128, 0, 0, 0, 0, 0, 0, 253, 255, 255, 255, 255, 255, 0, 5))
2018-04-08 07:41:31.534507;(9, (254, 128, 0, 0, 0, 0, 0, 0, 253, 255, 255, 255, 255, 255, 0, 4))
2018-04-08 07:41:59.626763;(1, (0, 0, 0, 0, 0, 0, 0, 0, 0, 0, 0, 0, 0, 0, 0, 0))
2018-04-08 07:41:59.709348;(10, (254, 128, 0, 0, 0, 0, 0, 0, 253, 255, 255, 255, 255, 255, 0, 1))
2018-04-08 07:42:00.629196;(21, (254, 128, 0, 0, 0, 0, 0, 0, 253, 255, 255, 255, 255, 255, 0, 1))
2018-04-08 07:42:00.680397;(3, (254, 128, 0, 0, 0, 0, 0, 0, 253, 255, 255, 255, 255, 255, 0, 22))
2018-04-08 07:42:00.845988;(13, (254, 128, 0, 0, 0, 0, 0, 0, 253, 255, 255, 255, 255, 255, 0, 1))
2018-04-08 07:42:00.858159;(20, (254, 128, 0, 0, 0, 0, 0, 0, 253, 255, 255, 255, 255, 255, 0, 1))
2018-04-08 07:42:00.871282;(14, (254, 128, 0, 0, 0, 0, 0, 0, 253, 255, 255, 255, 255, 255, 0, 22))
2018-04-08 07:42:00.965542;(16, (254, 128, 0, 0, 0, 0, 0, 0, 253, 255, 255, 255, 255, 255, 0, 11))
2018-04-08 07:42:00.966572;(23, (254, 128, 0, 0, 0, 0, 0, 0, 253, 255, 255, 255, 255, 255, 0, 15))
2018-04-08 07:42:00.983377;(8, (254, 128, 0, 0, 0, 0, 0, 0, 253, 255, 255, 255, 255, 255, 0, 14))
2018-04-08 07:42:01.060398;(12, (254, 128, 0, 0, 0, 0, 0, 0, 253, 255, 255, 255, 255, 255, 0, 14))
2018-04-08 07:42:01.126487;(11, (254, 128, 0, 0, 0, 0, 0, 0, 253, 255, 255, 255, 255, 255, 0, 8))
2018-04-08 07:42:01.153652;(18, (254, 128, 0, 0, 0, 0, 0, 0, 253, 255, 255, 255, 255, 255, 0, 23))
2018-04-08 07:42:01.198382;(17, (254, 128, 0, 0, 0, 0, 0, 0, 253, 255, 255, 255, 255, 255, 0, 7))
2018-04-08 07:42:01.259177;(22, (254, 128, 0, 0, 0, 0, 0, 0, 253, 255, 255, 255, 255, 255, 0, 10))
2018-04-08 07:42:01.284294;(5, (254, 128, 0, 0, 0, 0, 0, 0, 253, 255, 255, 255, 255, 255, 0, 15))
2018-04-08 07:42:01.395185;(7, (254, 128, 0, 0, 0, 0, 0, 0, 253, 255, 255, 255, 255, 255, 0, 20))
2018-04-08 07:42:01.427859;(15, (254, 128, 0, 0, 0, 0, 0, 0, 253, 255, 255, 255, 255, 255, 0, 1))
2018-04-08 07:42:01.431941;(4, (254, 128, 0, 0, 0, 0, 0, 0, 253, 255, 255, 255, 255, 255, 0, 13))
2018-04-08 07:42:01.495131;(19, (254, 128, 0, 0, 0, 0, 0, 0, 253, 255, 255, 255, 255, 255, 0, 7))
2018-04-08 07:42:01.517743;(6, (254, 128, 0, 0, 0, 0, 0, 0, 253, 255, 255, 255, 255, 255, 0, 5))
2018-04-08 07:42:01.538142;(9, (254, 128, 0, 0, 0, 0, 0, 0, 253, 255, 255, 255, 255, 255, 0, 4))
2018-04-08 07:42:29.629905;(1, (0, 0, 0, 0, 0, 0, 0, 0, 0, 0, 0, 0, 0, 0, 0, 0))
2018-04-08 07:42:30.633063;(21, (254, 128, 0, 0, 0, 0, 0, 0, 253, 255, 255, 255, 255, 255, 0, 1))
2018-04-08 07:42:30.683819;(3, (254, 128, 0, 0, 0, 0, 0, 0, 253, 255, 255, 255, 255, 255, 0, 20))
2018-04-08 07:42:30.713090;(10, (254, 128, 0, 0, 0, 0, 0, 0, 253, 255, 255, 255, 255, 255, 0, 1))
2018-04-08 07:42:30.852503;(13, (254, 128, 0, 0, 0, 0, 0, 0, 253, 255, 255, 255, 255, 255, 0, 1))
2018-04-08 07:42:30.862569;(20, (254, 128, 0, 0, 0, 0, 0, 0, 253, 255, 255, 255, 255, 255, 0, 1))
2018-04-08 07:42:30.875246;(14, (254, 128, 0, 0, 0, 0, 0, 0, 253, 255, 255, 255, 255, 255, 0, 8))
2018-04-08 07:42:30.970437;(16, (254, 128, 0, 0, 0, 0, 0, 0, 253, 255, 255, 255, 255, 255, 0, 11))
2018-04-08 07:42:30.971630;(23, (254, 128, 0, 0, 0, 0, 0, 0, 253, 255, 255, 255, 255, 255, 0, 15))
2018-04-08 07:42:30.986020;(8, (254, 128, 0, 0, 0, 0, 0, 0, 253, 255, 255, 255, 255, 255, 0, 3))
2018-04-08 07:42:31.063938;(12, (254, 128, 0, 0, 0, 0, 0, 0, 253, 255, 255, 255, 255, 255, 0, 19))
2018-04-08 07:42:31.130581;(11, (254, 128, 0, 0, 0, 0, 0, 0, 253, 255, 255, 255, 255, 255, 0, 8))
2018-04-08 07:42:31.159428;(18, (254, 128, 0, 0, 0, 0, 0, 0, 253, 255, 255, 255, 255, 255, 0, 23))
2018-04-08 07:42:31.205093;(17, (254, 128, 0, 0, 0, 0, 0, 0, 253, 255, 255, 255, 255, 255, 0, 7))
2018-04-08 07:42:31.266499;(22, (254, 128, 0, 0, 0, 0, 0, 0, 253, 255, 255, 255, 255, 255, 0, 10))
2018-04-08 07:42:31.287041;(5, (254, 128, 0, 0, 0, 0, 0, 0, 253, 255, 255, 255, 255, 255, 0, 15))
2018-04-08 07:42:31.400119;(7, (254, 128, 0, 0, 0, 0, 0, 0, 253, 255, 255, 255, 255, 255, 0, 20))
2018-04-08 07:42:31.432866;(15, (254, 128, 0, 0, 0, 0, 0, 0, 253, 255, 255, 255, 255, 255, 0, 1))
2018-04-08 07:42:31.437000;(4, (254, 128, 0, 0, 0, 0, 0, 0, 253, 255, 255, 255, 255, 255, 0, 13))
2018-04-08 07:42:31.498981;(19, (254, 128, 0, 0, 0, 0, 0, 0, 253, 255, 255, 255, 255, 255, 0, 7))
2018-04-08 07:42:31.522007;(6, (254, 128, 0, 0, 0, 0, 0, 0, 253, 255, 255, 255, 255, 255, 0, 5))
2018-04-08 07:42:31.540894;(9, (254, 128, 0, 0, 0, 0, 0, 0, 253, 255, 255, 255, 255, 255, 0, 4))
2018-04-08 07:42:59.634025;(1, (0, 0, 0, 0, 0, 0, 0, 0, 0, 0, 0, 0, 0, 0, 0, 0))
2018-04-08 07:43:00.637052;(21, (254, 128, 0, 0, 0, 0, 0, 0, 253, 255, 255, 255, 255, 255, 0, 1))
2018-04-08 07:43:00.715601;(10, (254, 128, 0, 0, 0, 0, 0, 0, 253, 255, 255, 255, 255, 255, 0, 1))
2018-04-08 07:43:00.855748;(13, (254, 128, 0, 0, 0, 0, 0, 0, 253, 255, 255, 255, 255, 255, 0, 1))
2018-04-08 07:43:00.866405;(20, (254, 128, 0, 0, 0, 0, 0, 0, 253, 255, 255, 255, 255, 255, 0, 1))
2018-04-08 07:43:00.879318;(14, (254, 128, 0, 0, 0, 0, 0, 0, 253, 255, 255, 255, 255, 255, 0, 8))
2018-04-08 07:43:00.980017;(23, (254, 128, 0, 0, 0, 0, 0, 0, 253, 255, 255, 255, 255, 255, 0, 15))
2018-04-08 07:43:00.989642;(8, (254, 128, 0, 0, 0, 0, 0, 0, 253, 255, 255, 255, 255, 255, 0, 3))
2018-04-08 07:43:01.066922;(12, (254, 128, 0, 0, 0, 0, 0, 0, 253, 255, 255, 255, 255, 255, 0, 19))
2018-04-08 07:43:01.134997;(11, (254, 128, 0, 0, 0, 0, 0, 0, 253, 255, 255, 255, 255, 255, 0, 8))
2018-04-08 07:43:01.209030;(17, (254, 128, 0, 0, 0, 0, 0, 0, 253, 255, 255, 255, 255, 255, 0, 7))
2018-04-08 07:43:01.290827;(5, (254, 128, 0, 0, 0, 0, 0, 0, 253, 255, 255, 255, 255, 255, 0, 15))
2018-04-08 07:43:01.439809;(4, (254, 128, 0, 0, 0, 0, 0, 0, 253, 255, 255, 255, 255, 255, 0, 13))
2018-04-08 07:43:01.526506;(6, (254, 128, 0, 0, 0, 0, 0, 0, 253, 255, 255, 255, 255, 255, 0, 5))
2018-04-08 07:43:01.686897;(3, (254, 128, 0, 0, 0, 0, 0, 0, 253, 255, 255, 255, 255, 255, 0, 20))
2018-04-08 07:43:01.977112;(16, (254, 128, 0, 0, 0, 0, 0, 0, 253, 255, 255, 255, 255, 255, 0, 11))
2018-04-08 07:43:02.165030;(18, (254, 128, 0, 0, 0, 0, 0, 0, 253, 255, 255, 255, 255, 255, 0, 23))
2018-04-08 07:43:02.271009;(22, (254, 128, 0, 0, 0, 0, 0, 0, 253, 255, 255, 255, 255, 255, 0, 14))
2018-04-08 07:43:02.403988;(7, (254, 128, 0, 0, 0, 0, 0, 0, 253, 255, 255, 255, 255, 255, 0, 20))
2018-04-08 07:43:02.436067;(15, (254, 128, 0, 0, 0, 0, 0, 0, 253, 255, 255, 255, 255, 255, 0, 1))
2018-04-08 07:43:02.504085;(19, (254, 128, 0, 0, 0, 0, 0, 0, 253, 255, 255, 255, 255, 255, 0, 7))
2018-04-08 07:43:02.543830;(9, (254, 128, 0, 0, 0, 0, 0, 0, 253, 255, 255, 255, 255, 255, 0, 4))
2018-04-08 07:43:29.636353;(1, (0, 0, 0, 0, 0, 0, 0, 0, 0, 0, 0, 0, 0, 0, 0, 0))
2018-04-08 07:43:30.639887;(21, (254, 128, 0, 0, 0, 0, 0, 0, 253, 255, 255, 255, 255, 255, 0, 1))
2018-04-08 07:43:30.718272;(10, (254, 128, 0, 0, 0, 0, 0, 0, 253, 255, 255, 255, 255, 255, 0, 1))
2018-04-08 07:43:30.883005;(14, (254, 128, 0, 0, 0, 0, 0, 0, 253, 255, 255, 255, 255, 255, 0, 8))
2018-04-08 07:43:30.982599;(23, (254, 128, 0, 0, 0, 0, 0, 0, 253, 255, 255, 255, 255, 255, 0, 15))
2018-04-08 07:43:31.139407;(11, (254, 128, 0, 0, 0, 0, 0, 0, 253, 255, 255, 255, 255, 255, 0, 8))
2018-04-08 07:43:31.690529;(3, (254, 128, 0, 0, 0, 0, 0, 0, 253, 255, 255, 255, 255, 255, 0, 20))
2018-04-08 07:43:31.860160;(13, (254, 128, 0, 0, 0, 0, 0, 0, 253, 255, 255, 255, 255, 255, 0, 1))
2018-04-08 07:43:31.870507;(20, (254, 128, 0, 0, 0, 0, 0, 0, 253, 255, 255, 255, 255, 255, 0, 1))
2018-04-08 07:43:31.981119;(16, (254, 128, 0, 0, 0, 0, 0, 0, 253, 255, 255, 255, 255, 255, 0, 11))
2018-04-08 07:43:31.994501;(8, (254, 128, 0, 0, 0, 0, 0, 0, 253, 255, 255, 255, 255, 255, 0, 3))
2018-04-08 07:43:32.071028;(12, (254, 128, 0, 0, 0, 0, 0, 0, 253, 255, 255, 255, 255, 255, 0, 19))
2018-04-08 07:43:32.168006;(18, (254, 128, 0, 0, 0, 0, 0, 0, 253, 255, 255, 255, 255, 255, 0, 23))
2018-04-08 07:43:32.212282;(17, (254, 128, 0, 0, 0, 0, 0, 0, 253, 255, 255, 255, 255, 255, 0, 7))
2018-04-08 07:43:32.277480;(22, (254, 128, 0, 0, 0, 0, 0, 0, 253, 255, 255, 255, 255, 255, 0, 10))
2018-04-08 07:43:32.294940;(5, (254, 128, 0, 0, 0, 0, 0, 0, 253, 255, 255, 255, 255, 255, 0, 15))
2018-04-08 07:43:32.407496;(7, (254, 128, 0, 0, 0, 0, 0, 0, 253, 255, 255, 255, 255, 255, 0, 20))
2018-04-08 07:43:32.441157;(15, (254, 128, 0, 0, 0, 0, 0, 0, 253, 255, 255, 255, 255, 255, 0, 1))
2018-04-08 07:43:32.444002;(4, (254, 128, 0, 0, 0, 0, 0, 0, 253, 255, 255, 255, 255, 255, 0, 13))
2018-04-08 07:43:32.507632;(19, (254, 128, 0, 0, 0, 0, 0, 0, 253, 255, 255, 255, 255, 255, 0, 7))
2018-04-08 07:43:32.531113;(6, (254, 128, 0, 0, 0, 0, 0, 0, 253, 255, 255, 255, 255, 255, 0, 5))
2018-04-08 07:43:32.547240;(9, (254, 128, 0, 0, 0, 0, 0, 0, 253, 255, 255, 255, 255, 255, 0, 4))
2018-04-08 07:43:59.639149;(1, (0, 0, 0, 0, 0, 0, 0, 0, 0, 0, 0, 0, 0, 0, 0, 0))
2018-04-08 07:44:00.642868;(21, (254, 128, 0, 0, 0, 0, 0, 0, 253, 255, 255, 255, 255, 255, 0, 1))
2018-04-08 07:44:00.721554;(10, (254, 128, 0, 0, 0, 0, 0, 0, 253, 255, 255, 255, 255, 255, 0, 1))
2018-04-08 07:44:00.886985;(14, (254, 128, 0, 0, 0, 0, 0, 0, 253, 255, 255, 255, 255, 255, 0, 8))
2018-04-08 07:44:00.985586;(23, (254, 128, 0, 0, 0, 0, 0, 0, 253, 255, 255, 255, 255, 255, 0, 21))
2018-04-08 07:44:01.146585;(11, (254, 128, 0, 0, 0, 0, 0, 0, 253, 255, 255, 255, 255, 255, 0, 8))
2018-04-08 07:44:01.694253;(3, (254, 128, 0, 0, 0, 0, 0, 0, 253, 255, 255, 255, 255, 255, 0, 20))
2018-04-08 07:44:01.864151;(13, (254, 128, 0, 0, 0, 0, 0, 0, 253, 255, 255, 255, 255, 255, 0, 1))
2018-04-08 07:44:01.874078;(20, (254, 128, 0, 0, 0, 0, 0, 0, 253, 255, 255, 255, 255, 255, 0, 3))
2018-04-08 07:44:01.984093;(16, (254, 128, 0, 0, 0, 0, 0, 0, 253, 255, 255, 255, 255, 255, 0, 11))
2018-04-08 07:44:01.999019;(8, (254, 128, 0, 0, 0, 0, 0, 0, 253, 255, 255, 255, 255, 255, 0, 3))
2018-04-08 07:44:02.074857;(12, (254, 128, 0, 0, 0, 0, 0, 0, 253, 255, 255, 255, 255, 255, 0, 19))
2018-04-08 07:44:02.171205;(18, (254, 128, 0, 0, 0, 0, 0, 0, 253, 255, 255, 255, 255, 255, 0, 23))
2018-04-08 07:44:02.215556;(17, (254, 128, 0, 0, 0, 0, 0, 0, 253, 255, 255, 255, 255, 255, 0, 7))
2018-04-08 07:44:02.282018;(22, (254, 128, 0, 0, 0, 0, 0, 0, 253, 255, 255, 255, 255, 255, 0, 3))
2018-04-08 07:44:02.298157;(5, (254, 128, 0, 0, 0, 0, 0, 0, 253, 255, 255, 255, 255, 255, 0, 21))
2018-04-08 07:44:02.413663;(7, (254, 128, 0, 0, 0, 0, 0, 0, 253, 255, 255, 255, 255, 255, 0, 20))
2018-04-08 07:44:02.443939;(15, (254, 128, 0, 0, 0, 0, 0, 0, 253, 255, 255, 255, 255, 255, 0, 21))
2018-04-08 07:44:02.449128;(4, (254, 128, 0, 0, 0, 0, 0, 0, 253, 255, 255, 255, 255, 255, 0, 13))
2018-04-08 07:44:02.511232;(19, (254, 128, 0, 0, 0, 0, 0, 0, 253, 255, 255, 255, 255, 255, 0, 7))
2018-04-08 07:44:02.535523;(6, (254, 128, 0, 0, 0, 0, 0, 0, 253, 255, 255, 255, 255, 255, 0, 5))
2018-04-08 07:44:02.549953;(9, (254, 128, 0, 0, 0, 0, 0, 0, 253, 255, 255, 255, 255, 255, 0, 4))
2018-04-08 07:44:29.642182;(1, (0, 0, 0, 0, 0, 0, 0, 0, 0, 0, 0, 0, 0, 0, 0, 0))
2018-04-08 07:44:30.646150;(21, (254, 128, 0, 0, 0, 0, 0, 0, 253, 255, 255, 255, 255, 255, 0, 1))
2018-04-08 07:44:30.724140;(10, (254, 128, 0, 0, 0, 0, 0, 0, 253, 255, 255, 255, 255, 255, 0, 1))
2018-04-08 07:44:30.889665;(14, (254, 128, 0, 0, 0, 0, 0, 0, 253, 255, 255, 255, 255, 255, 0, 18))
2018-04-08 07:44:30.987969;(23, (254, 128, 0, 0, 0, 0, 0, 0, 253, 255, 255, 255, 255, 255, 0, 21))
2018-04-08 07:44:31.698621;(3, (254, 128, 0, 0, 0, 0, 0, 0, 253, 255, 255, 255, 255, 255, 0, 20))
2018-04-08 07:44:31.867329;(13, (254, 128, 0, 0, 0, 0, 0, 0, 253, 255, 255, 255, 255, 255, 0, 1))
2018-04-08 07:44:31.878874;(20, (254, 128, 0, 0, 0, 0, 0, 0, 253, 255, 255, 255, 255, 255, 0, 1))
2018-04-08 07:44:31.986990;(16, (254, 128, 0, 0, 0, 0, 0, 0, 253, 255, 255, 255, 255, 255, 0, 18))
2018-04-08 07:44:32.001957;(8, (254, 128, 0, 0, 0, 0, 0, 0, 253, 255, 255, 255, 255, 255, 0, 11))
2018-04-08 07:44:32.077796;(12, (254, 128, 0, 0, 0, 0, 0, 0, 253, 255, 255, 255, 255, 255, 0, 16))
2018-04-08 07:44:32.150556;(11, (254, 128, 0, 0, 0, 0, 0, 0, 253, 255, 255, 255, 255, 255, 0, 16))
2018-04-08 07:44:32.174820;(18, (254, 128, 0, 0, 0, 0, 0, 0, 253, 255, 255, 255, 255, 255, 0, 16))
2018-04-08 07:44:32.218673;(17, (254, 128, 0, 0, 0, 0, 0, 0, 253, 255, 255, 255, 255, 255, 0, 7))
2018-04-08 07:44:32.284983;(22, (254, 128, 0, 0, 0, 0, 0, 0, 253, 255, 255, 255, 255, 255, 0, 10))
2018-04-08 07:44:32.301094;(5, (254, 128, 0, 0, 0, 0, 0, 0, 253, 255, 255, 255, 255, 255, 0, 21))
2018-04-08 07:44:32.417625;(7, (254, 128, 0, 0, 0, 0, 0, 0, 253, 255, 255, 255, 255, 255, 0, 20))
2018-04-08 07:44:32.447414;(15, (254, 128, 0, 0, 0, 0, 0, 0, 253, 255, 255, 255, 255, 255, 0, 18))
2018-04-08 07:44:32.455380;(4, (254, 128, 0, 0, 0, 0, 0, 0, 253, 255, 255, 255, 255, 255, 0, 13))
2018-04-08 07:44:32.516109;(19, (254, 128, 0, 0, 0, 0, 0, 0, 253, 255, 255, 255, 255, 255, 0, 7))
2018-04-08 07:44:32.538745;(6, (254, 128, 0, 0, 0, 0, 0, 0, 253, 255, 255, 255, 255, 255, 0, 23))
2018-04-08 07:44:32.553330;(9, (254, 128, 0, 0, 0, 0, 0, 0, 253, 255, 255, 255, 255, 255, 0, 4))
2018-04-08 07:44:59.645786;(1, (0, 0, 0, 0, 0, 0, 0, 0, 0, 0, 0, 0, 0, 0, 0, 0))
2018-04-08 07:45:01.649097;(21, (254, 128, 0, 0, 0, 0, 0, 0, 253, 255, 255, 255, 255, 255, 0, 1))
2018-04-08 07:45:01.701713;(3, (254, 128, 0, 0, 0, 0, 0, 0, 253, 255, 255, 255, 255, 255, 0, 20))
2018-04-08 07:45:01.729008;(10, (254, 128, 0, 0, 0, 0, 0, 0, 253, 255, 255, 255, 255, 255, 0, 1))
2018-04-08 07:45:01.871366;(13, (254, 128, 0, 0, 0, 0, 0, 0, 253, 255, 255, 255, 255, 255, 0, 1))
2018-04-08 07:45:01.883416;(20, (254, 128, 0, 0, 0, 0, 0, 0, 253, 255, 255, 255, 255, 255, 0, 1))
2018-04-08 07:45:01.893662;(14, (254, 128, 0, 0, 0, 0, 0, 0, 253, 255, 255, 255, 255, 255, 0, 22))
2018-04-08 07:45:01.994148;(23, (254, 128, 0, 0, 0, 0, 0, 0, 253, 255, 255, 255, 255, 255, 0, 10))
2018-04-08 07:45:01.995418;(16, (254, 128, 0, 0, 0, 0, 0, 0, 253, 255, 255, 255, 255, 255, 0, 18))
2018-04-08 07:45:02.005602;(8, (254, 128, 0, 0, 0, 0, 0, 0, 253, 255, 255, 255, 255, 255, 0, 14))
2018-04-08 07:45:02.080792;(12, (254, 128, 0, 0, 0, 0, 0, 0, 253, 255, 255, 255, 255, 255, 0, 14))
2018-04-08 07:45:02.156230;(11, (254, 128, 0, 0, 0, 0, 0, 0, 253, 255, 255, 255, 255, 255, 0, 8))
2018-04-08 07:45:02.177569;(18, (254, 128, 0, 0, 0, 0, 0, 0, 253, 255, 255, 255, 255, 255, 0, 14))
2018-04-08 07:45:02.223251;(17, (254, 128, 0, 0, 0, 0, 0, 0, 253, 255, 255, 255, 255, 255, 0, 7))
2018-04-08 07:45:02.287911;(22, (254, 128, 0, 0, 0, 0, 0, 0, 253, 255, 255, 255, 255, 255, 0, 10))
2018-04-08 07:45:02.305028;(5, (254, 128, 0, 0, 0, 0, 0, 0, 253, 255, 255, 255, 255, 255, 0, 21))
2018-04-08 07:45:02.424190;(7, (254, 128, 0, 0, 0, 0, 0, 0, 253, 255, 255, 255, 255, 255, 0, 20))
2018-04-08 07:45:02.451292;(15, (254, 128, 0, 0, 0, 0, 0, 0, 253, 255, 255, 255, 255, 255, 0, 1))
2018-04-08 07:45:02.459235;(4, (254, 128, 0, 0, 0, 0, 0, 0, 253, 255, 255, 255, 255, 255, 0, 13))
2018-04-08 07:45:02.519093;(19, (254, 128, 0, 0, 0, 0, 0, 0, 253, 255, 255, 255, 255, 255, 0, 7))
2018-04-08 07:45:02.542062;(6, (254, 128, 0, 0, 0, 0, 0, 0, 253, 255, 255, 255, 255, 255, 0, 5))
2018-04-08 07:45:02.556859;(9, (254, 128, 0, 0, 0, 0, 0, 0, 253, 255, 255, 255, 255, 255, 0, 4))
2018-04-08 07:45:30.647862;(1, (0, 0, 0, 0, 0, 0, 0, 0, 0, 0, 0, 0, 0, 0, 0, 0))
2018-04-08 07:45:31.651725;(21, (254, 128, 0, 0, 0, 0, 0, 0, 253, 255, 255, 255, 255, 255, 0, 1))
2018-04-08 07:45:31.732051;(10, (254, 128, 0, 0, 0, 0, 0, 0, 253, 255, 255, 255, 255, 255, 0, 1))
2018-04-08 07:45:31.876030;(13, (254, 128, 0, 0, 0, 0, 0, 0, 253, 255, 255, 255, 255, 255, 0, 1))
2018-04-08 07:45:31.887040;(20, (254, 128, 0, 0, 0, 0, 0, 0, 253, 255, 255, 255, 255, 255, 0, 1))
2018-04-08 07:45:31.897474;(14, (254, 128, 0, 0, 0, 0, 0, 0, 253, 255, 255, 255, 255, 255, 0, 22))
2018-04-08 07:45:31.997276;(23, (254, 128, 0, 0, 0, 0, 0, 0, 253, 255, 255, 255, 255, 255, 0, 10))
2018-04-08 07:45:32.009410;(8, (254, 128, 0, 0, 0, 0, 0, 0, 253, 255, 255, 255, 255, 255, 0, 14))
2018-04-08 07:45:32.083923;(12, (254, 128, 0, 0, 0, 0, 0, 0, 253, 255, 255, 255, 255, 255, 0, 14))
2018-04-08 07:45:32.159880;(11, (254, 128, 0, 0, 0, 0, 0, 0, 253, 255, 255, 255, 255, 255, 0, 8))
2018-04-08 07:45:32.226442;(17, (254, 128, 0, 0, 0, 0, 0, 0, 253, 255, 255, 255, 255, 255, 0, 7))
2018-04-08 07:45:32.308960;(5, (254, 128, 0, 0, 0, 0, 0, 0, 253, 255, 255, 255, 255, 255, 0, 21))
2018-04-08 07:45:32.463795;(4, (254, 128, 0, 0, 0, 0, 0, 0, 253, 255, 255, 255, 255, 255, 0, 13))
2018-04-08 07:45:32.545895;(6, (254, 128, 0, 0, 0, 0, 0, 0, 253, 255, 255, 255, 255, 255, 0, 5))
2018-04-08 07:45:32.706411;(3, (254, 128, 0, 0, 0, 0, 0, 0, 253, 255, 255, 255, 255, 255, 0, 20))
2018-04-08 07:45:32.998510;(16, (254, 128, 0, 0, 0, 0, 0, 0, 253, 255, 255, 255, 255, 255, 0, 18))
2018-04-08 07:45:33.180265;(18, (254, 128, 0, 0, 0, 0, 0, 0, 253, 255, 255, 255, 255, 255, 0, 14))
2018-04-08 07:45:33.291642;(22, (254, 128, 0, 0, 0, 0, 0, 0, 253, 255, 255, 255, 255, 255, 0, 10))
2018-04-08 07:45:33.429378;(7, (254, 128, 0, 0, 0, 0, 0, 0, 253, 255, 255, 255, 255, 255, 0, 20))
2018-04-08 07:45:33.454222;(15, (254, 128, 0, 0, 0, 0, 0, 0, 253, 255, 255, 255, 255, 255, 0, 1))
2018-04-08 07:45:33.522180;(19, (254, 128, 0, 0, 0, 0, 0, 0, 253, 255, 255, 255, 255, 255, 0, 7))
2018-04-08 07:45:33.561057;(9, (254, 128, 0, 0, 0, 0, 0, 0, 253, 255, 255, 255, 255, 255, 0, 4))
2018-04-08 07:46:00.651177;(1, (0, 0, 0, 0, 0, 0, 0, 0, 0, 0, 0, 0, 0, 0, 0, 0))
2018-04-08 07:46:01.654684;(21, (254, 128, 0, 0, 0, 0, 0, 0, 253, 255, 255, 255, 255, 255, 0, 1))
2018-04-08 07:46:01.735310;(10, (254, 128, 0, 0, 0, 0, 0, 0, 253, 255, 255, 255, 255, 255, 0, 1))
2018-04-08 07:46:01.901148;(14, (254, 128, 0, 0, 0, 0, 0, 0, 253, 255, 255, 255, 255, 255, 0, 22))
2018-04-08 07:46:02.001875;(23, (254, 128, 0, 0, 0, 0, 0, 0, 253, 255, 255, 255, 255, 255, 0, 10))
2018-04-08 07:46:02.163587;(11, (254, 128, 0, 0, 0, 0, 0, 0, 253, 255, 255, 255, 255, 255, 0, 8))
2018-04-08 07:46:02.709831;(3, (254, 128, 0, 0, 0, 0, 0, 0, 253, 255, 255, 255, 255, 255, 0, 22))
2018-04-08 07:46:02.879724;(13, (254, 128, 0, 0, 0, 0, 0, 0, 253, 255, 255, 255, 255, 255, 0, 1))
2018-04-08 07:46:02.895164;(20, (254, 128, 0, 0, 0, 0, 0, 0, 253, 255, 255, 255, 255, 255, 0, 1))
2018-04-08 07:46:03.005439;(16, (254, 128, 0, 0, 0, 0, 0, 0, 253, 255, 255, 255, 255, 255, 0, 18))
2018-04-08 07:46:03.013981;(8, (254, 128, 0, 0, 0, 0, 0, 0, 253, 255, 255, 255, 255, 255, 0, 14))
2018-04-08 07:46:03.086916;(12, (254, 128, 0, 0, 0, 0, 0, 0, 253, 255, 255, 255, 255, 255, 0, 14))
2018-04-08 07:46:03.183414;(18, (254, 128, 0, 0, 0, 0, 0, 0, 253, 255, 255, 255, 255, 255, 0, 14))
2018-04-08 07:46:03.230397;(17, (254, 128, 0, 0, 0, 0, 0, 0, 253, 255, 255, 255, 255, 255, 0, 7))
2018-04-08 07:46:03.294663;(22, (254, 128, 0, 0, 0, 0, 0, 0, 253, 255, 255, 255, 255, 255, 0, 10))
2018-04-08 07:46:03.313083;(5, (254, 128, 0, 0, 0, 0, 0, 0, 253, 255, 255, 255, 255, 255, 0, 21))
2018-04-08 07:46:03.435302;(7, (254, 128, 0, 0, 0, 0, 0, 0, 253, 255, 255, 255, 255, 255, 0, 20))
2018-04-08 07:46:03.458312;(15, (254, 128, 0, 0, 0, 0, 0, 0, 253, 255, 255, 255, 255, 255, 0, 1))
2018-04-08 07:46:03.467596;(4, (254, 128, 0, 0, 0, 0, 0, 0, 253, 255, 255, 255, 255, 255, 0, 13))
2018-04-08 07:46:03.526431;(19, (254, 128, 0, 0, 0, 0, 0, 0, 253, 255, 255, 255, 255, 255, 0, 7))
2018-04-08 07:46:03.549291;(6, (254, 128, 0, 0, 0, 0, 0, 0, 253, 255, 255, 255, 255, 255, 0, 5))
2018-04-08 07:46:03.563925;(9, (254, 128, 0, 0, 0, 0, 0, 0, 253, 255, 255, 255, 255, 255, 0, 4))
2018-04-08 07:46:30.653169;(1, (0, 0, 0, 0, 0, 0, 0, 0, 0, 0, 0, 0, 0, 0, 0, 0))
2018-04-08 07:46:31.657310;(21, (254, 128, 0, 0, 0, 0, 0, 0, 253, 255, 255, 255, 255, 255, 0, 1))
2018-04-08 07:46:31.737953;(10, (254, 128, 0, 0, 0, 0, 0, 0, 253, 255, 255, 255, 255, 255, 0, 1))
2018-04-08 07:46:31.904027;(14, (254, 128, 0, 0, 0, 0, 0, 0, 253, 255, 255, 255, 255, 255, 0, 7))
2018-04-08 07:46:32.006147;(23, (254, 128, 0, 0, 0, 0, 0, 0, 253, 255, 255, 255, 255, 255, 0, 15))
2018-04-08 07:46:32.167430;(11, (254, 128, 0, 0, 0, 0, 0, 0, 253, 255, 255, 255, 255, 255, 0, 8))
2018-04-08 07:46:32.713632;(3, (254, 128, 0, 0, 0, 0, 0, 0, 253, 255, 255, 255, 255, 255, 0, 20))
2018-04-08 07:46:32.898674;(20, (254, 128, 0, 0, 0, 0, 0, 0, 253, 255, 255, 255, 255, 255, 0, 1))
2018-04-08 07:46:33.012108;(16, (254, 128, 0, 0, 0, 0, 0, 0, 253, 255, 255, 255, 255, 255, 0, 18))
2018-04-08 07:46:33.018134;(8, (254, 128, 0, 0, 0, 0, 0, 0, 253, 255, 255, 255, 255, 255, 0, 14))
2018-04-08 07:46:33.090256;(12, (254, 128, 0, 0, 0, 0, 0, 0, 253, 255, 255, 255, 255, 255, 0, 14))
2018-04-08 07:46:33.186949;(18, (254, 128, 0, 0, 0, 0, 0, 0, 253, 255, 255, 255, 255, 255, 0, 23))
2018-04-08 07:46:33.233320;(17, (254, 128, 0, 0, 0, 0, 0, 0, 253, 255, 255, 255, 255, 255, 0, 7))
2018-04-08 07:46:33.297571;(22, (254, 128, 0, 0, 0, 0, 0, 0, 253, 255, 255, 255, 255, 255, 0, 10))
2018-04-08 07:46:33.318078;(5, (254, 128, 0, 0, 0, 0, 0, 0, 253, 255, 255, 255, 255, 255, 0, 21))
2018-04-08 07:46:33.439255;(7, (254, 128, 0, 0, 0, 0, 0, 0, 253, 255, 255, 255, 255, 255, 0, 20))
2018-04-08 07:46:33.466288;(15, (254, 128, 0, 0, 0, 0, 0, 0, 253, 255, 255, 255, 255, 255, 0, 1))
2018-04-08 07:46:33.471952;(4, (254, 128, 0, 0, 0, 0, 0, 0, 253, 255, 255, 255, 255, 255, 0, 13))
2018-04-08 07:46:33.530999;(19, (254, 128, 0, 0, 0, 0, 0, 0, 253, 255, 255, 255, 255, 255, 0, 7))
2018-04-08 07:46:33.552055;(6, (254, 128, 0, 0, 0, 0, 0, 0, 253, 255, 255, 255, 255, 255, 0, 5))
2018-04-08 07:46:33.568188;(9, (254, 128, 0, 0, 0, 0, 0, 0, 253, 255, 255, 255, 255, 255, 0, 4))
2018-04-08 07:47:00.655184;(1, (0, 0, 0, 0, 0, 0, 0, 0, 0, 0, 0, 0, 0, 0, 0, 0))
2018-04-08 07:47:01.659947;(21, (254, 128, 0, 0, 0, 0, 0, 0, 253, 255, 255, 255, 255, 255, 0, 1))
2018-04-08 07:47:01.740667;(10, (254, 128, 0, 0, 0, 0, 0, 0, 253, 255, 255, 255, 255, 255, 0, 1))
2018-04-08 07:47:01.909515;(14, (254, 128, 0, 0, 0, 0, 0, 0, 253, 255, 255, 255, 255, 255, 0, 7))
2018-04-08 07:47:02.008246;(23, (254, 128, 0, 0, 0, 0, 0, 0, 253, 255, 255, 255, 255, 255, 0, 15))
2018-04-08 07:47:02.171068;(11, (254, 128, 0, 0, 0, 0, 0, 0, 253, 255, 255, 255, 255, 255, 0, 16))
2018-04-08 07:47:02.716503;(3, (254, 128, 0, 0, 0, 0, 0, 0, 253, 255, 255, 255, 255, 255, 0, 20))
2018-04-08 07:47:02.886708;(13, (254, 128, 0, 0, 0, 0, 0, 0, 253, 255, 255, 255, 255, 255, 0, 1))
2018-04-08 07:47:02.902304;(20, (254, 128, 0, 0, 0, 0, 0, 0, 253, 255, 255, 255, 255, 255, 0, 1))
2018-04-08 07:47:03.017512;(16, (254, 128, 0, 0, 0, 0, 0, 0, 253, 255, 255, 255, 255, 255, 0, 18))
2018-04-08 07:47:03.021915;(8, (254, 128, 0, 0, 0, 0, 0, 0, 253, 255, 255, 255, 255, 255, 0, 14))
2018-04-08 07:47:03.094548;(12, (254, 128, 0, 0, 0, 0, 0, 0, 253, 255, 255, 255, 255, 255, 0, 14))
2018-04-08 07:47:03.189994;(18, (254, 128, 0, 0, 0, 0, 0, 0, 253, 255, 255, 255, 255, 255, 0, 23))
2018-04-08 07:47:03.241080;(17, (254, 128, 0, 0, 0, 0, 0, 0, 253, 255, 255, 255, 255, 255, 0, 7))
2018-04-08 07:47:03.302805;(22, (254, 128, 0, 0, 0, 0, 0, 0, 253, 255, 255, 255, 255, 255, 0, 10))
2018-04-08 07:47:03.321840;(5, (254, 128, 0, 0, 0, 0, 0, 0, 253, 255, 255, 255, 255, 255, 0, 21))
2018-04-08 07:47:03.445450;(7, (254, 128, 0, 0, 0, 0, 0, 0, 253, 255, 255, 255, 255, 255, 0, 20))
2018-04-08 07:47:03.469270;(15, (254, 128, 0, 0, 0, 0, 0, 0, 253, 255, 255, 255, 255, 255, 0, 1))
2018-04-08 07:47:03.475510;(4, (254, 128, 0, 0, 0, 0, 0, 0, 253, 255, 255, 255, 255, 255, 0, 13))
2018-04-08 07:47:03.537444;(19, (254, 128, 0, 0, 0, 0, 0, 0, 253, 255, 255, 255, 255, 255, 0, 7))
2018-04-08 07:47:03.555272;(6, (254, 128, 0, 0, 0, 0, 0, 0, 253, 255, 255, 255, 255, 255, 0, 5))
2018-04-08 07:47:03.571947;(9, (254, 128, 0, 0, 0, 0, 0, 0, 253, 255, 255, 255, 255, 255, 0, 4))
2018-04-08 07:47:30.657966;(1, (0, 0, 0, 0, 0, 0, 0, 0, 0, 0, 0, 0, 0, 0, 0, 0))
2018-04-08 07:47:31.744233;(10, (254, 128, 0, 0, 0, 0, 0, 0, 253, 255, 255, 255, 255, 255, 0, 1))
2018-04-08 07:47:32.663227;(21, (254, 128, 0, 0, 0, 0, 0, 0, 253, 255, 255, 255, 255, 255, 0, 1))
2018-04-08 07:47:32.719304;(3, (254, 128, 0, 0, 0, 0, 0, 0, 253, 255, 255, 255, 255, 255, 0, 20))
2018-04-08 07:47:32.890590;(13, (254, 128, 0, 0, 0, 0, 0, 0, 253, 255, 255, 255, 255, 255, 0, 1))
2018-04-08 07:47:32.907289;(20, (254, 128, 0, 0, 0, 0, 0, 0, 253, 255, 255, 255, 255, 255, 0, 1))
2018-04-08 07:47:32.916172;(14, (254, 128, 0, 0, 0, 0, 0, 0, 253, 255, 255, 255, 255, 255, 0, 7))
2018-04-08 07:47:33.010809;(23, (254, 128, 0, 0, 0, 0, 0, 0, 253, 255, 255, 255, 255, 255, 0, 15))
2018-04-08 07:47:33.020168;(16, (254, 128, 0, 0, 0, 0, 0, 0, 253, 255, 255, 255, 255, 255, 0, 18))
2018-04-08 07:47:33.026384;(8, (254, 128, 0, 0, 0, 0, 0, 0, 253, 255, 255, 255, 255, 255, 0, 14))
2018-04-08 07:47:33.098619;(12, (254, 128, 0, 0, 0, 0, 0, 0, 253, 255, 255, 255, 255, 255, 0, 14))
2018-04-08 07:47:33.174853;(11, (254, 128, 0, 0, 0, 0, 0, 0, 253, 255, 255, 255, 255, 255, 0, 16))
2018-04-08 07:47:33.194737;(18, (254, 128, 0, 0, 0, 0, 0, 0, 253, 255, 255, 255, 255, 255, 0, 23))
2018-04-08 07:47:33.247467;(17, (254, 128, 0, 0, 0, 0, 0, 0, 253, 255, 255, 255, 255, 255, 0, 7))
2018-04-08 07:47:33.309045;(22, (254, 128, 0, 0, 0, 0, 0, 0, 253, 255, 255, 255, 255, 255, 0, 10))
2018-04-08 07:47:33.324488;(5, (254, 128, 0, 0, 0, 0, 0, 0, 253, 255, 255, 255, 255, 255, 0, 21))
2018-04-08 07:47:33.449096;(7, (254, 128, 0, 0, 0, 0, 0, 0, 253, 255, 255, 255, 255, 255, 0, 20))
2018-04-08 07:47:33.473517;(15, (254, 128, 0, 0, 0, 0, 0, 0, 253, 255, 255, 255, 255, 255, 0, 1))
2018-04-08 07:47:33.479291;(4, (254, 128, 0, 0, 0, 0, 0, 0, 253, 255, 255, 255, 255, 255, 0, 13))
2018-04-08 07:47:33.540354;(19, (254, 128, 0, 0, 0, 0, 0, 0, 253, 255, 255, 255, 255, 255, 0, 7))
2018-04-08 07:47:33.558912;(6, (254, 128, 0, 0, 0, 0, 0, 0, 253, 255, 255, 255, 255, 255, 0, 5))
2018-04-08 07:47:33.576058;(9, (254, 128, 0, 0, 0, 0, 0, 0, 253, 255, 255, 255, 255, 255, 0, 4))
2018-04-08 07:48:00.660005;(1, (0, 0, 0, 0, 0, 0, 0, 0, 0, 0, 0, 0, 0, 0, 0, 0))
2018-04-08 07:48:02.666487;(21, (254, 128, 0, 0, 0, 0, 0, 0, 253, 255, 255, 255, 255, 255, 0, 1))
2018-04-08 07:48:02.747112;(10, (254, 128, 0, 0, 0, 0, 0, 0, 253, 255, 255, 255, 255, 255, 0, 1))
2018-04-08 07:48:02.893914;(13, (254, 128, 0, 0, 0, 0, 0, 0, 253, 255, 255, 255, 255, 255, 0, 1))
2018-04-08 07:48:02.911973;(20, (254, 128, 0, 0, 0, 0, 0, 0, 253, 255, 255, 255, 255, 255, 0, 1))
2018-04-08 07:48:02.919491;(14, (254, 128, 0, 0, 0, 0, 0, 0, 253, 255, 255, 255, 255, 255, 0, 7))
2018-04-08 07:48:03.012906;(23, (254, 128, 0, 0, 0, 0, 0, 0, 253, 255, 255, 255, 255, 255, 0, 15))
2018-04-08 07:48:03.033976;(8, (254, 128, 0, 0, 0, 0, 0, 0, 253, 255, 255, 255, 255, 255, 0, 14))
2018-04-08 07:48:03.103163;(12, (254, 128, 0, 0, 0, 0, 0, 0, 253, 255, 255, 255, 255, 255, 0, 16))
2018-04-08 07:48:03.178975;(11, (254, 128, 0, 0, 0, 0, 0, 0, 253, 255, 255, 255, 255, 255, 0, 16))
2018-04-08 07:48:03.255576;(17, (254, 128, 0, 0, 0, 0, 0, 0, 253, 255, 255, 255, 255, 255, 0, 7))
2018-04-08 07:48:03.483046;(4, (254, 128, 0, 0, 0, 0, 0, 0, 253, 255, 255, 255, 255, 255, 0, 13))
2018-04-08 07:48:03.562715;(6, (254, 128, 0, 0, 0, 0, 0, 0, 253, 255, 255, 255, 255, 255, 0, 23))
2018-04-08 07:48:03.722803;(3, (254, 128, 0, 0, 0, 0, 0, 0, 253, 255, 255, 255, 255, 255, 0, 20))
2018-04-08 07:48:04.023892;(16, (254, 128, 0, 0, 0, 0, 0, 0, 253, 255, 255, 255, 255, 255, 0, 18))
2018-04-08 07:48:04.199922;(18, (254, 128, 0, 0, 0, 0, 0, 0, 253, 255, 255, 255, 255, 255, 0, 23))
2018-04-08 07:48:04.313183;(22, (254, 128, 0, 0, 0, 0, 0, 0, 253, 255, 255, 255, 255, 255, 0, 10))
2018-04-08 07:48:04.327941;(5, (254, 128, 0, 0, 0, 0, 0, 0, 253, 255, 255, 255, 255, 255, 0, 15))
2018-04-08 07:48:04.452370;(7, (254, 128, 0, 0, 0, 0, 0, 0, 253, 255, 255, 255, 255, 255, 0, 20))
2018-04-08 07:48:04.478248;(15, (254, 128, 0, 0, 0, 0, 0, 0, 253, 255, 255, 255, 255, 255, 0, 1))
2018-04-08 07:48:04.543572;(19, (254, 128, 0, 0, 0, 0, 0, 0, 253, 255, 255, 255, 255, 255, 0, 7))
2018-04-08 07:48:04.578993;(9, (254, 128, 0, 0, 0, 0, 0, 0, 253, 255, 255, 255, 255, 255, 0, 4))
2018-04-08 07:48:30.662525;(1, (0, 0, 0, 0, 0, 0, 0, 0, 0, 0, 0, 0, 0, 0, 0, 0))
2018-04-08 07:48:32.669575;(21, (254, 128, 0, 0, 0, 0, 0, 0, 253, 255, 255, 255, 255, 255, 0, 1))
2018-04-08 07:48:32.749721;(10, (254, 128, 0, 0, 0, 0, 0, 0, 253, 255, 255, 255, 255, 255, 0, 1))
2018-04-08 07:48:32.925207;(14, (254, 128, 0, 0, 0, 0, 0, 0, 253, 255, 255, 255, 255, 255, 0, 18))
2018-04-08 07:48:33.014965;(23, (254, 128, 0, 0, 0, 0, 0, 0, 253, 255, 255, 255, 255, 255, 0, 15))
2018-04-08 07:48:33.182941;(11, (0, 0, 0, 0, 0, 0, 0, 0, 0, 0, 0, 0, 0, 0, 0, 0))
2018-04-08 07:48:33.725855;(3, (254, 128, 0, 0, 0, 0, 0, 0, 253, 255, 255, 255, 255, 255, 0, 22))
2018-04-08 07:48:33.897237;(13, (254, 128, 0, 0, 0, 0, 0, 0, 253, 255, 255, 255, 255, 255, 0, 1))
2018-04-08 07:48:34.027329;(16, (254, 128, 0, 0, 0, 0, 0, 0, 253, 255, 255, 255, 255, 255, 0, 18))
2018-04-08 07:48:34.037646;(8, (254, 128, 0, 0, 0, 0, 0, 0, 253, 255, 255, 255, 255, 255, 0, 3))
2018-04-08 07:48:34.106917;(12, (254, 128, 0, 0, 0, 0, 0, 0, 253, 255, 255, 255, 255, 255, 0, 14))
2018-04-08 07:48:34.202770;(18, (254, 128, 0, 0, 0, 0, 0, 0, 253, 255, 255, 255, 255, 255, 0, 23))
2018-04-08 07:48:34.264220;(17, (254, 128, 0, 0, 0, 0, 0, 0, 253, 255, 255, 255, 255, 255, 0, 7))
2018-04-08 07:48:34.317758;(22, (254, 128, 0, 0, 0, 0, 0, 0, 253, 255, 255, 255, 255, 255, 0, 10))
2018-04-08 07:48:34.330614;(5, (254, 128, 0, 0, 0, 0, 0, 0, 253, 255, 255, 255, 255, 255, 0, 15))
2018-04-08 07:48:34.456226;(7, (254, 128, 0, 0, 0, 0, 0, 0, 253, 255, 255, 255, 255, 255, 0, 20))
2018-04-08 07:48:34.481748;(15, (254, 128, 0, 0, 0, 0, 0, 0, 253, 255, 255, 255, 255, 255, 0, 1))
2018-04-08 07:48:34.486844;(4, (254, 128, 0, 0, 0, 0, 0, 0, 253, 255, 255, 255, 255, 255, 0, 13))
2018-04-08 07:48:34.546532;(19, (254, 128, 0, 0, 0, 0, 0, 0, 253, 255, 255, 255, 255, 255, 0, 7))
2018-04-08 07:48:34.566118;(6, (254, 128, 0, 0, 0, 0, 0, 0, 253, 255, 255, 255, 255, 255, 0, 23))
2018-04-08 07:48:34.581757;(9, (254, 128, 0, 0, 0, 0, 0, 0, 253, 255, 255, 255, 255, 255, 0, 4))
2018-04-08 07:49:00.665568;(1, (0, 0, 0, 0, 0, 0, 0, 0, 0, 0, 0, 0, 0, 0, 0, 0))
2018-04-08 07:49:02.672150;(21, (254, 128, 0, 0, 0, 0, 0, 0, 253, 255, 255, 255, 255, 255, 0, 1))
2018-04-08 07:49:02.755378;(10, (254, 128, 0, 0, 0, 0, 0, 0, 253, 255, 255, 255, 255, 255, 0, 23))
2018-04-08 07:49:02.933164;(14, (254, 128, 0, 0, 0, 0, 0, 0, 253, 255, 255, 255, 255, 255, 0, 18))
2018-04-08 07:49:03.017872;(23, (254, 128, 0, 0, 0, 0, 0, 0, 253, 255, 255, 255, 255, 255, 0, 15))
2018-04-08 07:49:03.189120;(11, (254, 128, 0, 0, 0, 0, 0, 0, 253, 255, 255, 255, 255, 255, 0, 16))
2018-04-08 07:49:03.728702;(3, (254, 128, 0, 0, 0, 0, 0, 0, 253, 255, 255, 255, 255, 255, 0, 20))
2018-04-08 07:49:03.901948;(13, (254, 128, 0, 0, 0, 0, 0, 0, 253, 255, 255, 255, 255, 255, 0, 1))
2018-04-08 07:49:03.920035;(20, (254, 128, 0, 0, 0, 0, 0, 0, 253, 255, 255, 255, 255, 255, 0, 1))
2018-04-08 07:49:04.031260;(16, (254, 128, 0, 0, 0, 0, 0, 0, 253, 255, 255, 255, 255, 255, 0, 18))
2018-04-08 07:49:04.041442;(8, (254, 128, 0, 0, 0, 0, 0, 0, 253, 255, 255, 255, 255, 255, 0, 3))
2018-04-08 07:49:04.114803;(12, (254, 128, 0, 0, 0, 0, 0, 0, 253, 255, 255, 255, 255, 255, 0, 8))
2018-04-08 07:49:04.206587;(18, (254, 128, 0, 0, 0, 0, 0, 0, 253, 255, 255, 255, 255, 255, 0, 23))
2018-04-08 07:49:04.271167;(17, (254, 128, 0, 0, 0, 0, 0, 0, 253, 255, 255, 255, 255, 255, 0, 7))
2018-04-08 07:49:04.323205;(22, (254, 128, 0, 0, 0, 0, 0, 0, 253, 255, 255, 255, 255, 255, 0, 3))
2018-04-08 07:49:04.334147;(5, (254, 128, 0, 0, 0, 0, 0, 0, 253, 255, 255, 255, 255, 255, 0, 15))
2018-04-08 07:49:04.459523;(7, (254, 128, 0, 0, 0, 0, 0, 0, 253, 255, 255, 255, 255, 255, 0, 20))
2018-04-08 07:49:04.485614;(15, (254, 128, 0, 0, 0, 0, 0, 0, 253, 255, 255, 255, 255, 255, 0, 1))
2018-04-08 07:49:04.493002;(4, (254, 128, 0, 0, 0, 0, 0, 0, 253, 255, 255, 255, 255, 255, 0, 13))
2018-04-08 07:49:04.549416;(19, (254, 128, 0, 0, 0, 0, 0, 0, 253, 255, 255, 255, 255, 255, 0, 7))
2018-04-08 07:49:04.569634;(6, (254, 128, 0, 0, 0, 0, 0, 0, 253, 255, 255, 255, 255, 255, 0, 23))
2018-04-08 07:49:04.584390;(9, (254, 128, 0, 0, 0, 0, 0, 0, 253, 255, 255, 255, 255, 255, 0, 4))
2018-04-08 07:49:31.667659;(1, (0, 0, 0, 0, 0, 0, 0, 0, 0, 0, 0, 0, 0, 0, 0, 0))
2018-04-08 07:49:32.675169;(21, (254, 128, 0, 0, 0, 0, 0, 0, 253, 255, 255, 255, 255, 255, 0, 1))
2018-04-08 07:49:32.758817;(10, (254, 128, 0, 0, 0, 0, 0, 0, 253, 255, 255, 255, 255, 255, 0, 23))
2018-04-08 07:49:32.939422;(14, (254, 128, 0, 0, 0, 0, 0, 0, 253, 255, 255, 255, 255, 255, 0, 8))
2018-04-08 07:49:33.019928;(23, (254, 128, 0, 0, 0, 0, 0, 0, 253, 255, 255, 255, 255, 255, 0, 15))
2018-04-08 07:49:33.193875;(11, (254, 128, 0, 0, 0, 0, 0, 0, 253, 255, 255, 255, 255, 255, 0, 16))
2018-04-08 07:49:33.731801;(3, (254, 128, 0, 0, 0, 0, 0, 0, 253, 255, 255, 255, 255, 255, 0, 20))
2018-04-08 07:49:33.906435;(13, (254, 128, 0, 0, 0, 0, 0, 0, 253, 255, 255, 255, 255, 255, 0, 1))
2018-04-08 07:49:33.924289;(20, (254, 128, 0, 0, 0, 0, 0, 0, 253, 255, 255, 255, 255, 255, 0, 1))
2018-04-08 07:49:34.035031;(16, (254, 128, 0, 0, 0, 0, 0, 0, 253, 255, 255, 255, 255, 255, 0, 18))
2018-04-08 07:49:34.045181;(8, (254, 128, 0, 0, 0, 0, 0, 0, 253, 255, 255, 255, 255, 255, 0, 3))
2018-04-08 07:49:34.121113;(12, (254, 128, 0, 0, 0, 0, 0, 0, 253, 255, 255, 255, 255, 255, 0, 8))
2018-04-08 07:49:34.211176;(18, (254, 128, 0, 0, 0, 0, 0, 0, 253, 255, 255, 255, 255, 255, 0, 23))
2018-04-08 07:49:34.279221;(17, (254, 128, 0, 0, 0, 0, 0, 0, 253, 255, 255, 255, 255, 255, 0, 7))
2018-04-08 07:49:34.328000;(22, (254, 128, 0, 0, 0, 0, 0, 0, 253, 255, 255, 255, 255, 255, 0, 3))
2018-04-08 07:49:34.337807;(5, (254, 128, 0, 0, 0, 0, 0, 0, 253, 255, 255, 255, 255, 255, 0, 15))
2018-04-08 07:49:34.462555;(7, (254, 128, 0, 0, 0, 0, 0, 0, 253, 255, 255, 255, 255, 255, 0, 20))
2018-04-08 07:49:34.489939;(15, (254, 128, 0, 0, 0, 0, 0, 0, 253, 255, 255, 255, 255, 255, 0, 1))
2018-04-08 07:49:34.497344;(4, (254, 128, 0, 0, 0, 0, 0, 0, 253, 255, 255, 255, 255, 255, 0, 13))
2018-04-08 07:49:34.554947;(19, (254, 128, 0, 0, 0, 0, 0, 0, 253, 255, 255, 255, 255, 255, 0, 7))
2018-04-08 07:49:34.574984;(6, (254, 128, 0, 0, 0, 0, 0, 0, 253, 255, 255, 255, 255, 255, 0, 23))
2018-04-08 07:49:34.587309;(9, (254, 128, 0, 0, 0, 0, 0, 0, 253, 255, 255, 255, 255, 255, 0, 4))
2018-04-08 07:50:01.670068;(1, (0, 0, 0, 0, 0, 0, 0, 0, 0, 0, 0, 0, 0, 0, 0, 0))
2018-04-08 07:50:02.677820;(21, (254, 128, 0, 0, 0, 0, 0, 0, 253, 255, 255, 255, 255, 255, 0, 1))
2018-04-08 07:50:02.762038;(10, (254, 128, 0, 0, 0, 0, 0, 0, 253, 255, 255, 255, 255, 255, 0, 23))
2018-04-08 07:50:02.943152;(14, (254, 128, 0, 0, 0, 0, 0, 0, 253, 255, 255, 255, 255, 255, 0, 8))
2018-04-08 07:50:03.024074;(23, (254, 128, 0, 0, 0, 0, 0, 0, 253, 255, 255, 255, 255, 255, 0, 15))
2018-04-08 07:50:03.734982;(3, (254, 128, 0, 0, 0, 0, 0, 0, 253, 255, 255, 255, 255, 255, 0, 20))
2018-04-08 07:50:03.911842;(13, (254, 128, 0, 0, 0, 0, 0, 0, 253, 255, 255, 255, 255, 255, 0, 1))
2018-04-08 07:50:03.929654;(20, (254, 128, 0, 0, 0, 0, 0, 0, 253, 255, 255, 255, 255, 255, 0, 1))
2018-04-08 07:50:04.038982;(16, (254, 128, 0, 0, 0, 0, 0, 0, 253, 255, 255, 255, 255, 255, 0, 18))
2018-04-08 07:50:04.049049;(8, (254, 128, 0, 0, 0, 0, 0, 0, 253, 255, 255, 255, 255, 255, 0, 3))
2018-04-08 07:50:04.126542;(12, (254, 128, 0, 0, 0, 0, 0, 0, 253, 255, 255, 255, 255, 255, 0, 8))
2018-04-08 07:50:04.197591;(11, (254, 128, 0, 0, 0, 0, 0, 0, 253, 255, 255, 255, 255, 255, 0, 16))
2018-04-08 07:50:04.214901;(18, (254, 128, 0, 0, 0, 0, 0, 0, 253, 255, 255, 255, 255, 255, 0, 14))
2018-04-08 07:50:04.286977;(17, (254, 128, 0, 0, 0, 0, 0, 0, 253, 255, 255, 255, 255, 255, 0, 7))
2018-04-08 07:50:04.333681;(22, (254, 128, 0, 0, 0, 0, 0, 0, 253, 255, 255, 255, 255, 255, 0, 3))
2018-04-08 07:50:04.466101;(7, (254, 128, 0, 0, 0, 0, 0, 0, 253, 255, 255, 255, 255, 255, 0, 20))
2018-04-08 07:50:04.494189;(15, (254, 128, 0, 0, 0, 0, 0, 0, 253, 255, 255, 255, 255, 255, 0, 1))
2018-04-08 07:50:04.502516;(4, (254, 128, 0, 0, 0, 0, 0, 0, 253, 255, 255, 255, 255, 255, 0, 13))
2018-04-08 07:50:04.559429;(19, (254, 128, 0, 0, 0, 0, 0, 0, 253, 255, 255, 255, 255, 255, 0, 7))
2018-04-08 07:50:04.578037;(6, (254, 128, 0, 0, 0, 0, 0, 0, 253, 255, 255, 255, 255, 255, 0, 23))
2018-04-08 07:50:05.591088;(9, (254, 128, 0, 0, 0, 0, 0, 0, 253, 255, 255, 255, 255, 255, 0, 4))
2018-04-08 07:50:31.673138;(1, (0, 0, 0, 0, 0, 0, 0, 0, 0, 0, 0, 0, 0, 0, 0, 0))
2018-04-08 07:50:32.765276;(10, (254, 128, 0, 0, 0, 0, 0, 0, 253, 255, 255, 255, 255, 255, 0, 5))
2018-04-08 07:50:33.681649;(21, (254, 128, 0, 0, 0, 0, 0, 0, 253, 255, 255, 255, 255, 255, 0, 1))
2018-04-08 07:50:33.915722;(13, (254, 128, 0, 0, 0, 0, 0, 0, 253, 255, 255, 255, 255, 255, 0, 1))
2018-04-08 07:50:33.946800;(14, (254, 128, 0, 0, 0, 0, 0, 0, 253, 255, 255, 255, 255, 255, 0, 18))
2018-04-08 07:50:34.029615;(23, (254, 128, 0, 0, 0, 0, 0, 0, 253, 255, 255, 255, 255, 255, 0, 15))
2018-04-08 07:50:34.051795;(8, (254, 128, 0, 0, 0, 0, 0, 0, 253, 255, 255, 255, 255, 255, 0, 3))
2018-04-08 07:50:34.131450;(12, (254, 128, 0, 0, 0, 0, 0, 0, 253, 255, 255, 255, 255, 255, 0, 8))
2018-04-08 07:50:34.201564;(11, (254, 128, 0, 0, 0, 0, 0, 0, 253, 255, 255, 255, 255, 255, 0, 16))
2018-04-08 07:50:34.294701;(17, (254, 128, 0, 0, 0, 0, 0, 0, 253, 255, 255, 255, 255, 255, 0, 7))
2018-04-08 07:50:34.506348;(4, (254, 128, 0, 0, 0, 0, 0, 0, 253, 255, 255, 255, 255, 255, 0, 13))
2018-04-08 07:50:34.738917;(3, (254, 128, 0, 0, 0, 0, 0, 0, 253, 255, 255, 255, 255, 255, 0, 22))
2018-04-08 07:50:34.933976;(20, (254, 128, 0, 0, 0, 0, 0, 0, 253, 255, 255, 255, 255, 255, 0, 3))
2018-04-08 07:50:35.046175;(16, (254, 128, 0, 0, 0, 0, 0, 0, 253, 255, 255, 255, 255, 255, 0, 18))
2018-04-08 07:50:35.218678;(18, (254, 128, 0, 0, 0, 0, 0, 0, 253, 255, 255, 255, 255, 255, 0, 23))
2018-04-08 07:50:35.339933;(22, (254, 128, 0, 0, 0, 0, 0, 0, 253, 255, 255, 255, 255, 255, 0, 15))
2018-04-08 07:50:35.346055;(5, (254, 128, 0, 0, 0, 0, 0, 0, 253, 255, 255, 255, 255, 255, 0, 15))
2018-04-08 07:50:35.468492;(7, (254, 128, 0, 0, 0, 0, 0, 0, 253, 255, 255, 255, 255, 255, 0, 8))
2018-04-08 07:50:35.498172;(15, (254, 128, 0, 0, 0, 0, 0, 0, 253, 255, 255, 255, 255, 255, 0, 1))
2018-04-08 07:50:35.563298;(19, (254, 128, 0, 0, 0, 0, 0, 0, 253, 255, 255, 255, 255, 255, 0, 12))
2018-04-08 07:50:35.581707;(6, (254, 128, 0, 0, 0, 0, 0, 0, 253, 255, 255, 255, 255, 255, 0, 22))
2018-04-08 07:50:35.594649;(9, (254, 128, 0, 0, 0, 0, 0, 0, 253, 255, 255, 255, 255, 255, 0, 4))
