2018-03-22 20:24:00.557850;(15, (0, 0, 0, 0))
2018-03-22 20:24:00.563537;(19, (1, 0, 1, 0))
2018-03-22 20:24:00.663602;(23, (0, 0, 0, 0))
2018-03-22 20:24:00.666858;(20, (0, 0, 0, 0))
2018-03-22 20:24:00.740179;(12, (6, 1, 8, 0))
2018-03-22 20:24:00.747995;(1, (0, 0, 0, 0))
2018-03-22 20:24:00.804445;(10, (3, 0, 3, 0))
2018-03-22 20:24:00.834628;(2, (14, 0, 14, 0))
2018-03-22 20:24:00.907643;(5, (14, 2, 16, 0))
2018-03-22 20:24:00.919446;(26, (0, 0, 0, 0))
2018-03-22 20:24:00.990878;(14, (0, 0, 0, 0))
2018-03-22 20:24:01.012746;(11, (2, 0, 3, 0))
2018-03-22 20:24:01.080852;(16, (1, 0, 1, 0))
2018-03-22 20:24:01.094680;(7, (4, 0, 4, 0))
2018-03-22 20:24:01.113039;(24, (0, 0, 0, 0))
2018-03-22 20:24:01.185556;(25, (0, 0, 0, 0))
2018-03-22 20:24:01.198852;(21, (0, 0, 0, 0))
2018-03-22 20:24:01.218782;(8, (11, 0, 11, 0))
2018-03-22 20:24:01.267308;(17, (0, 0, 0, 0))
2018-03-22 20:24:01.285110;(9, (10, 0, 10, 0))
2018-03-22 20:24:01.294424;(3, (9, 0, 9, 0))
2018-03-22 20:24:01.360938;(6, (14, 0, 14, 0))
2018-03-22 20:24:01.378479;(13, (6, 7, 13, 1))
2018-03-22 20:24:01.389299;(22, (0, 0, 0, 0))
2018-03-22 20:24:01.457915;(18, (0, 1, 2, 0))
2018-03-22 20:24:01.472243;(4, (7, 2, 10, 0))
2018-03-22 20:25:00.571972;(15, (20, 1, 21, 0))
2018-03-22 20:25:00.579360;(19, (21, 8, 29, 0))
2018-03-22 20:25:00.675320;(23, (11, 3, 14, 0))
2018-03-22 20:25:00.678136;(20, (17, 3, 20, 0))
2018-03-22 20:25:00.756842;(12, (27, 16, 43, 0))
2018-03-22 20:25:00.760611;(1, (0, 0, 0, 0))
2018-03-22 20:25:00.820182;(10, (23, 8, 31, 0))
2018-03-22 20:25:00.847584;(2, (34, 1, 35, 0))
2018-03-22 20:25:00.922226;(5, (33, 14, 48, 0))
2018-03-22 20:25:00.933232;(26, (6, 2, 9, 0))
2018-03-22 20:25:01.005715;(14, (18, 8, 26, 1))
2018-03-22 20:25:01.027550;(11, (23, 5, 28, 0))
2018-03-22 20:25:01.093723;(16, (21, 7, 28, 0))
2018-03-22 20:25:01.109443;(7, (24, 0, 24, 0))
2018-03-22 20:25:01.124830;(24, (7, 4, 12, 0))
2018-03-22 20:25:01.194829;(25, (0, 5, 6, 1))
2018-03-22 20:25:01.230966;(8, (31, 3, 34, 0))
2018-03-22 20:25:01.280526;(17, (15, 10, 25, 1))
2018-03-22 20:25:01.297250;(9, (30, 6, 36, 0))
2018-03-22 20:25:01.308918;(3, (29, 0, 29, 0))
2018-03-22 20:25:01.374643;(6, (34, 0, 34, 0))
2018-03-22 20:25:01.391380;(13, (21, 26, 48, 2))
2018-03-22 20:25:01.405032;(22, (18, 2, 20, 0))
2018-03-22 20:25:01.470009;(18, (7, 6, 13, 1))
2018-03-22 20:25:01.484197;(4, (14, 7, 22, 0))
2018-03-22 20:26:00.589368;(15, (40, 4, 44, 0))
2018-03-22 20:26:00.596660;(19, (41, 9, 50, 0))
2018-03-22 20:26:00.689267;(23, (31, 4, 35, 0))
2018-03-22 20:26:00.692504;(20, (37, 3, 40, 0))
2018-03-22 20:26:00.770521;(12, (47, 27, 74, 0))
2018-03-22 20:26:00.772197;(1, (0, 0, 0, 0))
2018-03-22 20:26:00.834235;(10, (43, 15, 58, 0))
2018-03-22 20:26:00.862606;(2, (53, 8, 62, 0))
2018-03-22 20:26:00.939828;(5, (54, 17, 71, 0))
2018-03-22 20:26:00.950190;(26, (23, 9, 33, 0))
2018-03-22 20:26:01.020789;(14, (27, 23, 50, 3))
2018-03-22 20:26:01.042590;(11, (35, 13, 49, 0))
2018-03-22 20:26:01.108926;(16, (41, 10, 51, 0))
2018-03-22 20:26:01.123928;(7, (44, 2, 46, 0))
2018-03-22 20:26:01.137749;(24, (14, 6, 21, 0))
2018-03-22 20:26:01.204240;(25, (4, 12, 17, 1))
2018-03-22 20:26:01.223312;(21, (37, 3, 40, 0))
2018-03-22 20:26:01.245013;(8, (51, 4, 55, 0))
2018-03-22 20:26:01.291302;(17, (31, 18, 49, 2))
2018-03-22 20:26:01.310193;(9, (50, 8, 58, 0))
2018-03-22 20:26:01.322876;(3, (49, 0, 49, 0))
2018-03-22 20:26:01.389239;(6, (54, 0, 54, 0))
2018-03-22 20:26:01.406650;(13, (36, 43, 80, 4))
2018-03-22 20:26:01.420811;(22, (38, 2, 40, 0))
2018-03-22 20:26:01.481810;(18, (10, 7, 18, 1))
2018-03-22 20:26:01.497802;(4, (25, 13, 39, 0))
2018-03-22 20:27:00.605366;(15, (60, 5, 65, 0))
2018-03-22 20:27:00.614079;(19, (61, 14, 75, 0))
2018-03-22 20:27:00.705640;(23, (51, 4, 55, 0))
2018-03-22 20:27:00.708939;(20, (57, 4, 61, 0))
2018-03-22 20:27:00.783165;(1, (0, 0, 0, 0))
2018-03-22 20:27:00.784263;(12, (55, 36, 92, 0))
2018-03-22 20:27:00.846850;(10, (53, 26, 80, 1))
2018-03-22 20:27:00.880399;(2, (74, 14, 88, 0))
2018-03-22 20:27:00.952307;(5, (65, 29, 95, 1))
2018-03-22 20:27:00.962628;(26, (30, 22, 53, 2))
2018-03-22 20:27:01.034926;(14, (47, 28, 75, 3))
2018-03-22 20:27:01.057363;(11, (51, 23, 74, 2))
2018-03-22 20:27:01.124633;(16, (61, 10, 71, 0))
2018-03-22 20:27:01.141844;(7, (64, 3, 67, 0))
2018-03-22 20:27:01.148089;(24, (15, 8, 24, 0))
2018-03-22 20:27:01.213943;(25, (8, 14, 23, 1))
2018-03-22 20:27:01.238034;(21, (57, 3, 60, 0))
2018-03-22 20:27:01.260278;(8, (71, 5, 76, 0))
2018-03-22 20:27:01.301803;(17, (45, 39, 84, 5))
2018-03-22 20:27:01.323403;(9, (70, 10, 80, 0))
2018-03-22 20:27:01.335428;(3, (69, 0, 69, 0))
2018-03-22 20:27:01.404019;(6, (74, 0, 74, 0))
2018-03-22 20:27:01.419861;(13, (46, 57, 104, 6))
2018-03-22 20:27:01.435461;(22, (58, 2, 60, 0))
2018-03-22 20:27:01.494631;(18, (24, 10, 35, 1))
2018-03-22 20:27:01.511827;(4, (35, 23, 59, 1))
2018-03-22 20:28:00.620338;(15, (80, 8, 88, 0))
2018-03-22 20:28:00.629338;(19, (81, 18, 99, 0))
2018-03-22 20:28:00.720073;(23, (71, 5, 76, 0))
2018-03-22 20:28:00.722032;(20, (77, 4, 81, 0))
2018-03-22 20:28:00.793164;(1, (0, 0, 0, 0))
2018-03-22 20:28:00.797339;(12, (77, 39, 116, 1))
2018-03-22 20:28:00.863994;(10, (76, 34, 110, 2))
2018-03-22 20:28:00.897343;(2, (94, 15, 109, 0))
2018-03-22 20:28:00.965171;(5, (82, 43, 126, 2))
2018-03-22 20:28:00.976808;(26, (48, 33, 81, 4))
2018-03-22 20:28:01.049732;(14, (66, 35, 102, 3))
2018-03-22 20:28:01.072797;(11, (71, 28, 99, 2))
2018-03-22 20:28:01.140688;(16, (81, 12, 93, 0))
2018-03-22 20:28:01.156056;(7, (84, 5, 89, 0))
2018-03-22 20:28:01.157755;(24, (16, 9, 26, 0))
2018-03-22 20:28:01.224533;(25, (13, 16, 30, 1))
2018-03-22 20:28:01.252036;(21, (77, 3, 80, 0))
2018-03-22 20:28:01.273126;(8, (91, 6, 97, 0))
2018-03-22 20:28:01.314547;(17, (61, 44, 105, 6))
2018-03-22 20:28:01.335921;(9, (90, 12, 102, 0))
2018-03-22 20:28:01.348577;(3, (89, 0, 89, 0))
2018-03-22 20:28:01.419048;(6, (94, 0, 94, 0))
2018-03-22 20:28:01.432551;(13, (63, 76, 140, 8))
2018-03-22 20:28:01.448144;(22, (78, 5, 83, 0))
2018-03-22 20:28:01.507651;(18, (41, 17, 59, 1))
2018-03-22 20:28:01.523931;(4, (52, 34, 87, 2))
2018-03-22 20:29:00.632458;(15, (98, 14, 113, 0))
2018-03-22 20:29:00.644838;(19, (97, 23, 121, 0))
2018-03-22 20:29:00.733370;(23, (91, 8, 99, 0))
2018-03-22 20:29:00.738059;(20, (97, 4, 101, 0))
2018-03-22 20:29:00.803378;(1, (0, 0, 0, 0))
2018-03-22 20:29:00.807428;(12, (96, 49, 146, 1))
2018-03-22 20:29:00.881357;(10, (96, 39, 135, 2))
2018-03-22 20:29:00.913458;(2, (114, 16, 130, 0))
2018-03-22 20:29:00.976795;(5, (100, 55, 155, 4))
2018-03-22 20:29:00.992432;(26, (68, 38, 106, 4))
2018-03-22 20:29:01.064225;(14, (78, 44, 123, 4))
2018-03-22 20:29:01.088255;(11, (91, 28, 119, 2))
2018-03-22 20:29:01.154545;(16, (99, 20, 120, 0))
2018-03-22 20:29:01.166495;(24, (17, 11, 29, 0))
2018-03-22 20:29:01.169350;(7, (104, 5, 109, 0))
2018-03-22 20:29:01.233932;(25, (13, 17, 31, 1))
2018-03-22 20:29:01.264863;(21, (97, 4, 101, 0))
2018-03-22 20:29:01.285692;(8, (111, 7, 118, 0))
2018-03-22 20:29:01.325869;(17, (81, 53, 134, 6))
2018-03-22 20:29:01.348043;(9, (110, 18, 128, 0))
2018-03-22 20:29:01.363163;(3, (109, 0, 109, 0))
2018-03-22 20:29:01.433269;(6, (114, 0, 114, 0))
2018-03-22 20:29:01.447021;(13, (86, 85, 171, 8))
2018-03-22 20:29:01.460935;(22, (98, 5, 103, 0))
2018-03-22 20:29:01.521792;(18, (61, 28, 90, 1))
2018-03-22 20:29:01.538864;(4, (75, 42, 117, 2))
2018-03-22 20:30:00.646555;(15, (120, 19, 139, 0))
2018-03-22 20:30:00.659015;(19, (118, 26, 144, 1))
2018-03-22 20:30:00.748505;(23, (111, 11, 122, 0))
2018-03-22 20:30:00.751052;(20, (117, 4, 121, 0))
2018-03-22 20:30:00.811788;(1, (0, 0, 0, 0))
2018-03-22 20:30:00.819449;(12, (116, 56, 173, 1))
2018-03-22 20:30:00.899588;(10, (115, 42, 158, 2))
2018-03-22 20:30:00.929853;(2, (134, 19, 153, 0))
2018-03-22 20:30:00.989845;(5, (115, 63, 179, 4))
2018-03-22 20:30:01.008469;(26, (88, 41, 129, 4))
2018-03-22 20:30:01.079057;(14, (97, 52, 149, 5))
2018-03-22 20:30:01.104561;(11, (111, 28, 139, 2))
2018-03-22 20:30:01.166782;(16, (121, 23, 144, 0))
2018-03-22 20:30:01.174784;(24, (17, 12, 30, 0))
2018-03-22 20:30:01.182221;(7, (124, 6, 130, 0))
2018-03-22 20:30:01.247394;(25, (30, 20, 50, 1))
2018-03-22 20:30:01.279423;(21, (117, 4, 121, 0))
2018-03-22 20:30:01.298508;(8, (131, 9, 140, 0))
2018-03-22 20:30:01.338193;(17, (97, 60, 158, 7))
2018-03-22 20:30:01.362580;(9, (129, 19, 149, 0))
2018-03-22 20:30:01.377047;(3, (129, 0, 129, 0))
2018-03-22 20:30:01.446161;(6, (134, 0, 134, 0))
2018-03-22 20:30:01.461551;(13, (101, 97, 199, 10))
2018-03-22 20:30:01.473976;(22, (118, 10, 128, 0))
2018-03-22 20:30:01.534735;(18, (81, 40, 121, 1))
2018-03-22 20:30:01.553022;(4, (89, 51, 140, 3))
2018-03-22 20:31:00.658153;(15, (140, 26, 166, 0))
2018-03-22 20:31:00.673090;(19, (138, 31, 169, 1))
2018-03-22 20:31:00.760550;(23, (131, 11, 142, 0))
2018-03-22 20:31:00.764824;(20, (137, 4, 141, 0))
2018-03-22 20:31:00.819157;(1, (0, 0, 0, 0))
2018-03-22 20:31:00.829524;(12, (134, 64, 198, 2))
2018-03-22 20:31:00.916652;(10, (135, 44, 180, 2))
2018-03-22 20:31:00.948841;(2, (154, 20, 174, 0))
2018-03-22 20:31:01.003496;(5, (130, 80, 210, 6))
2018-03-22 20:31:01.023498;(26, (106, 54, 160, 5))
2018-03-22 20:31:01.094623;(14, (117, 57, 174, 5))
2018-03-22 20:31:01.119569;(11, (130, 33, 164, 2))
2018-03-22 20:31:01.181879;(16, (141, 27, 168, 0))
2018-03-22 20:31:01.188415;(24, (24, 14, 39, 0))
2018-03-22 20:31:01.196589;(7, (141, 17, 158, 2))
2018-03-22 20:31:01.257386;(25, (33, 28, 62, 2))
2018-03-22 20:31:01.292365;(21, (137, 4, 141, 0))
2018-03-22 20:31:01.310684;(8, (146, 18, 165, 2))
2018-03-22 20:31:01.349840;(17, (113, 68, 182, 8))
2018-03-22 20:31:01.375520;(9, (150, 25, 175, 0))
2018-03-22 20:31:01.390965;(3, (149, 2, 151, 0))
2018-03-22 20:31:01.458674;(6, (154, 0, 154, 0))
2018-03-22 20:31:01.474011;(13, (111, 108, 220, 12))
2018-03-22 20:31:01.487348;(22, (138, 13, 151, 0))
2018-03-22 20:31:01.545193;(18, (88, 52, 141, 2))
2018-03-22 20:31:01.564460;(4, (90, 63, 154, 5))
2018-03-22 20:32:00.670520;(15, (155, 39, 195, 1))
2018-03-22 20:32:00.685668;(19, (158, 41, 199, 1))
2018-03-22 20:32:00.773729;(23, (151, 11, 162, 0))
2018-03-22 20:32:00.777949;(20, (157, 5, 162, 0))
2018-03-22 20:32:00.828102;(1, (0, 0, 0, 0))
2018-03-22 20:32:00.840271;(12, (154, 72, 226, 2))
2018-03-22 20:32:00.932886;(10, (156, 51, 207, 2))
2018-03-22 20:32:00.964409;(2, (174, 21, 195, 0))
2018-03-22 20:32:01.018270;(5, (134, 91, 226, 8))
2018-03-22 20:32:01.039581;(26, (121, 71, 192, 8))
2018-03-22 20:32:01.110479;(14, (137, 59, 196, 5))
2018-03-22 20:32:01.134932;(11, (149, 42, 192, 2))
2018-03-22 20:32:01.196838;(16, (161, 32, 193, 0))
2018-03-22 20:32:01.201845;(24, (32, 17, 50, 0))
2018-03-22 20:32:01.213252;(7, (161, 21, 182, 2))
2018-03-22 20:32:01.270895;(25, (42, 42, 85, 5))
2018-03-22 20:32:01.304835;(21, (156, 5, 162, 0))
2018-03-22 20:32:01.323539;(8, (167, 22, 189, 2))
2018-03-22 20:32:01.363430;(17, (129, 77, 206, 10))
2018-03-22 20:32:01.388044;(9, (160, 45, 206, 3))
2018-03-22 20:32:01.404086;(3, (169, 3, 172, 0))
2018-03-22 20:32:01.472682;(6, (174, 0, 174, 0))
2018-03-22 20:32:01.485419;(13, (119, 119, 239, 14))
2018-03-22 20:32:01.501279;(22, (158, 15, 174, 0))
2018-03-22 20:32:01.557348;(18, (103, 63, 166, 4))
2018-03-22 20:32:01.575392;(4, (96, 74, 171, 7))
2018-03-22 20:33:00.683038;(15, (173, 53, 226, 2))
2018-03-22 20:33:00.697178;(19, (178, 51, 229, 1))
2018-03-22 20:33:00.785636;(23, (171, 11, 182, 0))
2018-03-22 20:33:00.793929;(20, (177, 5, 182, 0))
2018-03-22 20:33:00.850430;(12, (169, 89, 259, 3))
2018-03-22 20:33:00.947575;(10, (176, 58, 234, 2))
2018-03-22 20:33:00.978944;(2, (194, 24, 218, 0))
2018-03-22 20:33:01.032972;(5, (153, 100, 253, 9))
2018-03-22 20:33:01.054319;(26, (139, 78, 217, 9))
2018-03-22 20:33:01.124985;(14, (156, 74, 230, 6))
2018-03-22 20:33:01.211974;(16, (181, 35, 216, 0))
2018-03-22 20:33:01.213210;(24, (42, 22, 65, 0))
2018-03-22 20:33:01.228911;(7, (181, 23, 204, 2))
2018-03-22 20:33:01.281616;(25, (58, 47, 106, 5))
2018-03-22 20:33:01.316228;(21, (171, 21, 192, 2))
2018-03-22 20:33:01.335084;(8, (187, 29, 216, 2))
2018-03-22 20:33:01.399202;(9, (160, 76, 237, 11))
2018-03-22 20:33:01.419090;(3, (189, 3, 192, 0))
2018-03-22 20:33:01.486837;(6, (194, 0, 194, 0))
2018-03-22 20:33:01.501009;(13, (141, 127, 268, 15))
2018-03-22 20:33:01.515717;(22, (178, 20, 199, 0))
2018-03-22 20:33:01.573341;(18, (123, 76, 199, 4))
2018-03-22 20:33:01.589857;(4, (109, 84, 194, 9))
2018-03-22 20:33:01.836000;(1, (0, 0, 0, 0))
2018-03-22 20:33:02.149915;(11, (170, 46, 216, 2))
2018-03-22 20:33:02.375338;(17, (149, 81, 230, 10))
2018-03-22 20:34:01.695315;(15, (193, 57, 250, 2))
2018-03-22 20:34:01.710086;(19, (198, 61, 259, 1))
2018-03-22 20:34:01.801066;(23, (191, 14, 205, 0))
2018-03-22 20:34:01.808539;(20, (197, 9, 206, 0))
2018-03-22 20:34:01.844024;(1, (0, 0, 0, 0))
2018-03-22 20:34:01.864340;(12, (186, 100, 287, 3))
2018-03-22 20:34:01.963211;(10, (196, 62, 258, 2))
2018-03-22 20:34:01.995990;(2, (214, 25, 239, 0))
2018-03-22 20:34:02.046198;(5, (162, 110, 273, 9))
2018-03-22 20:34:02.067842;(26, (156, 84, 240, 10))
2018-03-22 20:34:02.137457;(14, (167, 81, 249, 7))
2018-03-22 20:34:02.165473;(11, (190, 50, 240, 2))
2018-03-22 20:34:02.225307;(16, (201, 41, 242, 0))
2018-03-22 20:34:02.226118;(24, (47, 24, 71, 0))
2018-03-22 20:34:02.244746;(7, (201, 23, 224, 2))
2018-03-22 20:34:02.294745;(25, (68, 54, 123, 5))
2018-03-22 20:34:02.328299;(21, (191, 24, 215, 2))
2018-03-22 20:34:02.346709;(8, (207, 32, 239, 2))
2018-03-22 20:34:02.386076;(17, (161, 95, 257, 11))
2018-03-22 20:34:02.408781;(9, (160, 107, 268, 19))
2018-03-22 20:34:02.432414;(3, (209, 3, 212, 0))
2018-03-22 20:34:02.501425;(6, (214, 0, 214, 0))
2018-03-22 20:34:02.513935;(13, (157, 140, 297, 16))
2018-03-22 20:34:02.529384;(22, (199, 38, 237, 0))
2018-03-22 20:34:02.586523;(18, (135, 90, 226, 4))
2018-03-22 20:34:02.601334;(4, (115, 95, 211, 11))
2018-03-22 20:35:01.709034;(15, (213, 60, 273, 2))
2018-03-22 20:35:01.814499;(23, (211, 17, 228, 0))
2018-03-22 20:35:01.824384;(20, (217, 9, 226, 0))
2018-03-22 20:35:01.851675;(1, (0, 0, 0, 0))
2018-03-22 20:35:01.881962;(12, (207, 106, 314, 4))
2018-03-22 20:35:01.977018;(10, (216, 69, 285, 2))
2018-03-22 20:35:02.010970;(2, (234, 27, 261, 0))
2018-03-22 20:35:02.062802;(5, (179, 119, 299, 11))
2018-03-22 20:35:02.083779;(26, (168, 90, 259, 11))
2018-03-22 20:35:02.154114;(14, (191, 91, 282, 7))
2018-03-22 20:35:02.179247;(11, (206, 58, 264, 3))
2018-03-22 20:35:02.240826;(16, (221, 43, 264, 0))
2018-03-22 20:35:02.241532;(24, (61, 31, 93, 1))
2018-03-22 20:35:02.306502;(25, (79, 62, 142, 6))
2018-03-22 20:35:02.340919;(21, (211, 24, 235, 2))
2018-03-22 20:35:02.359083;(8, (227, 32, 259, 2))
2018-03-22 20:35:02.398404;(17, (176, 103, 280, 13))
2018-03-22 20:35:02.422253;(9, (171, 128, 300, 23))
2018-03-22 20:35:02.445859;(3, (229, 3, 232, 0))
2018-03-22 20:35:02.514362;(6, (234, 0, 234, 0))
2018-03-22 20:35:02.529391;(13, (176, 146, 323, 16))
2018-03-22 20:35:02.541713;(22, (219, 41, 260, 0))
2018-03-22 20:35:02.597384;(18, (140, 103, 244, 7))
2018-03-22 20:35:02.615161;(4, (136, 105, 242, 12))
2018-03-22 20:36:01.721565;(15, (233, 62, 295, 2))
2018-03-22 20:36:01.738743;(19, (239, 90, 329, 1))
2018-03-22 20:36:01.827268;(23, (232, 17, 249, 0))
2018-03-22 20:36:01.837989;(20, (237, 9, 246, 0))
2018-03-22 20:36:01.860571;(1, (0, 0, 0, 0))
2018-03-22 20:36:01.898098;(12, (224, 115, 340, 5))
2018-03-22 20:36:01.990538;(10, (236, 74, 310, 2))
2018-03-22 20:36:02.026744;(2, (254, 28, 282, 0))
2018-03-22 20:36:02.077091;(5, (193, 129, 322, 12))
2018-03-22 20:36:02.101301;(26, (192, 95, 287, 11))
2018-03-22 20:36:02.168439;(14, (211, 97, 308, 7))
2018-03-22 20:36:02.191829;(11, (226, 62, 288, 3))
2018-03-22 20:36:02.254806;(24, (80, 41, 121, 2))
2018-03-22 20:36:02.257958;(16, (241, 45, 286, 0))
2018-03-22 20:36:02.277822;(7, (242, 24, 266, 2))
2018-03-22 20:36:02.320620;(25, (99, 71, 170, 7))
2018-03-22 20:36:02.354504;(21, (231, 29, 260, 2))
2018-03-22 20:36:02.372972;(8, (247, 32, 279, 2))
2018-03-22 20:36:02.413323;(17, (197, 108, 305, 13))
2018-03-22 20:36:02.437457;(9, (192, 134, 326, 23))
2018-03-22 20:36:02.460649;(3, (249, 3, 252, 0))
2018-03-22 20:36:02.529379;(6, (254, 0, 254, 0))
2018-03-22 20:36:02.544003;(13, (187, 156, 343, 18))
2018-03-22 20:36:02.556933;(22, (239, 44, 283, 0))
2018-03-22 20:36:02.609995;(18, (159, 116, 275, 8))
2018-03-22 20:36:02.626261;(4, (147, 116, 263, 14))
2018-03-22 20:37:01.735058;(15, (250, 69, 319, 3))
2018-03-22 20:37:01.752144;(19, (259, 105, 364, 1))
2018-03-22 20:37:01.838033;(23, (249, 22, 271, 1))
2018-03-22 20:37:01.852737;(20, (257, 9, 266, 0))
2018-03-22 20:37:01.873030;(1, (0, 0, 0, 0))
2018-03-22 20:37:01.913352;(12, (243, 126, 370, 6))
2018-03-22 20:37:02.005017;(10, (256, 77, 333, 2))
2018-03-22 20:37:02.044378;(2, (274, 31, 305, 0))
2018-03-22 20:37:02.091132;(5, (209, 137, 346, 13))
2018-03-22 20:37:02.117583;(26, (209, 99, 308, 12))
2018-03-22 20:37:02.182301;(14, (231, 101, 332, 7))
2018-03-22 20:37:02.206714;(11, (246, 66, 312, 3))
2018-03-22 20:37:02.268337;(24, (99, 47, 146, 2))
2018-03-22 20:37:02.272026;(16, (261, 49, 310, 0))
2018-03-22 20:37:02.292064;(7, (262, 26, 288, 2))
2018-03-22 20:37:02.336126;(25, (119, 75, 195, 7))
2018-03-22 20:37:02.369247;(21, (251, 34, 285, 2))
2018-03-22 20:37:02.388146;(8, (267, 36, 303, 2))
2018-03-22 20:37:02.428133;(17, (215, 114, 329, 14))
2018-03-22 20:37:02.451556;(9, (204, 140, 345, 23))
2018-03-22 20:37:02.474677;(3, (269, 3, 272, 0))
2018-03-22 20:37:02.545281;(6, (274, 0, 274, 0))
2018-03-22 20:37:02.562126;(13, (207, 164, 372, 18))
2018-03-22 20:37:02.572144;(22, (259, 46, 305, 0))
2018-03-22 20:37:02.625832;(18, (176, 125, 302, 9))
2018-03-22 20:37:02.642160;(4, (167, 121, 288, 14))
2018-03-22 20:38:01.748580;(15, (270, 79, 349, 3))
2018-03-22 20:38:01.765628;(19, (279, 118, 397, 1))
2018-03-22 20:38:01.849835;(23, (269, 23, 292, 1))
2018-03-22 20:38:01.868109;(20, (277, 9, 286, 0))
2018-03-22 20:38:01.887519;(1, (0, 0, 0, 0))
2018-03-22 20:38:01.927785;(12, (255, 141, 397, 8))
2018-03-22 20:38:02.020199;(10, (276, 84, 360, 2))
2018-03-22 20:38:02.060223;(2, (294, 32, 326, 0))
2018-03-22 20:38:02.107529;(5, (229, 149, 378, 13))
2018-03-22 20:38:02.134900;(26, (223, 106, 329, 13))
2018-03-22 20:38:02.195265;(14, (245, 114, 360, 8))
2018-03-22 20:38:02.220210;(11, (266, 71, 337, 3))
2018-03-22 20:38:02.282887;(24, (105, 55, 161, 3))
2018-03-22 20:38:02.285820;(16, (281, 55, 336, 0))
2018-03-22 20:38:02.306514;(7, (282, 26, 308, 2))
2018-03-22 20:38:02.349299;(25, (128, 85, 213, 9))
2018-03-22 20:38:02.383782;(21, (268, 40, 309, 2))
2018-03-22 20:38:02.405529;(8, (287, 44, 331, 2))
2018-03-22 20:38:02.440633;(17, (225, 124, 349, 16))
2018-03-22 20:38:02.464544;(9, (214, 151, 365, 26))
2018-03-22 20:38:02.487331;(3, (289, 3, 292, 0))
2018-03-22 20:38:02.560752;(6, (294, 1, 295, 0))
2018-03-22 20:38:02.576009;(13, (215, 176, 392, 20))
2018-03-22 20:38:02.588886;(22, (279, 51, 330, 0))
2018-03-22 20:38:02.640724;(18, (197, 133, 330, 9))
2018-03-22 20:38:02.656816;(4, (182, 135, 318, 16))
2018-03-22 20:39:01.762164;(15, (285, 86, 372, 4))
2018-03-22 20:39:01.778390;(19, (294, 130, 425, 2))
2018-03-22 20:39:01.862640;(23, (289, 24, 313, 1))
2018-03-22 20:39:01.883516;(20, (297, 11, 308, 0))
2018-03-22 20:39:01.900394;(1, (0, 0, 0, 0))
2018-03-22 20:39:01.942130;(12, (270, 155, 425, 10))
2018-03-22 20:39:02.034939;(10, (296, 88, 384, 2))
2018-03-22 20:39:02.076040;(2, (314, 32, 346, 0))
2018-03-22 20:39:02.120955;(5, (246, 161, 407, 14))
2018-03-22 20:39:02.148487;(26, (237, 115, 353, 14))
2018-03-22 20:39:02.208620;(14, (266, 125, 392, 8))
2018-03-22 20:39:02.234264;(11, (286, 75, 361, 3))
2018-03-22 20:39:02.296091;(24, (119, 65, 185, 4))
2018-03-22 20:39:02.297568;(16, (301, 60, 361, 0))
2018-03-22 20:39:02.320327;(7, (302, 27, 329, 2))
2018-03-22 20:39:02.362275;(25, (134, 92, 227, 10))
2018-03-22 20:39:02.397536;(21, (291, 44, 335, 2))
2018-03-22 20:39:02.422504;(8, (307, 47, 354, 2))
2018-03-22 20:39:02.453620;(17, (237, 133, 371, 18))
2018-03-22 20:39:02.479862;(9, (233, 157, 391, 26))
2018-03-22 20:39:02.501300;(3, (309, 3, 312, 0))
2018-03-22 20:39:02.576495;(6, (314, 1, 315, 0))
2018-03-22 20:39:02.589600;(13, (225, 189, 415, 23))
2018-03-22 20:39:02.604348;(22, (299, 55, 354, 0))
2018-03-22 20:39:02.654167;(18, (213, 148, 361, 11))
2018-03-22 20:39:02.669250;(4, (194, 147, 342, 17))
2018-03-22 20:40:01.775934;(15, (303, 97, 400, 5))
2018-03-22 20:40:01.790417;(19, (315, 143, 458, 3))
2018-03-22 20:40:01.876385;(23, (308, 26, 335, 1))
2018-03-22 20:40:01.898606;(20, (317, 13, 330, 0))
2018-03-22 20:40:01.912903;(1, (0, 0, 0, 0))
2018-03-22 20:40:01.955291;(12, (285, 165, 451, 11))
2018-03-22 20:40:02.048857;(10, (316, 97, 413, 2))
2018-03-22 20:40:02.089480;(2, (334, 32, 366, 0))
2018-03-22 20:40:02.134748;(5, (266, 174, 440, 14))
2018-03-22 20:40:02.163406;(26, (257, 127, 385, 14))
2018-03-22 20:40:02.221340;(14, (279, 139, 419, 9))
2018-03-22 20:40:02.247599;(11, (306, 82, 388, 3))
2018-03-22 20:40:02.309428;(24, (136, 75, 212, 6))
2018-03-22 20:40:02.311628;(16, (321, 66, 388, 0))
2018-03-22 20:40:02.334393;(7, (322, 28, 350, 2))
2018-03-22 20:40:02.376927;(25, (157, 102, 259, 11))
2018-03-22 20:40:02.414212;(21, (309, 49, 358, 3))
2018-03-22 20:40:02.438843;(8, (327, 49, 376, 2))
2018-03-22 20:40:02.469748;(17, (258, 144, 403, 18))
2018-03-22 20:40:02.495322;(9, (253, 166, 419, 26))
2018-03-22 20:40:02.516157;(3, (329, 3, 332, 0))
2018-03-22 20:40:02.606266;(13, (235, 202, 438, 25))
2018-03-22 20:40:02.618765;(22, (319, 55, 374, 0))
2018-03-22 20:40:02.666454;(18, (228, 164, 392, 13))
2018-03-22 20:40:02.681162;(4, (212, 157, 369, 19))
2018-03-22 20:41:01.789490;(15, (324, 98, 422, 5))
2018-03-22 20:41:01.803257;(19, (334, 149, 484, 3))
2018-03-22 20:41:01.895115;(23, (329, 29, 358, 1))
2018-03-22 20:41:01.914467;(20, (337, 13, 350, 0))
2018-03-22 20:41:01.925103;(1, (0, 0, 0, 0))
2018-03-22 20:41:01.968868;(12, (305, 173, 479, 11))
2018-03-22 20:41:02.063608;(10, (336, 100, 436, 2))
2018-03-22 20:41:02.102929;(2, (354, 33, 387, 0))
2018-03-22 20:41:02.148600;(5, (280, 188, 469, 15))
2018-03-22 20:41:02.177833;(26, (280, 128, 408, 14))
2018-03-22 20:41:02.233439;(14, (297, 154, 452, 10))
2018-03-22 20:41:02.261279;(11, (326, 86, 412, 3))
2018-03-22 20:41:02.320685;(24, (156, 83, 240, 7))
2018-03-22 20:41:02.325807;(16, (342, 68, 410, 0))
2018-03-22 20:41:02.347999;(7, (342, 30, 372, 2))
2018-03-22 20:41:02.389681;(25, (175, 107, 283, 11))
2018-03-22 20:41:02.430733;(21, (329, 50, 379, 3))
2018-03-22 20:41:02.453612;(8, (347, 51, 398, 2))
2018-03-22 20:41:02.484275;(17, (277, 157, 435, 19))
2018-03-22 20:41:02.510475;(9, (268, 174, 443, 27))
2018-03-22 20:41:02.530885;(3, (349, 3, 352, 0))
2018-03-22 20:41:02.606805;(6, (355, 2, 357, 0))
2018-03-22 20:41:02.621189;(13, (256, 208, 465, 25))
2018-03-22 20:41:02.633883;(22, (339, 55, 394, 0))
2018-03-22 20:41:02.677851;(18, (248, 171, 419, 13))
2018-03-22 20:41:02.692933;(4, (231, 161, 393, 19))
