2018-04-05 19:29:34.934583;(15, (0, 0, 0, 0))
2018-04-05 19:29:35.019552;(18, (0, 0, 0, 0))
2018-04-05 19:29:35.021298;(1, (0, 0, 0, 0))
2018-04-05 19:29:35.054195;(19, (0, 0, 0, 0))
2018-04-05 19:29:35.078125;(6, (26, 0, 26, 0))
2018-04-05 19:29:35.101347;(3, (22, 0, 22, 0))
2018-04-05 19:29:35.159898;(12, (11, 2, 13, 0))
2018-04-05 19:29:35.164363;(10, (6, 0, 7, 0))
2018-04-05 19:29:35.282729;(8, (34, 0, 34, 0))
2018-04-05 19:29:35.300568;(9, (10, 0, 10, 0))
2018-04-05 19:29:35.311385;(5, (25, 0, 25, 0))
2018-04-05 19:29:35.397205;(14, (6, 1, 7, 0))
2018-04-05 19:29:35.493414;(7, (0, 0, 0, 0))
2018-04-05 19:29:35.513223;(21, (0, 0, 0, 0))
2018-04-05 19:29:35.522636;(23, (0, 0, 0, 0))
2018-04-05 19:29:35.545285;(11, (21, 1, 23, 0))
2018-04-05 19:29:35.599087;(4, (8, 0, 8, 0))
2018-04-05 19:29:35.684185;(13, (18, 0, 18, 0))
2018-04-05 19:29:35.722812;(22, (0, 0, 0, 0))
2018-04-05 19:29:35.731955;(17, (0, 0, 0, 0))
2018-04-05 19:29:35.758831;(16, (0, 0, 0, 0))
2018-04-05 19:29:35.813447;(20, (0, 0, 0, 0))
2018-04-05 19:30:04.941302;(15, (29, 3, 33, 0))
2018-04-05 19:30:05.030136;(18, (13, 3, 17, 0))
2018-04-05 19:30:05.031282;(1, (0, 0, 0, 0))
2018-04-05 19:30:05.058431;(19, (12, 3, 16, 0))
2018-04-05 19:30:05.087085;(6, (71, 5, 76, 0))
2018-04-05 19:30:05.107127;(3, (61, 5, 67, 0))
2018-04-05 19:30:05.164103;(12, (23, 11, 35, 0))
2018-04-05 19:30:05.171023;(10, (37, 7, 45, 0))
2018-04-05 19:30:05.290579;(8, (63, 6, 69, 0))
2018-04-05 19:30:05.307963;(9, (50, 4, 54, 0))
2018-04-05 19:30:05.322055;(5, (79, 3, 82, 0))
2018-04-05 19:30:05.402293;(14, (25, 6, 32, 1))
2018-04-05 19:30:05.499114;(7, (25, 3, 29, 0))
2018-04-05 19:30:05.520485;(21, (18, 0, 18, 0))
2018-04-05 19:30:05.526603;(23, (0, 0, 0, 0))
2018-04-05 19:30:05.549992;(11, (53, 9, 63, 0))
2018-04-05 19:30:05.606624;(4, (49, 4, 53, 0))
2018-04-05 19:30:05.693077;(13, (68, 5, 73, 0))
2018-04-05 19:30:05.727165;(22, (13, 3, 17, 0))
2018-04-05 19:30:05.735602;(17, (3, 3, 7, 0))
2018-04-05 19:30:05.765216;(16, (8, 5, 14, 0))
2018-04-05 19:30:05.820606;(20, (51, 2, 53, 0))
2018-04-05 19:30:34.951558;(15, (86, 11, 98, 0))
2018-04-05 19:30:35.038504;(18, (45, 12, 58, 0))
2018-04-05 19:30:35.041341;(1, (0, 0, 0, 0))
2018-04-05 19:30:35.063096;(19, (30, 11, 41, 1))
2018-04-05 19:30:35.100177;(6, (129, 7, 137, 0))
2018-04-05 19:30:35.111057;(3, (74, 16, 91, 0))
2018-04-05 19:30:35.168466;(12, (28, 20, 49, 1))
2018-04-05 19:30:35.177611;(10, (85, 13, 99, 0))
2018-04-05 19:30:35.293317;(8, (63, 13, 77, 1))
2018-04-05 19:30:35.312059;(9, (66, 12, 79, 1))
2018-04-05 19:30:35.329342;(5, (139, 3, 142, 0))
2018-04-05 19:30:35.406500;(14, (39, 12, 52, 1))
2018-04-05 19:30:35.507577;(7, (45, 11, 56, 1))
2018-04-05 19:30:35.530248;(21, (78, 3, 81, 0))
2018-04-05 19:30:35.530927;(23, (0, 0, 0, 0))
2018-04-05 19:30:35.557809;(11, (67, 18, 86, 1))
2018-04-05 19:30:35.612343;(4, (92, 16, 109, 0))
2018-04-05 19:30:35.702490;(13, (124, 23, 148, 0))
2018-04-05 19:30:35.734070;(22, (60, 13, 74, 0))
2018-04-05 19:30:35.740067;(17, (8, 10, 19, 2))
2018-04-05 19:30:35.770251;(16, (24, 14, 39, 1))
2018-04-05 19:30:35.826205;(20, (82, 19, 102, 2))
2018-04-05 19:31:05.047933;(1, (0, 0, 0, 0))
2018-04-05 19:31:05.539914;(23, (0, 0, 0, 0))
2018-04-05 19:31:05.563385;(11, (86, 29, 116, 1))
2018-04-05 19:31:05.959378;(15, (147, 19, 166, 0))
2018-04-05 19:31:06.047577;(18, (99, 21, 120, 1))
2018-04-05 19:31:06.067441;(19, (37, 20, 58, 2))
2018-04-05 19:31:06.109713;(6, (190, 14, 204, 0))
2018-04-05 19:31:06.173771;(12, (56, 32, 89, 1))
2018-04-05 19:31:06.185883;(10, (131, 28, 159, 2))
2018-04-05 19:31:06.300241;(8, (99, 24, 124, 2))
2018-04-05 19:31:06.315457;(9, (66, 20, 87, 3))
2018-04-05 19:31:06.341330;(5, (199, 8, 207, 0))
2018-04-05 19:31:06.412068;(14, (58, 24, 83, 2))
2018-04-05 19:31:06.511476;(7, (51, 18, 70, 2))
2018-04-05 19:31:06.615719;(4, (92, 27, 120, 2))
2018-04-05 19:31:06.707103;(13, (124, 45, 170, 5))
2018-04-05 19:31:06.739787;(22, (91, 26, 118, 1))
2018-04-05 19:31:06.745687;(17, (8, 20, 29, 5))
2018-04-05 19:31:06.778370;(16, (71, 23, 94, 2))
2018-04-05 19:31:06.831615;(20, (100, 33, 134, 2))
2018-04-05 19:31:35.055514;(1, (0, 0, 0, 0))
2018-04-05 19:31:35.967906;(15, (208, 27, 235, 0))
2018-04-05 19:31:36.053970;(18, (145, 30, 176, 1))
2018-04-05 19:31:36.073240;(19, (44, 28, 73, 3))
2018-04-05 19:31:36.115284;(6, (222, 19, 242, 0))
2018-04-05 19:31:36.125832;(3, (122, 46, 169, 2))
2018-04-05 19:31:36.180370;(12, (73, 41, 115, 1))
2018-04-05 19:31:36.198658;(10, (179, 35, 214, 2))
2018-04-05 19:31:36.308598;(8, (138, 32, 171, 2))
2018-04-05 19:31:36.321747;(9, (66, 29, 96, 6))
2018-04-05 19:31:36.354801;(5, (259, 11, 270, 0))
2018-04-05 19:31:36.419029;(14, (78, 33, 112, 3))
2018-04-05 19:31:36.518454;(7, (89, 29, 119, 2))
2018-04-05 19:31:36.546703;(21, (198, 11, 210, 0))
2018-04-05 19:31:36.547780;(23, (0, 0, 0, 0))
2018-04-05 19:31:36.568072;(11, (94, 34, 129, 2))
2018-04-05 19:31:36.622030;(4, (92, 39, 132, 5))
2018-04-05 19:31:36.711502;(13, (124, 60, 185, 9))
2018-04-05 19:31:36.747221;(22, (137, 35, 172, 1))
2018-04-05 19:31:36.750656;(17, (33, 28, 62, 6))
2018-04-05 19:31:36.784247;(16, (104, 30, 135, 2))
2018-04-05 19:31:36.838050;(20, (144, 48, 193, 2))
2018-04-05 19:32:05.065669;(1, (0, 0, 0, 0))
2018-04-05 19:32:05.976374;(15, (268, 32, 300, 0))
2018-04-05 19:32:06.062847;(18, (204, 36, 241, 1))
2018-04-05 19:32:06.078668;(19, (65, 37, 102, 5))
2018-04-05 19:32:06.122954;(6, (273, 25, 298, 1))
2018-04-05 19:32:06.133367;(3, (141, 54, 196, 3))
2018-04-05 19:32:06.186864;(12, (83, 51, 135, 1))
2018-04-05 19:32:06.210390;(10, (237, 50, 287, 2))
2018-04-05 19:32:06.315372;(8, (152, 42, 195, 2))
2018-04-05 19:32:06.326516;(9, (66, 41, 108, 9))
2018-04-05 19:32:06.367213;(5, (320, 13, 333, 0))
2018-04-05 19:32:06.425334;(14, (110, 41, 152, 3))
2018-04-05 19:32:06.522667;(7, (98, 42, 140, 4))
2018-04-05 19:32:06.554158;(21, (259, 20, 279, 0))
2018-04-05 19:32:06.555059;(23, (0, 0, 0, 0))
2018-04-05 19:32:06.573738;(11, (119, 45, 165, 2))
2018-04-05 19:32:06.626761;(4, (92, 52, 145, 9))
2018-04-05 19:32:06.716385;(13, (124, 73, 198, 12))
2018-04-05 19:32:06.753184;(22, (160, 44, 205, 2))
2018-04-05 19:32:06.753985;(17, (33, 36, 70, 8))
2018-04-05 19:32:06.789285;(16, (132, 39, 172, 2))
2018-04-05 19:32:06.845246;(20, (168, 58, 227, 3))
2018-04-05 19:32:35.985050;(15, (329, 34, 363, 0))
2018-04-05 19:32:36.070119;(18, (250, 45, 295, 1))
2018-04-05 19:32:36.070248;(1, (0, 0, 0, 0))
2018-04-05 19:32:36.139415;(3, (177, 63, 241, 3))
2018-04-05 19:32:36.189869;(12, (84, 55, 140, 1))
2018-04-05 19:32:36.220462;(10, (298, 53, 351, 2))
2018-04-05 19:32:36.323890;(8, (179, 52, 232, 2))
2018-04-05 19:32:36.330292;(9, (66, 52, 119, 11))
2018-04-05 19:32:36.375214;(5, (380, 15, 395, 0))
2018-04-05 19:32:36.430727;(14, (146, 51, 198, 3))
2018-04-05 19:32:36.526206;(7, (105, 49, 155, 4))
2018-04-05 19:32:36.563325;(21, (320, 20, 340, 0))
2018-04-05 19:32:36.565127;(23, (0, 0, 0, 0))
2018-04-05 19:32:36.575805;(11, (121, 49, 171, 3))
2018-04-05 19:32:36.631224;(4, (92, 64, 157, 12))
2018-04-05 19:32:36.719215;(13, (124, 84, 209, 15))
2018-04-05 19:32:36.761836;(22, (180, 57, 238, 2))
2018-04-05 19:32:36.762443;(17, (33, 42, 76, 9))
2018-04-05 19:32:36.794747;(16, (162, 46, 209, 2))
2018-04-05 19:32:36.852271;(20, (197, 67, 264, 3))
2018-04-05 19:33:06.077096;(18, (285, 53, 338, 1))
2018-04-05 19:33:06.077711;(1, (0, 0, 0, 0))
2018-04-05 19:33:06.140964;(6, (388, 38, 426, 1))
2018-04-05 19:33:06.196700;(12, (103, 61, 165, 2))
2018-04-05 19:33:06.227979;(10, (358, 57, 415, 2))
2018-04-05 19:33:06.331648;(8, (201, 61, 263, 2))
2018-04-05 19:33:06.334209;(9, (66, 64, 131, 14))
2018-04-05 19:33:06.385745;(5, (440, 18, 458, 0))
2018-04-05 19:33:06.438536;(14, (181, 58, 239, 3))
2018-04-05 19:33:06.533629;(7, (112, 53, 166, 4))
2018-04-05 19:33:06.573770;(21, (380, 22, 402, 0))
2018-04-05 19:33:06.574156;(23, (0, 0, 0, 0))
2018-04-05 19:33:06.581875;(11, (152, 59, 212, 3))
2018-04-05 19:33:06.771270;(22, (235, 67, 302, 2))
2018-04-05 19:33:06.772470;(17, (33, 47, 81, 11))
2018-04-05 19:33:06.859037;(20, (221, 72, 293, 3))
2018-04-05 19:33:06.995456;(15, (389, 35, 424, 0))
2018-04-05 19:33:07.095726;(19, (91, 48, 140, 5))
2018-04-05 19:33:07.150323;(3, (203, 72, 276, 3))
2018-04-05 19:33:07.722850;(13, (124, 97, 222, 18))
2018-04-05 19:33:36.081704;(1, (0, 0, 0, 0))
2018-04-05 19:33:36.236539;(10, (419, 60, 479, 2))
2018-04-05 19:33:36.575869;(23, (0, 0, 0, 0))
2018-04-05 19:33:36.581771;(21, (440, 23, 464, 0))
2018-04-05 19:33:37.007036;(15, (450, 36, 486, 0))
2018-04-05 19:33:37.086811;(18, (340, 62, 403, 1))
2018-04-05 19:33:37.101530;(19, (98, 54, 153, 6))
2018-04-05 19:33:37.150126;(6, (447, 44, 491, 1))
2018-04-05 19:33:37.155183;(3, (223, 82, 306, 3))
2018-04-05 19:33:37.202680;(12, (125, 68, 194, 2))
2018-04-05 19:33:37.336023;(8, (219, 72, 292, 3))
2018-04-05 19:33:37.337820;(9, (66, 76, 143, 17))
2018-04-05 19:33:37.394810;(5, (501, 20, 521, 0))
2018-04-05 19:33:37.447255;(14, (223, 67, 291, 3))
2018-04-05 19:33:37.537461;(7, (112, 55, 168, 5))
2018-04-05 19:33:37.639855;(4, (92, 88, 181, 18))
2018-04-05 19:33:37.726736;(13, (124, 110, 235, 22))
2018-04-05 19:33:37.781814;(22, (290, 72, 362, 2))
2018-04-05 19:33:37.782866;(17, (33, 59, 93, 14))
2018-04-05 19:33:37.804856;(16, (209, 69, 279, 4))
2018-04-05 19:33:37.862241;(20, (226, 76, 303, 3))
2018-04-05 19:34:06.083679;(1, (0, 0, 0, 0))
2018-04-05 19:34:07.016209;(15, (510, 42, 552, 0))
2018-04-05 19:34:07.093536;(18, (391, 78, 470, 1))
2018-04-05 19:34:07.104247;(19, (98, 61, 160, 8))
2018-04-05 19:34:07.156791;(6, (493, 56, 549, 1))
2018-04-05 19:34:07.158965;(3, (232, 92, 325, 5))
2018-04-05 19:34:07.206838;(12, (125, 73, 199, 3))
2018-04-05 19:34:07.244882;(10, (479, 63, 542, 2))
2018-04-05 19:34:07.343156;(9, (66, 88, 155, 20))
2018-04-05 19:34:07.343885;(8, (223, 79, 303, 4))
2018-04-05 19:34:07.453559;(14, (266, 75, 342, 3))
2018-04-05 19:34:07.542507;(7, (135, 62, 198, 5))
2018-04-05 19:34:07.578768;(23, (0, 0, 0, 0))
2018-04-05 19:34:07.590566;(21, (501, 23, 524, 0))
2018-04-05 19:34:07.591556;(11, (181, 75, 257, 5))
2018-04-05 19:34:07.646629;(4, (92, 101, 194, 21))
2018-04-05 19:34:07.789589;(22, (350, 76, 426, 2))
2018-04-05 19:34:07.790573;(17, (33, 71, 105, 17))
2018-04-05 19:34:07.810144;(16, (229, 78, 308, 5))
2018-04-05 19:34:07.868789;(20, (240, 83, 324, 4))
2018-04-05 19:34:36.087910;(1, (0, 0, 0, 0))
2018-04-05 19:34:37.024622;(15, (569, 50, 620, 0))
2018-04-05 19:34:37.098430;(18, (424, 85, 510, 2))
2018-04-05 19:34:37.109280;(19, (111, 71, 183, 10))
2018-04-05 19:34:37.163362;(6, (534, 63, 598, 1))
2018-04-05 19:34:37.164486;(3, (255, 100, 356, 6))
2018-04-05 19:34:37.209825;(12, (132, 82, 215, 3))
2018-04-05 19:34:37.252831;(10, (539, 67, 606, 2))
2018-04-05 19:34:37.347807;(9, (66, 100, 167, 23))
2018-04-05 19:34:37.350473;(8, (228, 86, 315, 5))
2018-04-05 19:34:37.416425;(5, (622, 20, 642, 0))
2018-04-05 19:34:37.459539;(14, (297, 88, 385, 3))
2018-04-05 19:34:37.545935;(7, (135, 69, 205, 6))
2018-04-05 19:34:37.582917;(23, (0, 0, 0, 0))
2018-04-05 19:34:37.598836;(21, (561, 24, 585, 0))
2018-04-05 19:34:37.600935;(11, (196, 82, 279, 5))
2018-04-05 19:34:37.651418;(4, (92, 113, 206, 24))
2018-04-05 19:34:37.733698;(13, (124, 134, 259, 28))
2018-04-05 19:34:37.799567;(17, (33, 83, 117, 20))
2018-04-05 19:34:37.800679;(22, (409, 81, 491, 2))
2018-04-05 19:34:37.813289;(16, (229, 83, 313, 6))
2018-04-05 19:34:37.875034;(20, (258, 93, 352, 6))
2018-04-05 19:35:06.091124;(1, (0, 0, 0, 0))
2018-04-05 19:35:07.033750;(15, (630, 50, 680, 0))
2018-04-05 19:35:07.105526;(18, (426, 96, 523, 4))
2018-04-05 19:35:07.112643;(19, (120, 81, 202, 10))
2018-04-05 19:35:07.170355;(6, (578, 75, 654, 1))
2018-04-05 19:35:07.173558;(3, (299, 106, 406, 6))
2018-04-05 19:35:07.215995;(12, (140, 86, 227, 4))
2018-04-05 19:35:07.264815;(10, (600, 69, 669, 2))
2018-04-05 19:35:07.353362;(8, (228, 89, 318, 5))
2018-04-05 19:35:07.354478;(9, (66, 112, 179, 26))
2018-04-05 19:35:07.425961;(5, (682, 20, 702, 0))
2018-04-05 19:35:07.463430;(14, (318, 98, 417, 3))
2018-04-05 19:35:07.553088;(7, (163, 79, 242, 7))
2018-04-05 19:35:07.586661;(23, (0, 0, 0, 0))
2018-04-05 19:35:07.607019;(21, (622, 25, 647, 0))
2018-04-05 19:35:07.607505;(11, (198, 87, 286, 6))
2018-04-05 19:35:07.655349;(4, (92, 125, 218, 27))
2018-04-05 19:35:07.737418;(13, (124, 146, 271, 31))
2018-04-05 19:35:07.803753;(17, (33, 95, 129, 23))
2018-04-05 19:35:07.810270;(22, (468, 90, 558, 2))
2018-04-05 19:35:07.819194;(16, (243, 85, 329, 7))
2018-04-05 19:35:07.881852;(20, (289, 102, 392, 6))
2018-04-05 19:35:36.095630;(1, (0, 0, 0, 0))
2018-04-05 19:35:37.110277;(18, (441, 104, 546, 5))
2018-04-05 19:35:37.174573;(6, (578, 86, 665, 4))
2018-04-05 19:35:37.276576;(10, (660, 71, 731, 2))
2018-04-05 19:35:37.361811;(9, (66, 124, 191, 29))
2018-04-05 19:35:37.440167;(5, (742, 22, 765, 0))
2018-04-05 19:35:37.469248;(14, (347, 110, 458, 3))
2018-04-05 19:35:37.560471;(7, (195, 86, 282, 7))
2018-04-05 19:35:37.589990;(23, (0, 0, 0, 0))
2018-04-05 19:35:37.613318;(21, (682, 25, 707, 0))
2018-04-05 19:35:37.613966;(11, (206, 93, 300, 7))
2018-04-05 19:35:37.809521;(17, (33, 107, 141, 26))
2018-04-05 19:35:37.818749;(22, (519, 106, 625, 2))
2018-04-05 19:35:37.826329;(16, (264, 95, 360, 7))
2018-04-05 19:35:37.888604;(20, (325, 113, 439, 6))
2018-04-05 19:35:38.041765;(15, (690, 50, 740, 0))
2018-04-05 19:35:38.121435;(19, (170, 89, 260, 10))
2018-04-05 19:35:38.182714;(3, (349, 113, 463, 6))
2018-04-05 19:35:38.225183;(12, (156, 98, 255, 4))
2018-04-05 19:35:38.362139;(8, (260, 98, 359, 6))
2018-04-05 19:35:38.660680;(4, (92, 137, 230, 30))
2018-04-05 19:35:38.741373;(13, (124, 157, 282, 33))
2018-04-05 19:36:06.098292;(1, (0, 0, 0, 0))
2018-04-05 19:36:07.591820;(23, (0, 0, 0, 0))
2018-04-05 19:36:07.621843;(21, (742, 25, 767, 0))
2018-04-05 19:36:07.622567;(11, (214, 104, 319, 9))
2018-04-05 19:36:08.050618;(15, (751, 52, 803, 0))
2018-04-05 19:36:08.114844;(18, (444, 115, 560, 8))
2018-04-05 19:36:08.124075;(19, (178, 100, 279, 11))
2018-04-05 19:36:08.177143;(6, (578, 98, 677, 7))
2018-04-05 19:36:08.189525;(3, (386, 123, 510, 6))
2018-04-05 19:36:08.228281;(12, (157, 110, 268, 7))
2018-04-05 19:36:08.364174;(9, (66, 137, 204, 33))
2018-04-05 19:36:08.369544;(8, (278, 106, 385, 6))
2018-04-05 19:36:08.449556;(5, (803, 22, 825, 0))
2018-04-05 19:36:08.471938;(14, (347, 118, 466, 5))
2018-04-05 19:36:08.564022;(7, (213, 95, 309, 7))
2018-04-05 19:36:08.666355;(4, (92, 150, 243, 33))
2018-04-05 19:36:08.745496;(13, (124, 169, 294, 36))
2018-04-05 19:36:08.813849;(17, (33, 119, 153, 29))
2018-04-05 19:36:08.827102;(22, (575, 115, 691, 2))
2018-04-05 19:36:08.829905;(16, (270, 107, 378, 9))
2018-04-05 19:36:08.894079;(20, (336, 121, 458, 6))
2018-04-05 19:36:37.103257;(1, (0, 0, 0, 0))
2018-04-05 19:36:37.600231;(23, (0, 0, 0, 0))
2018-04-05 19:36:37.633872;(21, (803, 25, 828, 0))
2018-04-05 19:36:37.634790;(11, (214, 115, 330, 12))
2018-04-05 19:36:38.063482;(15, (811, 52, 863, 0))
2018-04-05 19:36:38.121665;(18, (444, 127, 572, 11))
2018-04-05 19:36:38.134768;(19, (213, 109, 322, 12))
2018-04-05 19:36:38.183016;(6, (578, 110, 689, 10))
2018-04-05 19:36:38.233785;(12, (166, 120, 287, 9))
2018-04-05 19:36:38.297128;(10, (781, 74, 855, 2))
2018-04-05 19:36:38.368195;(9, (66, 148, 215, 35))
2018-04-05 19:36:38.378017;(8, (282, 111, 394, 7))
2018-04-05 19:36:38.481524;(14, (347, 130, 478, 8))
2018-04-05 19:36:38.577242;(7, (213, 99, 313, 8))
2018-04-05 19:36:38.676937;(4, (92, 162, 255, 36))
2018-04-05 19:36:38.753749;(13, (124, 180, 305, 39))
2018-04-05 19:36:38.819877;(17, (33, 132, 166, 32))
2018-04-05 19:36:38.838211;(22, (623, 125, 748, 2))
2018-04-05 19:36:38.840041;(16, (271, 118, 390, 11))
2018-04-05 19:36:38.901630;(20, (352, 129, 482, 7))
2018-04-05 19:37:07.108418;(1, (0, 0, 0, 0))
2018-04-05 19:37:08.128063;(18, (449, 139, 589, 14))
2018-04-05 19:37:08.145399;(19, (238, 116, 355, 13))
2018-04-05 19:37:08.189893;(6, (578, 122, 701, 13))
2018-04-05 19:37:08.207707;(3, (445, 137, 583, 7))
2018-04-05 19:37:08.239712;(12, (176, 131, 308, 10))
2018-04-05 19:37:08.310547;(10, (840, 77, 918, 2))
2018-04-05 19:37:08.373812;(9, (66, 160, 227, 38))
2018-04-05 19:37:08.389905;(8, (302, 121, 424, 8))
2018-04-05 19:37:08.477784;(5, (924, 22, 946, 0))
2018-04-05 19:37:08.494998;(14, (358, 141, 500, 10))
2018-04-05 19:37:08.585496;(7, (218, 105, 324, 10))
2018-04-05 19:37:08.607723;(23, (0, 0, 0, 0))
2018-04-05 19:37:08.647563;(21, (863, 25, 888, 0))
2018-04-05 19:37:08.683147;(4, (92, 173, 266, 39))
2018-04-05 19:37:08.760056;(13, (124, 192, 317, 42))
2018-04-05 19:37:08.827314;(17, (33, 144, 178, 35))
2018-04-05 19:37:08.849728;(22, (654, 135, 790, 3))
2018-04-05 19:37:08.850906;(16, (273, 130, 404, 14))
2018-04-05 19:37:08.913349;(20, (384, 135, 520, 9))
2018-04-05 19:37:37.114520;(1, (0, 0, 0, 0))
2018-04-05 19:37:38.090250;(15, (932, 54, 986, 0))
2018-04-05 19:37:38.138993;(18, (450, 150, 601, 17))
2018-04-05 19:37:38.159183;(19, (269, 127, 397, 13))
2018-04-05 19:37:38.197351;(6, (578, 134, 713, 16))
2018-04-05 19:37:38.221527;(3, (492, 146, 639, 8))
2018-04-05 19:37:38.247569;(12, (183, 142, 326, 12))
2018-04-05 19:37:38.382933;(9, (66, 172, 239, 41))
2018-04-05 19:37:38.396248;(8, (314, 133, 448, 10))
2018-04-05 19:37:38.491129;(5, (984, 22, 1006, 0))
2018-04-05 19:37:38.506707;(14, (380, 151, 532, 11))
2018-04-05 19:37:38.598260;(7, (246, 114, 361, 10))
2018-04-05 19:37:38.615318;(23, (0, 0, 0, 0))
2018-04-05 19:37:38.662386;(11, (235, 138, 374, 15))
2018-04-05 19:37:38.662752;(21, (923, 25, 949, 0))
2018-04-05 19:37:38.688554;(4, (92, 185, 278, 42))
2018-04-05 19:37:38.766488;(13, (124, 204, 329, 45))
2018-04-05 19:37:38.834805;(17, (33, 156, 190, 38))
2018-04-05 19:37:38.863215;(22, (704, 144, 848, 3))
2018-04-05 19:37:38.863969;(16, (275, 143, 419, 17))
2018-04-05 19:37:38.918148;(20, (390, 140, 531, 9))
2018-04-05 19:38:07.121461;(1, (0, 0, 0, 0))
2018-04-05 19:38:08.337596;(10, (962, 82, 1044, 2))
2018-04-05 19:38:08.393261;(9, (66, 184, 251, 44))
2018-04-05 19:38:08.503868;(5, (1045, 22, 1067, 0))
2018-04-05 19:38:08.515943;(14, (380, 162, 543, 14))
2018-04-05 19:38:08.608526;(7, (269, 119, 388, 11))
2018-04-05 19:38:08.622409;(23, (0, 0, 0, 0))
2018-04-05 19:38:08.667792;(11, (235, 150, 386, 18))
2018-04-05 19:38:08.674650;(21, (984, 25, 1009, 0))
2018-04-05 19:38:08.876319;(22, (755, 148, 903, 3))
2018-04-05 19:38:08.877475;(16, (283, 155, 439, 18))
2018-04-05 19:38:09.102282;(15, (993, 55, 1048, 0))
2018-04-05 19:38:09.145713;(18, (450, 162, 613, 20))
2018-04-05 19:38:09.168378;(19, (304, 132, 436, 14))
2018-04-05 19:38:09.203794;(6, (578, 147, 726, 19))
2018-04-05 19:38:09.235024;(3, (551, 148, 699, 8))
2018-04-05 19:38:09.258012;(12, (192, 154, 347, 14))
2018-04-05 19:38:09.402150;(8, (320, 145, 466, 12))
2018-04-05 19:38:09.699033;(4, (92, 198, 291, 45))
2018-04-05 19:38:09.773779;(13, (124, 217, 342, 48))
2018-04-05 19:38:09.842913;(17, (33, 168, 202, 41))
2018-04-05 19:38:09.928235;(20, (422, 147, 569, 10))
2018-04-05 19:38:37.125467;(1, (0, 0, 0, 0))
2018-04-05 19:38:38.351022;(10, (1022, 83, 1105, 2))
2018-04-05 19:38:38.626456;(23, (0, 0, 0, 0))
2018-04-05 19:38:38.675676;(11, (235, 162, 398, 21))
2018-04-05 19:38:38.686882;(21, (1044, 25, 1069, 0))
2018-04-05 19:38:39.112665;(15, (1053, 55, 1108, 0))
2018-04-05 19:38:39.150346;(18, (450, 174, 625, 23))
2018-04-05 19:38:39.177788;(19, (355, 135, 491, 14))
2018-04-05 19:38:39.209675;(6, (578, 158, 737, 22))
2018-04-05 19:38:39.247207;(3, (611, 150, 761, 8))
2018-04-05 19:38:39.262830;(12, (196, 165, 362, 16))
2018-04-05 19:38:39.400309;(9, (66, 196, 263, 47))
2018-04-05 19:38:39.409964;(8, (324, 157, 482, 15))
2018-04-05 19:38:39.519063;(5, (1105, 22, 1127, 0))
2018-04-05 19:38:39.521124;(14, (380, 174, 555, 17))
2018-04-05 19:38:39.618474;(7, (329, 121, 450, 11))
2018-04-05 19:38:39.705564;(4, (92, 210, 303, 48))
2018-04-05 19:38:39.778898;(13, (124, 229, 354, 51))
2018-04-05 19:38:39.850134;(17, (33, 179, 213, 44))
2018-04-05 19:38:39.888226;(22, (812, 153, 965, 3))
2018-04-05 19:38:39.888664;(16, (285, 167, 453, 20))
2018-04-05 19:38:39.937715;(20, (470, 152, 623, 10))
2018-04-05 19:39:07.130429;(1, (0, 0, 0, 0))
2018-04-05 19:39:08.363118;(10, (1083, 85, 1168, 2))
2018-04-05 19:39:08.633445;(23, (0, 0, 0, 0))
2018-04-05 19:39:08.684062;(11, (236, 173, 410, 23))
2018-04-05 19:39:09.120985;(15, (1114, 55, 1169, 0))
2018-04-05 19:39:09.155393;(18, (450, 185, 636, 25))
2018-04-05 19:39:09.179975;(19, (355, 142, 498, 15))
2018-04-05 19:39:09.213725;(6, (578, 170, 749, 25))
2018-04-05 19:39:09.257717;(3, (669, 152, 821, 8))
2018-04-05 19:39:09.266514;(12, (202, 176, 379, 18))
2018-04-05 19:39:09.403850;(9, (66, 208, 275, 50))
2018-04-05 19:39:09.412102;(8, (324, 168, 493, 17))
2018-04-05 19:39:09.530265;(5, (1165, 22, 1188, 0))
2018-04-05 19:39:09.530702;(14, (387, 186, 574, 19))
2018-04-05 19:39:09.627542;(7, (385, 128, 514, 11))
2018-04-05 19:39:09.710197;(4, (92, 221, 314, 51))
2018-04-05 19:39:09.783902;(13, (124, 241, 366, 54))
2018-04-05 19:39:09.857273;(17, (33, 192, 226, 47))
2018-04-05 19:39:09.893259;(16, (287, 179, 467, 23))
2018-04-05 19:39:09.898629;(22, (872, 163, 1035, 3))
2018-04-05 19:39:09.948149;(20, (516, 161, 678, 10))
2018-04-05 19:39:37.134303;(1, (0, 0, 0, 0))
2018-04-05 19:39:38.643170;(23, (0, 0, 0, 0))
2018-04-05 19:39:38.709676;(21, (1165, 25, 1190, 0))
2018-04-05 19:39:39.131519;(15, (1174, 55, 1229, 0))
2018-04-05 19:39:39.157792;(18, (450, 197, 648, 28))
2018-04-05 19:39:39.184508;(19, (355, 149, 505, 17))
2018-04-05 19:39:39.219104;(6, (578, 182, 761, 28))
2018-04-05 19:39:39.265391;(3, (729, 153, 882, 8))
2018-04-05 19:39:39.270597;(12, (202, 189, 392, 21))
2018-04-05 19:39:39.378259;(10, (1143, 87, 1230, 2))
2018-04-05 19:39:39.406860;(9, (66, 219, 286, 53))
2018-04-05 19:39:39.415028;(8, (324, 181, 506, 21))
2018-04-05 19:39:39.539950;(5, (1226, 22, 1248, 0))
2018-04-05 19:39:39.540894;(14, (387, 198, 586, 22))
2018-04-05 19:39:39.638566;(7, (437, 134, 572, 11))
2018-04-05 19:39:39.687647;(11, (236, 185, 422, 26))
2018-04-05 19:39:39.717762;(4, (92, 233, 326, 54))
2018-04-05 19:39:39.790050;(13, (124, 253, 378, 57))
2018-04-05 19:39:39.860903;(17, (33, 204, 238, 50))
2018-04-05 19:39:39.897591;(16, (287, 191, 479, 26))
2018-04-05 19:39:39.906458;(22, (932, 171, 1103, 3))
2018-04-05 19:39:39.958677;(20, (559, 167, 727, 10))
2018-04-05 19:40:08.142492;(1, (0, 0, 0, 0))
2018-04-05 19:40:09.160356;(18, (450, 208, 659, 31))
2018-04-05 19:40:09.223271;(6, (578, 193, 772, 30))
2018-04-05 19:40:09.274120;(3, (790, 153, 943, 8))
2018-04-05 19:40:09.274357;(12, (202, 201, 404, 24))
2018-04-05 19:40:09.389299;(10, (1203, 88, 1291, 2))
2018-04-05 19:40:09.410215;(9, (66, 232, 299, 56))
2018-04-05 19:40:09.418456;(8, (324, 193, 518, 24))
2018-04-05 19:40:09.542559;(14, (387, 210, 598, 25))
2018-04-05 19:40:09.549487;(5, (1286, 22, 1308, 0))
2018-04-05 19:40:09.648539;(7, (497, 137, 634, 11))
2018-04-05 19:40:09.649368;(23, (0, 0, 0, 0))
2018-04-05 19:40:09.690977;(11, (236, 197, 434, 29))
2018-04-05 19:40:09.720594;(21, (1225, 26, 1251, 0))
2018-04-05 19:40:09.721672;(4, (92, 245, 338, 57))
2018-04-05 19:40:09.867197;(17, (33, 215, 249, 53))
2018-04-05 19:40:09.902166;(16, (287, 204, 492, 29))
2018-04-05 19:40:09.914941;(22, (990, 182, 1173, 3))
2018-04-05 19:40:09.970435;(20, (618, 171, 790, 10))
2018-04-05 19:40:10.145568;(15, (1235, 55, 1290, 0))
2018-04-05 19:40:10.186853;(19, (355, 162, 518, 20))
2018-04-05 19:40:10.801191;(13, (124, 265, 390, 60))
2018-04-05 19:40:38.146588;(1, (0, 0, 0, 0))
2018-04-05 19:40:39.399348;(10, (1264, 88, 1352, 2))
2018-04-05 19:40:39.415089;(9, (66, 243, 310, 59))
2018-04-05 19:40:39.547522;(14, (387, 221, 609, 28))
2018-04-05 19:40:39.558362;(5, (1347, 22, 1369, 0))
2018-04-05 19:40:39.657183;(7, (557, 140, 697, 11))
2018-04-05 19:40:39.657391;(23, (0, 0, 0, 0))
2018-04-05 19:40:39.694107;(11, (236, 209, 446, 32))
2018-04-05 19:40:39.728065;(21, (1286, 26, 1312, 0))
2018-04-05 19:40:39.873474;(17, (33, 228, 262, 56))
2018-04-05 19:40:39.905658;(16, (287, 216, 504, 32))
2018-04-05 19:40:39.924437;(22, (1047, 192, 1239, 3))
2018-04-05 19:40:39.980817;(20, (677, 181, 858, 10))
2018-04-05 19:40:40.152899;(15, (1295, 55, 1350, 0))
2018-04-05 19:40:40.163008;(18, (450, 220, 671, 34))
2018-04-05 19:40:40.190191;(19, (355, 174, 530, 23))
2018-04-05 19:40:40.230485;(6, (578, 205, 784, 33))
2018-04-05 19:40:40.278216;(12, (202, 213, 416, 27))
2018-04-05 19:40:40.282893;(3, (850, 154, 1004, 8))
2018-04-05 19:40:40.421684;(8, (324, 205, 530, 27))
2018-04-05 19:40:40.729553;(4, (92, 256, 349, 60))
2018-04-05 19:40:40.805392;(13, (124, 278, 403, 64))
2018-04-05 19:41:08.151669;(1, (0, 0, 0, 0))
2018-04-05 19:41:09.409096;(10, (1324, 88, 1412, 2))
2018-04-05 19:41:09.661542;(23, (0, 0, 0, 0))
2018-04-05 19:41:09.697792;(11, (236, 220, 457, 35))
2018-04-05 19:41:09.736282;(21, (1346, 26, 1372, 0))
2018-04-05 19:41:10.160193;(15, (1355, 55, 1410, 0))
2018-04-05 19:41:10.166069;(18, (450, 232, 683, 37))
2018-04-05 19:41:10.192185;(19, (355, 186, 542, 26))
2018-04-05 19:41:10.233250;(6, (578, 217, 796, 36))
2018-04-05 19:41:10.281442;(12, (202, 225, 428, 30))
2018-04-05 19:41:10.294482;(3, (910, 154, 1064, 8))
2018-04-05 19:41:10.418917;(9, (66, 255, 322, 62))
2018-04-05 19:41:10.425908;(8, (324, 217, 542, 30))
2018-04-05 19:41:10.550772;(14, (387, 233, 621, 31))
2018-04-05 19:41:10.566988;(5, (1407, 22, 1429, 0))
2018-04-05 19:41:10.666846;(7, (617, 140, 757, 11))
2018-04-05 19:41:10.735420;(4, (92, 268, 361, 63))
2018-04-05 19:41:10.812162;(13, (124, 289, 414, 66))
2018-04-05 19:41:10.878722;(17, (33, 240, 274, 59))
2018-04-05 19:41:10.908526;(16, (287, 228, 516, 35))
2018-04-05 19:41:10.932040;(22, (1108, 192, 1300, 3))
2018-04-05 19:41:10.988223;(20, (738, 181, 919, 10))
2018-04-05 19:41:38.155329;(1, (0, 0, 0, 0))
2018-04-05 19:41:39.418421;(10, (1385, 88, 1473, 2))
2018-04-05 19:41:39.666600;(23, (0, 0, 0, 0))
2018-04-05 19:41:39.702163;(11, (236, 233, 470, 38))
2018-04-05 19:41:40.167602;(15, (1416, 55, 1471, 0))
2018-04-05 19:41:40.168569;(18, (450, 244, 695, 40))
2018-04-05 19:41:40.194521;(19, (355, 198, 554, 29))
2018-04-05 19:41:40.235908;(6, (578, 229, 808, 39))
2018-04-05 19:41:40.285338;(12, (202, 237, 440, 33))
2018-04-05 19:41:40.303698;(3, (971, 154, 1125, 8))
2018-04-05 19:41:40.422122;(9, (66, 267, 334, 65))
2018-04-05 19:41:40.428099;(8, (324, 229, 554, 33))
2018-04-05 19:41:40.555349;(14, (387, 244, 632, 34))
2018-04-05 19:41:40.574217;(5, (1468, 22, 1490, 0))
2018-04-05 19:41:40.674577;(7, (678, 140, 818, 11))
2018-04-05 19:41:40.739016;(4, (92, 281, 374, 66))
2018-04-05 19:41:40.815540;(13, (124, 301, 426, 69))
2018-04-05 19:41:40.882713;(17, (33, 252, 286, 62))
2018-04-05 19:41:40.916029;(16, (287, 241, 529, 39))
2018-04-05 19:41:40.939902;(22, (1168, 192, 1360, 3))
2018-04-05 19:41:40.996477;(20, (798, 182, 980, 10))
2018-04-05 19:42:08.158762;(1, (0, 0, 0, 0))
2018-04-05 19:42:09.429554;(10, (1445, 88, 1533, 2))
2018-04-05 19:42:09.670915;(23, (0, 0, 0, 0))
2018-04-05 19:42:09.709350;(11, (236, 246, 483, 41))
2018-04-05 19:42:09.751088;(21, (1467, 26, 1493, 0))
2018-04-05 19:42:10.175204;(15, (1476, 55, 1531, 0))
2018-04-05 19:42:10.175705;(18, (450, 256, 707, 43))
2018-04-05 19:42:10.198527;(19, (355, 210, 566, 32))
2018-04-05 19:42:10.238943;(6, (578, 242, 821, 43))
2018-04-05 19:42:10.290104;(12, (202, 249, 452, 36))
2018-04-05 19:42:10.313718;(3, (1031, 154, 1185, 8))
2018-04-05 19:42:10.428676;(9, (66, 280, 347, 68))
2018-04-05 19:42:10.431745;(8, (324, 241, 566, 36))
2018-04-05 19:42:10.559534;(14, (387, 256, 644, 37))
2018-04-05 19:42:10.586713;(5, (1528, 22, 1550, 0))
2018-04-05 19:42:10.682561;(7, (738, 140, 878, 11))
2018-04-05 19:42:10.744562;(4, (92, 293, 386, 69))
2018-04-05 19:42:10.819085;(13, (124, 313, 438, 72))
2018-04-05 19:42:10.887099;(17, (33, 264, 298, 65))
2018-04-05 19:42:10.920502;(16, (287, 253, 541, 42))
2018-04-05 19:42:10.948618;(22, (1229, 192, 1421, 3))
2018-04-05 19:42:11.003645;(20, (858, 182, 1041, 10))
2018-04-05 19:42:38.162195;(1, (0, 0, 0, 0))
2018-04-05 19:42:39.675914;(23, (0, 0, 0, 0))
2018-04-05 19:42:40.177990;(18, (450, 268, 719, 46))
2018-04-05 19:42:40.241269;(6, (578, 253, 832, 45))
2018-04-05 19:42:40.295136;(12, (202, 261, 464, 39))
2018-04-05 19:42:40.322161;(3, (1092, 154, 1246, 8))
2018-04-05 19:42:40.431373;(9, (66, 292, 359, 71))
2018-04-05 19:42:40.438624;(10, (1505, 88, 1593, 2))
2018-04-05 19:42:40.439550;(8, (324, 253, 578, 39))
2018-04-05 19:42:40.562081;(14, (387, 269, 657, 40))
2018-04-05 19:42:40.595367;(5, (1588, 22, 1611, 0))
2018-04-05 19:42:40.692172;(7, (798, 140, 939, 11))
2018-04-05 19:42:40.718900;(11, (236, 259, 496, 44))
2018-04-05 19:42:40.758804;(21, (1527, 26, 1553, 0))
2018-04-05 19:42:40.893269;(17, (33, 276, 310, 68))
2018-04-05 19:42:40.923120;(16, (287, 265, 553, 45))
2018-04-05 19:42:40.958663;(22, (1289, 192, 1481, 3))
2018-04-05 19:42:41.014934;(20, (919, 183, 1102, 10))
2018-04-05 19:42:41.203511;(19, (355, 222, 578, 35))
2018-04-05 19:42:41.747080;(4, (92, 305, 398, 72))
2018-04-05 19:42:41.823655;(13, (124, 325, 450, 75))
2018-04-05 19:43:08.164348;(1, (0, 0, 0, 0))
2018-04-05 19:43:10.446065;(10, (1566, 88, 1654, 2))
2018-04-05 19:43:10.566186;(14, (387, 281, 669, 43))
2018-04-05 19:43:10.678193;(23, (0, 0, 0, 0))
2018-04-05 19:43:10.702583;(7, (859, 140, 999, 11))
2018-04-05 19:43:10.723351;(11, (236, 271, 508, 47))
2018-04-05 19:43:10.898971;(17, (33, 288, 322, 71))
2018-04-05 19:43:10.927962;(16, (287, 277, 565, 48))
2018-04-05 19:43:11.027201;(20, (979, 183, 1162, 10))
2018-04-05 19:43:11.180124;(18, (450, 281, 732, 49))
2018-04-05 19:43:11.191598;(15, (1597, 55, 1652, 0))
2018-04-05 19:43:11.209659;(19, (355, 234, 590, 38))
2018-04-05 19:43:11.245280;(6, (578, 265, 844, 48))
2018-04-05 19:43:11.301232;(12, (202, 273, 476, 42))
2018-04-05 19:43:11.330020;(3, (1152, 154, 1306, 8))
2018-04-05 19:43:11.447714;(8, (324, 266, 591, 42))
2018-04-05 19:43:11.602742;(5, (1649, 22, 1671, 0))
2018-04-05 19:43:11.750135;(4, (92, 316, 409, 75))
2018-04-05 19:43:11.833658;(13, (124, 338, 463, 79))
2018-04-05 19:43:11.969346;(22, (1350, 192, 1542, 3))
2018-04-05 19:43:39.166830;(1, (0, 0, 0, 0))
2018-04-05 19:43:40.454516;(10, (1626, 88, 1714, 2))
2018-04-05 19:43:40.680402;(23, (0, 0, 0, 0))
2018-04-05 19:43:40.729578;(11, (236, 283, 520, 50))
2018-04-05 19:43:40.773230;(21, (1648, 26, 1674, 0))
2018-04-05 19:43:41.182227;(18, (450, 293, 744, 52))
2018-04-05 19:43:41.201905;(15, (1657, 55, 1713, 0))
2018-04-05 19:43:41.215494;(19, (355, 246, 602, 41))
2018-04-05 19:43:41.247693;(6, (578, 276, 855, 51))
2018-04-05 19:43:41.304217;(12, (202, 285, 488, 45))
2018-04-05 19:43:41.338603;(3, (1212, 154, 1367, 8))
2018-04-05 19:43:41.439102;(9, (66, 317, 384, 78))
2018-04-05 19:43:41.457218;(8, (324, 278, 603, 45))
2018-04-05 19:43:41.572936;(14, (387, 293, 681, 46))
2018-04-05 19:43:41.610614;(5, (1709, 22, 1731, 0))
2018-04-05 19:43:41.715116;(7, (919, 140, 1059, 11))
2018-04-05 19:43:41.755429;(4, (92, 329, 422, 78))
2018-04-05 19:43:41.836242;(13, (124, 350, 475, 82))
2018-04-05 19:43:41.905724;(17, (33, 300, 334, 74))
2018-04-05 19:43:41.933029;(16, (287, 289, 577, 51))
2018-04-05 19:43:41.977917;(22, (1410, 192, 1602, 3))
2018-04-05 19:43:42.036938;(20, (1040, 183, 1223, 10))
2018-04-05 19:44:09.169909;(1, (0, 0, 0, 0))
2018-04-05 19:44:10.683210;(23, (0, 0, 0, 0))
2018-04-05 19:44:10.733208;(11, (236, 295, 532, 53))
2018-04-05 19:44:10.780067;(21, (1708, 26, 1734, 0))
2018-04-05 19:44:11.184293;(18, (450, 305, 756, 55))
2018-04-05 19:44:11.215119;(15, (1718, 55, 1773, 0))
2018-04-05 19:44:11.218757;(19, (355, 258, 614, 44))
2018-04-05 19:44:11.252153;(6, (578, 288, 867, 54))
2018-04-05 19:44:11.309595;(12, (202, 297, 500, 48))
2018-04-05 19:44:11.348183;(3, (1273, 154, 1427, 8))
2018-04-05 19:44:11.444246;(9, (66, 329, 396, 81))
2018-04-05 19:44:11.466581;(8, (324, 289, 614, 48))
2018-04-05 19:44:11.575542;(14, (387, 305, 693, 49))
2018-04-05 19:44:11.619614;(5, (1770, 22, 1792, 0))
2018-04-05 19:44:11.726524;(7, (980, 140, 1120, 11))
2018-04-05 19:44:11.758536;(4, (92, 341, 434, 81))
2018-04-05 19:44:11.839235;(13, (124, 362, 487, 85))
2018-04-05 19:44:11.910071;(17, (33, 312, 346, 77))
2018-04-05 19:44:11.935818;(16, (287, 301, 589, 54))
2018-04-05 19:44:11.986736;(22, (1470, 192, 1663, 3))
2018-04-05 19:44:12.045118;(20, (1100, 183, 1283, 10))
2018-04-05 19:44:39.172016;(1, (0, 0, 0, 0))
2018-04-05 19:44:40.476486;(10, (1747, 88, 1835, 2))
2018-04-05 19:44:40.689474;(23, (0, 0, 0, 0))
2018-04-05 19:44:40.735318;(11, (236, 306, 543, 56))
2018-04-05 19:44:40.786688;(21, (1769, 26, 1795, 0))
2018-04-05 19:44:41.192140;(18, (450, 317, 768, 58))
2018-04-05 19:44:41.224066;(15, (1778, 55, 1833, 0))
2018-04-05 19:44:41.254328;(6, (578, 300, 879, 57))
2018-04-05 19:44:41.312959;(12, (202, 308, 511, 51))
2018-04-05 19:44:41.359102;(3, (1333, 154, 1487, 8))
2018-04-05 19:44:41.447582;(9, (66, 341, 408, 84))
2018-04-05 19:44:41.476336;(8, (324, 302, 627, 51))
2018-04-05 19:44:41.578078;(14, (387, 317, 705, 52))
2018-04-05 19:44:41.631464;(5, (1830, 22, 1852, 0))
2018-04-05 19:44:41.734963;(7, (1040, 140, 1180, 11))
2018-04-05 19:44:41.763120;(4, (92, 353, 446, 84))
2018-04-05 19:44:41.842037;(13, (124, 374, 499, 88))
2018-04-05 19:44:41.913568;(17, (33, 324, 358, 80))
2018-04-05 19:44:41.938070;(16, (287, 312, 600, 56))
2018-04-05 19:44:41.995426;(22, (1531, 194, 1725, 3))
2018-04-05 19:44:42.054284;(20, (1161, 184, 1345, 10))
2018-04-05 19:44:42.225745;(19, (355, 270, 626, 47))
2018-04-05 19:45:09.175679;(1, (0, 0, 0, 0))
2018-04-05 19:45:10.695322;(23, (0, 0, 0, 0))
2018-04-05 19:45:10.744258;(11, (236, 318, 555, 59))
2018-04-05 19:45:10.798785;(21, (1829, 26, 1855, 0))
2018-04-05 19:45:11.195577;(18, (450, 329, 780, 61))
2018-04-05 19:45:11.369746;(3, (1394, 154, 1548, 8))
2018-04-05 19:45:11.451014;(9, (66, 353, 420, 87))
2018-04-05 19:45:11.479023;(8, (324, 314, 639, 54))
2018-04-05 19:45:11.486728;(10, (1807, 88, 1895, 2))
2018-04-05 19:45:11.580817;(14, (387, 329, 717, 55))
2018-04-05 19:45:11.646923;(5, (1891, 22, 1913, 0))
2018-04-05 19:45:11.743170;(7, (1101, 140, 1241, 11))
2018-04-05 19:45:11.918054;(17, (33, 336, 370, 83))
2018-04-05 19:45:11.940337;(16, (287, 323, 611, 59))
2018-04-05 19:45:12.004809;(22, (1591, 194, 1785, 3))
2018-04-05 19:45:12.063443;(20, (1221, 184, 1405, 10))
2018-04-05 19:45:12.228356;(19, (355, 282, 638, 50))
2018-04-05 19:45:12.232641;(15, (1839, 56, 1895, 0))
2018-04-05 19:45:12.257716;(6, (578, 313, 892, 60))
2018-04-05 19:45:12.316231;(12, (202, 320, 523, 54))
2018-04-05 19:45:12.765994;(4, (92, 366, 459, 87))
2018-04-05 19:45:12.852121;(13, (124, 386, 511, 91))
2018-04-05 19:45:39.178829;(1, (0, 0, 0, 0))
2018-04-05 19:45:41.456282;(9, (66, 366, 433, 90))
2018-04-05 19:45:41.698875;(23, (0, 0, 0, 0))
2018-04-05 19:45:41.750592;(7, (1161, 140, 1301, 11))
2018-04-05 19:45:41.750987;(11, (236, 330, 567, 62))
2018-04-05 19:45:41.810768;(21, (1889, 26, 1916, 0))
2018-04-05 19:45:41.921952;(17, (33, 348, 382, 86))
2018-04-05 19:45:41.945588;(16, (287, 336, 624, 62))
2018-04-05 19:45:42.072012;(20, (1281, 184, 1466, 10))
2018-04-05 19:45:42.201578;(18, (450, 342, 793, 65))
2018-04-05 19:45:42.232153;(19, (355, 294, 650, 53))
2018-04-05 19:45:42.241401;(15, (1899, 56, 1955, 0))
2018-04-05 19:45:42.259943;(6, (578, 325, 904, 63))
2018-04-05 19:45:42.320167;(12, (202, 332, 535, 57))
2018-04-05 19:45:42.379708;(3, (1454, 154, 1608, 8))
2018-04-05 19:45:42.484290;(8, (324, 326, 651, 57))
2018-04-05 19:45:42.583767;(14, (387, 341, 729, 58))
2018-04-05 19:45:42.656594;(5, (1951, 22, 1973, 0))
2018-04-05 19:45:42.768066;(4, (92, 378, 471, 90))
2018-04-05 19:45:42.859879;(13, (124, 398, 523, 94))
2018-04-05 19:45:43.013249;(22, (1652, 194, 1846, 3))
