2018-04-13 20:11:15.053048;(16, 0, 53066, 253, 0, 0, 0, 0, 0, 0, 0, 0, 0, 0, 0, 0, 0, 0, 1, 0, 0)
2018-04-13 20:11:19.019444;(7, 0, 15238, 253, 0, 0, 0, 0, 0, 0, 0, 0, 0, 0, 0, 0, 0, 0, 1, 0, 0)
2018-04-13 20:11:25.208666;(4, 0, 43848, 253, 0, 0, 0, 0, 0, 0, 0, 0, 0, 0, 0, 0, 0, 0, 1, 0, 0)
2018-04-13 20:11:26.839025;(9, 0, 15645, 253, 0, 0, 0, 0, 0, 0, 0, 0, 0, 0, 0, 0, 0, 0, 1, 0, 0)
2018-04-13 20:11:30.899377;(11, 0, 9460, 253, 0, 0, 0, 0, 0, 0, 0, 0, 0, 0, 0, 0, 0, 0, 1, 0, 0)
2018-04-13 20:11:33.054203;(16, 0, 53073, 253, 0, 0, 0, 0, 0, 0, 0, 0, 0, 0, 0, 0, 0, 0, 1, 0, 0)
2018-04-13 20:11:33.210386;(4, 0, 43869, 253, 0, 0, 0, 0, 0, 0, 0, 0, 0, 0, 0, 0, 0, 0, 1, 0, 0)
2018-04-13 20:11:33.332689;(3, 0, 64363, 253, 0, 0, 0, 0, 0, 0, 0, 0, 0, 0, 0, 0, 0, 0, 1, 0, 0)
2018-04-13 20:11:35.291447;(17, 0, 39232, 253, 0, 0, 0, 0, 0, 0, 0, 0, 0, 0, 0, 0, 0, 0, 1, 0, 0)
2018-04-13 20:11:36.135639;(6, 0, 47485, 253, 0, 0, 0, 0, 0, 0, 0, 0, 0, 0, 0, 0, 0, 0, 1, 0, 0)
2018-04-13 20:11:36.906162;(18, 0, 4699, 253, 0, 0, 0, 0, 0, 0, 0, 0, 0, 0, 0, 0, 0, 0, 1, 0, 0)
2018-04-13 20:11:38.476249;(12, 0, 64783, 253, 0, 0, 0, 0, 0, 0, 0, 0, 0, 0, 0, 0, 0, 0, 1, 0, 0)
2018-04-13 20:11:39.619852;(13, 0, 49785, 253, 0, 0, 0, 0, 0, 0, 0, 0, 0, 0, 0, 0, 0, 0, 1, 0, 0)
2018-04-13 20:11:39.718707;(20, 0, 42975, 253, 0, 0, 0, 0, 0, 0, 0, 0, 0, 0, 0, 0, 0, 0, 1, 0, 0)
2018-04-13 20:11:40.403436;(15, 0, 20257, 253, 0, 0, 0, 0, 0, 0, 0, 0, 0, 0, 0, 0, 0, 0, 1, 0, 0)
2018-04-13 20:11:41.292190;(17, 0, 39259, 253, 0, 0, 0, 0, 0, 0, 0, 0, 0, 0, 0, 0, 0, 0, 1, 0, 0)
2018-04-13 20:11:42.578623;(8, 0, 36639, 253, 0, 0, 0, 0, 0, 0, 0, 0, 0, 0, 0, 0, 0, 0, 1, 0, 0)
2018-04-13 20:11:43.144334;(14, 0, 27964, 253, 0, 0, 0, 0, 0, 0, 0, 0, 0, 0, 0, 0, 0, 0, 1, 0, 0)
2018-04-13 20:11:43.841559;(9, 0, 15648, 253, 0, 0, 0, 0, 0, 0, 0, 0, 0, 0, 0, 0, 0, 0, 1, 0, 0)
2018-04-13 20:11:46.901989;(11, 0, 9463, 253, 0, 0, 0, 0, 0, 0, 0, 0, 0, 0, 0, 0, 0, 0, 1, 0, 0)
2018-04-13 20:11:51.057056;(16, 0, 53097, 253, 0, 0, 0, 0, 0, 0, 0, 0, 0, 0, 0, 0, 0, 0, 1, 0, 0)
2018-04-13 20:11:52.908035;(18, 0, 4709, 253, 0, 0, 0, 0, 0, 0, 0, 0, 0, 0, 0, 0, 0, 0, 1, 0, 0)
2018-04-13 20:11:53.479704;(12, 0, 64849, 253, 0, 0, 0, 0, 0, 0, 0, 0, 0, 0, 0, 0, 0, 0, 1, 0, 0)
2018-04-13 20:11:58.025765;(7, 0, 15244, 253, 0, 0, 0, 0, 0, 0, 0, 0, 0, 0, 0, 0, 0, 0, 1, 0, 0)
2018-04-13 20:11:58.215018;(4, 0, 43973, 253, 0, 0, 0, 0, 0, 0, 0, 0, 0, 0, 0, 0, 0, 0, 1, 0, 0)
2018-04-13 20:12:00.338219;(3, 0, 64458, 253, 0, 0, 0, 0, 0, 0, 0, 0, 0, 0, 0, 0, 0, 0, 1, 0, 0)
2018-04-13 20:12:00.723762;(20, 0, 43091, 253, 0, 0, 0, 0, 0, 0, 0, 0, 0, 0, 0, 0, 0, 0, 1, 0, 0)
2018-04-13 20:12:02.295370;(17, 0, 39309, 253, 0, 0, 0, 0, 0, 0, 0, 0, 0, 0, 0, 0, 0, 0, 1, 0, 0)
2018-04-13 20:12:02.904144;(11, 0, 9470, 253, 0, 0, 0, 0, 0, 0, 0, 0, 0, 0, 0, 0, 0, 0, 1, 0, 0)
2018-04-13 20:12:07.846039;(9, 0, 15718, 253, 0, 0, 0, 0, 0, 0, 0, 0, 0, 0, 0, 0, 0, 0, 1, 0, 0)
2018-04-13 20:12:08.628690;(13, 0, 49963, 253, 0, 0, 0, 0, 0, 0, 0, 0, 0, 0, 0, 0, 0, 0, 1, 0, 0)
2018-04-13 20:12:10.911155;(18, 0, 4754, 253, 0, 0, 0, 0, 0, 0, 0, 0, 0, 0, 0, 0, 0, 0, 1, 0, 0)
2018-04-13 20:12:11.058665;(16, 0, 53105, 253, 0, 0, 0, 0, 0, 0, 0, 0, 0, 0, 0, 0, 0, 0, 1, 0, 0)
2018-04-13 20:12:11.217099;(4, 0, 44021, 253, 0, 0, 0, 0, 0, 0, 0, 0, 0, 0, 0, 0, 0, 0, 1, 0, 0)
2018-04-13 20:12:17.030370;(7, 0, 15292, 253, 0, 0, 0, 0, 0, 0, 0, 0, 0, 0, 0, 0, 0, 0, 1, 0, 0)
2018-04-13 20:12:18.725409;(20, 0, 43094, 253, 0, 0, 0, 0, 0, 0, 0, 0, 0, 0, 0, 0, 0, 0, 1, 0, 0)
2018-04-13 20:12:18.907728;(11, 0, 9480, 253, 0, 0, 0, 0, 0, 0, 0, 0, 0, 0, 0, 0, 0, 0, 1, 0, 0)
2018-04-13 20:12:19.340261;(3, 0, 64471, 253, 0, 0, 0, 0, 0, 0, 0, 0, 0, 0, 0, 0, 0, 0, 1, 0, 0)
2018-04-13 20:12:19.586612;(8, 0, 36700, 253, 0, 0, 0, 0, 0, 0, 0, 0, 0, 0, 0, 0, 0, 0, 1, 0, 0)
2018-04-13 20:12:26.848265;(9, 0, 15721, 253, 0, 0, 0, 0, 0, 0, 0, 0, 0, 0, 0, 0, 0, 0, 1, 0, 0)
2018-04-13 20:12:27.483728;(12, 0, 64882, 253, 0, 0, 0, 0, 0, 0, 0, 0, 0, 0, 0, 0, 0, 0, 1, 0, 0)
2018-04-13 20:12:29.031825;(7, 0, 15318, 253, 0, 0, 0, 0, 0, 0, 0, 0, 0, 0, 0, 0, 0, 0, 1, 0, 0)
2018-04-13 20:12:33.342283;(3, 0, 64520, 253, 0, 0, 0, 0, 0, 0, 0, 0, 0, 0, 0, 0, 0, 0, 1, 0, 0)
2018-04-13 20:12:34.151406;(6, 0, 47807, 253, 0, 0, 0, 0, 0, 0, 0, 0, 0, 0, 0, 0, 0, 0, 1, 0, 0)
2018-04-13 20:12:34.910059;(11, 0, 9503, 253, 0, 0, 0, 0, 0, 0, 0, 0, 0, 0, 0, 0, 0, 0, 1, 0, 0)
2018-04-13 20:12:39.636562;(13, 0, 50137, 253, 0, 0, 0, 0, 0, 0, 0, 0, 0, 0, 0, 0, 0, 0, 1, 0, 0)
2018-04-13 20:12:43.590106;(8, 0, 36710, 253, 0, 0, 0, 0, 0, 0, 0, 0, 0, 0, 0, 0, 0, 0, 1, 0, 0)
2018-04-13 20:12:44.066311;(16, 0, 53144, 253, 0, 0, 0, 0, 0, 0, 0, 0, 0, 0, 0, 0, 0, 0, 1, 0, 0)
2018-04-13 20:12:44.155401;(6, 0, 47831, 253, 0, 0, 0, 0, 0, 0, 0, 0, 0, 0, 0, 0, 0, 0, 1, 0, 0)
2018-04-13 20:12:48.852553;(9, 0, 15791, 253, 0, 0, 0, 0, 0, 0, 0, 0, 0, 0, 0, 0, 0, 0, 1, 0, 0)
2018-04-13 20:12:49.912501;(11, 0, 9507, 253, 0, 0, 0, 0, 0, 0, 0, 0, 0, 0, 0, 0, 0, 0, 1, 0, 0)
2018-04-13 20:12:53.225731;(4, 0, 44201, 253, 0, 0, 0, 0, 0, 0, 0, 0, 0, 0, 0, 0, 0, 0, 1, 0, 0)
2018-04-13 20:12:58.164626;(14, 0, 28046, 253, 0, 0, 0, 0, 0, 0, 0, 0, 0, 0, 0, 0, 0, 0, 1, 0, 0)
2018-04-13 20:12:59.592684;(8, 0, 36739, 253, 0, 0, 0, 0, 0, 0, 0, 0, 0, 0, 0, 0, 0, 0, 1, 0, 0)
2018-04-13 20:13:03.347877;(3, 0, 64612, 253, 0, 0, 0, 0, 0, 0, 0, 0, 0, 0, 0, 0, 0, 0, 1, 0, 0)
2018-04-13 20:13:04.642510;(13, 0, 50211, 253, 0, 0, 0, 0, 0, 0, 0, 0, 0, 0, 0, 0, 0, 0, 1, 0, 0)
2018-04-13 20:13:05.035633;(7, 0, 15359, 253, 0, 0, 0, 0, 0, 0, 0, 0, 0, 0, 0, 0, 0, 0, 1, 0, 0)
2018-04-13 20:13:09.854765;(9, 0, 15807, 253, 0, 0, 0, 0, 0, 0, 0, 0, 0, 0, 0, 0, 0, 0, 1, 0, 0)
2018-04-13 20:13:10.226713;(4, 0, 44204, 253, 0, 0, 0, 0, 0, 0, 0, 0, 0, 0, 0, 0, 0, 0, 1, 0, 0)
2018-04-13 20:13:10.926133;(18, 0, 4888, 253, 0, 0, 0, 0, 0, 0, 0, 0, 0, 0, 0, 0, 0, 0, 1, 0, 0)
2018-04-13 20:13:15.918103;(11, 0, 9628, 253, 0, 0, 0, 0, 0, 0, 0, 0, 0, 0, 0, 0, 0, 0, 1, 0, 0)
2018-04-13 20:13:18.039075;(7, 0, 15404, 253, 0, 0, 0, 0, 0, 0, 0, 0, 0, 0, 0, 0, 0, 0, 1, 0, 0)
2018-04-13 20:13:20.072150;(16, 0, 53172, 253, 0, 0, 0, 0, 0, 0, 0, 0, 0, 0, 0, 0, 0, 0, 1, 0, 0)
2018-04-13 20:13:21.303890;(17, 0, 39443, 253, 0, 0, 0, 0, 0, 0, 0, 0, 0, 0, 0, 0, 0, 0, 1, 0, 0)
2018-04-13 20:13:21.351815;(3, 0, 64615, 253, 0, 0, 0, 0, 0, 0, 0, 0, 0, 0, 0, 0, 0, 0, 1, 0, 0)
2018-04-13 20:13:23.174171;(14, 0, 28150, 253, 0, 0, 0, 0, 0, 0, 0, 0, 0, 0, 0, 0, 0, 0, 1, 0, 0)
2018-04-13 20:13:28.742556;(20, 0, 43267, 253, 0, 0, 0, 0, 0, 0, 0, 0, 0, 0, 0, 0, 0, 0, 1, 0, 0)
2018-04-13 20:13:31.856376;(9, 0, 15811, 253, 0, 0, 0, 0, 0, 0, 0, 0, 0, 0, 0, 0, 0, 0, 1, 0, 0)
2018-04-13 20:13:31.919351;(11, 0, 9635, 253, 0, 0, 0, 0, 0, 0, 0, 0, 0, 0, 0, 0, 0, 0, 1, 0, 0)
2018-04-13 20:13:34.599502;(8, 0, 36795, 253, 0, 0, 0, 0, 0, 0, 0, 0, 0, 0, 0, 0, 0, 0, 1, 0, 0)
2018-04-13 20:13:34.931188;(18, 0, 5015, 253, 0, 0, 0, 0, 0, 0, 0, 0, 0, 0, 0, 0, 0, 0, 1, 0, 0)
2018-04-13 20:13:35.041409;(7, 0, 15442, 253, 0, 0, 0, 0, 0, 0, 0, 0, 0, 0, 0, 0, 0, 0, 1, 0, 0)
2018-04-13 20:13:38.354109;(3, 0, 64674, 253, 0, 0, 0, 0, 0, 0, 0, 0, 0, 0, 0, 0, 0, 0, 1, 0, 0)
2018-04-13 20:13:42.076000;(16, 0, 53180, 253, 0, 0, 0, 0, 0, 0, 0, 0, 0, 0, 0, 0, 0, 0, 1, 0, 0)
2018-04-13 20:13:44.185676;(14, 0, 28200, 253, 0, 0, 0, 0, 0, 0, 0, 0, 0, 0, 0, 0, 0, 0, 1, 0, 0)
2018-04-13 20:13:44.493447;(12, 0, 64978, 253, 0, 0, 0, 0, 0, 0, 0, 0, 0, 0, 0, 0, 0, 0, 1, 0, 0)
2018-04-13 20:13:48.744114;(20, 0, 43271, 253, 0, 0, 0, 0, 0, 0, 0, 0, 0, 0, 0, 0, 0, 0, 1, 0, 0)
2018-04-13 20:13:50.186863;(14, 0, 28218, 253, 0, 0, 0, 0, 0, 0, 0, 0, 0, 0, 0, 0, 0, 0, 1, 0, 0)
2018-04-13 20:13:53.237734;(4, 0, 44421, 253, 0, 0, 0, 0, 0, 0, 0, 0, 0, 0, 0, 0, 0, 0, 1, 0, 0)
2018-04-13 20:13:54.934365;(18, 0, 5053, 253, 0, 0, 0, 0, 0, 0, 0, 0, 0, 0, 0, 0, 0, 0, 1, 0, 0)
2018-04-13 20:13:56.657848;(13, 0, 50471, 253, 0, 0, 0, 0, 0, 0, 0, 0, 0, 0, 0, 0, 0, 0, 1, 0, 0)
2018-04-13 20:13:57.047178;(7, 0, 15445, 253, 0, 0, 0, 0, 0, 0, 0, 0, 0, 0, 0, 0, 0, 0, 1, 0, 0)
2018-04-13 20:13:58.307445;(17, 0, 39459, 253, 0, 0, 0, 0, 0, 0, 0, 0, 0, 0, 0, 0, 0, 0, 1, 0, 0)
2018-04-13 20:14:00.496037;(12, 0, 65011, 253, 0, 0, 0, 0, 0, 0, 0, 0, 0, 0, 0, 0, 0, 0, 1, 0, 0)
2018-04-13 20:14:03.863016;(9, 0, 15925, 253, 0, 0, 0, 0, 0, 0, 0, 0, 0, 0, 0, 0, 0, 0, 1, 0, 0)
2018-04-13 20:14:05.080196;(16, 0, 53182, 253, 0, 0, 0, 0, 0, 0, 0, 0, 0, 0, 0, 0, 0, 0, 1, 0, 0)
2018-04-13 20:14:11.240053;(4, 0, 44472, 253, 0, 0, 0, 0, 0, 0, 0, 0, 0, 0, 0, 0, 0, 0, 1, 0, 0)
2018-04-13 20:14:12.308982;(17, 0, 39489, 253, 0, 0, 0, 0, 0, 0, 0, 0, 0, 0, 0, 0, 0, 0, 1, 0, 0)
2018-04-13 20:14:13.936869;(18, 0, 5106, 253, 0, 0, 0, 0, 0, 0, 0, 0, 0, 0, 0, 0, 0, 0, 1, 0, 0)
2018-04-13 20:14:14.761674;(22, 0, 11887, 253, 0, 0, 0, 0, 0, 0, 0, 0, 0, 0, 0, 0, 0, 0, 1, 0, 0)
2018-04-13 20:14:15.928198;(11, 0, 9774, 253, 0, 0, 0, 0, 0, 0, 0, 0, 0, 0, 0, 0, 0, 0, 1, 0, 0)
2018-04-13 20:14:16.191602;(14, 0, 28241, 253, 0, 0, 0, 0, 0, 0, 0, 0, 0, 0, 0, 0, 0, 0, 1, 0, 0)
2018-04-13 20:14:16.747482;(20, 0, 43293, 253, 0, 0, 0, 0, 0, 0, 0, 0, 0, 0, 0, 0, 0, 0, 1, 0, 0)
2018-04-13 20:14:17.498437;(12, 0, 65014, 253, 0, 0, 0, 0, 0, 0, 0, 0, 0, 0, 0, 0, 0, 0, 1, 0, 0)
2018-04-13 20:14:24.362193;(3, 0, 64781, 253, 0, 0, 0, 0, 0, 0, 0, 0, 0, 0, 0, 0, 0, 0, 1, 0, 0)
2018-04-13 20:14:25.187001;(6, 0, 48150, 253, 0, 0, 0, 0, 0, 0, 0, 0, 0, 0, 0, 0, 0, 0, 1, 0, 0)
2018-04-13 20:14:25.499248;(12, 0, 65033, 253, 0, 0, 0, 0, 0, 0, 0, 0, 0, 0, 0, 0, 0, 0, 1, 0, 0)
2018-04-13 20:14:25.866833;(9, 0, 15928, 253, 0, 0, 0, 0, 0, 0, 0, 0, 0, 0, 0, 0, 0, 0, 1, 0, 0)
2018-04-13 20:14:27.084513;(16, 0, 53189, 253, 0, 0, 0, 0, 0, 0, 0, 0, 0, 0, 0, 0, 0, 0, 1, 0, 0)
2018-04-13 20:14:27.310602;(17, 0, 39493, 253, 0, 0, 0, 0, 0, 0, 0, 0, 0, 0, 0, 0, 0, 0, 1, 0, 0)
2018-04-13 20:14:30.055530;(7, 0, 15535, 253, 0, 0, 0, 0, 0, 0, 0, 0, 0, 0, 0, 0, 0, 0, 1, 0, 0)
2018-04-13 20:14:30.241833;(4, 0, 44475, 253, 0, 0, 0, 0, 0, 0, 0, 0, 0, 0, 0, 0, 0, 0, 1, 0, 0)
2018-04-13 20:14:31.194561;(14, 0, 28252, 253, 0, 0, 0, 0, 0, 0, 0, 0, 0, 0, 0, 0, 0, 0, 1, 0, 0)
2018-04-13 20:14:32.666490;(13, 0, 50596, 253, 0, 0, 0, 0, 0, 0, 0, 0, 0, 0, 0, 0, 0, 0, 1, 0, 0)
2018-04-13 20:14:33.938472;(18, 0, 5109, 253, 0, 0, 0, 0, 0, 0, 0, 0, 0, 0, 0, 0, 0, 0, 1, 0, 0)
2018-04-13 20:14:34.610459;(8, 0, 36863, 253, 0, 0, 0, 0, 0, 0, 0, 0, 0, 0, 0, 0, 0, 0, 1, 0, 0)
2018-04-13 20:14:41.931191;(11, 0, 9793, 253, 0, 0, 0, 0, 0, 0, 0, 0, 0, 0, 0, 0, 0, 0, 1, 0, 0)
2018-04-13 20:14:42.500281;(12, 0, 65036, 253, 0, 0, 0, 0, 0, 0, 0, 0, 0, 0, 0, 0, 0, 0, 1, 0, 0)
2018-04-13 20:14:43.188574;(6, 0, 48158, 253, 0, 0, 0, 0, 0, 0, 0, 0, 0, 0, 0, 0, 0, 0, 1, 0, 0)
2018-04-13 20:14:43.750034;(20, 0, 43304, 253, 0, 0, 0, 0, 0, 0, 0, 0, 0, 0, 0, 0, 0, 0, 1, 0, 0)
2018-04-13 20:14:46.868458;(9, 0, 15935, 253, 0, 0, 0, 0, 0, 0, 0, 0, 0, 0, 0, 0, 0, 0, 1, 0, 0)
2018-04-13 20:14:48.243997;(4, 0, 44482, 253, 0, 0, 0, 0, 0, 0, 0, 0, 0, 0, 0, 0, 0, 0, 1, 0, 0)
2018-04-13 20:14:50.089380;(16, 0, 53196, 253, 0, 0, 0, 0, 0, 0, 0, 0, 0, 0, 0, 0, 0, 0, 1, 0, 0)
2018-04-13 20:14:52.668203;(13, 0, 50604, 253, 0, 0, 0, 0, 0, 0, 0, 0, 0, 0, 0, 0, 0, 0, 1, 0, 0)
2018-04-13 20:14:57.615229;(8, 0, 36936, 253, 0, 0, 0, 0, 0, 0, 0, 0, 0, 0, 0, 0, 0, 0, 1, 0, 0)
2018-04-13 20:14:57.934500;(11, 0, 9797, 253, 0, 0, 0, 0, 0, 0, 0, 0, 0, 0, 0, 0, 0, 0, 1, 0, 0)
2018-04-13 20:14:59.190965;(6, 0, 48165, 253, 0, 0, 0, 0, 0, 0, 0, 0, 0, 0, 0, 0, 0, 0, 1, 0, 0)
2018-04-13 20:14:59.943597;(18, 0, 5214, 253, 0, 0, 0, 0, 0, 0, 0, 0, 0, 0, 0, 0, 0, 0, 1, 0, 0)
2018-04-13 20:15:00.503635;(12, 0, 65038, 253, 0, 0, 0, 0, 0, 0, 0, 0, 0, 0, 0, 0, 0, 0, 1, 0, 0)
2018-04-13 20:15:06.245976;(4, 0, 44489, 253, 0, 0, 0, 0, 0, 0, 0, 0, 0, 0, 0, 0, 0, 0, 1, 0, 0)
2018-04-13 20:15:07.370489;(3, 0, 64912, 253, 0, 0, 0, 0, 0, 0, 0, 0, 0, 0, 0, 0, 0, 0, 1, 0, 0)
2018-04-13 20:15:07.617396;(8, 0, 36954, 253, 0, 0, 0, 0, 0, 0, 0, 0, 0, 0, 0, 0, 0, 0, 1, 0, 0)
2018-04-13 20:15:08.870130;(9, 0, 15942, 253, 0, 0, 0, 0, 0, 0, 0, 0, 0, 0, 0, 0, 0, 0, 1, 0, 0)
2018-04-13 20:15:09.753781;(20, 0, 43352, 253, 0, 0, 0, 0, 0, 0, 0, 0, 0, 0, 0, 0, 0, 0, 1, 0, 0)
2018-04-13 20:15:10.935354;(11, 0, 9806, 253, 0, 0, 0, 0, 0, 0, 0, 0, 0, 0, 0, 0, 0, 0, 1, 0, 0)
2018-04-13 20:15:10.945367;(18, 0, 5235, 253, 0, 0, 0, 0, 0, 0, 0, 0, 0, 0, 0, 0, 0, 0, 1, 0, 0)
2018-04-13 20:15:12.092035;(16, 0, 53203, 253, 0, 0, 0, 0, 0, 0, 0, 0, 0, 0, 0, 0, 0, 0, 1, 0, 0)
2018-04-13 20:15:12.670692;(13, 0, 50611, 253, 0, 0, 0, 0, 0, 0, 0, 0, 0, 0, 0, 0, 0, 0, 1, 0, 0)
2018-04-13 20:15:16.067555;(7, 0, 15723, 253, 0, 0, 0, 0, 0, 0, 0, 0, 0, 0, 0, 0, 0, 0, 1, 0, 0)
2018-04-13 20:15:18.506263;(12, 0, 65045, 253, 0, 0, 0, 0, 0, 0, 0, 0, 0, 0, 0, 0, 0, 0, 1, 0, 0)
2018-04-13 20:15:22.202479;(14, 0, 28316, 253, 0, 0, 0, 0, 0, 0, 0, 0, 0, 0, 0, 0, 0, 0, 1, 0, 0)
2018-04-13 20:15:23.323988;(17, 0, 39689, 253, 0, 0, 0, 0, 0, 0, 0, 0, 0, 0, 0, 0, 0, 0, 1, 0, 0)
2018-04-13 20:15:24.248308;(4, 0, 44491, 253, 0, 0, 0, 0, 0, 0, 0, 0, 0, 0, 0, 0, 0, 0, 1, 0, 0)
2018-04-13 20:15:24.468416;(15, 0, 21615, 253, 0, 0, 0, 0, 0, 0, 0, 0, 0, 0, 0, 0, 0, 0, 1, 0, 0)
2018-04-13 20:15:26.372729;(3, 0, 64923, 253, 0, 0, 0, 0, 0, 0, 0, 0, 0, 0, 0, 0, 0, 0, 1, 0, 0)
2018-04-13 20:15:29.871773;(9, 0, 15944, 253, 0, 0, 0, 0, 0, 0, 0, 0, 0, 0, 0, 0, 0, 0, 1, 0, 0)
2018-04-13 20:15:30.070530;(7, 0, 15742, 253, 0, 0, 0, 0, 0, 0, 0, 0, 0, 0, 0, 0, 0, 0, 1, 0, 0)
2018-04-13 20:15:33.096473;(16, 0, 53218, 253, 0, 0, 0, 0, 0, 0, 0, 0, 0, 0, 0, 0, 0, 0, 1, 0, 0)
2018-04-13 20:15:33.620331;(8, 0, 36989, 253, 0, 0, 0, 0, 0, 0, 0, 0, 0, 0, 0, 0, 0, 0, 1, 0, 0)
2018-04-13 20:15:33.673501;(13, 0, 50613, 253, 0, 0, 0, 0, 0, 0, 0, 0, 0, 0, 0, 0, 0, 0, 1, 0, 0)
2018-04-13 20:15:34.940040;(11, 0, 9880, 253, 0, 0, 0, 0, 0, 0, 0, 0, 0, 0, 0, 0, 0, 0, 1, 0, 0)
2018-04-13 20:15:36.757706;(20, 0, 43392, 253, 0, 0, 0, 0, 0, 0, 0, 0, 0, 0, 0, 0, 0, 0, 1, 0, 0)
2018-04-13 20:15:40.508486;(12, 0, 65060, 253, 0, 0, 0, 0, 0, 0, 0, 0, 0, 0, 0, 0, 0, 0, 1, 0, 0)
2018-04-13 20:15:42.252264;(4, 0, 44498, 253, 0, 0, 0, 0, 0, 0, 0, 0, 0, 0, 0, 0, 0, 0, 1, 0, 0)
2018-04-13 20:15:42.326108;(17, 0, 39721, 253, 0, 0, 0, 0, 0, 0, 0, 0, 0, 0, 0, 0, 0, 0, 1, 0, 0)
2018-04-13 20:15:44.471577;(15, 0, 21642, 253, 0, 0, 0, 0, 0, 0, 0, 0, 0, 0, 0, 0, 0, 0, 1, 0, 0)
2018-04-13 20:15:45.097670;(16, 0, 53221, 253, 0, 0, 0, 0, 0, 0, 0, 0, 0, 0, 0, 0, 0, 0, 1, 0, 0)
2018-04-13 20:15:47.208006;(14, 0, 28377, 253, 0, 0, 0, 0, 0, 0, 0, 0, 0, 0, 0, 0, 0, 0, 1, 0, 0)
2018-04-13 20:15:48.954418;(18, 0, 5361, 253, 0, 0, 0, 0, 0, 0, 0, 0, 0, 0, 0, 0, 0, 0, 1, 0, 0)
2018-04-13 20:15:51.873553;(9, 0, 15951, 253, 0, 0, 0, 0, 0, 0, 0, 0, 0, 0, 0, 0, 0, 0, 1, 0, 0)
2018-04-13 20:15:53.675745;(13, 0, 50620, 253, 0, 0, 0, 0, 0, 0, 0, 0, 0, 0, 0, 0, 0, 0, 1, 0, 0)
2018-04-13 20:15:53.942427;(11, 0, 9883, 253, 0, 0, 0, 0, 0, 0, 0, 0, 0, 0, 0, 0, 0, 0, 1, 0, 0)
2018-04-13 20:15:55.511138;(12, 0, 65064, 253, 0, 0, 0, 0, 0, 0, 0, 0, 0, 0, 0, 0, 0, 0, 1, 0, 0)
2018-04-13 20:15:55.623197;(8, 0, 36992, 253, 0, 0, 0, 0, 0, 0, 0, 0, 0, 0, 0, 0, 0, 0, 1, 0, 0)
2018-04-13 20:15:56.200631;(6, 0, 48274, 253, 0, 0, 0, 0, 0, 0, 0, 0, 0, 0, 0, 0, 0, 0, 1, 0, 0)
2018-04-13 20:15:58.076177;(7, 0, 15770, 253, 0, 0, 0, 0, 0, 0, 0, 0, 0, 0, 0, 0, 0, 0, 1, 0, 0)
2018-04-13 20:15:58.760449;(20, 0, 43395, 253, 0, 0, 0, 0, 0, 0, 0, 0, 0, 0, 0, 0, 0, 0, 1, 0, 0)
2018-04-13 20:16:00.257901;(4, 0, 44500, 253, 0, 0, 0, 0, 0, 0, 0, 0, 0, 0, 0, 0, 0, 0, 1, 0, 0)
2018-04-13 20:16:04.943250;(11, 0, 9892, 253, 0, 0, 0, 0, 0, 0, 0, 0, 0, 0, 0, 0, 0, 0, 1, 0, 0)
2018-04-13 20:16:06.201801;(6, 0, 48283, 253, 0, 0, 0, 0, 0, 0, 0, 0, 0, 0, 0, 0, 0, 0, 1, 0, 0)
2018-04-13 20:16:09.625440;(8, 0, 37010, 253, 0, 0, 0, 0, 0, 0, 0, 0, 0, 0, 0, 0, 0, 0, 1, 0, 0)
2018-04-13 20:16:10.511995;(12, 0, 65071, 253, 0, 0, 0, 0, 0, 0, 0, 0, 0, 0, 0, 0, 0, 0, 1, 0, 0)
2018-04-13 20:16:11.211253;(14, 0, 28427, 253, 0, 0, 0, 0, 0, 0, 0, 0, 0, 0, 0, 0, 0, 0, 1, 0, 0)
2018-04-13 20:16:13.679585;(13, 0, 50627, 253, 0, 0, 0, 0, 0, 0, 0, 0, 0, 0, 0, 0, 0, 0, 1, 0, 0)
2018-04-13 20:16:13.874837;(9, 0, 15958, 253, 0, 0, 0, 0, 0, 0, 0, 0, 0, 0, 0, 0, 0, 0, 1, 0, 0)
2018-04-13 20:16:15.333415;(17, 0, 39761, 253, 0, 0, 0, 0, 0, 0, 0, 0, 0, 0, 0, 0, 0, 0, 1, 0, 0)
2018-04-13 20:16:16.100692;(16, 0, 53248, 253, 0, 0, 0, 0, 0, 0, 0, 0, 0, 0, 0, 0, 0, 0, 1, 0, 0)
2018-04-13 20:16:16.203002;(6, 0, 48285, 253, 0, 0, 0, 0, 0, 0, 0, 0, 0, 0, 0, 0, 0, 0, 1, 0, 0)
2018-04-13 20:16:17.082551;(7, 0, 15829, 253, 0, 0, 0, 0, 0, 0, 0, 0, 0, 0, 0, 0, 0, 0, 1, 0, 0)
2018-04-13 20:16:19.259454;(4, 0, 44507, 253, 0, 0, 0, 0, 0, 0, 0, 0, 0, 0, 0, 0, 0, 0, 1, 0, 0)
2018-04-13 20:16:19.956519;(18, 0, 5374, 253, 0, 0, 0, 0, 0, 0, 0, 0, 0, 0, 0, 0, 0, 0, 1, 0, 0)
2018-04-13 20:16:21.762147;(20, 0, 43402, 253, 0, 0, 0, 0, 0, 0, 0, 0, 0, 0, 0, 0, 0, 0, 1, 0, 0)
2018-04-13 20:16:25.084147;(7, 0, 15852, 253, 0, 0, 0, 0, 0, 0, 0, 0, 0, 0, 0, 0, 0, 0, 1, 0, 0)
2018-04-13 20:16:25.334463;(17, 0, 39764, 253, 0, 0, 0, 0, 0, 0, 0, 0, 0, 0, 0, 0, 0, 0, 1, 0, 0)
2018-04-13 20:16:25.946916;(11, 0, 9909, 253, 0, 0, 0, 0, 0, 0, 0, 0, 0, 0, 0, 0, 0, 0, 1, 0, 0)
2018-04-13 20:16:26.204027;(6, 0, 48287, 253, 0, 0, 0, 0, 0, 0, 0, 0, 0, 0, 0, 0, 0, 0, 1, 0, 0)
2018-04-13 20:16:30.386888;(3, 0, 65228, 253, 0, 0, 0, 0, 0, 0, 0, 0, 0, 0, 0, 0, 0, 0, 1, 0, 0)
2018-04-13 20:16:32.215610;(14, 0, 28483, 253, 0, 0, 0, 0, 0, 0, 0, 0, 0, 0, 0, 0, 0, 0, 1, 0, 0)
2018-04-13 20:16:33.681737;(13, 0, 50629, 253, 0, 0, 0, 0, 0, 0, 0, 0, 0, 0, 0, 0, 0, 0, 1, 0, 0)
2018-04-13 20:16:34.877778;(9, 0, 15960, 253, 0, 0, 0, 0, 0, 0, 0, 0, 0, 0, 0, 0, 0, 0, 1, 0, 0)
2018-04-13 20:16:35.335099;(17, 0, 39771, 253, 0, 0, 0, 0, 0, 0, 0, 0, 0, 0, 0, 0, 0, 0, 1, 0, 0)
2018-04-13 20:16:36.205680;(6, 0, 48294, 253, 0, 0, 0, 0, 0, 0, 0, 0, 0, 0, 0, 0, 0, 0, 1, 0, 0)
2018-04-13 20:16:37.262003;(4, 0, 44514, 253, 0, 0, 0, 0, 0, 0, 0, 0, 0, 0, 0, 0, 0, 0, 1, 0, 0)
2018-04-13 20:16:37.951686;(11, 0, 9916, 253, 0, 0, 0, 0, 0, 0, 0, 0, 0, 0, 0, 0, 0, 0, 1, 0, 0)
2018-04-13 20:16:40.958946;(18, 0, 5383, 253, 0, 0, 0, 0, 0, 0, 0, 0, 0, 0, 0, 0, 0, 0, 1, 0, 0)
2018-04-13 20:16:46.207079;(6, 0, 48296, 253, 0, 0, 0, 0, 0, 0, 0, 0, 0, 0, 0, 0, 0, 0, 1, 0, 0)
2018-04-13 20:16:51.217974;(14, 0, 28486, 253, 0, 0, 0, 0, 0, 0, 0, 0, 0, 0, 0, 0, 0, 0, 1, 0, 0)
2018-04-13 20:16:51.392048;(3, 0, 65288, 253, 0, 0, 0, 0, 0, 0, 0, 0, 0, 0, 0, 0, 0, 0, 1, 0, 0)
2018-04-13 20:16:51.488305;(15, 0, 22065, 253, 0, 0, 0, 0, 0, 0, 0, 0, 0, 0, 0, 0, 0, 0, 1, 0, 0)
2018-04-13 20:16:53.633736;(8, 0, 37116, 253, 0, 0, 0, 0, 0, 0, 0, 0, 0, 0, 0, 0, 0, 0, 1, 0, 0)
2018-04-13 20:16:54.683494;(13, 0, 50636, 253, 0, 0, 0, 0, 0, 0, 0, 0, 0, 0, 0, 0, 0, 0, 1, 0, 0)
2018-04-13 20:16:55.264197;(4, 0, 44516, 253, 0, 0, 0, 0, 0, 0, 0, 0, 0, 0, 0, 0, 0, 0, 1, 0, 0)
2018-04-13 20:16:56.208106;(6, 0, 48298, 253, 0, 0, 0, 0, 0, 0, 0, 0, 0, 0, 0, 0, 0, 0, 1, 0, 0)
2018-04-13 20:16:56.768973;(20, 0, 43511, 253, 0, 0, 0, 0, 0, 0, 0, 0, 0, 0, 0, 0, 0, 0, 1, 0, 0)
2018-04-13 20:16:56.881582;(9, 0, 15967, 253, 0, 0, 0, 0, 0, 0, 0, 0, 0, 0, 0, 0, 0, 0, 1, 0, 0)
2018-04-13 20:16:59.801446;(21, 0, 32736, 253, 0, 0, 0, 0, 0, 0, 0, 0, 0, 0, 0, 0, 0, 0, 1, 0, 0)
2018-04-13 20:17:01.963955;(18, 0, 5385, 253, 0, 0, 0, 0, 0, 0, 0, 0, 0, 0, 0, 0, 0, 0, 1, 0, 0)
2018-04-13 20:17:03.091606;(7, 0, 15911, 253, 0, 0, 0, 0, 0, 0, 0, 0, 0, 0, 0, 0, 0, 0, 1, 0, 0)
2018-04-13 20:17:05.107712;(16, 0, 53284, 253, 0, 0, 0, 0, 0, 0, 0, 0, 0, 0, 0, 0, 0, 0, 1, 0, 0)
2018-04-13 20:17:11.636993;(8, 0, 37200, 253, 0, 0, 0, 0, 0, 0, 0, 0, 0, 0, 0, 0, 0, 0, 1, 0, 0)
2018-04-13 20:17:13.265752;(4, 0, 44523, 253, 0, 0, 0, 0, 0, 0, 0, 0, 0, 0, 0, 0, 0, 0, 1, 0, 0)
2018-04-13 20:17:14.684768;(13, 0, 50643, 253, 0, 0, 0, 0, 0, 0, 0, 0, 0, 0, 0, 0, 0, 0, 1, 0, 0)
2018-04-13 20:17:17.094459;(7, 0, 15914, 253, 0, 0, 0, 0, 0, 0, 0, 0, 0, 0, 0, 0, 0, 0, 1, 0, 0)
2018-04-13 20:17:17.883397;(9, 0, 15974, 253, 0, 0, 0, 0, 0, 0, 0, 0, 0, 0, 0, 0, 0, 0, 1, 0, 0)
2018-04-13 20:17:19.772429;(20, 0, 43527, 253, 0, 0, 0, 0, 0, 0, 0, 0, 0, 0, 0, 0, 0, 0, 1, 0, 0)
2018-04-13 20:17:19.966215;(18, 0, 5394, 253, 0, 0, 0, 0, 0, 0, 0, 0, 0, 0, 0, 0, 0, 0, 1, 0, 0)
2018-04-13 20:17:20.341900;(17, 0, 39856, 253, 0, 0, 0, 0, 0, 0, 0, 0, 0, 0, 0, 0, 0, 0, 1, 0, 0)
2018-04-13 20:17:21.221896;(14, 0, 28519, 253, 0, 0, 0, 0, 0, 0, 0, 0, 0, 0, 0, 0, 0, 0, 1, 0, 0)
2018-04-13 20:17:22.524424;(12, 0, 65229, 253, 0, 0, 0, 0, 0, 0, 0, 0, 0, 0, 0, 0, 0, 0, 1, 0, 0)
2018-04-13 20:17:25.214467;(6, 0, 48337, 253, 0, 0, 0, 0, 0, 0, 0, 0, 0, 0, 0, 0, 0, 0, 1, 0, 0)
2018-04-13 20:17:27.638929;(8, 0, 37203, 253, 0, 0, 0, 0, 0, 0, 0, 0, 0, 0, 0, 0, 0, 0, 1, 0, 0)
2018-04-13 20:17:27.959304;(11, 0, 10033, 253, 0, 0, 0, 0, 0, 0, 0, 0, 0, 0, 0, 0, 0, 0, 1, 0, 0)
2018-04-13 20:17:30.110455;(16, 0, 53292, 253, 0, 0, 0, 0, 0, 0, 0, 0, 0, 0, 0, 0, 0, 0, 1, 0, 0)
2018-04-13 20:17:31.267066;(4, 0, 44525, 253, 0, 0, 0, 0, 0, 0, 0, 0, 0, 0, 0, 0, 0, 0, 1, 0, 0)
2018-04-13 20:17:33.967837;(18, 0, 5402, 253, 0, 0, 0, 0, 0, 0, 0, 0, 0, 0, 0, 0, 0, 0, 1, 0, 0)
2018-04-13 20:17:34.687112;(13, 0, 50645, 253, 0, 0, 0, 0, 0, 0, 0, 0, 0, 0, 0, 0, 0, 0, 1, 0, 0)
2018-04-13 20:17:39.345937;(17, 0, 39864, 253, 0, 0, 0, 0, 0, 0, 0, 0, 0, 0, 0, 0, 0, 0, 1, 0, 0)
2018-04-13 20:17:39.525371;(12, 0, 65237, 253, 0, 0, 0, 0, 0, 0, 0, 0, 0, 0, 0, 0, 0, 0, 1, 0, 0)
2018-04-13 20:17:39.885917;(9, 0, 15981, 253, 0, 0, 0, 0, 0, 0, 0, 0, 0, 0, 0, 0, 0, 0, 1, 0, 0)
2018-04-13 20:17:41.098663;(7, 0, 15954, 253, 0, 0, 0, 0, 0, 0, 0, 0, 0, 0, 0, 0, 0, 0, 1, 0, 0)
2018-04-13 20:17:41.215498;(6, 0, 48346, 253, 0, 0, 0, 0, 0, 0, 0, 0, 0, 0, 0, 0, 0, 0, 1, 0, 0)
2018-04-13 20:17:47.776173;(20, 0, 43547, 253, 0, 0, 0, 0, 0, 0, 0, 0, 0, 0, 0, 0, 0, 0, 1, 0, 0)
2018-04-13 20:17:47.960736;(11, 0, 10041, 253, 0, 0, 0, 0, 0, 0, 0, 0, 0, 0, 0, 0, 0, 0, 1, 0, 0)
2018-04-13 20:17:47.968820;(18, 0, 5404, 253, 0, 0, 0, 0, 0, 0, 0, 0, 0, 0, 0, 0, 0, 0, 1, 0, 0)
2018-04-13 20:17:49.526515;(12, 0, 65244, 253, 0, 0, 0, 0, 0, 0, 0, 0, 0, 0, 0, 0, 0, 0, 1, 0, 0)
2018-04-13 20:17:50.269404;(4, 0, 44532, 253, 0, 0, 0, 0, 0, 0, 0, 0, 0, 0, 0, 0, 0, 0, 1, 0, 0)
2018-04-13 20:17:54.227868;(14, 0, 28565, 253, 0, 0, 0, 0, 0, 0, 0, 0, 0, 0, 0, 0, 0, 0, 1, 0, 0)
2018-04-13 20:17:54.689886;(13, 0, 50652, 253, 0, 0, 0, 0, 0, 0, 0, 0, 0, 0, 0, 0, 0, 0, 1, 0, 0)
2018-04-13 20:17:57.347706;(17, 0, 39866, 253, 0, 0, 0, 0, 0, 0, 0, 0, 0, 0, 0, 0, 0, 0, 1, 0, 0)
2018-04-13 20:17:59.100164;(7, 0, 15957, 253, 0, 0, 0, 0, 0, 0, 0, 0, 0, 0, 0, 0, 0, 0, 1, 0, 0)
2018-04-13 20:17:59.506484;(15, 0, 22417, 253, 0, 0, 0, 0, 0, 0, 0, 0, 0, 0, 0, 0, 0, 0, 1, 0, 0)
2018-04-13 20:18:01.887684;(9, 0, 15983, 253, 0, 0, 0, 0, 0, 0, 0, 0, 0, 0, 0, 0, 0, 0, 1, 0, 0)
2018-04-13 20:18:04.970294;(18, 0, 5416, 253, 0, 0, 0, 0, 0, 0, 0, 0, 0, 0, 0, 0, 0, 0, 1, 0, 0)
2018-04-13 20:18:05.962321;(11, 0, 10052, 253, 0, 0, 0, 0, 0, 0, 0, 0, 0, 0, 0, 0, 0, 0, 1, 0, 0)
2018-04-13 20:18:08.270811;(4, 0, 44539, 253, 0, 0, 0, 0, 0, 0, 0, 0, 0, 0, 0, 0, 0, 0, 1, 0, 0)
2018-04-13 20:18:08.778749;(20, 0, 43556, 253, 0, 0, 0, 0, 0, 0, 0, 0, 0, 0, 0, 0, 0, 0, 1, 0, 0)
2018-04-13 20:18:09.529598;(12, 0, 65285, 253, 0, 0, 0, 0, 0, 0, 0, 0, 0, 0, 0, 0, 0, 0, 1, 0, 0)
2018-04-13 20:18:13.222063;(6, 0, 48358, 253, 0, 0, 0, 0, 0, 0, 0, 0, 0, 0, 0, 0, 0, 0, 1, 0, 0)
2018-04-13 20:18:14.970907;(18, 0, 5419, 253, 0, 0, 0, 0, 0, 0, 0, 0, 0, 0, 0, 0, 0, 0, 1, 0, 0)
2018-04-13 20:18:15.350485;(17, 0, 39873, 253, 0, 0, 0, 0, 0, 0, 0, 0, 0, 0, 0, 0, 0, 0, 1, 0, 0)
2018-04-13 20:18:15.691556;(13, 0, 50659, 253, 0, 0, 0, 0, 0, 0, 0, 0, 0, 0, 0, 0, 0, 0, 1, 0, 0)
2018-04-13 20:18:19.231142;(14, 0, 28590, 253, 0, 0, 0, 0, 0, 0, 0, 0, 0, 0, 0, 0, 0, 0, 1, 0, 0)
2018-04-13 20:18:19.964555;(11, 0, 10055, 253, 0, 0, 0, 0, 0, 0, 0, 0, 0, 0, 0, 0, 0, 0, 1, 0, 0)
2018-04-13 20:18:20.646793;(8, 0, 37276, 253, 0, 0, 0, 0, 0, 0, 0, 0, 0, 0, 0, 0, 0, 0, 1, 0, 0)
2018-04-13 20:18:22.509285;(15, 0, 22446, 253, 0, 0, 0, 0, 0, 0, 0, 0, 0, 0, 0, 0, 0, 0, 1, 0, 0)
2018-04-13 20:18:22.890986;(9, 0, 15990, 253, 0, 0, 0, 0, 0, 0, 0, 0, 0, 0, 0, 0, 0, 0, 1, 0, 0)
2018-04-13 20:18:26.226499;(6, 0, 48362, 253, 0, 0, 0, 0, 0, 0, 0, 0, 0, 0, 0, 0, 0, 0, 1, 0, 0)
2018-04-13 20:18:26.272224;(4, 0, 44541, 253, 0, 0, 0, 0, 0, 0, 0, 0, 0, 0, 0, 0, 0, 0, 1, 0, 0)
2018-04-13 20:18:27.531264;(12, 0, 65299, 253, 0, 0, 0, 0, 0, 0, 0, 0, 0, 0, 0, 0, 0, 0, 1, 0, 0)
2018-04-13 20:18:28.118119;(16, 0, 53323, 253, 0, 0, 0, 0, 0, 0, 0, 0, 0, 0, 0, 0, 0, 0, 1, 0, 0)
2018-04-13 20:18:28.965108;(11, 0, 10063, 253, 0, 0, 0, 0, 0, 0, 0, 0, 0, 0, 0, 0, 0, 0, 1, 0, 0)
2018-04-13 20:18:33.355264;(17, 0, 39875, 253, 0, 0, 0, 0, 0, 0, 0, 0, 0, 0, 0, 0, 0, 0, 1, 0, 0)
2018-04-13 20:18:35.694292;(13, 0, 50661, 253, 0, 0, 0, 0, 0, 0, 0, 0, 0, 0, 0, 0, 0, 0, 1, 0, 0)
2018-04-13 20:18:37.233148;(14, 0, 28597, 253, 0, 0, 0, 0, 0, 0, 0, 0, 0, 0, 0, 0, 0, 0, 1, 0, 0)
2018-04-13 20:18:37.651123;(8, 0, 37284, 253, 0, 0, 0, 0, 0, 0, 0, 0, 0, 0, 0, 0, 0, 0, 1, 0, 0)
2018-04-13 20:18:37.965633;(11, 0, 10066, 253, 0, 0, 0, 0, 0, 0, 0, 0, 0, 0, 0, 0, 0, 0, 1, 0, 0)
2018-04-13 20:18:39.227314;(6, 0, 48369, 253, 0, 0, 0, 0, 0, 0, 0, 0, 0, 0, 0, 0, 0, 0, 1, 0, 0)
2018-04-13 20:18:39.974728;(18, 0, 5468, 253, 0, 0, 0, 0, 0, 0, 0, 0, 0, 0, 0, 0, 0, 0, 1, 0, 0)
2018-04-13 20:18:41.510511;(15, 0, 22455, 253, 0, 0, 0, 0, 0, 0, 0, 0, 0, 0, 0, 0, 0, 0, 1, 0, 0)
2018-04-13 20:18:43.532175;(12, 0, 65308, 253, 0, 0, 0, 0, 0, 0, 0, 0, 0, 0, 0, 0, 0, 0, 1, 0, 0)
2018-04-13 20:18:44.274645;(4, 0, 44548, 253, 0, 0, 0, 0, 0, 0, 0, 0, 0, 0, 0, 0, 0, 0, 1, 0, 0)
2018-04-13 20:18:44.892489;(9, 0, 15997, 253, 0, 0, 0, 0, 0, 0, 0, 0, 0, 0, 0, 0, 0, 0, 1, 0, 0)
2018-04-13 20:18:45.966108;(11, 0, 10068, 253, 0, 0, 0, 0, 0, 0, 0, 0, 0, 0, 0, 0, 0, 0, 1, 0, 0)
2018-04-13 20:18:51.121446;(16, 0, 53331, 253, 0, 0, 0, 0, 0, 0, 0, 0, 0, 0, 0, 0, 0, 0, 1, 0, 0)
2018-04-13 20:18:52.360072;(17, 0, 39882, 253, 0, 0, 0, 0, 0, 0, 0, 0, 0, 0, 0, 0, 0, 0, 1, 0, 0)
2018-04-13 20:18:53.231194;(6, 0, 48371, 253, 0, 0, 0, 0, 0, 0, 0, 0, 0, 0, 0, 0, 0, 0, 1, 0, 0)
2018-04-13 20:18:54.654471;(8, 0, 37286, 253, 0, 0, 0, 0, 0, 0, 0, 0, 0, 0, 0, 0, 0, 0, 1, 0, 0)
2018-04-13 20:18:54.966856;(11, 0, 10070, 253, 0, 0, 0, 0, 0, 0, 0, 0, 0, 0, 0, 0, 0, 0, 1, 0, 0)
2018-04-13 20:18:55.696074;(13, 0, 50668, 253, 0, 0, 0, 0, 0, 0, 0, 0, 0, 0, 0, 0, 0, 0, 1, 0, 0)
2018-04-13 20:18:56.234323;(14, 0, 28599, 253, 0, 0, 0, 0, 0, 0, 0, 0, 0, 0, 0, 0, 0, 0, 1, 0, 0)
2018-04-13 20:18:56.512016;(15, 0, 22466, 253, 0, 0, 0, 0, 0, 0, 0, 0, 0, 0, 0, 0, 0, 0, 1, 0, 0)
2018-04-13 20:18:58.976283;(18, 0, 5471, 253, 0, 0, 0, 0, 0, 0, 0, 0, 0, 0, 0, 0, 0, 0, 1, 0, 0)
2018-04-13 20:19:00.533430;(12, 0, 65310, 253, 0, 0, 0, 0, 0, 0, 0, 0, 0, 0, 0, 0, 0, 0, 1, 0, 0)
2018-04-13 20:19:02.277526;(4, 0, 44550, 253, 0, 0, 0, 0, 0, 0, 0, 0, 0, 0, 0, 0, 0, 0, 1, 0, 0)
2018-04-13 20:19:02.967320;(11, 0, 10076, 253, 0, 0, 0, 0, 0, 0, 0, 0, 0, 0, 0, 0, 0, 0, 1, 0, 0)
2018-04-13 20:19:04.119095;(7, 0, 16292, 253, 0, 0, 0, 0, 0, 0, 0, 0, 0, 0, 0, 0, 0, 0, 1, 0, 0)
2018-04-13 20:19:05.894252;(9, 0, 15999, 253, 0, 0, 0, 0, 0, 0, 0, 0, 0, 0, 0, 0, 0, 0, 1, 0, 0)
2018-04-13 20:19:06.232945;(6, 0, 48378, 253, 0, 0, 0, 0, 0, 0, 0, 0, 0, 0, 0, 0, 0, 0, 1, 0, 0)
2018-04-13 20:19:10.362061;(17, 0, 39889, 253, 0, 0, 0, 0, 0, 0, 0, 0, 0, 0, 0, 0, 0, 0, 1, 0, 0)
2018-04-13 20:19:12.657900;(8, 0, 37293, 253, 0, 0, 0, 0, 0, 0, 0, 0, 0, 0, 0, 0, 0, 0, 1, 0, 0)
2018-04-13 20:19:13.122717;(16, 0, 53338, 253, 0, 0, 0, 0, 0, 0, 0, 0, 0, 0, 0, 0, 0, 0, 1, 0, 0)
2018-04-13 20:19:14.235891;(14, 0, 28605, 253, 0, 0, 0, 0, 0, 0, 0, 0, 0, 0, 0, 0, 0, 0, 1, 0, 0)
2018-04-13 20:19:15.698390;(13, 0, 50675, 253, 0, 0, 0, 0, 0, 0, 0, 0, 0, 0, 0, 0, 0, 0, 1, 0, 0)
2018-04-13 20:19:16.534386;(12, 0, 65317, 253, 0, 0, 0, 0, 0, 0, 0, 0, 0, 0, 0, 0, 0, 0, 1, 0, 0)
2018-04-13 20:19:17.515213;(15, 0, 22474, 253, 0, 0, 0, 0, 0, 0, 0, 0, 0, 0, 0, 0, 0, 0, 1, 0, 0)
2018-04-13 20:19:17.978117;(18, 0, 5478, 253, 0, 0, 0, 0, 0, 0, 0, 0, 0, 0, 0, 0, 0, 0, 1, 0, 0)
2018-04-13 20:19:19.235609;(6, 0, 48380, 253, 0, 0, 0, 0, 0, 0, 0, 0, 0, 0, 0, 0, 0, 0, 1, 0, 0)
2018-04-13 20:19:20.280450;(4, 0, 44557, 253, 0, 0, 0, 0, 0, 0, 0, 0, 0, 0, 0, 0, 0, 0, 1, 0, 0)
2018-04-13 20:19:27.896004;(9, 0, 16006, 253, 0, 0, 0, 0, 0, 0, 0, 0, 0, 0, 0, 0, 0, 0, 1, 0, 0)
2018-04-13 20:19:28.365448;(17, 0, 39891, 253, 0, 0, 0, 0, 0, 0, 0, 0, 0, 0, 0, 0, 0, 0, 1, 0, 0)
2018-04-13 20:19:28.972577;(11, 0, 10095, 253, 0, 0, 0, 0, 0, 0, 0, 0, 0, 0, 0, 0, 0, 0, 1, 0, 0)
2018-04-13 20:19:29.123199;(7, 0, 16306, 253, 0, 0, 0, 0, 0, 0, 0, 0, 0, 0, 0, 0, 0, 0, 1, 0, 0)
2018-04-13 20:19:32.535633;(12, 0, 65319, 253, 0, 0, 0, 0, 0, 0, 0, 0, 0, 0, 0, 0, 0, 0, 1, 0, 0)
2018-04-13 20:19:34.798904;(20, 0, 43779, 253, 0, 0, 0, 0, 0, 0, 0, 0, 0, 0, 0, 0, 0, 0, 1, 0, 0)
2018-04-13 20:19:35.125521;(16, 0, 53340, 253, 0, 0, 0, 0, 0, 0, 0, 0, 0, 0, 0, 0, 0, 0, 1, 0, 0)
2018-04-13 20:19:35.433823;(3, 0, 651, 253, 0, 0, 0, 0, 0, 0, 0, 0, 0, 0, 0, 0, 0, 0, 1, 0, 0)
2018-04-13 20:19:35.982657;(18, 0, 5481, 253, 0, 0, 0, 0, 0, 0, 0, 0, 0, 0, 0, 0, 0, 0, 1, 0, 0)
2018-04-13 20:19:36.700416;(13, 0, 50677, 253, 0, 0, 0, 0, 0, 0, 0, 0, 0, 0, 0, 0, 0, 0, 1, 0, 0)
2018-04-13 20:19:37.973069;(11, 0, 10102, 253, 0, 0, 0, 0, 0, 0, 0, 0, 0, 0, 0, 0, 0, 0, 1, 0, 0)
2018-04-13 20:19:38.517913;(15, 0, 22479, 253, 0, 0, 0, 0, 0, 0, 0, 0, 0, 0, 0, 0, 0, 0, 1, 0, 0)
2018-04-13 20:19:39.288006;(4, 0, 44564, 253, 0, 0, 0, 0, 0, 0, 0, 0, 0, 0, 0, 0, 0, 0, 1, 0, 0)
2018-04-13 20:19:43.238596;(6, 0, 48392, 253, 0, 0, 0, 0, 0, 0, 0, 0, 0, 0, 0, 0, 0, 0, 1, 0, 0)
2018-04-13 20:19:45.125193;(7, 0, 16344, 253, 0, 0, 0, 0, 0, 0, 0, 0, 0, 0, 0, 0, 0, 0, 1, 0, 0)
2018-04-13 20:19:46.366262;(17, 0, 39898, 253, 0, 0, 0, 0, 0, 0, 0, 0, 0, 0, 0, 0, 0, 0, 1, 0, 0)
2018-04-13 20:19:47.240205;(14, 0, 28625, 253, 0, 0, 0, 0, 0, 0, 0, 0, 0, 0, 0, 0, 0, 0, 1, 0, 0)
2018-04-13 20:19:47.973821;(11, 0, 10104, 253, 0, 0, 0, 0, 0, 0, 0, 0, 0, 0, 0, 0, 0, 0, 1, 0, 0)
2018-04-13 20:19:48.899422;(9, 0, 16013, 253, 0, 0, 0, 0, 0, 0, 0, 0, 0, 0, 0, 0, 0, 0, 1, 0, 0)
2018-04-13 20:19:49.536831;(12, 0, 65326, 253, 0, 0, 0, 0, 0, 0, 0, 0, 0, 0, 0, 0, 0, 0, 1, 0, 0)
2018-04-13 20:19:49.663520;(8, 0, 37308, 253, 0, 0, 0, 0, 0, 0, 0, 0, 0, 0, 0, 0, 0, 0, 1, 0, 0)
2018-04-13 20:19:53.435062;(3, 0, 654, 253, 0, 0, 0, 0, 0, 0, 0, 0, 0, 0, 0, 0, 0, 0, 1, 0, 0)
2018-04-13 20:19:54.985864;(18, 0, 5487, 253, 0, 0, 0, 0, 0, 0, 0, 0, 0, 0, 0, 0, 0, 0, 1, 0, 0)
2018-04-13 20:19:55.239807;(6, 0, 48395, 253, 0, 0, 0, 0, 0, 0, 0, 0, 0, 0, 0, 0, 0, 0, 1, 0, 0)
2018-04-13 20:19:55.802732;(20, 0, 43787, 253, 0, 0, 0, 0, 0, 0, 0, 0, 0, 0, 0, 0, 0, 0, 1, 0, 0)
2018-04-13 20:19:56.706020;(13, 0, 50684, 253, 0, 0, 0, 0, 0, 0, 0, 0, 0, 0, 0, 0, 0, 0, 1, 0, 0)
2018-04-13 20:19:57.289474;(4, 0, 44566, 253, 0, 0, 0, 0, 0, 0, 0, 0, 0, 0, 0, 0, 0, 0, 1, 0, 0)
2018-04-13 20:19:57.974359;(11, 0, 10110, 253, 0, 0, 0, 0, 0, 0, 0, 0, 0, 0, 0, 0, 0, 0, 1, 0, 0)
2018-04-13 20:19:58.127177;(16, 0, 53347, 253, 0, 0, 0, 0, 0, 0, 0, 0, 0, 0, 0, 0, 0, 0, 1, 0, 0)
2018-04-13 20:19:59.519636;(15, 0, 22483, 253, 0, 0, 0, 0, 0, 0, 0, 0, 0, 0, 0, 0, 0, 0, 1, 0, 0)
2018-04-13 20:20:04.127340;(7, 0, 16347, 253, 0, 0, 0, 0, 0, 0, 0, 0, 0, 0, 0, 0, 0, 0, 1, 0, 0)
2018-04-13 20:20:04.242053;(14, 0, 28628, 253, 0, 0, 0, 0, 0, 0, 0, 0, 0, 0, 0, 0, 0, 0, 1, 0, 0)
2018-04-13 20:20:05.367546;(17, 0, 39900, 253, 0, 0, 0, 0, 0, 0, 0, 0, 0, 0, 0, 0, 0, 0, 1, 0, 0)
2018-04-13 20:20:05.537777;(12, 0, 65333, 253, 0, 0, 0, 0, 0, 0, 0, 0, 0, 0, 0, 0, 0, 0, 1, 0, 0)
2018-04-13 20:20:07.974981;(11, 0, 10112, 253, 0, 0, 0, 0, 0, 0, 0, 0, 0, 0, 0, 0, 0, 0, 1, 0, 0)
2018-04-13 20:20:08.240686;(6, 0, 48402, 253, 0, 0, 0, 0, 0, 0, 0, 0, 0, 0, 0, 0, 0, 0, 1, 0, 0)
2018-04-13 20:20:09.665794;(8, 0, 37316, 253, 0, 0, 0, 0, 0, 0, 0, 0, 0, 0, 0, 0, 0, 0, 1, 0, 0)
2018-04-13 20:20:10.363299;(19, 0, 32973, 253, 0, 0, 0, 0, 0, 0, 0, 0, 0, 0, 0, 0, 0, 0, 1, 0, 0)
2018-04-13 20:20:10.900559;(9, 0, 16020, 253, 0, 0, 0, 0, 0, 0, 0, 0, 0, 0, 0, 0, 0, 0, 1, 0, 0)
2018-04-13 20:20:12.437035;(3, 0, 661, 253, 0, 0, 0, 0, 0, 0, 0, 0, 0, 0, 0, 0, 0, 0, 1, 0, 0)
2018-04-13 20:20:13.986832;(18, 0, 5494, 253, 0, 0, 0, 0, 0, 0, 0, 0, 0, 0, 0, 0, 0, 0, 1, 0, 0)
2018-04-13 20:20:15.291965;(4, 0, 44573, 253, 0, 0, 0, 0, 0, 0, 0, 0, 0, 0, 0, 0, 0, 0, 1, 0, 0)
2018-04-13 20:20:16.711428;(13, 0, 50691, 253, 0, 0, 0, 0, 0, 0, 0, 0, 0, 0, 0, 0, 0, 0, 1, 0, 0)
2018-04-13 20:20:17.804231;(20, 0, 43794, 253, 0, 0, 0, 0, 0, 0, 0, 0, 0, 0, 0, 0, 0, 0, 1, 0, 0)
2018-04-13 20:20:17.975522;(11, 0, 10114, 253, 0, 0, 0, 0, 0, 0, 0, 0, 0, 0, 0, 0, 0, 0, 1, 0, 0)
2018-04-13 20:20:20.130483;(16, 0, 53354, 253, 0, 0, 0, 0, 0, 0, 0, 0, 0, 0, 0, 0, 0, 0, 1, 0, 0)
2018-04-13 20:20:20.522384;(15, 0, 22490, 253, 0, 0, 0, 0, 0, 0, 0, 0, 0, 0, 0, 0, 0, 0, 1, 0, 0)
2018-04-13 20:20:21.242230;(6, 0, 48404, 253, 0, 0, 0, 0, 0, 0, 0, 0, 0, 0, 0, 0, 0, 0, 1, 0, 0)
2018-04-13 20:20:21.538884;(12, 0, 65335, 253, 0, 0, 0, 0, 0, 0, 0, 0, 0, 0, 0, 0, 0, 0, 1, 0, 0)
2018-04-13 20:20:22.243329;(14, 0, 28634, 253, 0, 0, 0, 0, 0, 0, 0, 0, 0, 0, 0, 0, 0, 0, 1, 0, 0)
2018-04-13 20:20:22.364323;(19, 0, 32981, 253, 0, 0, 0, 0, 0, 0, 0, 0, 0, 0, 0, 0, 0, 0, 1, 0, 0)
2018-04-13 20:20:23.369439;(17, 0, 39907, 253, 0, 0, 0, 0, 0, 0, 0, 0, 0, 0, 0, 0, 0, 0, 1, 0, 0)
2018-04-13 20:20:24.130765;(7, 0, 16354, 253, 0, 0, 0, 0, 0, 0, 0, 0, 0, 0, 0, 0, 0, 0, 1, 0, 0)
2018-04-13 20:20:27.976343;(11, 0, 10117, 253, 0, 0, 0, 0, 0, 0, 0, 0, 0, 0, 0, 0, 0, 0, 1, 0, 0)
2018-04-13 20:20:29.667653;(8, 0, 37318, 253, 0, 0, 0, 0, 0, 0, 0, 0, 0, 0, 0, 0, 0, 0, 1, 0, 0)
2018-04-13 20:20:30.440237;(3, 0, 663, 253, 0, 0, 0, 0, 0, 0, 0, 0, 0, 0, 0, 0, 0, 0, 1, 0, 0)
2018-04-13 20:20:32.902046;(9, 0, 16022, 253, 0, 0, 0, 0, 0, 0, 0, 0, 0, 0, 0, 0, 0, 0, 1, 0, 0)
2018-04-13 20:20:32.988123;(18, 0, 5496, 253, 0, 0, 0, 0, 0, 0, 0, 0, 0, 0, 0, 0, 0, 0, 1, 0, 0)
2018-04-13 20:20:33.242987;(6, 0, 48411, 253, 0, 0, 0, 0, 0, 0, 0, 0, 0, 0, 0, 0, 0, 0, 1, 0, 0)
2018-04-13 20:20:33.293423;(4, 0, 44575, 253, 0, 0, 0, 0, 0, 0, 0, 0, 0, 0, 0, 0, 0, 0, 1, 0, 0)
2018-04-13 20:20:33.367066;(19, 0, 32988, 253, 0, 0, 0, 0, 0, 0, 0, 0, 0, 0, 0, 0, 0, 0, 1, 0, 0)
2018-04-13 20:20:36.713401;(13, 0, 50693, 253, 0, 0, 0, 0, 0, 0, 0, 0, 0, 0, 0, 0, 0, 0, 1, 0, 0)
2018-04-13 20:20:37.977511;(11, 0, 10122, 253, 0, 0, 0, 0, 0, 0, 0, 0, 0, 0, 0, 0, 0, 0, 1, 0, 0)
2018-04-13 20:20:38.539755;(12, 0, 65342, 253, 0, 0, 0, 0, 0, 0, 0, 0, 0, 0, 0, 0, 0, 0, 1, 0, 0)
2018-04-13 20:20:39.805791;(20, 0, 43797, 253, 0, 0, 0, 0, 0, 0, 0, 0, 0, 0, 0, 0, 0, 0, 1, 0, 0)
2018-04-13 20:20:40.244316;(14, 0, 28640, 253, 0, 0, 0, 0, 0, 0, 0, 0, 0, 0, 0, 0, 0, 0, 1, 0, 0)
2018-04-13 20:20:41.371484;(17, 0, 39914, 253, 0, 0, 0, 0, 0, 0, 0, 0, 0, 0, 0, 0, 0, 0, 1, 0, 0)
2018-04-13 20:20:42.526408;(15, 0, 22497, 253, 0, 0, 0, 0, 0, 0, 0, 0, 0, 0, 0, 0, 0, 0, 1, 0, 0)
2018-04-13 20:20:43.132378;(16, 0, 53361, 253, 0, 0, 0, 0, 0, 0, 0, 0, 0, 0, 0, 0, 0, 0, 1, 0, 0)
2018-04-13 20:20:44.133134;(7, 0, 16361, 253, 0, 0, 0, 0, 0, 0, 0, 0, 0, 0, 0, 0, 0, 0, 1, 0, 0)
2018-04-13 20:20:45.369775;(19, 0, 32990, 253, 0, 0, 0, 0, 0, 0, 0, 0, 0, 0, 0, 0, 0, 0, 1, 0, 0)
2018-04-13 20:20:46.243802;(6, 0, 48413, 253, 0, 0, 0, 0, 0, 0, 0, 0, 0, 0, 0, 0, 0, 0, 1, 0, 0)
2018-04-13 20:20:47.978156;(11, 0, 10124, 253, 0, 0, 0, 0, 0, 0, 0, 0, 0, 0, 0, 0, 0, 0, 1, 0, 0)
2018-04-13 20:20:48.443405;(3, 0, 670, 253, 0, 0, 0, 0, 0, 0, 0, 0, 0, 0, 0, 0, 0, 0, 1, 0, 0)
2018-04-13 20:20:49.669533;(8, 0, 37325, 253, 0, 0, 0, 0, 0, 0, 0, 0, 0, 0, 0, 0, 0, 0, 1, 0, 0)
2018-04-13 20:20:50.990569;(18, 0, 5503, 253, 0, 0, 0, 0, 0, 0, 0, 0, 0, 0, 0, 0, 0, 0, 1, 0, 0)
2018-04-13 20:20:51.301650;(4, 0, 44582, 253, 0, 0, 0, 0, 0, 0, 0, 0, 0, 0, 0, 0, 0, 0, 1, 0, 0)
2018-04-13 20:20:53.903478;(9, 0, 16029, 253, 0, 0, 0, 0, 0, 0, 0, 0, 0, 0, 0, 0, 0, 0, 1, 0, 0)
2018-04-13 20:20:54.541636;(12, 0, 65344, 253, 0, 0, 0, 0, 0, 0, 0, 0, 0, 0, 0, 0, 0, 0, 1, 0, 0)
2018-04-13 20:20:57.246193;(14, 0, 28642, 253, 0, 0, 0, 0, 0, 0, 0, 0, 0, 0, 0, 0, 0, 0, 1, 0, 0)
2018-04-13 20:20:57.370988;(19, 0, 32992, 253, 0, 0, 0, 0, 0, 0, 0, 0, 0, 0, 0, 0, 0, 0, 1, 0, 0)
2018-04-13 20:20:57.715125;(13, 0, 50700, 253, 0, 0, 0, 0, 0, 0, 0, 0, 0, 0, 0, 0, 0, 0, 1, 0, 0)
2018-04-13 20:20:57.978935;(11, 0, 10126, 253, 0, 0, 0, 0, 0, 0, 0, 0, 0, 0, 0, 0, 0, 0, 1, 0, 0)
2018-04-13 20:20:58.244823;(6, 0, 48415, 253, 0, 0, 0, 0, 0, 0, 0, 0, 0, 0, 0, 0, 0, 0, 1, 0, 0)
2018-04-13 20:20:59.373702;(17, 0, 39916, 253, 0, 0, 0, 0, 0, 0, 0, 0, 0, 0, 0, 0, 0, 0, 1, 0, 0)
2018-04-13 20:21:01.807526;(20, 0, 43803, 253, 0, 0, 0, 0, 0, 0, 0, 0, 0, 0, 0, 0, 0, 0, 1, 0, 0)
2018-04-13 20:21:03.135147;(7, 0, 16363, 253, 0, 0, 0, 0, 0, 0, 0, 0, 0, 0, 0, 0, 0, 0, 1, 0, 0)
2018-04-13 20:21:03.527875;(15, 0, 22499, 253, 0, 0, 0, 0, 0, 0, 0, 0, 0, 0, 0, 0, 0, 0, 1, 0, 0)
2018-04-13 20:21:05.136406;(16, 0, 53363, 253, 0, 0, 0, 0, 0, 0, 0, 0, 0, 0, 0, 0, 0, 0, 1, 0, 0)
2018-04-13 20:21:07.446211;(3, 0, 673, 253, 0, 0, 0, 0, 0, 0, 0, 0, 0, 0, 0, 0, 0, 0, 1, 0, 0)
2018-04-13 20:21:07.979459;(11, 0, 10132, 253, 0, 0, 0, 0, 0, 0, 0, 0, 0, 0, 0, 0, 0, 0, 1, 0, 0)
2018-04-13 20:21:09.371694;(19, 0, 32999, 253, 0, 0, 0, 0, 0, 0, 0, 0, 0, 0, 0, 0, 0, 0, 1, 0, 0)
2018-04-13 20:21:09.991545;(18, 0, 5510, 253, 0, 0, 0, 0, 0, 0, 0, 0, 0, 0, 0, 0, 0, 0, 1, 0, 0)
2018-04-13 20:21:10.303069;(4, 0, 44589, 253, 0, 0, 0, 0, 0, 0, 0, 0, 0, 0, 0, 0, 0, 0, 1, 0, 0)
2018-04-13 20:21:10.670906;(8, 0, 37332, 253, 0, 0, 0, 0, 0, 0, 0, 0, 0, 0, 0, 0, 0, 0, 1, 0, 0)
2018-04-13 20:21:11.245624;(6, 0, 48422, 253, 0, 0, 0, 0, 0, 0, 0, 0, 0, 0, 0, 0, 0, 0, 1, 0, 0)
2018-04-13 20:21:11.543065;(12, 0, 65351, 253, 0, 0, 0, 0, 0, 0, 0, 0, 0, 0, 0, 0, 0, 0, 1, 0, 0)
2018-04-13 20:21:15.247053;(14, 0, 28648, 253, 0, 0, 0, 0, 0, 0, 0, 0, 0, 0, 0, 0, 0, 0, 1, 0, 0)
2018-04-13 20:21:15.905442;(9, 0, 16036, 253, 0, 0, 0, 0, 0, 0, 0, 0, 0, 0, 0, 0, 0, 0, 1, 0, 0)
2018-04-13 20:21:17.716654;(13, 0, 50707, 253, 0, 0, 0, 0, 0, 0, 0, 0, 0, 0, 0, 0, 0, 0, 1, 0, 0)
2018-04-13 20:21:17.980710;(11, 0, 10134, 253, 0, 0, 0, 0, 0, 0, 0, 0, 0, 0, 0, 0, 0, 0, 1, 0, 0)
2018-04-13 20:21:18.374665;(17, 0, 39923, 253, 0, 0, 0, 0, 0, 0, 0, 0, 0, 0, 0, 0, 0, 0, 1, 0, 0)
2018-04-13 20:21:21.373742;(19, 0, 33001, 253, 0, 0, 0, 0, 0, 0, 0, 0, 0, 0, 0, 0, 0, 0, 1, 0, 0)
2018-04-13 20:21:22.809248;(20, 0, 43810, 253, 0, 0, 0, 0, 0, 0, 0, 0, 0, 0, 0, 0, 0, 0, 1, 0, 0)
2018-04-13 20:21:23.137484;(7, 0, 16370, 253, 0, 0, 0, 0, 0, 0, 0, 0, 0, 0, 0, 0, 0, 0, 1, 0, 0)
2018-04-13 20:21:24.246877;(6, 0, 48424, 253, 0, 0, 0, 0, 0, 0, 0, 0, 0, 0, 0, 0, 0, 0, 1, 0, 0)
2018-04-13 20:21:24.530283;(15, 0, 22506, 253, 0, 0, 0, 0, 0, 0, 0, 0, 0, 0, 0, 0, 0, 0, 1, 0, 0)
2018-04-13 20:21:25.452310;(3, 0, 679, 253, 0, 0, 0, 0, 0, 0, 0, 0, 0, 0, 0, 0, 0, 0, 1, 0, 0)
2018-04-13 20:21:26.981431;(11, 0, 10136, 253, 0, 0, 0, 0, 0, 0, 0, 0, 0, 0, 0, 0, 0, 0, 1, 0, 0)
2018-04-13 20:21:27.138954;(16, 0, 53370, 253, 0, 0, 0, 0, 0, 0, 0, 0, 0, 0, 0, 0, 0, 0, 1, 0, 0)
2018-04-13 20:21:27.544821;(12, 0, 65353, 253, 0, 0, 0, 0, 0, 0, 0, 0, 0, 0, 0, 0, 0, 0, 1, 0, 0)
2018-04-13 20:21:28.307911;(4, 0, 44591, 253, 0, 0, 0, 0, 0, 0, 0, 0, 0, 0, 0, 0, 0, 0, 1, 0, 0)
2018-04-13 20:21:28.992789;(18, 0, 5512, 253, 0, 0, 0, 0, 0, 0, 0, 0, 0, 0, 0, 0, 0, 0, 1, 0, 0)
2018-04-13 20:21:30.673938;(8, 0, 37334, 253, 0, 0, 0, 0, 0, 0, 0, 0, 0, 0, 0, 0, 0, 0, 1, 0, 0)
2018-04-13 20:21:32.248368;(14, 0, 28650, 253, 0, 0, 0, 0, 0, 0, 0, 0, 0, 0, 0, 0, 0, 0, 1, 0, 0)
2018-04-13 20:21:33.374889;(19, 0, 33008, 253, 0, 0, 0, 0, 0, 0, 0, 0, 0, 0, 0, 0, 0, 0, 1, 0, 0)
2018-04-13 20:21:36.248457;(6, 0, 48431, 253, 0, 0, 0, 0, 0, 0, 0, 0, 0, 0, 0, 0, 0, 0, 1, 0, 0)
2018-04-13 20:21:36.376161;(17, 0, 39926, 253, 0, 0, 0, 0, 0, 0, 0, 0, 0, 0, 0, 0, 0, 0, 1, 0, 0)
2018-04-13 20:21:36.906848;(9, 0, 16038, 253, 0, 0, 0, 0, 0, 0, 0, 0, 0, 0, 0, 0, 0, 0, 1, 0, 0)
2018-04-13 20:21:36.982097;(11, 0, 10142, 253, 0, 0, 0, 0, 0, 0, 0, 0, 0, 0, 0, 0, 0, 0, 1, 0, 0)
2018-04-13 20:21:37.719975;(13, 0, 50710, 253, 0, 0, 0, 0, 0, 0, 0, 0, 0, 0, 0, 0, 0, 0, 1, 0, 0)
2018-04-13 20:21:43.138995;(7, 0, 16377, 253, 0, 0, 0, 0, 0, 0, 0, 0, 0, 0, 0, 0, 0, 0, 1, 0, 0)
2018-04-13 20:21:43.546728;(12, 0, 65360, 253, 0, 0, 0, 0, 0, 0, 0, 0, 0, 0, 0, 0, 0, 0, 1, 0, 0)
2018-04-13 20:21:44.375528;(19, 0, 33010, 253, 0, 0, 0, 0, 0, 0, 0, 0, 0, 0, 0, 0, 0, 0, 1, 0, 0)
2018-04-13 20:21:44.455799;(3, 0, 686, 253, 0, 0, 0, 0, 0, 0, 0, 0, 0, 0, 0, 0, 0, 0, 1, 0, 0)
2018-04-13 20:21:44.811256;(20, 0, 43817, 253, 0, 0, 0, 0, 0, 0, 0, 0, 0, 0, 0, 0, 0, 0, 1, 0, 0)
2018-04-13 20:21:45.532981;(15, 0, 22513, 253, 0, 0, 0, 0, 0, 0, 0, 0, 0, 0, 0, 0, 0, 0, 1, 0, 0)
2018-04-13 20:21:46.310805;(4, 0, 44598, 253, 0, 0, 0, 0, 0, 0, 0, 0, 0, 0, 0, 0, 0, 0, 1, 0, 0)
2018-04-13 20:21:46.982614;(11, 0, 10144, 253, 0, 0, 0, 0, 0, 0, 0, 0, 0, 0, 0, 0, 0, 0, 1, 0, 0)
2018-04-13 20:21:46.994002;(18, 0, 5519, 253, 0, 0, 0, 0, 0, 0, 0, 0, 0, 0, 0, 0, 0, 0, 1, 0, 0)
2018-04-13 20:21:49.250224;(6, 0, 48433, 253, 0, 0, 0, 0, 0, 0, 0, 0, 0, 0, 0, 0, 0, 0, 1, 0, 0)
2018-04-13 20:21:50.140936;(16, 0, 53377, 253, 0, 0, 0, 0, 0, 0, 0, 0, 0, 0, 0, 0, 0, 0, 1, 0, 0)
2018-04-13 20:21:50.251755;(14, 0, 28656, 253, 0, 0, 0, 0, 0, 0, 0, 0, 0, 0, 0, 0, 0, 0, 1, 0, 0)
2018-04-13 20:21:50.677362;(8, 0, 37341, 253, 0, 0, 0, 0, 0, 0, 0, 0, 0, 0, 0, 0, 0, 0, 1, 0, 0)
2018-04-13 20:21:54.378508;(17, 0, 39932, 253, 0, 0, 0, 0, 0, 0, 0, 0, 0, 0, 0, 0, 0, 0, 1, 0, 0)
2018-04-13 20:21:56.377509;(19, 0, 33012, 253, 0, 0, 0, 0, 0, 0, 0, 0, 0, 0, 0, 0, 0, 0, 1, 0, 0)
2018-04-13 20:21:56.983451;(11, 0, 10146, 253, 0, 0, 0, 0, 0, 0, 0, 0, 0, 0, 0, 0, 0, 0, 1, 0, 0)
2018-04-13 20:21:57.722211;(13, 0, 50716, 253, 0, 0, 0, 0, 0, 0, 0, 0, 0, 0, 0, 0, 0, 0, 1, 0, 0)
2018-04-13 20:21:58.909672;(9, 0, 16045, 253, 0, 0, 0, 0, 0, 0, 0, 0, 0, 0, 0, 0, 0, 0, 1, 0, 0)
2018-04-13 20:22:00.548800;(12, 0, 65362, 253, 0, 0, 0, 0, 0, 0, 0, 0, 0, 0, 0, 0, 0, 0, 1, 0, 0)
2018-04-13 20:22:01.251289;(6, 0, 48436, 253, 0, 0, 0, 0, 0, 0, 0, 0, 0, 0, 0, 0, 0, 0, 1, 0, 0)
2018-04-13 20:22:02.457239;(3, 0, 688, 253, 0, 0, 0, 0, 0, 0, 0, 0, 0, 0, 0, 0, 0, 0, 1, 0, 0)
2018-04-13 20:22:03.143153;(7, 0, 16379, 253, 0, 0, 0, 0, 0, 0, 0, 0, 0, 0, 0, 0, 0, 0, 1, 0, 0)
2018-04-13 20:22:04.312203;(4, 0, 44600, 253, 0, 0, 0, 0, 0, 0, 0, 0, 0, 0, 0, 0, 0, 0, 1, 0, 0)
2018-04-13 20:22:05.995221;(18, 0, 5522, 253, 0, 0, 0, 0, 0, 0, 0, 0, 0, 0, 0, 0, 0, 0, 1, 0, 0)
2018-04-13 20:22:06.536176;(15, 0, 22515, 253, 0, 0, 0, 0, 0, 0, 0, 0, 0, 0, 0, 0, 0, 0, 1, 0, 0)
2018-04-13 20:22:06.813604;(20, 0, 43819, 253, 0, 0, 0, 0, 0, 0, 0, 0, 0, 0, 0, 0, 0, 0, 1, 0, 0)
2018-04-13 20:22:06.984113;(11, 0, 10152, 253, 0, 0, 0, 0, 0, 0, 0, 0, 0, 0, 0, 0, 0, 0, 1, 0, 0)
2018-04-13 20:22:08.253724;(14, 0, 28662, 253, 0, 0, 0, 0, 0, 0, 0, 0, 0, 0, 0, 0, 0, 0, 1, 0, 0)
2018-04-13 20:22:08.378169;(19, 0, 33019, 253, 0, 0, 0, 0, 0, 0, 0, 0, 0, 0, 0, 0, 0, 0, 1, 0, 0)
2018-04-13 20:22:10.679572;(8, 0, 37348, 253, 0, 0, 0, 0, 0, 0, 0, 0, 0, 0, 0, 0, 0, 0, 1, 0, 0)
2018-04-13 20:22:12.142637;(16, 0, 53384, 253, 0, 0, 0, 0, 0, 0, 0, 0, 0, 0, 0, 0, 0, 0, 1, 0, 0)
2018-04-13 20:22:12.380371;(17, 0, 39939, 253, 0, 0, 0, 0, 0, 0, 0, 0, 0, 0, 0, 0, 0, 0, 1, 0, 0)
2018-04-13 20:22:14.252109;(6, 0, 48442, 253, 0, 0, 0, 0, 0, 0, 0, 0, 0, 0, 0, 0, 0, 0, 1, 0, 0)
2018-04-13 20:22:16.551098;(12, 0, 65369, 253, 0, 0, 0, 0, 0, 0, 0, 0, 0, 0, 0, 0, 0, 0, 1, 0, 0)
2018-04-13 20:22:16.985543;(11, 0, 10154, 253, 0, 0, 0, 0, 0, 0, 0, 0, 0, 0, 0, 0, 0, 0, 1, 0, 0)
2018-04-13 20:22:18.723740;(13, 0, 50723, 253, 0, 0, 0, 0, 0, 0, 0, 0, 0, 0, 0, 0, 0, 0, 1, 0, 0)
2018-04-13 20:22:20.379939;(19, 0, 33021, 253, 0, 0, 0, 0, 0, 0, 0, 0, 0, 0, 0, 0, 0, 0, 1, 0, 0)
2018-04-13 20:22:20.912374;(9, 0, 16052, 253, 0, 0, 0, 0, 0, 0, 0, 0, 0, 0, 0, 0, 0, 0, 1, 0, 0)
2018-04-13 20:22:21.459283;(3, 0, 695, 253, 0, 0, 0, 0, 0, 0, 0, 0, 0, 0, 0, 0, 0, 0, 1, 0, 0)
2018-04-13 20:22:22.147829;(7, 0, 16386, 253, 0, 0, 0, 0, 0, 0, 0, 0, 0, 0, 0, 0, 0, 0, 1, 0, 0)
2018-04-13 20:22:22.315311;(4, 0, 44607, 253, 0, 0, 0, 0, 0, 0, 0, 0, 0, 0, 0, 0, 0, 0, 1, 0, 0)
2018-04-13 20:22:24.998674;(18, 0, 5528, 253, 0, 0, 0, 0, 0, 0, 0, 0, 0, 0, 0, 0, 0, 0, 1, 0, 0)
2018-04-13 20:22:25.257478;(14, 0, 28664, 253, 0, 0, 0, 0, 0, 0, 0, 0, 0, 0, 0, 0, 0, 0, 1, 0, 0)
2018-04-13 20:22:26.987624;(11, 0, 10156, 253, 0, 0, 0, 0, 0, 0, 0, 0, 0, 0, 0, 0, 0, 0, 1, 0, 0)
2018-04-13 20:22:27.256963;(6, 0, 48444, 253, 0, 0, 0, 0, 0, 0, 0, 0, 0, 0, 0, 0, 0, 0, 1, 0, 0)
2018-04-13 20:22:27.539197;(15, 0, 22522, 253, 0, 0, 0, 0, 0, 0, 0, 0, 0, 0, 0, 0, 0, 0, 1, 0, 0)
2018-04-13 20:22:27.817573;(20, 0, 43826, 253, 0, 0, 0, 0, 0, 0, 0, 0, 0, 0, 0, 0, 0, 0, 1, 0, 0)
2018-04-13 20:22:30.682811;(8, 0, 37350, 253, 0, 0, 0, 0, 0, 0, 0, 0, 0, 0, 0, 0, 0, 0, 1, 0, 0)
2018-04-13 20:22:31.383555;(17, 0, 39941, 253, 0, 0, 0, 0, 0, 0, 0, 0, 0, 0, 0, 0, 0, 0, 1, 0, 0)
2018-04-13 20:22:32.382586;(19, 0, 33028, 253, 0, 0, 0, 0, 0, 0, 0, 0, 0, 0, 0, 0, 0, 0, 1, 0, 0)
2018-04-13 20:22:32.557504;(12, 0, 65371, 253, 0, 0, 0, 0, 0, 0, 0, 0, 0, 0, 0, 0, 0, 0, 1, 0, 0)
2018-04-13 20:22:34.149571;(16, 0, 53386, 253, 0, 0, 0, 0, 0, 0, 0, 0, 0, 0, 0, 0, 0, 0, 1, 0, 0)
2018-04-13 20:22:36.990133;(11, 0, 10162, 253, 0, 0, 0, 0, 0, 0, 0, 0, 0, 0, 0, 0, 0, 0, 1, 0, 0)
2018-04-13 20:22:38.727521;(13, 0, 50726, 253, 0, 0, 0, 0, 0, 0, 0, 0, 0, 0, 0, 0, 0, 0, 1, 0, 0)
2018-04-13 20:22:39.263043;(6, 0, 48451, 253, 0, 0, 0, 0, 0, 0, 0, 0, 0, 0, 0, 0, 0, 0, 1, 0, 0)
2018-04-13 20:22:39.462950;(3, 0, 702, 253, 0, 0, 0, 0, 0, 0, 0, 0, 0, 0, 0, 0, 0, 0, 1, 0, 0)
2018-04-13 20:22:41.318357;(4, 0, 44614, 253, 0, 0, 0, 0, 0, 0, 0, 0, 0, 0, 0, 0, 0, 0, 1, 0, 0)
2018-04-13 20:22:41.918850;(9, 0, 16059, 253, 0, 0, 0, 0, 0, 0, 0, 0, 0, 0, 0, 0, 0, 0, 1, 0, 0)
2018-04-13 20:22:42.152268;(7, 0, 16393, 253, 0, 0, 0, 0, 0, 0, 0, 0, 0, 0, 0, 0, 0, 0, 1, 0, 0)
2018-04-13 20:22:43.268971;(14, 0, 28670, 253, 0, 0, 0, 0, 0, 0, 0, 0, 0, 0, 0, 0, 0, 0, 1, 0, 0)
2018-04-13 20:22:44.002164;(18, 0, 5535, 253, 0, 0, 0, 0, 0, 0, 0, 0, 0, 0, 0, 0, 0, 0, 1, 0, 0)
2018-04-13 20:22:44.384060;(19, 0, 33030, 253, 0, 0, 0, 0, 0, 0, 0, 0, 0, 0, 0, 0, 0, 0, 1, 0, 0)
2018-04-13 20:22:46.991732;(11, 0, 10164, 253, 0, 0, 0, 0, 0, 0, 0, 0, 0, 0, 0, 0, 0, 0, 1, 0, 0)
2018-04-13 20:22:49.386857;(17, 0, 39948, 253, 0, 0, 0, 0, 0, 0, 0, 0, 0, 0, 0, 0, 0, 0, 1, 0, 0)
2018-04-13 20:22:49.562681;(12, 0, 65378, 253, 0, 0, 0, 0, 0, 0, 0, 0, 0, 0, 0, 0, 0, 0, 1, 0, 0)
2018-04-13 20:22:49.823582;(20, 0, 43833, 253, 0, 0, 0, 0, 0, 0, 0, 0, 0, 0, 0, 0, 0, 0, 1, 0, 0)
2018-04-13 20:22:50.691421;(8, 0, 37357, 253, 0, 0, 0, 0, 0, 0, 0, 0, 0, 0, 0, 0, 0, 0, 1, 0, 0)
2018-04-13 20:22:52.266937;(6, 0, 48453, 253, 0, 0, 0, 0, 0, 0, 0, 0, 0, 0, 0, 0, 0, 0, 1, 0, 0)
2018-04-13 20:22:55.387235;(19, 0, 33032, 253, 0, 0, 0, 0, 0, 0, 0, 0, 0, 0, 0, 0, 0, 0, 1, 0, 0)
2018-04-13 20:22:56.994224;(11, 0, 10166, 253, 0, 0, 0, 0, 0, 0, 0, 0, 0, 0, 0, 0, 0, 0, 1, 0, 0)
2018-04-13 20:22:57.155436;(16, 0, 53393, 253, 0, 0, 0, 0, 0, 0, 0, 0, 0, 0, 0, 0, 0, 0, 1, 0, 0)
2018-04-13 20:22:58.466936;(3, 0, 704, 253, 0, 0, 0, 0, 0, 0, 0, 0, 0, 0, 0, 0, 0, 0, 1, 0, 0)
2018-04-13 20:22:58.731310;(13, 0, 50732, 253, 0, 0, 0, 0, 0, 0, 0, 0, 0, 0, 0, 0, 0, 0, 1, 0, 0)
2018-04-13 20:22:59.322444;(4, 0, 44616, 253, 0, 0, 0, 0, 0, 0, 0, 0, 0, 0, 0, 0, 0, 0, 1, 0, 0)
2018-04-13 20:23:00.275876;(14, 0, 28672, 253, 0, 0, 0, 0, 0, 0, 0, 0, 0, 0, 0, 0, 0, 0, 1, 0, 0)
2018-04-13 20:23:02.006053;(18, 0, 5537, 253, 0, 0, 0, 0, 0, 0, 0, 0, 0, 0, 0, 0, 0, 0, 1, 0, 0)
2018-04-13 20:23:02.157767;(7, 0, 16395, 253, 0, 0, 0, 0, 0, 0, 0, 0, 0, 0, 0, 0, 0, 0, 1, 0, 0)
2018-04-13 20:23:03.923486;(9, 0, 16061, 253, 0, 0, 0, 0, 0, 0, 0, 0, 0, 0, 0, 0, 0, 0, 1, 0, 0)
2018-04-13 20:23:04.269887;(6, 0, 48460, 253, 0, 0, 0, 0, 0, 0, 0, 0, 0, 0, 0, 0, 0, 0, 1, 0, 0)
2018-04-13 20:23:05.568130;(12, 0, 65381, 253, 0, 0, 0, 0, 0, 0, 0, 0, 0, 0, 0, 0, 0, 0, 1, 0, 0)
2018-04-13 20:23:05.995775;(11, 0, 10172, 253, 0, 0, 0, 0, 0, 0, 0, 0, 0, 0, 0, 0, 0, 0, 1, 0, 0)
2018-04-13 20:23:07.390503;(19, 0, 33039, 253, 0, 0, 0, 0, 0, 0, 0, 0, 0, 0, 0, 0, 0, 0, 1, 0, 0)
2018-04-13 20:23:07.392287;(17, 0, 39951, 253, 0, 0, 0, 0, 0, 0, 0, 0, 0, 0, 0, 0, 0, 0, 1, 0, 0)
2018-04-13 20:23:10.699113;(8, 0, 37364, 253, 0, 0, 0, 0, 0, 0, 0, 0, 0, 0, 0, 0, 0, 0, 1, 0, 0)
2018-04-13 20:23:11.829714;(20, 0, 43840, 253, 0, 0, 0, 0, 0, 0, 0, 0, 0, 0, 0, 0, 0, 0, 1, 0, 0)
2018-04-13 20:23:15.998307;(11, 0, 10174, 253, 0, 0, 0, 0, 0, 0, 0, 0, 0, 0, 0, 0, 0, 0, 1, 0, 0)
2018-04-13 20:23:16.469878;(3, 0, 711, 253, 0, 0, 0, 0, 0, 0, 0, 0, 0, 0, 0, 0, 0, 0, 1, 0, 0)
2018-04-13 20:23:17.274046;(6, 0, 48462, 253, 0, 0, 0, 0, 0, 0, 0, 0, 0, 0, 0, 0, 0, 0, 1, 0, 0)
2018-04-13 20:23:17.326972;(4, 0, 44623, 253, 0, 0, 0, 0, 0, 0, 0, 0, 0, 0, 0, 0, 0, 0, 1, 0, 0)
2018-04-13 20:23:18.279835;(14, 0, 28678, 253, 0, 0, 0, 0, 0, 0, 0, 0, 0, 0, 0, 0, 0, 0, 1, 0, 0)
2018-04-13 20:23:18.734898;(13, 0, 50739, 253, 0, 0, 0, 0, 0, 0, 0, 0, 0, 0, 0, 0, 0, 0, 1, 0, 0)
2018-04-13 20:23:19.159452;(16, 0, 53400, 253, 0, 0, 0, 0, 0, 0, 0, 0, 0, 0, 0, 0, 0, 0, 1, 0, 0)
2018-04-13 20:23:19.395955;(19, 0, 33041, 253, 0, 0, 0, 0, 0, 0, 0, 0, 0, 0, 0, 0, 0, 0, 1, 0, 0)
2018-04-13 20:23:21.009504;(18, 0, 5544, 253, 0, 0, 0, 0, 0, 0, 0, 0, 0, 0, 0, 0, 0, 0, 1, 0, 0)
2018-04-13 20:23:21.571454;(12, 0, 65387, 253, 0, 0, 0, 0, 0, 0, 0, 0, 0, 0, 0, 0, 0, 0, 1, 0, 0)
2018-04-13 20:23:22.161861;(7, 0, 16402, 253, 0, 0, 0, 0, 0, 0, 0, 0, 0, 0, 0, 0, 0, 0, 1, 0, 0)
2018-04-13 20:23:24.928287;(9, 0, 16068, 253, 0, 0, 0, 0, 0, 0, 0, 0, 0, 0, 0, 0, 0, 0, 1, 0, 0)
2018-04-13 20:23:25.400411;(17, 0, 39957, 253, 0, 0, 0, 0, 0, 0, 0, 0, 0, 0, 0, 0, 0, 0, 1, 0, 0)
2018-04-13 20:23:26.002060;(11, 0, 10176, 253, 0, 0, 0, 0, 0, 0, 0, 0, 0, 0, 0, 0, 0, 0, 1, 0, 0)
2018-04-13 20:23:30.277702;(6, 0, 48464, 253, 0, 0, 0, 0, 0, 0, 0, 0, 0, 0, 0, 0, 0, 0, 1, 0, 0)
2018-04-13 20:23:30.709429;(8, 0, 37366, 253, 0, 0, 0, 0, 0, 0, 0, 0, 0, 0, 0, 0, 0, 0, 1, 0, 0)
2018-04-13 20:23:31.398445;(19, 0, 33044, 253, 0, 0, 0, 0, 0, 0, 0, 0, 0, 0, 0, 0, 0, 0, 1, 0, 0)
2018-04-13 20:23:32.834511;(20, 0, 43842, 253, 0, 0, 0, 0, 0, 0, 0, 0, 0, 0, 0, 0, 0, 0, 1, 0, 0)
2018-04-13 20:23:35.283099;(14, 0, 28680, 253, 0, 0, 0, 0, 0, 0, 0, 0, 0, 0, 0, 0, 0, 0, 1, 0, 0)
2018-04-13 20:23:35.331054;(4, 0, 44625, 253, 0, 0, 0, 0, 0, 0, 0, 0, 0, 0, 0, 0, 0, 0, 1, 0, 0)
2018-04-13 20:23:35.477879;(3, 0, 713, 253, 0, 0, 0, 0, 0, 0, 0, 0, 0, 0, 0, 0, 0, 0, 1, 0, 0)
2018-04-13 20:23:36.003753;(11, 0, 10182, 253, 0, 0, 0, 0, 0, 0, 0, 0, 0, 0, 0, 0, 0, 0, 1, 0, 0)
2018-04-13 20:23:38.578706;(12, 0, 65394, 253, 0, 0, 0, 0, 0, 0, 0, 0, 0, 0, 0, 0, 0, 0, 1, 0, 0)
2018-04-13 20:23:39.739472;(13, 0, 50742, 253, 0, 0, 0, 0, 0, 0, 0, 0, 0, 0, 0, 0, 0, 0, 1, 0, 0)
2018-04-13 20:23:40.011516;(18, 0, 5551, 253, 0, 0, 0, 0, 0, 0, 0, 0, 0, 0, 0, 0, 0, 0, 1, 0, 0)
2018-04-13 20:23:41.163926;(16, 0, 53403, 253, 0, 0, 0, 0, 0, 0, 0, 0, 0, 0, 0, 0, 0, 0, 1, 0, 0)
2018-04-13 20:23:41.165600;(7, 0, 16409, 253, 0, 0, 0, 0, 0, 0, 0, 0, 0, 0, 0, 0, 0, 0, 1, 0, 0)
2018-04-13 20:23:42.279526;(6, 0, 48471, 253, 0, 0, 0, 0, 0, 0, 0, 0, 0, 0, 0, 0, 0, 0, 1, 0, 0)
2018-04-13 20:23:43.404153;(19, 0, 33050, 253, 0, 0, 0, 0, 0, 0, 0, 0, 0, 0, 0, 0, 0, 0, 1, 0, 0)
2018-04-13 20:23:44.410541;(17, 0, 39964, 253, 0, 0, 0, 0, 0, 0, 0, 0, 0, 0, 0, 0, 0, 0, 1, 0, 0)
2018-04-13 20:23:46.006152;(11, 0, 10184, 253, 0, 0, 0, 0, 0, 0, 0, 0, 0, 0, 0, 0, 0, 0, 1, 0, 0)
2018-04-13 20:23:46.932002;(9, 0, 16075, 253, 0, 0, 0, 0, 0, 0, 0, 0, 0, 0, 0, 0, 0, 0, 1, 0, 0)
2018-04-13 20:23:50.718955;(8, 0, 37373, 253, 0, 0, 0, 0, 0, 0, 0, 0, 0, 0, 0, 0, 0, 0, 1, 0, 0)
2018-04-13 20:23:53.285777;(14, 0, 28686, 253, 0, 0, 0, 0, 0, 0, 0, 0, 0, 0, 0, 0, 0, 0, 1, 0, 0)
2018-04-13 20:23:53.338148;(4, 0, 44632, 253, 0, 0, 0, 0, 0, 0, 0, 0, 0, 0, 0, 0, 0, 0, 1, 0, 0)
2018-04-13 20:23:53.481683;(3, 0, 720, 253, 0, 0, 0, 0, 0, 0, 0, 0, 0, 0, 0, 0, 0, 0, 1, 0, 0)
2018-04-13 20:23:54.588548;(12, 0, 65396, 253, 0, 0, 0, 0, 0, 0, 0, 0, 0, 0, 0, 0, 0, 0, 1, 0, 0)
2018-04-13 20:23:54.840428;(20, 0, 43849, 253, 0, 0, 0, 0, 0, 0, 0, 0, 0, 0, 0, 0, 0, 0, 1, 0, 0)
2018-04-13 20:23:55.282747;(6, 0, 48473, 253, 0, 0, 0, 0, 0, 0, 0, 0, 0, 0, 0, 0, 0, 0, 1, 0, 0)
2018-04-13 20:23:55.412875;(19, 0, 33052, 253, 0, 0, 0, 0, 0, 0, 0, 0, 0, 0, 0, 0, 0, 0, 1, 0, 0)
2018-04-13 20:23:56.008295;(11, 0, 10186, 253, 0, 0, 0, 0, 0, 0, 0, 0, 0, 0, 0, 0, 0, 0, 1, 0, 0)
2018-04-13 20:23:58.017640;(18, 0, 5553, 253, 0, 0, 0, 0, 0, 0, 0, 0, 0, 0, 0, 0, 0, 0, 1, 0, 0)
2018-04-13 20:23:59.745693;(13, 0, 50748, 253, 0, 0, 0, 0, 0, 0, 0, 0, 0, 0, 0, 0, 0, 0, 1, 0, 0)
2018-04-13 20:24:01.169546;(7, 0, 16411, 253, 0, 0, 0, 0, 0, 0, 0, 0, 0, 0, 0, 0, 0, 0, 1, 0, 0)
2018-04-13 20:24:02.418835;(17, 0, 39966, 253, 0, 0, 0, 0, 0, 0, 0, 0, 0, 0, 0, 0, 0, 0, 1, 0, 0)
2018-04-13 20:24:04.168267;(16, 0, 53409, 253, 0, 0, 0, 0, 0, 0, 0, 0, 0, 0, 0, 0, 0, 0, 1, 0, 0)
2018-04-13 20:24:06.010328;(11, 0, 10192, 253, 0, 0, 0, 0, 0, 0, 0, 0, 0, 0, 0, 0, 0, 0, 1, 0, 0)
2018-04-13 20:24:06.419024;(19, 0, 33059, 253, 0, 0, 0, 0, 0, 0, 0, 0, 0, 0, 0, 0, 0, 0, 1, 0, 0)
2018-04-13 20:24:07.285691;(6, 0, 48480, 253, 0, 0, 0, 0, 0, 0, 0, 0, 0, 0, 0, 0, 0, 0, 1, 0, 0)
2018-04-13 20:24:08.936034;(9, 0, 16077, 253, 0, 0, 0, 0, 0, 0, 0, 0, 0, 0, 0, 0, 0, 0, 1, 0, 0)
2018-04-13 20:24:11.287528;(14, 0, 28692, 253, 0, 0, 0, 0, 0, 0, 0, 0, 0, 0, 0, 0, 0, 0, 1, 0, 0)
2018-04-13 20:24:11.342867;(4, 0, 44639, 253, 0, 0, 0, 0, 0, 0, 0, 0, 0, 0, 0, 0, 0, 0, 1, 0, 0)
2018-04-13 20:24:11.595736;(12, 0, 65403, 253, 0, 0, 0, 0, 0, 0, 0, 0, 0, 0, 0, 0, 0, 0, 1, 0, 0)
2018-04-13 20:24:11.726735;(8, 0, 37380, 253, 0, 0, 0, 0, 0, 0, 0, 0, 0, 0, 0, 0, 0, 0, 1, 0, 0)
2018-04-13 20:24:12.484742;(3, 0, 727, 253, 0, 0, 0, 0, 0, 0, 0, 0, 0, 0, 0, 0, 0, 0, 1, 0, 0)
2018-04-13 20:24:16.012125;(11, 0, 10194, 253, 0, 0, 0, 0, 0, 0, 0, 0, 0, 0, 0, 0, 0, 0, 1, 0, 0)
2018-04-13 20:24:16.845706;(20, 0, 43856, 253, 0, 0, 0, 0, 0, 0, 0, 0, 0, 0, 0, 0, 0, 0, 1, 0, 0)
2018-04-13 20:24:17.019879;(18, 0, 5560, 253, 0, 0, 0, 0, 0, 0, 0, 0, 0, 0, 0, 0, 0, 0, 1, 0, 0)
2018-04-13 20:24:18.423465;(19, 0, 33061, 253, 0, 0, 0, 0, 0, 0, 0, 0, 0, 0, 0, 0, 0, 0, 1, 0, 0)
2018-04-13 20:24:19.749550;(13, 0, 50755, 253, 0, 0, 0, 0, 0, 0, 0, 0, 0, 0, 0, 0, 0, 0, 1, 0, 0)
2018-04-13 20:24:20.288405;(6, 0, 48482, 253, 0, 0, 0, 0, 0, 0, 0, 0, 0, 0, 0, 0, 0, 0, 1, 0, 0)
2018-04-13 20:24:20.426686;(17, 0, 39973, 253, 0, 0, 0, 0, 0, 0, 0, 0, 0, 0, 0, 0, 0, 0, 1, 0, 0)
2018-04-13 20:24:21.174433;(7, 0, 16418, 253, 0, 0, 0, 0, 0, 0, 0, 0, 0, 0, 0, 0, 0, 0, 1, 0, 0)
2018-04-13 20:24:26.015814;(11, 0, 10196, 253, 0, 0, 0, 0, 0, 0, 0, 0, 0, 0, 0, 0, 0, 0, 1, 0, 0)
2018-04-13 20:24:26.175118;(16, 0, 53416, 253, 0, 0, 0, 0, 0, 0, 0, 0, 0, 0, 0, 0, 0, 0, 1, 0, 0)
2018-04-13 20:24:27.602437;(12, 0, 65405, 253, 0, 0, 0, 0, 0, 0, 0, 0, 0, 0, 0, 0, 0, 0, 1, 0, 0)
2018-04-13 20:24:28.291332;(14, 0, 28694, 253, 0, 0, 0, 0, 0, 0, 0, 0, 0, 0, 0, 0, 0, 0, 1, 0, 0)
2018-04-13 20:24:29.940071;(9, 0, 16084, 253, 0, 0, 0, 0, 0, 0, 0, 0, 0, 0, 0, 0, 0, 0, 1, 0, 0)
2018-04-13 20:24:30.346494;(4, 0, 44641, 253, 0, 0, 0, 0, 0, 0, 0, 0, 0, 0, 0, 0, 0, 0, 1, 0, 0)
2018-04-13 20:24:30.426469;(19, 0, 33064, 253, 0, 0, 0, 0, 0, 0, 0, 0, 0, 0, 0, 0, 0, 0, 1, 0, 0)
2018-04-13 20:24:30.488182;(3, 0, 729, 253, 0, 0, 0, 0, 0, 0, 0, 0, 0, 0, 0, 0, 0, 0, 1, 0, 0)
2018-04-13 20:24:31.733435;(8, 0, 37382, 253, 0, 0, 0, 0, 0, 0, 0, 0, 0, 0, 0, 0, 0, 0, 1, 0, 0)
2018-04-13 20:24:33.290822;(6, 0, 48485, 253, 0, 0, 0, 0, 0, 0, 0, 0, 0, 0, 0, 0, 0, 0, 1, 0, 0)
2018-04-13 20:24:36.016583;(11, 0, 10202, 253, 0, 0, 0, 0, 0, 0, 0, 0, 0, 0, 0, 0, 0, 0, 1, 0, 0)
2018-04-13 20:24:36.022407;(18, 0, 5562, 253, 0, 0, 0, 0, 0, 0, 0, 0, 0, 0, 0, 0, 0, 0, 1, 0, 0)
2018-04-13 20:24:38.428061;(17, 0, 39977, 253, 0, 0, 0, 0, 0, 0, 0, 0, 0, 0, 0, 0, 0, 0, 1, 0, 0)
2018-04-13 20:24:38.848706;(20, 0, 43858, 253, 0, 0, 0, 0, 0, 0, 0, 0, 0, 0, 0, 0, 0, 0, 1, 0, 0)
2018-04-13 20:24:39.751796;(13, 0, 50758, 253, 0, 0, 0, 0, 0, 0, 0, 0, 0, 0, 0, 0, 0, 0, 1, 0, 0)
2018-04-13 20:24:41.180965;(7, 0, 16425, 253, 0, 0, 0, 0, 0, 0, 0, 0, 0, 0, 0, 0, 0, 0, 1, 0, 0)
2018-04-13 20:24:42.427211;(19, 0, 33070, 253, 0, 0, 0, 0, 0, 0, 0, 0, 0, 0, 0, 0, 0, 0, 1, 0, 0)
2018-04-13 20:24:43.606893;(12, 0, 65412, 253, 0, 0, 0, 0, 0, 0, 0, 0, 0, 0, 0, 0, 0, 0, 1, 0, 0)
2018-04-13 20:24:45.291580;(6, 0, 48491, 253, 0, 0, 0, 0, 0, 0, 0, 0, 0, 0, 0, 0, 0, 0, 1, 0, 0)
2018-04-13 20:24:46.017755;(11, 0, 10204, 253, 0, 0, 0, 0, 0, 0, 0, 0, 0, 0, 0, 0, 0, 0, 1, 0, 0)
2018-04-13 20:24:46.293456;(14, 0, 28700, 253, 0, 0, 0, 0, 0, 0, 0, 0, 0, 0, 0, 0, 0, 0, 1, 0, 0)
2018-04-13 20:24:48.347686;(4, 0, 44648, 253, 0, 0, 0, 0, 0, 0, 0, 0, 0, 0, 0, 0, 0, 0, 1, 0, 0)
2018-04-13 20:24:49.178508;(16, 0, 53423, 253, 0, 0, 0, 0, 0, 0, 0, 0, 0, 0, 0, 0, 0, 0, 1, 0, 0)
2018-04-13 20:24:49.489840;(3, 0, 736, 253, 0, 0, 0, 0, 0, 0, 0, 0, 0, 0, 0, 0, 0, 0, 1, 0, 0)
2018-04-13 20:24:51.738654;(8, 0, 37389, 253, 0, 0, 0, 0, 0, 0, 0, 0, 0, 0, 0, 0, 0, 0, 1, 0, 0)
2018-04-13 20:24:51.942563;(9, 0, 16091, 253, 0, 0, 0, 0, 0, 0, 0, 0, 0, 0, 0, 0, 0, 0, 1, 0, 0)
2018-04-13 20:24:54.429082;(19, 0, 33072, 253, 0, 0, 0, 0, 0, 0, 0, 0, 0, 0, 0, 0, 0, 0, 1, 0, 0)
2018-04-13 20:24:55.018520;(11, 0, 10206, 253, 0, 0, 0, 0, 0, 0, 0, 0, 0, 0, 0, 0, 0, 0, 1, 0, 0)
2018-04-13 20:24:55.024417;(18, 0, 5569, 253, 0, 0, 0, 0, 0, 0, 0, 0, 0, 0, 0, 0, 0, 0, 1, 0, 0)
2018-04-13 20:24:57.431097;(17, 0, 39982, 253, 0, 0, 0, 0, 0, 0, 0, 0, 0, 0, 0, 0, 0, 0, 1, 0, 0)
2018-04-13 20:24:58.292827;(6, 0, 48493, 253, 0, 0, 0, 0, 0, 0, 0, 0, 0, 0, 0, 0, 0, 0, 1, 0, 0)
2018-04-13 20:24:59.851232;(20, 0, 43865, 253, 0, 0, 0, 0, 0, 0, 0, 0, 0, 0, 0, 0, 0, 0, 1, 0, 0)
2018-04-13 20:25:00.182728;(7, 0, 16427, 253, 0, 0, 0, 0, 0, 0, 0, 0, 0, 0, 0, 0, 0, 0, 1, 0, 0)
2018-04-13 20:25:00.614304;(12, 0, 65414, 253, 0, 0, 0, 0, 0, 0, 0, 0, 0, 0, 0, 0, 0, 0, 1, 0, 0)
2018-04-13 20:25:00.753740;(13, 0, 50764, 253, 0, 0, 0, 0, 0, 0, 0, 0, 0, 0, 0, 0, 0, 0, 1, 0, 0)
2018-04-13 20:25:03.294826;(14, 0, 28702, 253, 0, 0, 0, 0, 0, 0, 0, 0, 0, 0, 0, 0, 0, 0, 1, 0, 0)
2018-04-13 20:25:05.019074;(11, 0, 10212, 253, 0, 0, 0, 0, 0, 0, 0, 0, 0, 0, 0, 0, 0, 0, 1, 0, 0)
2018-04-13 20:25:06.350679;(4, 0, 44650, 253, 0, 0, 0, 0, 0, 0, 0, 0, 0, 0, 0, 0, 0, 0, 1, 0, 0)
2018-04-13 20:25:06.429739;(19, 0, 33079, 253, 0, 0, 0, 0, 0, 0, 0, 0, 0, 0, 0, 0, 0, 0, 1, 0, 0)
2018-04-13 20:25:07.496039;(3, 0, 739, 253, 0, 0, 0, 0, 0, 0, 0, 0, 0, 0, 0, 0, 0, 0, 1, 0, 0)
2018-04-13 20:25:10.293578;(6, 0, 48500, 253, 0, 0, 0, 0, 0, 0, 0, 0, 0, 0, 0, 0, 0, 0, 1, 0, 0)
2018-04-13 20:25:11.181432;(16, 0, 53426, 253, 0, 0, 0, 0, 0, 0, 0, 0, 0, 0, 0, 0, 0, 0, 1, 0, 0)
2018-04-13 20:25:11.743883;(8, 0, 37396, 253, 0, 0, 0, 0, 0, 0, 0, 0, 0, 0, 0, 0, 0, 0, 1, 0, 0)
2018-04-13 20:25:12.949920;(9, 0, 16098, 253, 0, 0, 0, 0, 0, 0, 0, 0, 0, 0, 0, 0, 0, 0, 1, 0, 0)
2018-04-13 20:25:13.025596;(18, 0, 5576, 253, 0, 0, 0, 0, 0, 0, 0, 0, 0, 0, 0, 0, 0, 0, 1, 0, 0)
2018-04-13 20:25:15.019616;(11, 0, 10214, 253, 0, 0, 0, 0, 0, 0, 0, 0, 0, 0, 0, 0, 0, 0, 1, 0, 0)
2018-04-13 20:25:15.431899;(17, 0, 39989, 253, 0, 0, 0, 0, 0, 0, 0, 0, 0, 0, 0, 0, 0, 0, 1, 0, 0)
2018-04-13 20:25:16.617966;(12, 0, 65421, 253, 0, 0, 0, 0, 0, 0, 0, 0, 0, 0, 0, 0, 0, 0, 1, 0, 0)
2018-04-13 20:25:17.430394;(19, 0, 33081, 253, 0, 0, 0, 0, 0, 0, 0, 0, 0, 0, 0, 0, 0, 0, 1, 0, 0)
2018-04-13 20:25:20.183901;(7, 0, 16434, 253, 0, 0, 0, 0, 0, 0, 0, 0, 0, 0, 0, 0, 0, 0, 1, 0, 0)
2018-04-13 20:25:20.755694;(13, 0, 50771, 253, 0, 0, 0, 0, 0, 0, 0, 0, 0, 0, 0, 0, 0, 0, 1, 0, 0)
2018-04-13 20:25:21.296850;(14, 0, 28708, 253, 0, 0, 0, 0, 0, 0, 0, 0, 0, 0, 0, 0, 0, 0, 1, 0, 0)
2018-04-13 20:25:21.854081;(20, 0, 43872, 253, 0, 0, 0, 0, 0, 0, 0, 0, 0, 0, 0, 0, 0, 0, 1, 0, 0)
2018-04-13 20:25:23.294791;(6, 0, 48502, 253, 0, 0, 0, 0, 0, 0, 0, 0, 0, 0, 0, 0, 0, 0, 1, 0, 0)
2018-04-13 20:25:24.353458;(4, 0, 44657, 253, 0, 0, 0, 0, 0, 0, 0, 0, 0, 0, 0, 0, 0, 0, 1, 0, 0)
2018-04-13 20:25:25.020404;(11, 0, 10216, 253, 0, 0, 0, 0, 0, 0, 0, 0, 0, 0, 0, 0, 0, 0, 1, 0, 0)
2018-04-13 20:25:26.498075;(3, 0, 745, 253, 0, 0, 0, 0, 0, 0, 0, 0, 0, 0, 0, 0, 0, 0, 1, 0, 0)
2018-04-13 20:25:29.431693;(19, 0, 33083, 253, 0, 0, 0, 0, 0, 0, 0, 0, 0, 0, 0, 0, 0, 0, 1, 0, 0)
2018-04-13 20:25:29.747742;(5, 0, 40802, 253, 0, 0, 0, 0, 0, 0, 0, 0, 0, 0, 0, 0, 0, 0, 1, 0, 0)
2018-04-13 20:25:31.745896;(8, 0, 37398, 253, 0, 0, 0, 0, 0, 0, 0, 0, 0, 0, 0, 0, 0, 0, 1, 0, 0)
2018-04-13 20:25:32.026875;(18, 0, 5578, 253, 0, 0, 0, 0, 0, 0, 0, 0, 0, 0, 0, 0, 0, 0, 1, 0, 0)
2018-04-13 20:25:32.621534;(12, 0, 65423, 253, 0, 0, 0, 0, 0, 0, 0, 0, 0, 0, 0, 0, 0, 0, 1, 0, 0)
2018-04-13 20:25:33.183810;(16, 0, 53432, 253, 0, 0, 0, 0, 0, 0, 0, 0, 0, 0, 0, 0, 0, 0, 1, 0, 0)
2018-04-13 20:25:33.433030;(17, 0, 39991, 253, 0, 0, 0, 0, 0, 0, 0, 0, 0, 0, 0, 0, 0, 0, 1, 0, 0)
2018-04-13 20:25:34.953436;(9, 0, 16100, 253, 0, 0, 0, 0, 0, 0, 0, 0, 0, 0, 0, 0, 0, 0, 1, 0, 0)
2018-04-13 20:25:35.021698;(11, 0, 10222, 253, 0, 0, 0, 0, 0, 0, 0, 0, 0, 0, 0, 0, 0, 0, 1, 0, 0)
2018-04-13 20:25:36.295605;(6, 0, 48509, 253, 0, 0, 0, 0, 0, 0, 0, 0, 0, 0, 0, 0, 0, 0, 1, 0, 0)
2018-04-13 20:25:39.298606;(14, 0, 28714, 253, 0, 0, 0, 0, 0, 0, 0, 0, 0, 0, 0, 0, 0, 0, 1, 0, 0)
2018-04-13 20:25:40.186184;(7, 0, 16437, 253, 0, 0, 0, 0, 0, 0, 0, 0, 0, 0, 0, 0, 0, 0, 1, 0, 0)
2018-04-13 20:25:40.757815;(13, 0, 50777, 253, 0, 0, 0, 0, 0, 0, 0, 0, 0, 0, 0, 0, 0, 0, 1, 0, 0)
2018-04-13 20:25:41.432371;(19, 0, 33090, 253, 0, 0, 0, 0, 0, 0, 0, 0, 0, 0, 0, 0, 0, 0, 1, 0, 0)
2018-04-13 20:25:42.354620;(4, 0, 44664, 253, 0, 0, 0, 0, 0, 0, 0, 0, 0, 0, 0, 0, 0, 0, 1, 0, 0)
2018-04-13 20:25:43.855470;(20, 0, 43879, 253, 0, 0, 0, 0, 0, 0, 0, 0, 0, 0, 0, 0, 0, 0, 1, 0, 0)
2018-04-13 20:25:44.499063;(3, 0, 752, 253, 0, 0, 0, 0, 0, 0, 0, 0, 0, 0, 0, 0, 0, 0, 1, 0, 0)
2018-04-13 20:25:45.023920;(11, 0, 10224, 253, 0, 0, 0, 0, 0, 0, 0, 0, 0, 0, 0, 0, 0, 0, 1, 0, 0)
2018-04-13 20:25:48.296432;(6, 0, 48511, 253, 0, 0, 0, 0, 0, 0, 0, 0, 0, 0, 0, 0, 0, 0, 1, 0, 0)
2018-04-13 20:25:49.626193;(12, 0, 65430, 253, 0, 0, 0, 0, 0, 0, 0, 0, 0, 0, 0, 0, 0, 0, 1, 0, 0)
2018-04-13 20:25:51.029508;(18, 0, 5585, 253, 0, 0, 0, 0, 0, 0, 0, 0, 0, 0, 0, 0, 0, 0, 1, 0, 0)
2018-04-13 20:25:51.434297;(17, 0, 39998, 253, 0, 0, 0, 0, 0, 0, 0, 0, 0, 0, 0, 0, 0, 0, 1, 0, 0)
2018-04-13 20:25:51.747411;(8, 0, 37405, 253, 0, 0, 0, 0, 0, 0, 0, 0, 0, 0, 0, 0, 0, 0, 1, 0, 0)
2018-04-13 20:25:53.433821;(19, 0, 33092, 253, 0, 0, 0, 0, 0, 0, 0, 0, 0, 0, 0, 0, 0, 0, 1, 0, 0)
2018-04-13 20:25:55.024760;(11, 0, 10226, 253, 0, 0, 0, 0, 0, 0, 0, 0, 0, 0, 0, 0, 0, 0, 1, 0, 0)
2018-04-13 20:25:56.186091;(16, 0, 53439, 253, 0, 0, 0, 0, 0, 0, 0, 0, 0, 0, 0, 0, 0, 0, 1, 0, 0)
2018-04-13 20:25:56.299716;(14, 0, 28716, 253, 0, 0, 0, 0, 0, 0, 0, 0, 0, 0, 0, 0, 0, 0, 1, 0, 0)
2018-04-13 20:25:56.958610;(9, 0, 16107, 253, 0, 0, 0, 0, 0, 0, 0, 0, 0, 0, 0, 0, 0, 0, 1, 0, 0)
2018-04-13 20:26:00.187594;(7, 0, 16443, 253, 0, 0, 0, 0, 0, 0, 0, 0, 0, 0, 0, 0, 0, 0, 1, 0, 0)
2018-04-13 20:26:00.762279;(13, 0, 50780, 253, 0, 0, 0, 0, 0, 0, 0, 0, 0, 0, 0, 0, 0, 0, 1, 0, 0)
2018-04-13 20:26:01.297545;(6, 0, 48514, 253, 0, 0, 0, 0, 0, 0, 0, 0, 0, 0, 0, 0, 0, 0, 1, 0, 0)
2018-04-13 20:26:01.356284;(4, 0, 44666, 253, 0, 0, 0, 0, 0, 0, 0, 0, 0, 0, 0, 0, 0, 0, 1, 0, 0)
2018-04-13 20:26:03.500411;(3, 0, 754, 253, 0, 0, 0, 0, 0, 0, 0, 0, 0, 0, 0, 0, 0, 0, 1, 0, 0)
2018-04-13 20:26:04.857897;(20, 0, 43881, 253, 0, 0, 0, 0, 0, 0, 0, 0, 0, 0, 0, 0, 0, 0, 1, 0, 0)
2018-04-13 20:26:05.025352;(11, 0, 10232, 253, 0, 0, 0, 0, 0, 0, 0, 0, 0, 0, 0, 0, 0, 0, 1, 0, 0)
2018-04-13 20:26:05.434506;(19, 0, 33099, 253, 0, 0, 0, 0, 0, 0, 0, 0, 0, 0, 0, 0, 0, 0, 1, 0, 0)
2018-04-13 20:26:05.629946;(12, 0, 65433, 253, 0, 0, 0, 0, 0, 0, 0, 0, 0, 0, 0, 0, 0, 0, 1, 0, 0)
2018-04-13 20:26:09.031463;(18, 0, 5588, 253, 0, 0, 0, 0, 0, 0, 0, 0, 0, 0, 0, 0, 0, 0, 1, 0, 0)
2018-04-13 20:26:10.436176;(17, 0, 40005, 253, 0, 0, 0, 0, 0, 0, 0, 0, 0, 0, 0, 0, 0, 0, 1, 0, 0)
2018-04-13 20:26:11.749543;(8, 0, 37412, 253, 0, 0, 0, 0, 0, 0, 0, 0, 0, 0, 0, 0, 0, 0, 1, 0, 0)
2018-04-13 20:26:13.298375;(6, 0, 48520, 253, 0, 0, 0, 0, 0, 0, 0, 0, 0, 0, 0, 0, 0, 0, 1, 0, 0)
2018-04-13 20:26:14.300983;(14, 0, 28722, 253, 0, 0, 0, 0, 0, 0, 0, 0, 0, 0, 0, 0, 0, 0, 1, 0, 0)
2018-04-13 20:26:15.026120;(11, 0, 10234, 253, 0, 0, 0, 0, 0, 0, 0, 0, 0, 0, 0, 0, 0, 0, 1, 0, 0)
2018-04-13 20:26:17.435302;(19, 0, 33101, 253, 0, 0, 0, 0, 0, 0, 0, 0, 0, 0, 0, 0, 0, 0, 1, 0, 0)
2018-04-13 20:26:17.964168;(9, 0, 16114, 253, 0, 0, 0, 0, 0, 0, 0, 0, 0, 0, 0, 0, 0, 0, 1, 0, 0)
2018-04-13 20:26:18.188580;(16, 0, 53446, 253, 0, 0, 0, 0, 0, 0, 0, 0, 0, 0, 0, 0, 0, 0, 1, 0, 0)
2018-04-13 20:26:19.190493;(7, 0, 16450, 253, 0, 0, 0, 0, 0, 0, 0, 0, 0, 0, 0, 0, 0, 0, 1, 0, 0)
2018-04-13 20:26:19.357729;(4, 0, 44673, 253, 0, 0, 0, 0, 0, 0, 0, 0, 0, 0, 0, 0, 0, 0, 1, 0, 0)
2018-04-13 20:26:21.503364;(3, 0, 761, 253, 0, 0, 0, 0, 0, 0, 0, 0, 0, 0, 0, 0, 0, 0, 1, 0, 0)
2018-04-13 20:26:21.636278;(12, 0, 65439, 253, 0, 0, 0, 0, 0, 0, 0, 0, 0, 0, 0, 0, 0, 0, 1, 0, 0)
2018-04-13 20:26:21.764273;(13, 0, 50787, 253, 0, 0, 0, 0, 0, 0, 0, 0, 0, 0, 0, 0, 0, 0, 1, 0, 0)
2018-04-13 20:26:25.026974;(11, 0, 10236, 253, 0, 0, 0, 0, 0, 0, 0, 0, 0, 0, 0, 0, 0, 0, 1, 0, 0)
2018-04-13 20:26:26.299722;(6, 0, 48522, 253, 0, 0, 0, 0, 0, 0, 0, 0, 0, 0, 0, 0, 0, 0, 1, 0, 0)
2018-04-13 20:26:26.859781;(20, 0, 43888, 253, 0, 0, 0, 0, 0, 0, 0, 0, 0, 0, 0, 0, 0, 0, 1, 0, 0)
2018-04-13 20:26:28.032580;(18, 0, 5594, 253, 0, 0, 0, 0, 0, 0, 0, 0, 0, 0, 0, 0, 0, 0, 1, 0, 0)
2018-04-13 20:26:28.436416;(19, 0, 33103, 253, 0, 0, 0, 0, 0, 0, 0, 0, 0, 0, 0, 0, 0, 0, 1, 0, 0)
2018-04-13 20:26:28.437592;(17, 0, 40007, 253, 0, 0, 0, 0, 0, 0, 0, 0, 0, 0, 0, 0, 0, 0, 1, 0, 0)
2018-04-13 20:26:31.303492;(14, 0, 28724, 253, 0, 0, 0, 0, 0, 0, 0, 0, 0, 0, 0, 0, 0, 0, 1, 0, 0)
2018-04-13 20:26:31.751143;(8, 0, 37414, 253, 0, 0, 0, 0, 0, 0, 0, 0, 0, 0, 0, 0, 0, 0, 1, 0, 0)
2018-04-13 20:26:34.027519;(11, 0, 10242, 253, 0, 0, 0, 0, 0, 0, 0, 0, 0, 0, 0, 0, 0, 0, 1, 0, 0)
2018-04-13 20:26:37.359153;(4, 0, 44676, 253, 0, 0, 0, 0, 0, 0, 0, 0, 0, 0, 0, 0, 0, 0, 1, 0, 0)
2018-04-13 20:26:38.640194;(12, 0, 65446, 253, 0, 0, 0, 0, 0, 0, 0, 0, 0, 0, 0, 0, 0, 0, 1, 0, 0)
2018-04-13 20:26:39.193441;(7, 0, 16453, 253, 0, 0, 0, 0, 0, 0, 0, 0, 0, 0, 0, 0, 0, 0, 1, 0, 0)
2018-04-13 20:26:39.300519;(6, 0, 48529, 253, 0, 0, 0, 0, 0, 0, 0, 0, 0, 0, 0, 0, 0, 0, 1, 0, 0)
2018-04-13 20:26:39.506573;(3, 0, 764, 253, 0, 0, 0, 0, 0, 0, 0, 0, 0, 0, 0, 0, 0, 0, 1, 0, 0)
2018-04-13 20:26:39.969560;(9, 0, 16116, 253, 0, 0, 0, 0, 0, 0, 0, 0, 0, 0, 0, 0, 0, 0, 1, 0, 0)
2018-04-13 20:26:40.190483;(16, 0, 53448, 253, 0, 0, 0, 0, 0, 0, 0, 0, 0, 0, 0, 0, 0, 0, 1, 0, 0)
2018-04-13 20:26:40.438125;(19, 0, 33110, 253, 0, 0, 0, 0, 0, 0, 0, 0, 0, 0, 0, 0, 0, 0, 1, 0, 0)
2018-04-13 20:26:41.769417;(13, 0, 50794, 253, 0, 0, 0, 0, 0, 0, 0, 0, 0, 0, 0, 0, 0, 0, 1, 0, 0)
2018-04-13 20:26:44.028096;(11, 0, 10244, 253, 0, 0, 0, 0, 0, 0, 0, 0, 0, 0, 0, 0, 0, 0, 1, 0, 0)
2018-04-13 20:26:46.439863;(17, 0, 40014, 253, 0, 0, 0, 0, 0, 0, 0, 0, 0, 0, 0, 0, 0, 0, 1, 0, 0)
2018-04-13 20:26:47.033956;(18, 0, 5601, 253, 0, 0, 0, 0, 0, 0, 0, 0, 0, 0, 0, 0, 0, 0, 1, 0, 0)
2018-04-13 20:26:48.862430;(20, 0, 43895, 253, 0, 0, 0, 0, 0, 0, 0, 0, 0, 0, 0, 0, 0, 0, 1, 0, 0)
2018-04-13 20:26:49.305929;(14, 0, 28730, 253, 0, 0, 0, 0, 0, 0, 0, 0, 0, 0, 0, 0, 0, 0, 1, 0, 0)
2018-04-13 20:26:51.302143;(6, 0, 48531, 253, 0, 0, 0, 0, 0, 0, 0, 0, 0, 0, 0, 0, 0, 0, 1, 0, 0)
2018-04-13 20:26:51.755117;(8, 0, 37421, 253, 0, 0, 0, 0, 0, 0, 0, 0, 0, 0, 0, 0, 0, 0, 1, 0, 0)
2018-04-13 20:26:52.439162;(19, 0, 33112, 253, 0, 0, 0, 0, 0, 0, 0, 0, 0, 0, 0, 0, 0, 0, 1, 0, 0)
2018-04-13 20:26:54.029885;(11, 0, 10246, 253, 0, 0, 0, 0, 0, 0, 0, 0, 0, 0, 0, 0, 0, 0, 1, 0, 0)
2018-04-13 20:26:54.644154;(12, 0, 65448, 253, 0, 0, 0, 0, 0, 0, 0, 0, 0, 0, 0, 0, 0, 0, 1, 0, 0)
2018-04-13 20:26:55.360639;(4, 0, 44682, 253, 0, 0, 0, 0, 0, 0, 0, 0, 0, 0, 0, 0, 0, 0, 1, 0, 0)
2018-04-13 20:26:58.507982;(3, 0, 770, 253, 0, 0, 0, 0, 0, 0, 0, 0, 0, 0, 0, 0, 0, 0, 1, 0, 0)
2018-04-13 20:26:59.194905;(7, 0, 16459, 253, 0, 0, 0, 0, 0, 0, 0, 0, 0, 0, 0, 0, 0, 0, 1, 0, 0)
2018-04-13 20:27:00.974984;(9, 0, 16123, 253, 0, 0, 0, 0, 0, 0, 0, 0, 0, 0, 0, 0, 0, 0, 1, 0, 0)
2018-04-13 20:27:01.771153;(13, 0, 50796, 253, 0, 0, 0, 0, 0, 0, 0, 0, 0, 0, 0, 0, 0, 0, 1, 0, 0)
2018-04-13 20:27:03.193971;(16, 0, 53455, 253, 0, 0, 0, 0, 0, 0, 0, 0, 0, 0, 0, 0, 0, 0, 1, 0, 0)
2018-04-13 20:27:04.030473;(11, 0, 10252, 253, 0, 0, 0, 0, 0, 0, 0, 0, 0, 0, 0, 0, 0, 0, 1, 0, 0)
2018-04-13 20:27:04.303280;(6, 0, 48534, 253, 0, 0, 0, 0, 0, 0, 0, 0, 0, 0, 0, 0, 0, 0, 1, 0, 0)
2018-04-13 20:27:04.439955;(19, 0, 33119, 253, 0, 0, 0, 0, 0, 0, 0, 0, 0, 0, 0, 0, 0, 0, 1, 0, 0)
2018-04-13 20:27:04.441701;(17, 0, 40016, 253, 0, 0, 0, 0, 0, 0, 0, 0, 0, 0, 0, 0, 0, 0, 1, 0, 0)
2018-04-13 20:27:06.035278;(18, 0, 5603, 253, 0, 0, 0, 0, 0, 0, 0, 0, 0, 0, 0, 0, 0, 0, 1, 0, 0)
2018-04-13 20:27:06.310519;(14, 0, 28732, 253, 0, 0, 0, 0, 0, 0, 0, 0, 0, 0, 0, 0, 0, 0, 1, 0, 0)
2018-04-13 20:27:09.863808;(20, 0, 43898, 253, 0, 0, 0, 0, 0, 0, 0, 0, 0, 0, 0, 0, 0, 0, 1, 0, 0)
2018-04-13 20:27:11.646830;(12, 0, 65455, 253, 0, 0, 0, 0, 0, 0, 0, 0, 0, 0, 0, 0, 0, 0, 1, 0, 0)
2018-04-13 20:27:12.757440;(8, 0, 37428, 253, 0, 0, 0, 0, 0, 0, 0, 0, 0, 0, 0, 0, 0, 0, 1, 0, 0)
2018-04-13 20:27:13.362490;(4, 0, 44689, 253, 0, 0, 0, 0, 0, 0, 0, 0, 0, 0, 0, 0, 0, 0, 1, 0, 0)
2018-04-13 20:27:14.031037;(11, 0, 10254, 253, 0, 0, 0, 0, 0, 0, 0, 0, 0, 0, 0, 0, 0, 0, 1, 0, 0)
2018-04-13 20:27:16.304153;(6, 0, 48540, 253, 0, 0, 0, 0, 0, 0, 0, 0, 0, 0, 0, 0, 0, 0, 1, 0, 0)
2018-04-13 20:27:16.441509;(19, 0, 33121, 253, 0, 0, 0, 0, 0, 0, 0, 0, 0, 0, 0, 0, 0, 0, 1, 0, 0)
2018-04-13 20:27:16.509864;(3, 0, 777, 253, 0, 0, 0, 0, 0, 0, 0, 0, 0, 0, 0, 0, 0, 0, 1, 0, 0)
2018-04-13 20:27:19.196428;(7, 0, 16466, 253, 0, 0, 0, 0, 0, 0, 0, 0, 0, 0, 0, 0, 0, 0, 1, 0, 0)
2018-04-13 20:27:21.772453;(13, 0, 50803, 253, 0, 0, 0, 0, 0, 0, 0, 0, 0, 0, 0, 0, 0, 0, 1, 0, 0)
