2018-04-07 20:52:18.887002;(1, (10223, 12, 0, 12, 12, 0, 0, 0, 0, 0, 167, 12, 0))
2018-04-07 20:52:18.968796;(20, (4905, 27, 0, 27, 25, 0, 0, 13, 23, 0, 49, 61, 0))
2018-04-07 20:52:18.979721;(21, (4545, 27, 0, 27, 27, 0, 0, 1, 13, 0, 47, 41, 0))
2018-04-07 20:52:19.025418;(14, (4536, 27, 0, 27, 27, 0, 0, 2, 11, 0, 70, 40, 0))
2018-04-07 20:52:19.029795;(13, (10168, 13, 0, 13, 12, 0, 0, 8, 0, 0, 28, 20, 0))
2018-04-07 20:52:19.147533;(6, (9431, 13, 0, 13, 13, 0, 0, 2, 9, 0, 25, 24, 0))
2018-04-07 20:52:19.160406;(4, (6081, 20, 0, 20, 20, 0, 0, 4, 0, 0, 27, 24, 0))
2018-04-07 20:52:19.235829;(22, (2757, 46, 0, 46, 44, 0, 0, 25, 33, 0, 81, 102, 0))
2018-04-07 20:52:19.272049;(17, (9403, 13, 0, 13, 13, 0, 0, 1, 0, 0, 7, 14, 0))
2018-04-07 20:52:19.299701;(11, (8771, 15, 0, 15, 14, 0, 0, 5, 11, 0, 31, 30, 0))
2018-04-07 20:52:19.322769;(10, (10211, 13, 0, 13, 12, 0, 0, 2, 18, 0, 46, 32, 0))
2018-04-07 20:52:19.442856;(19, (8694, 16, 0, 16, 14, 0, 0, 15, 19, 0, 29, 48, 0))
2018-04-07 20:52:19.475338;(23, (8800, 15, 0, 15, 14, 0, 0, 9, 1, 0, 45, 24, 0))
2018-04-07 20:52:19.499520;(15, (6464, 19, 0, 19, 19, 0, 0, 0, 0, 0, 56, 19, 0))
2018-04-07 20:52:19.539896;(12, (11195, 13, 0, 13, 11, 0, 0, 5, 35, 0, 38, 51, 0))
2018-04-07 20:52:19.587862;(9, (10151, 12, 0, 12, 12, 0, 0, 0, 0, 0, 9, 12, 0))
2018-04-07 20:52:19.616028;(18, (7694, 16, 0, 16, 16, 0, 0, 0, 0, 0, 43, 16, 0))
2018-04-07 20:52:19.704150;(3, (6156, 20, 0, 20, 20, 0, 0, 0, 0, 0, 58, 20, 0))
2018-04-07 20:52:19.722736;(5, (6141, 20, 0, 20, 20, 0, 0, 2, 5, 0, 41, 27, 0))
2018-04-07 20:52:19.799067;(16, (10172, 13, 0, 13, 12, 0, 0, 5, 12, 0, 36, 29, 0))
2018-04-07 20:52:19.819785;(7, (5865, 21, 0, 21, 21, 0, 0, 1, 11, 0, 54, 33, 0))
2018-04-07 20:52:19.864441;(8, (11190, 13, 0, 13, 11, 0, 0, 10, 20, 0, 63, 41, 0))
2018-04-07 20:52:48.889669;(1, (656, 57, 0, 57, 57, 0, 0, 14, 1, 0, 226, 72, 0))
2018-04-07 20:52:48.970705;(20, (2112, 41, 0, 41, 39, 0, 0, 14, 23, 0, 66, 76, 0))
2018-04-07 20:52:48.982210;(21, (1970, 42, 0, 42, 42, 0, 0, 1, 13, 0, 66, 56, 0))
2018-04-07 20:52:49.027356;(14, (2273, 40, 0, 40, 40, 0, 0, 2, 11, 0, 93, 53, 0))
2018-04-07 20:52:49.031704;(13, (9857, 16, 0, 16, 15, 0, 0, 8, 0, 0, 33, 23, 0))
2018-04-07 20:52:49.150163;(6, (9857, 16, 0, 16, 16, 0, 0, 2, 9, 0, 31, 27, 0))
2018-04-07 20:52:49.163349;(4, (2687, 31, 0, 31, 31, 0, 0, 5, 0, 0, 40, 36, 0))
2018-04-07 20:52:49.238673;(22, (924, 79, 0, 79, 76, 0, 0, 33, 42, 0, 117, 151, 0))
2018-04-07 20:52:49.275045;(17, (7390, 17, 0, 17, 17, 0, 0, 1, 0, 0, 11, 18, 0))
2018-04-07 20:52:49.302353;(11, (5912, 20, 0, 20, 19, 0, 0, 5, 11, 0, 39, 35, 0))
2018-04-07 20:52:49.326417;(10, (5911, 18, 0, 18, 17, 0, 0, 2, 18, 0, 56, 37, 0))
2018-04-07 20:52:49.449841;(19, (9856, 19, 0, 19, 17, 0, 0, 15, 19, 0, 36, 51, 0))
2018-04-07 20:52:49.477545;(23, (14780, 17, 0, 17, 16, 0, 0, 9, 1, 0, 52, 26, 0))
2018-04-07 20:52:49.502562;(15, (1971, 34, 0, 34, 34, 0, 0, 0, 0, 0, 77, 34, 0))
2018-04-07 20:52:49.541918;(12, (9854, 16, 0, 16, 14, 0, 0, 5, 35, 0, 46, 54, 0))
2018-04-07 20:52:49.590480;(9, (5913, 17, 0, 17, 17, 0, 0, 0, 0, 0, 13, 17, 0))
2018-04-07 20:52:49.618190;(18, (3695, 24, 0, 24, 24, 0, 0, 0, 0, 0, 56, 24, 0))
2018-04-07 20:52:49.708691;(3, (2464, 32, 0, 32, 32, 0, 0, 0, 0, 0, 78, 32, 0))
2018-04-07 20:52:49.725523;(5, (3285, 29, 0, 29, 29, 0, 0, 2, 5, 0, 53, 36, 0))
2018-04-07 20:52:49.801590;(16, (9859, 16, 0, 16, 15, 0, 0, 5, 12, 0, 43, 32, 0))
2018-04-07 20:52:49.823771;(7, (2953, 31, 0, 31, 31, 0, 0, 1, 11, 0, 70, 43, 0))
2018-04-07 20:52:49.866812;(8, (9855, 16, 0, 16, 14, 0, 0, 10, 20, 0, 74, 44, 0))
2018-04-07 20:53:18.891432;(1, (492, 117, 0, 117, 117, 0, 0, 18, 13, 0, 293, 148, 0))
2018-04-07 20:53:18.973470;(20, (1642, 59, 0, 59, 57, 0, 0, 23, 23, 0, 83, 103, 0))
2018-04-07 20:53:18.985768;(21, (1970, 57, 0, 57, 57, 0, 0, 4, 13, 0, 82, 74, 0))
2018-04-07 20:53:19.030011;(14, (1848, 56, 0, 56, 56, 0, 0, 2, 11, 0, 109, 69, 0))
2018-04-07 20:53:19.035142;(13, (7391, 20, 0, 20, 19, 0, 0, 11, 0, 0, 37, 30, 0))
2018-04-07 20:53:19.153867;(6, (9854, 19, 0, 19, 19, 0, 0, 2, 9, 0, 36, 30, 0))
2018-04-07 20:53:19.166334;(4, (2956, 41, 0, 41, 41, 0, 0, 12, 13, 0, 50, 66, 0))
2018-04-07 20:53:19.241733;(22, (703, 121, 0, 121, 118, 0, 0, 39, 42, 0, 160, 199, 0))
2018-04-07 20:53:19.277526;(17, (7392, 21, 0, 21, 21, 0, 0, 1, 0, 0, 14, 22, 0))
2018-04-07 20:53:19.304599;(11, (9851, 23, 0, 23, 22, 0, 0, 5, 11, 0, 42, 38, 0))
2018-04-07 20:53:19.330232;(10, (7389, 22, 0, 22, 21, 0, 0, 2, 18, 0, 61, 41, 0))
2018-04-07 20:53:19.457584;(19, (9856, 22, 0, 22, 20, 0, 0, 17, 19, 0, 39, 56, 0))
2018-04-07 20:53:19.480655;(23, (0, 17, 0, 17, 16, 0, 0, 9, 1, 0, 54, 26, 0))
2018-04-07 20:53:19.505765;(15, (1848, 50, 0, 50, 50, 0, 0, 0, 0, 0, 94, 50, 0))
2018-04-07 20:53:19.545149;(12, (9854, 19, 0, 19, 17, 0, 0, 5, 35, 0, 49, 57, 0))
2018-04-07 20:53:19.593363;(9, (9854, 20, 0, 20, 20, 0, 0, 0, 0, 0, 17, 20, 0))
2018-04-07 20:53:19.621947;(18, (3284, 33, 0, 33, 33, 0, 0, 0, 0, 0, 66, 33, 0))
2018-04-07 20:53:19.710827;(3, (1847, 48, 0, 48, 48, 0, 0, 0, 0, 0, 95, 48, 0))
2018-04-07 20:53:19.728211;(5, (3284, 38, 0, 38, 38, 0, 0, 2, 5, 0, 64, 45, 0))
2018-04-07 20:53:19.803706;(16, (9856, 19, 0, 19, 18, 0, 0, 5, 12, 0, 46, 35, 0))
2018-04-07 20:53:19.826344;(7, (2955, 41, 0, 41, 41, 0, 0, 1, 11, 0, 82, 53, 0))
2018-04-07 20:53:19.869837;(8, (9856, 19, 0, 19, 17, 0, 0, 10, 20, 0, 78, 47, 0))
2018-04-07 20:53:48.893600;(1, (509, 176, 0, 176, 175, 0, 0, 29, 39, 0, 385, 243, 0))
2018-04-07 20:53:48.976202;(20, (1555, 79, 0, 79, 76, 0, 0, 40, 23, 0, 101, 139, 0))
2018-04-07 20:53:48.987982;(21, (1407, 78, 0, 78, 78, 0, 0, 4, 13, 0, 105, 95, 0))
2018-04-07 20:53:49.032134;(14, (1343, 78, 0, 78, 78, 0, 0, 4, 24, 0, 141, 106, 0))
2018-04-07 20:53:49.037933;(13, (3284, 30, 0, 30, 28, 0, 0, 29, 0, 0, 44, 57, 0))
2018-04-07 20:53:49.156032;(6, (5914, 24, 0, 24, 24, 0, 0, 2, 9, 0, 41, 35, 0))
2018-04-07 20:53:49.168523;(4, (2956, 51, 0, 51, 51, 0, 0, 17, 15, 0, 61, 83, 0))
2018-04-07 20:53:49.243742;(22, (469, 187, 0, 187, 181, 0, 0, 74, 100, 0, 228, 355, 0))
2018-04-07 20:53:49.281420;(17, (3695, 29, 0, 29, 29, 0, 0, 1, 0, 0, 22, 30, 0))
2018-04-07 20:53:49.308257;(11, (4926, 29, 0, 29, 28, 0, 0, 5, 11, 0, 50, 44, 0))
2018-04-07 20:53:49.332438;(10, (7390, 26, 0, 26, 25, 0, 0, 2, 18, 0, 69, 45, 0))
2018-04-07 20:53:49.464249;(19, (4223, 29, 0, 29, 27, 0, 0, 20, 19, 0, 48, 66, 0))
2018-04-07 20:53:49.483753;(23, (14779, 19, 0, 19, 18, 0, 0, 9, 1, 0, 58, 28, 0))
2018-04-07 20:53:49.507728;(15, (1556, 69, 0, 69, 69, 0, 0, 0, 0, 0, 118, 69, 0))
2018-04-07 20:53:49.547499;(12, (5912, 24, 0, 24, 22, 0, 0, 5, 35, 0, 59, 62, 0))
2018-04-07 20:53:49.595514;(9, (7394, 24, 0, 24, 24, 0, 0, 0, 0, 0, 21, 24, 0))
2018-04-07 20:53:49.624252;(18, (2463, 46, 0, 46, 45, 0, 0, 8, 0, 0, 82, 53, 0))
2018-04-07 20:53:49.713944;(3, (953, 79, 0, 79, 79, 0, 0, 0, 9, 0, 138, 88, 0))
2018-04-07 20:53:49.730350;(5, (2464, 50, 0, 50, 50, 0, 0, 2, 5, 0, 77, 57, 0))
2018-04-07 20:53:49.807116;(16, (5915, 24, 0, 24, 23, 0, 0, 6, 12, 0, 55, 41, 0))
2018-04-07 20:53:49.830046;(7, (1408, 62, 0, 62, 62, 0, 0, 1, 37, 0, 107, 100, 0))
2018-04-07 20:53:49.872070;(8, (5912, 24, 0, 24, 22, 0, 0, 10, 20, 0, 95, 52, 0))
2018-04-07 20:54:18.895589;(1, (468, 239, 0, 239, 238, 0, 0, 30, 73, 0, 478, 341, 0))
2018-04-07 20:54:18.978909;(20, (2953, 90, 0, 90, 86, 0, 0, 48, 23, 0, 111, 157, 0))
2018-04-07 20:54:18.990956;(21, (1970, 93, 0, 93, 93, 0, 0, 5, 13, 0, 121, 111, 0))
2018-04-07 20:54:19.035482;(14, (1055, 106, 0, 106, 106, 0, 0, 4, 35, 0, 178, 145, 0))
2018-04-07 20:54:19.039776;(13, (3695, 39, 0, 39, 36, 0, 0, 39, 0, 0, 47, 75, 0))
2018-04-07 20:54:19.158373;(6, (9856, 27, 0, 27, 27, 0, 0, 2, 9, 0, 46, 38, 0))
2018-04-07 20:54:19.170848;(4, (3285, 60, 0, 60, 60, 0, 0, 18, 15, 0, 73, 93, 0))
2018-04-07 20:54:19.246851;(22, (656, 233, 0, 233, 226, 0, 0, 85, 114, 0, 278, 425, 0))
2018-04-07 20:54:19.284519;(17, (7394, 33, 0, 33, 33, 0, 0, 1, 0, 0, 26, 34, 0))
2018-04-07 20:54:19.310376;(11, (4222, 36, 0, 36, 35, 0, 0, 5, 11, 0, 64, 51, 0))
2018-04-07 20:54:19.334549;(10, (379, 104, 0, 104, 103, 0, 0, 2, 18, 0, 155, 123, 0))
2018-04-07 20:54:19.473027;(19, (3284, 41, 0, 41, 36, 0, 0, 39, 38, 0, 57, 113, 0))
2018-04-07 20:54:19.494411;(23, (2956, 29, 0, 29, 28, 0, 0, 9, 1, 0, 71, 38, 0))
2018-04-07 20:54:19.509989;(15, (3695, 77, 0, 77, 77, 0, 0, 0, 0, 0, 136, 77, 0))
2018-04-07 20:54:19.549583;(12, (5912, 29, 0, 29, 27, 0, 0, 5, 35, 0, 73, 67, 0))
2018-04-07 20:54:19.597585;(9, (9855, 27, 0, 27, 27, 0, 0, 0, 0, 0, 24, 27, 0))
2018-04-07 20:54:19.626852;(18, (1970, 61, 0, 61, 60, 0, 0, 9, 3, 0, 101, 72, 0))
2018-04-07 20:54:19.716941;(3, (568, 132, 0, 132, 131, 0, 0, 8, 59, 0, 202, 198, 0))
2018-04-07 20:54:19.732348;(5, (3286, 59, 0, 59, 59, 0, 0, 2, 5, 0, 86, 66, 0))
2018-04-07 20:54:19.809227;(16, (2957, 36, 0, 36, 33, 0, 0, 17, 50, 0, 71, 100, 0))
2018-04-07 20:54:19.832031;(7, (1477, 82, 0, 82, 82, 0, 0, 3, 49, 0, 139, 134, 0))
2018-04-07 20:54:19.874142;(8, (1847, 40, 0, 40, 38, 0, 0, 10, 20, 0, 127, 68, 0))
2018-04-07 20:54:48.897547;(1, (492, 299, 0, 299, 298, 0, 0, 30, 112, 0, 541, 440, 0))
2018-04-07 20:54:48.981491;(20, (7386, 94, 0, 94, 90, 0, 0, 48, 23, 0, 116, 161, 0))
2018-04-07 20:54:48.993639;(21, (1970, 108, 0, 108, 108, 0, 0, 5, 13, 0, 136, 126, 0))
2018-04-07 20:54:49.038447;(14, (1847, 122, 0, 122, 122, 0, 0, 4, 35, 0, 197, 161, 0))
2018-04-07 20:54:49.042450;(13, (5912, 44, 0, 44, 41, 0, 0, 39, 0, 0, 50, 80, 0))
2018-04-07 20:54:49.161589;(6, (9856, 30, 0, 30, 30, 0, 0, 2, 9, 0, 50, 41, 0))
2018-04-07 20:54:49.173701;(4, (3284, 69, 0, 69, 69, 0, 0, 19, 15, 0, 84, 103, 0))
2018-04-07 20:54:49.249900;(22, (1344, 255, 0, 255, 248, 0, 0, 85, 114, 0, 302, 447, 0))
2018-04-07 20:54:49.287717;(17, (9852, 36, 0, 36, 36, 0, 0, 1, 0, 0, 29, 37, 0))
2018-04-07 20:54:49.313546;(11, (9851, 39, 0, 39, 38, 0, 0, 5, 11, 0, 70, 54, 0))
2018-04-07 20:54:49.337360;(10, (469, 167, 0, 167, 166, 0, 0, 2, 18, 0, 220, 186, 0))
2018-04-07 20:54:49.478183;(19, (7390, 45, 0, 45, 40, 0, 0, 40, 38, 0, 63, 118, 0))
2018-04-07 20:54:49.497236;(23, (2463, 41, 0, 41, 40, 0, 0, 9, 1, 0, 84, 50, 0))
2018-04-07 20:54:49.514710;(15, (9853, 80, 0, 80, 80, 0, 0, 0, 0, 0, 142, 80, 0))
2018-04-07 20:54:49.551898;(12, (9855, 32, 0, 32, 30, 0, 0, 5, 35, 0, 79, 70, 0))
2018-04-07 20:54:49.600189;(9, (9855, 30, 0, 30, 30, 0, 0, 0, 0, 0, 27, 30, 0))
2018-04-07 20:54:49.629951;(18, (2956, 71, 0, 71, 70, 0, 0, 9, 3, 0, 113, 82, 0))
2018-04-07 20:54:49.719637;(3, (869, 166, 0, 166, 165, 0, 0, 8, 59, 0, 240, 232, 0))
2018-04-07 20:54:49.734857;(5, (3285, 68, 0, 68, 68, 0, 0, 2, 5, 0, 95, 75, 0))
2018-04-07 20:54:49.811277;(16, (7391, 40, 0, 40, 37, 0, 0, 17, 50, 0, 77, 104, 0))
2018-04-07 20:54:49.834172;(7, (1971, 97, 0, 97, 97, 0, 0, 3, 49, 0, 158, 149, 0))
2018-04-07 20:54:49.877648;(8, (3284, 49, 0, 49, 47, 0, 0, 10, 20, 0, 141, 77, 0))
2018-04-07 20:55:18.899350;(1, (492, 359, 0, 359, 358, 0, 0, 30, 158, 0, 606, 546, 0))
2018-04-07 20:55:18.983317;(20, (9859, 97, 0, 97, 93, 0, 0, 48, 23, 0, 120, 164, 0))
2018-04-07 20:55:18.997628;(21, (1847, 124, 0, 124, 124, 0, 0, 7, 13, 0, 153, 144, 0))
2018-04-07 20:55:19.042412;(14, (1970, 137, 0, 137, 137, 0, 0, 4, 35, 0, 215, 176, 0))
2018-04-07 20:55:19.045485;(13, (9853, 47, 0, 47, 44, 0, 0, 39, 0, 0, 55, 83, 0))
2018-04-07 20:55:19.163736;(6, (7390, 34, 0, 34, 34, 0, 0, 2, 9, 0, 54, 45, 0))
2018-04-07 20:55:19.175612;(4, (2955, 79, 0, 79, 79, 0, 0, 23, 15, 0, 94, 117, 0))
2018-04-07 20:55:19.253145;(22, (1344, 277, 0, 277, 270, 0, 0, 85, 114, 0, 326, 469, 0))
2018-04-07 20:55:19.290550;(17, (7385, 40, 0, 40, 40, 0, 0, 1, 0, 0, 33, 41, 0))
2018-04-07 20:55:19.315617;(11, (7388, 43, 0, 43, 42, 0, 0, 5, 11, 0, 74, 58, 0))
2018-04-07 20:55:19.339359;(10, (447, 233, 0, 233, 232, 0, 0, 3, 18, 0, 287, 253, 0))
2018-04-07 20:55:19.480229;(19, (7389, 49, 0, 49, 44, 0, 0, 42, 38, 0, 67, 124, 0))
2018-04-07 20:55:19.499114;(23, (2462, 53, 0, 53, 52, 0, 0, 9, 1, 0, 100, 62, 0))
2018-04-07 20:55:19.526573;(15, (7390, 84, 0, 84, 84, 0, 0, 0, 0, 0, 147, 84, 0))
2018-04-07 20:55:19.555273;(12, (9857, 35, 0, 35, 33, 0, 0, 5, 35, 0, 86, 73, 0))
2018-04-07 20:55:19.602561;(9, (9850, 33, 0, 33, 33, 0, 0, 0, 0, 0, 31, 33, 0))
2018-04-07 20:55:19.633223;(18, (3284, 80, 0, 80, 79, 0, 0, 9, 3, 0, 125, 91, 0))
2018-04-07 20:55:19.723467;(3, (869, 200, 0, 200, 199, 0, 0, 8, 59, 0, 276, 266, 0))
2018-04-07 20:55:19.737728;(5, (3285, 77, 0, 77, 77, 0, 0, 2, 5, 0, 108, 84, 0))
2018-04-07 20:55:19.814257;(16, (7393, 44, 0, 44, 41, 0, 0, 17, 50, 0, 81, 108, 0))
2018-04-07 20:55:19.836450;(7, (1847, 113, 0, 113, 113, 0, 0, 3, 49, 0, 175, 165, 0))
2018-04-07 20:55:19.881658;(8, (3285, 58, 0, 58, 56, 0, 0, 10, 20, 0, 154, 86, 0))
2018-04-07 20:55:48.901667;(1, (500, 418, 0, 418, 417, 0, 0, 31, 191, 0, 674, 639, 0))
2018-04-07 20:55:48.999781;(21, (1846, 140, 0, 140, 140, 0, 0, 8, 13, 0, 171, 161, 0))
2018-04-07 20:55:49.044444;(14, (1737, 154, 0, 154, 154, 0, 0, 5, 35, 0, 236, 194, 0))
2018-04-07 20:55:49.047235;(13, (9860, 50, 0, 50, 47, 0, 0, 41, 0, 0, 58, 88, 0))
2018-04-07 20:55:49.165726;(6, (7396, 38, 0, 38, 38, 0, 0, 2, 9, 0, 60, 49, 0))
2018-04-07 20:55:49.177974;(4, (2690, 90, 0, 90, 90, 0, 0, 30, 28, 0, 104, 148, 0))
2018-04-07 20:55:49.255783;(22, (1232, 302, 0, 302, 294, 0, 0, 86, 148, 0, 354, 528, 0))
2018-04-07 20:55:49.293417;(17, (9861, 43, 0, 43, 43, 0, 0, 1, 0, 0, 36, 44, 0))
2018-04-07 20:55:49.320071;(11, (9853, 46, 0, 46, 45, 0, 0, 5, 11, 0, 81, 61, 0))
2018-04-07 20:55:49.341924;(10, (441, 300, 0, 300, 299, 0, 0, 6, 29, 0, 358, 334, 0))
2018-04-07 20:55:49.502002;(23, (2273, 66, 0, 66, 65, 0, 0, 9, 1, 0, 112, 75, 0))
2018-04-07 20:55:49.558003;(12, (7400, 39, 0, 39, 37, 0, 0, 5, 35, 0, 93, 77, 0))
2018-04-07 20:55:49.605240;(9, (7387, 37, 0, 37, 37, 0, 0, 0, 0, 0, 35, 37, 0))
2018-04-07 20:55:49.637054;(18, (3285, 89, 0, 89, 88, 0, 0, 9, 3, 0, 138, 100, 0))
2018-04-07 20:55:49.739545;(5, (2464, 89, 0, 89, 89, 0, 0, 2, 5, 0, 119, 96, 0))
2018-04-07 20:55:49.816348;(16, (7402, 48, 0, 48, 45, 0, 0, 17, 50, 0, 87, 112, 0))
2018-04-07 20:55:49.838224;(7, (1970, 128, 0, 128, 128, 0, 0, 3, 49, 0, 196, 180, 0))
2018-04-07 20:55:49.883537;(8, (2273, 71, 0, 71, 69, 0, 0, 10, 20, 0, 173, 99, 0))
2018-04-07 20:56:18.904413;(1, (492, 479, 0, 479, 477, 0, 0, 50, 228, 0, 753, 755, 0))
2018-04-07 20:56:19.001900;(21, (1969, 155, 0, 155, 155, 0, 0, 12, 14, 0, 187, 181, 0))
2018-04-07 20:56:19.046460;(14, (1286, 177, 0, 177, 177, 0, 0, 5, 81, 0, 269, 263, 0))
2018-04-07 20:56:19.050052;(13, (7388, 54, 0, 54, 51, 0, 0, 41, 0, 0, 62, 92, 0))
2018-04-07 20:56:19.179950;(4, (3287, 99, 0, 99, 99, 0, 0, 35, 28, 0, 115, 162, 0))
2018-04-07 20:56:19.259665;(22, (548, 358, 0, 358, 348, 0, 0, 89, 205, 0, 418, 642, 0))
2018-04-07 20:56:19.322486;(11, (2687, 57, 0, 57, 56, 0, 0, 5, 11, 0, 90, 72, 0))
2018-04-07 20:56:19.343879;(10, (351, 387, 0, 387, 383, 0, 0, 23, 100, 0, 446, 506, 0))
2018-04-07 20:56:19.505889;(23, (2464, 78, 0, 78, 77, 0, 0, 9, 1, 0, 127, 87, 0))
2018-04-07 20:56:19.639759;(18, (2957, 99, 0, 99, 98, 0, 0, 9, 3, 0, 153, 110, 0))
2018-04-07 20:56:19.841072;(7, (1182, 153, 0, 153, 153, 0, 0, 4, 88, 0, 225, 245, 0))
2018-04-07 20:56:19.886704;(8, (1409, 97, 0, 97, 90, 0, 0, 47, 51, 0, 203, 188, 0))
2018-04-07 20:56:20.169543;(6, (9847, 41, 0, 41, 41, 0, 0, 2, 9, 0, 68, 52, 0))
2018-04-07 20:56:20.562674;(12, (5920, 44, 0, 44, 42, 0, 0, 5, 35, 0, 102, 82, 0))
2018-04-07 20:56:20.819485;(16, (9860, 51, 0, 51, 48, 0, 0, 17, 50, 0, 94, 115, 0))
2018-04-07 20:56:48.906086;(1, (500, 541, 0, 541, 536, 0, 0, 66, 309, 0, 836, 911, 0))
2018-04-07 20:56:49.003875;(21, (1285, 178, 0, 178, 178, 0, 0, 12, 24, 0, 211, 214, 0))
2018-04-07 20:56:49.049312;(14, (953, 209, 0, 209, 208, 0, 0, 12, 106, 0, 308, 326, 0))
2018-04-07 20:56:49.347205;(10, (1094, 414, 0, 414, 410, 0, 0, 29, 146, 0, 478, 585, 0))
2018-04-07 20:56:49.514619;(23, (410, 151, 0, 151, 149, 0, 0, 26, 29, 0, 196, 204, 0))
2018-04-07 20:56:50.051783;(13, (9861, 57, 0, 57, 54, 0, 0, 41, 0, 0, 65, 95, 0))
2018-04-07 20:56:50.173072;(6, (9873, 44, 0, 44, 44, 0, 0, 2, 9, 0, 75, 55, 0))
2018-04-07 20:56:50.183145;(4, (3285, 108, 0, 108, 108, 0, 0, 40, 28, 0, 124, 176, 0))
2018-04-07 20:56:50.262852;(22, (1344, 381, 0, 381, 370, 0, 0, 97, 217, 0, 453, 684, 0))
2018-04-07 20:56:50.566040;(12, (4225, 52, 0, 52, 49, 0, 0, 6, 59, 0, 119, 114, 0))
2018-04-07 20:56:50.644908;(18, (454, 166, 0, 166, 163, 0, 0, 12, 58, 0, 232, 233, 0))
2018-04-07 20:56:50.823231;(16, (9862, 54, 0, 54, 51, 0, 0, 17, 50, 0, 107, 118, 0))
2018-04-07 20:56:50.843578;(7, (1285, 176, 0, 176, 176, 0, 0, 7, 104, 0, 258, 287, 0))
2018-04-07 20:56:50.889146;(8, (2464, 109, 0, 109, 102, 0, 0, 49, 52, 0, 227, 203, 0))
2018-04-07 20:57:18.908264;(1, (476, 606, 0, 606, 598, 0, 0, 84, 382, 0, 949, 1064, 0))
2018-04-07 20:57:19.006157;(21, (1971, 193, 0, 193, 193, 0, 0, 14, 24, 0, 229, 231, 0))
2018-04-07 20:57:19.051714;(14, (1019, 242, 0, 242, 237, 0, 0, 31, 207, 0, 363, 475, 0))
2018-04-07 20:57:19.522338;(23, (844, 186, 0, 186, 184, 0, 0, 31, 39, 0, 232, 254, 0))
2018-04-07 20:57:20.054420;(13, (7392, 61, 0, 61, 58, 0, 0, 41, 0, 0, 68, 99, 0))
2018-04-07 20:57:20.176195;(6, (1286, 67, 0, 67, 67, 0, 0, 4, 14, 0, 111, 85, 0))
2018-04-07 20:57:20.186065;(4, (3286, 117, 0, 117, 117, 0, 0, 44, 28, 0, 134, 189, 0))
2018-04-07 20:57:20.266283;(22, (434, 450, 0, 450, 438, 0, 0, 131, 278, 0, 528, 847, 0))
2018-04-07 20:57:20.349925;(10, (869, 449, 0, 449, 444, 0, 0, 34, 185, 0, 528, 663, 0))
2018-04-07 20:57:20.568306;(12, (985, 87, 0, 87, 79, 0, 0, 21, 208, 0, 168, 308, 0))
2018-04-07 20:57:20.647372;(18, (603, 217, 0, 217, 212, 0, 0, 37, 146, 0, 293, 395, 0))
2018-04-07 20:57:20.826156;(16, (1739, 73, 0, 73, 68, 0, 0, 24, 77, 0, 137, 169, 0))
2018-04-07 20:57:20.845484;(7, (687, 221, 0, 221, 219, 0, 0, 16, 183, 0, 311, 418, 0))
2018-04-07 20:57:20.892801;(8, (642, 160, 0, 160, 148, 0, 0, 74, 127, 0, 298, 349, 0))
2018-04-07 20:57:48.909944;(1, (484, 667, 0, 667, 659, 0, 0, 91, 401, 0, 1022, 1151, 0))
2018-04-07 20:57:50.009012;(21, (1970, 208, 0, 208, 208, 0, 0, 15, 24, 0, 245, 247, 0))
2018-04-07 20:57:50.053818;(14, (4928, 248, 0, 248, 243, 0, 0, 31, 207, 0, 378, 481, 0))
2018-04-07 20:57:50.057354;(13, (9855, 64, 0, 64, 61, 0, 0, 41, 0, 0, 71, 102, 0))
2018-04-07 20:57:50.178386;(6, (9859, 70, 0, 70, 70, 0, 0, 4, 14, 0, 116, 88, 0))
2018-04-07 20:57:50.189016;(4, (3286, 126, 0, 126, 126, 0, 0, 47, 28, 0, 143, 201, 0))
2018-04-07 20:57:50.269448;(22, (537, 506, 0, 506, 493, 0, 0, 144, 297, 0, 589, 934, 0))
2018-04-07 20:57:50.351935;(10, (9853, 452, 0, 452, 447, 0, 0, 34, 185, 0, 534, 666, 0))
2018-04-07 20:57:50.530541;(23, (29560, 187, 0, 187, 185, 0, 0, 31, 39, 0, 233, 255, 0))
2018-04-07 20:57:50.571076;(12, (3697, 95, 0, 95, 87, 0, 0, 21, 208, 0, 180, 316, 0))
2018-04-07 20:57:50.650402;(18, (1971, 232, 0, 232, 227, 0, 0, 37, 146, 0, 316, 410, 0))
2018-04-07 20:57:50.829454;(16, (2465, 85, 0, 85, 80, 0, 0, 24, 77, 0, 156, 181, 0))
2018-04-07 20:57:50.848243;(7, (2688, 232, 0, 232, 230, 0, 0, 16, 183, 0, 331, 429, 0))
2018-04-07 20:57:50.894949;(8, (1971, 175, 0, 175, 163, 0, 0, 74, 127, 0, 325, 364, 0))
2018-04-07 20:58:18.911472;(1, (484, 728, 0, 728, 720, 0, 0, 104, 420, 0, 1087, 1244, 0))
2018-04-07 20:58:20.011940;(21, (1970, 223, 0, 223, 223, 0, 0, 15, 24, 0, 260, 262, 0))
2018-04-07 20:58:20.055915;(14, (7388, 252, 0, 252, 247, 0, 0, 31, 207, 0, 389, 485, 0))
2018-04-07 20:58:20.061460;(13, (9852, 67, 0, 67, 64, 0, 0, 42, 3, 0, 74, 109, 0))
2018-04-07 20:58:20.180697;(6, (9852, 73, 0, 73, 73, 0, 0, 4, 14, 0, 121, 91, 0))
2018-04-07 20:58:20.190885;(4, (3282, 135, 0, 135, 135, 0, 0, 50, 28, 0, 152, 213, 0))
2018-04-07 20:58:20.272263;(22, (629, 553, 0, 553, 540, 0, 0, 145, 297, 0, 640, 982, 0))
2018-04-07 20:58:20.354944;(10, (7389, 456, 0, 456, 451, 0, 0, 34, 185, 0, 539, 670, 0))
2018-04-07 20:58:20.535339;(23, (0, 187, 0, 187, 185, 0, 0, 31, 39, 0, 234, 255, 0))
2018-04-07 20:58:20.574971;(12, (5914, 100, 0, 100, 92, 0, 0, 21, 208, 0, 189, 321, 0))
2018-04-07 20:58:20.654078;(18, (1971, 247, 0, 247, 242, 0, 0, 37, 146, 0, 336, 425, 0))
2018-04-07 20:58:20.832637;(16, (2958, 95, 0, 95, 90, 0, 0, 24, 77, 0, 170, 191, 0))
2018-04-07 20:58:20.850690;(7, (2686, 243, 0, 243, 241, 0, 0, 16, 183, 0, 349, 440, 0))
2018-04-07 20:58:20.896995;(8, (2956, 185, 0, 185, 173, 0, 0, 74, 127, 0, 344, 374, 0))
2018-04-07 20:58:48.913224;(1, (492, 788, 0, 788, 780, 0, 0, 115, 441, 0, 1151, 1336, 0))
2018-04-07 20:58:50.014579;(21, (3695, 231, 0, 231, 231, 0, 0, 15, 24, 0, 271, 270, 0))
2018-04-07 20:58:50.062486;(14, (9854, 255, 0, 255, 250, 0, 0, 31, 207, 0, 393, 488, 0))
2018-04-07 20:58:50.063665;(13, (2275, 80, 0, 80, 77, 0, 0, 45, 3, 0, 91, 125, 0))
2018-04-07 20:58:50.183223;(6, (9857, 76, 0, 76, 76, 0, 0, 4, 14, 0, 125, 94, 0))
2018-04-07 20:58:50.193510;(4, (2112, 149, 0, 149, 149, 0, 0, 55, 28, 0, 163, 232, 0))
2018-04-07 20:58:50.275196;(22, (642, 599, 0, 599, 586, 0, 0, 155, 297, 0, 686, 1038, 0))
2018-04-07 20:58:50.357152;(10, (9853, 459, 0, 459, 454, 0, 0, 34, 185, 0, 544, 673, 0))
2018-04-07 20:58:50.540232;(23, (0, 187, 0, 187, 185, 0, 0, 31, 39, 0, 236, 255, 0))
2018-04-07 20:58:50.577844;(12, (9858, 103, 0, 103, 95, 0, 0, 21, 208, 0, 193, 324, 0))
2018-04-07 20:58:50.657278;(18, (1848, 263, 0, 263, 258, 0, 0, 37, 146, 0, 352, 441, 0))
2018-04-07 20:58:50.834826;(16, (3285, 104, 0, 104, 99, 0, 0, 24, 77, 0, 181, 200, 0))
2018-04-07 20:58:50.853489;(7, (3286, 252, 0, 252, 250, 0, 0, 16, 183, 0, 359, 449, 0))
2018-04-07 20:58:50.898820;(8, (3285, 194, 0, 194, 182, 0, 0, 74, 127, 0, 354, 383, 0))
2018-04-07 20:59:18.914914;(1, (500, 848, 0, 848, 839, 0, 0, 128, 475, 0, 1221, 1442, 0))
2018-04-07 20:59:20.016696;(21, (7390, 235, 0, 235, 235, 0, 0, 15, 24, 0, 277, 274, 0))
2018-04-07 20:59:20.064499;(14, (7389, 259, 0, 259, 254, 0, 0, 31, 207, 0, 402, 492, 0))
2018-04-07 20:59:20.066953;(13, (1971, 95, 0, 95, 92, 0, 0, 48, 3, 0, 107, 143, 0))
2018-04-07 20:59:20.186414;(6, (7392, 80, 0, 80, 80, 0, 0, 4, 14, 0, 132, 98, 0))
2018-04-07 20:59:20.195391;(4, (2957, 159, 0, 159, 159, 0, 0, 55, 28, 0, 173, 242, 0))
2018-04-07 20:59:20.278133;(22, (568, 651, 0, 651, 638, 0, 0, 167, 297, 0, 742, 1102, 0))
2018-04-07 20:59:20.359195;(10, (7392, 463, 0, 463, 458, 0, 0, 34, 185, 0, 550, 677, 0))
2018-04-07 20:59:20.542048;(23, (29562, 188, 0, 188, 186, 0, 0, 31, 39, 0, 238, 256, 0))
2018-04-07 20:59:20.583500;(12, (7394, 107, 0, 107, 99, 0, 0, 21, 208, 0, 201, 328, 0))
2018-04-07 20:59:20.659473;(18, (1970, 278, 0, 278, 273, 0, 0, 37, 146, 0, 373, 456, 0))
2018-04-07 20:59:20.837867;(16, (2956, 114, 0, 114, 109, 0, 0, 24, 77, 0, 193, 210, 0))
2018-04-07 20:59:20.856022;(7, (2112, 266, 0, 266, 264, 0, 0, 16, 183, 0, 380, 463, 0))
2018-04-07 20:59:20.902857;(8, (2465, 206, 0, 206, 194, 0, 0, 74, 127, 0, 372, 395, 0))
2018-04-07 20:59:48.918281;(1, (454, 914, 0, 914, 904, 0, 0, 143, 501, 0, 1312, 1548, 0))
2018-04-07 20:59:50.020348;(21, (9845, 238, 0, 238, 238, 0, 0, 17, 24, 0, 281, 279, 0))
2018-04-07 20:59:50.066576;(14, (1555, 278, 0, 278, 273, 0, 0, 33, 234, 0, 435, 540, 0))
2018-04-07 20:59:50.070552;(13, (1971, 110, 0, 110, 107, 0, 0, 50, 3, 0, 123, 160, 0))
2018-04-07 20:59:50.189299;(6, (7396, 84, 0, 84, 84, 0, 0, 4, 14, 0, 138, 102, 0))
2018-04-07 20:59:50.198192;(4, (2958, 169, 0, 169, 169, 0, 0, 55, 28, 0, 182, 252, 0))
2018-04-07 20:59:50.280559;(22, (1478, 672, 0, 672, 658, 0, 0, 171, 312, 0, 777, 1141, 0))
2018-04-07 20:59:50.362004;(10, (9853, 466, 0, 466, 461, 0, 0, 34, 185, 0, 560, 680, 0))
2018-04-07 20:59:50.544640;(23, (0, 188, 0, 188, 186, 0, 0, 31, 39, 0, 241, 256, 0))
2018-04-07 20:59:50.588048;(12, (759, 146, 0, 146, 138, 0, 0, 24, 246, 0, 257, 408, 0))
2018-04-07 20:59:50.661858;(18, (739, 319, 0, 319, 313, 0, 0, 52, 173, 0, 423, 538, 0))
2018-04-07 20:59:50.839976;(16, (821, 152, 0, 152, 145, 0, 0, 31, 133, 0, 246, 309, 0))
2018-04-07 20:59:50.858603;(7, (518, 323, 0, 323, 321, 0, 0, 18, 225, 0, 448, 564, 0))
2018-04-07 20:59:50.905988;(8, (1055, 236, 0, 236, 222, 0, 0, 86, 203, 0, 419, 511, 0))
2018-04-07 21:00:18.921364;(1, (509, 972, 0, 972, 962, 0, 0, 149, 521, 0, 1378, 1632, 0))
2018-04-07 21:00:20.022302;(21, (9854, 241, 0, 241, 241, 0, 0, 17, 24, 0, 284, 282, 0))
2018-04-07 21:00:20.071993;(14, (5911, 283, 0, 283, 278, 0, 0, 33, 234, 0, 450, 545, 0))
2018-04-07 21:00:20.075056;(13, (1739, 128, 0, 128, 124, 0, 0, 58, 18, 0, 138, 200, 0))
2018-04-07 21:00:20.191494;(6, (9855, 87, 0, 87, 87, 0, 0, 4, 14, 0, 142, 105, 0))
2018-04-07 21:00:20.201107;(4, (2957, 179, 0, 179, 179, 0, 0, 57, 40, 0, 193, 276, 0))
2018-04-07 21:00:20.283396;(22, (5913, 677, 0, 677, 663, 0, 0, 173, 332, 0, 786, 1168, 0))
2018-04-07 21:00:20.364034;(10, (9854, 469, 0, 469, 464, 0, 0, 34, 185, 0, 566, 683, 0))
2018-04-07 21:00:20.546436;(23, (0, 188, 0, 188, 186, 0, 0, 31, 39, 0, 243, 256, 0))
2018-04-07 21:00:20.594282;(12, (7395, 150, 0, 150, 142, 0, 0, 24, 260, 0, 268, 426, 0))
2018-04-07 21:00:20.664222;(18, (1478, 340, 0, 340, 333, 0, 0, 60, 176, 0, 450, 569, 0))
2018-04-07 21:00:20.842293;(16, (2687, 163, 0, 163, 156, 0, 0, 31, 144, 0, 262, 331, 0))
2018-04-07 21:00:20.860689;(7, (869, 361, 0, 361, 355, 0, 0, 30, 299, 0, 492, 684, 0))
2018-04-07 21:00:20.907979;(8, (2957, 246, 0, 246, 232, 0, 0, 86, 203, 0, 442, 521, 0))
2018-04-07 21:00:48.923230;(1, (547, 1027, 0, 1027, 1016, 0, 0, 162, 557, 0, 1462, 1735, 0))
2018-04-07 21:00:50.024299;(21, (9853, 244, 0, 244, 244, 0, 0, 17, 24, 0, 289, 285, 0))
2018-04-07 21:00:50.074521;(14, (1642, 302, 0, 302, 296, 0, 0, 38, 268, 0, 486, 602, 0))
2018-04-07 21:00:50.077581;(13, (4930, 134, 0, 134, 130, 0, 0, 58, 18, 0, 147, 206, 0))
2018-04-07 21:00:50.194475;(6, (9855, 90, 0, 90, 90, 0, 0, 4, 14, 0, 149, 108, 0))
2018-04-07 21:00:50.202667;(4, (4224, 186, 0, 186, 186, 0, 0, 57, 52, 0, 203, 295, 0))
2018-04-07 21:00:50.286222;(22, (2956, 687, 0, 687, 673, 0, 0, 178, 335, 0, 803, 1186, 0))
2018-04-07 21:00:50.367593;(10, (4223, 476, 0, 476, 471, 0, 0, 34, 185, 0, 581, 690, 0))
2018-04-07 21:00:50.548138;(23, (0, 188, 0, 188, 186, 0, 0, 31, 39, 0, 246, 256, 0))
2018-04-07 21:00:50.596666;(12, (799, 189, 0, 189, 179, 0, 0, 30, 308, 0, 319, 517, 0))
2018-04-07 21:00:50.667729;(18, (518, 398, 0, 398, 390, 0, 0, 71, 216, 0, 519, 677, 0))
2018-04-07 21:00:50.844596;(16, (615, 211, 0, 211, 204, 0, 0, 31, 157, 0, 321, 392, 0))
2018-04-07 21:00:50.862756;(7, (657, 409, 0, 409, 400, 0, 0, 41, 368, 0, 555, 809, 0))
2018-04-07 21:00:50.910061;(8, (1478, 268, 0, 268, 252, 0, 0, 93, 275, 0, 489, 620, 0))
2018-04-07 21:01:18.927181;(1, (567, 1079, 0, 1079, 1068, 0, 0, 162, 569, 0, 1521, 1799, 0))
2018-04-07 21:01:20.027670;(21, (9854, 247, 0, 247, 247, 0, 0, 17, 24, 0, 294, 288, 0))
2018-04-07 21:01:20.078123;(14, (5913, 307, 0, 307, 301, 0, 0, 38, 268, 0, 504, 607, 0))
2018-04-07 21:01:20.079657;(13, (29569, 135, 0, 135, 131, 0, 0, 58, 18, 0, 148, 207, 0))
2018-04-07 21:01:20.197443;(6, (9857, 93, 0, 93, 93, 0, 0, 4, 14, 0, 154, 111, 0))
2018-04-07 21:01:20.205413;(4, (29569, 187, 0, 187, 187, 0, 0, 57, 52, 0, 204, 296, 0))
2018-04-07 21:01:20.288455;(22, (7393, 691, 0, 691, 677, 0, 0, 178, 335, 0, 812, 1190, 0))
2018-04-07 21:01:20.370564;(10, (9851, 479, 0, 479, 474, 0, 0, 34, 185, 0, 589, 693, 0))
2018-04-07 21:01:20.550088;(23, (29568, 189, 0, 189, 187, 0, 0, 31, 39, 0, 247, 257, 0))
2018-04-07 21:01:20.599856;(12, (2463, 201, 0, 201, 191, 0, 0, 30, 308, 0, 340, 529, 0))
2018-04-07 21:01:20.669850;(18, (1095, 426, 0, 426, 417, 0, 0, 81, 262, 0, 555, 760, 0))
2018-04-07 21:01:20.847960;(16, (1643, 229, 0, 229, 222, 0, 0, 31, 169, 0, 346, 422, 0))
2018-04-07 21:01:20.865351;(7, (1183, 434, 0, 434, 425, 0, 0, 41, 368, 0, 587, 834, 0))
2018-04-07 21:01:20.915429;(8, (2464, 280, 0, 280, 264, 0, 0, 93, 275, 0, 514, 632, 0))
2018-04-07 21:01:48.929883;(1, (546, 1134, 0, 1134, 1122, 0, 0, 169, 586, 0, 1588, 1877, 0))
2018-04-07 21:01:50.030271;(21, (7390, 251, 0, 251, 251, 0, 0, 17, 24, 0, 298, 292, 0))
2018-04-07 21:01:50.081289;(14, (7384, 311, 0, 311, 305, 0, 0, 38, 268, 0, 519, 611, 0))
2018-04-07 21:01:50.082322;(13, (0, 135, 0, 135, 131, 0, 0, 58, 18, 0, 149, 207, 0))
2018-04-07 21:01:50.199649;(6, (9855, 96, 0, 96, 96, 0, 0, 4, 14, 0, 159, 114, 0))
2018-04-07 21:01:50.207231;(4, (0, 187, 0, 187, 187, 0, 0, 57, 52, 0, 205, 296, 0))
2018-04-07 21:01:50.290907;(22, (3695, 700, 0, 700, 685, 0, 0, 186, 336, 0, 819, 1207, 0))
2018-04-07 21:01:50.372794;(10, (7390, 483, 0, 483, 478, 0, 0, 34, 185, 0, 596, 697, 0))
2018-04-07 21:01:50.553629;(23, (29560, 190, 0, 190, 188, 0, 0, 31, 39, 0, 250, 258, 0))
2018-04-07 21:01:50.602174;(12, (2111, 215, 0, 215, 205, 0, 0, 30, 308, 0, 357, 543, 0))
2018-04-07 21:01:50.671873;(18, (1232, 451, 0, 451, 441, 0, 0, 90, 286, 0, 579, 817, 0))
2018-04-07 21:01:50.852064;(16, (1971, 246, 0, 246, 237, 0, 0, 35, 221, 0, 368, 493, 0))
2018-04-07 21:01:50.867428;(7, (895, 467, 0, 467, 458, 0, 0, 41, 368, 0, 628, 867, 0))
2018-04-07 21:01:50.918205;(8, (1344, 302, 0, 302, 286, 0, 0, 94, 275, 0, 547, 655, 0))
2018-04-07 21:02:19.933308;(1, (579, 1186, 0, 1186, 1173, 0, 0, 183, 588, 0, 1659, 1944, 0))
2018-04-07 21:02:20.032432;(21, (9845, 254, 0, 254, 254, 0, 0, 17, 24, 0, 302, 295, 0))
2018-04-07 21:02:20.084468;(14, (2111, 326, 0, 326, 319, 0, 0, 40, 303, 0, 550, 662, 0))
2018-04-07 21:02:20.085329;(13, (29568, 136, 0, 136, 132, 0, 0, 58, 18, 0, 150, 208, 0))
2018-04-07 21:02:20.202331;(6, (9856, 99, 0, 99, 99, 0, 0, 4, 14, 0, 163, 117, 0))
2018-04-07 21:02:20.209991;(4, (29568, 188, 0, 188, 188, 0, 0, 57, 52, 0, 206, 297, 0))
2018-04-07 21:02:20.293521;(22, (4222, 707, 0, 707, 692, 0, 0, 186, 336, 0, 831, 1214, 0))
2018-04-07 21:02:20.374768;(10, (9853, 486, 0, 486, 481, 0, 0, 34, 185, 0, 603, 700, 0))
2018-04-07 21:02:20.556678;(23, (0, 190, 0, 190, 188, 0, 0, 31, 39, 0, 253, 258, 0))
2018-04-07 21:02:20.604388;(12, (113, 476, 0, 476, 465, 0, 0, 37, 365, 0, 624, 867, 0))
2018-04-07 21:02:20.676019;(18, (923, 484, 0, 484, 473, 0, 0, 99, 313, 0, 619, 885, 0))
2018-04-07 21:02:20.855006;(16, (111, 511, 0, 511, 501, 0, 0, 43, 272, 0, 638, 816, 0))
2018-04-07 21:02:20.870259;(7, (721, 509, 0, 509, 499, 0, 0, 45, 430, 0, 683, 974, 0))
2018-04-07 21:02:20.920369;(8, (1095, 330, 0, 330, 313, 0, 0, 98, 316, 0, 585, 727, 0))
2018-04-07 21:02:49.936066;(1, (416, 1257, 0, 1257, 1244, 0, 0, 185, 619, 0, 1748, 2048, 0))
2018-04-07 21:02:50.035888;(21, (1407, 275, 0, 275, 275, 0, 0, 17, 24, 0, 326, 316, 0))
2018-04-07 21:02:50.086762;(14, (9853, 329, 0, 329, 322, 0, 0, 40, 303, 0, 567, 665, 0))
2018-04-07 21:02:50.295988;(22, (7391, 711, 0, 711, 696, 0, 0, 186, 336, 0, 840, 1218, 0))
2018-04-07 21:02:50.377130;(10, (9856, 489, 0, 489, 484, 0, 0, 34, 185, 0, 608, 703, 0))
2018-04-07 21:02:50.559314;(23, (0, 190, 0, 190, 188, 0, 0, 31, 39, 0, 254, 258, 0))
2018-04-07 21:02:50.678216;(18, (799, 521, 0, 521, 510, 0, 0, 103, 313, 0, 661, 926, 0))
2018-04-07 21:02:50.872244;(7, (1848, 528, 0, 528, 515, 0, 0, 69, 431, 0, 709, 1015, 0))
2018-04-07 21:02:50.922508;(8, (3286, 340, 0, 340, 322, 0, 0, 102, 334, 0, 597, 758, 0))
2018-04-07 21:02:51.087869;(13, (1556, 155, 0, 155, 151, 0, 0, 58, 18, 0, 173, 227, 0))
2018-04-07 21:02:51.205347;(6, (9856, 102, 0, 102, 102, 0, 0, 4, 14, 0, 167, 120, 0))
2018-04-07 21:02:51.213036;(4, (1096, 215, 0, 215, 215, 0, 0, 68, 81, 0, 232, 364, 0))
2018-04-07 21:02:51.609603;(12, (2463, 488, 0, 488, 477, 0, 0, 37, 365, 0, 645, 879, 0))
2018-04-07 21:02:51.858839;(16, (1019, 540, 0, 540, 530, 0, 0, 43, 272, 0, 673, 845, 0))
2018-04-07 21:03:19.938407;(1, (492, 1317, 0, 1317, 1304, 0, 0, 188, 667, 0, 1811, 2159, 0))
2018-04-07 21:03:20.038542;(21, (9844, 278, 0, 278, 278, 0, 0, 17, 24, 0, 330, 319, 0))
2018-04-07 21:03:20.089878;(14, (9853, 332, 0, 332, 325, 0, 0, 40, 303, 0, 577, 668, 0))
2018-04-07 21:03:20.379177;(10, (9853, 492, 0, 492, 487, 0, 0, 34, 185, 0, 613, 706, 0))
2018-04-07 21:03:20.563332;(23, (0, 190, 0, 190, 188, 0, 0, 31, 39, 0, 255, 258, 0))
2018-04-07 21:03:21.090238;(13, (1739, 172, 0, 172, 168, 0, 0, 59, 18, 0, 189, 245, 0))
2018-04-07 21:03:21.207466;(6, (9857, 105, 0, 105, 105, 0, 0, 4, 14, 0, 171, 123, 0))
2018-04-07 21:03:21.215273;(4, (2954, 225, 0, 225, 225, 0, 0, 68, 81, 0, 243, 374, 0))
2018-04-07 21:03:21.298274;(22, (7391, 715, 0, 715, 700, 0, 0, 186, 336, 0, 845, 1222, 0))
2018-04-07 21:03:21.618118;(12, (2957, 498, 0, 498, 487, 0, 0, 37, 365, 0, 657, 889, 0))
2018-04-07 21:03:21.681740;(18, (1056, 549, 0, 549, 538, 0, 0, 103, 313, 0, 690, 954, 0))
2018-04-07 21:03:21.864886;(16, (1343, 562, 0, 562, 552, 0, 0, 43, 272, 0, 697, 867, 0))
2018-04-07 21:03:21.874987;(7, (2956, 538, 0, 538, 525, 0, 0, 69, 431, 0, 721, 1025, 0))
2018-04-07 21:03:21.925441;(8, (9855, 343, 0, 343, 325, 0, 0, 102, 334, 0, 605, 761, 0))
2018-04-07 21:03:49.941146;(1, (484, 1379, 0, 1379, 1365, 0, 0, 198, 668, 0, 1894, 2231, 0))
2018-04-07 21:03:50.041547;(21, (9853, 281, 0, 281, 281, 0, 0, 17, 24, 0, 341, 322, 0))
2018-04-07 21:03:50.093111;(14, (9853, 335, 0, 335, 328, 0, 0, 43, 307, 0, 591, 678, 0))
2018-04-07 21:03:50.381728;(10, (9853, 495, 0, 495, 490, 0, 0, 34, 185, 0, 624, 709, 0))
2018-04-07 21:03:50.566101;(23, (4926, 196, 0, 196, 194, 0, 0, 31, 39, 0, 260, 264, 0))
2018-04-07 21:03:51.092788;(13, (1345, 194, 0, 194, 190, 0, 0, 59, 18, 0, 215, 267, 0))
2018-04-07 21:03:51.210138;(6, (9861, 108, 0, 108, 108, 0, 0, 4, 14, 0, 178, 126, 0))
2018-04-07 21:03:51.218204;(4, (2957, 235, 0, 235, 235, 0, 0, 68, 81, 0, 254, 384, 0))
2018-04-07 21:03:51.301428;(22, (9856, 718, 0, 718, 703, 0, 0, 186, 336, 0, 852, 1225, 0))
2018-04-07 21:03:51.625836;(12, (1231, 522, 0, 522, 511, 0, 0, 39, 376, 0, 688, 926, 0))
2018-04-07 21:03:51.686601;(18, (739, 589, 0, 589, 578, 0, 0, 104, 335, 0, 741, 1017, 0))
2018-04-07 21:03:51.867905;(16, (799, 599, 0, 599, 589, 0, 0, 43, 309, 0, 739, 941, 0))
2018-04-07 21:03:51.877612;(7, (2957, 548, 0, 548, 535, 0, 0, 69, 431, 0, 739, 1035, 0))
2018-04-07 21:03:51.927644;(8, (2956, 355, 0, 355, 335, 0, 0, 106, 382, 0, 630, 823, 0))
2018-04-07 21:04:19.942909;(1, (484, 1441, 0, 1441, 1426, 0, 0, 212, 680, 0, 1976, 2318, 0))
2018-04-07 21:04:20.044294;(21, (9853, 284, 0, 284, 284, 0, 0, 17, 24, 0, 346, 325, 0))
2018-04-07 21:04:20.098074;(14, (3696, 343, 0, 343, 336, 0, 0, 45, 312, 0, 608, 693, 0))
2018-04-07 21:04:20.385746;(10, (7389, 499, 0, 499, 494, 0, 0, 34, 185, 0, 631, 713, 0))
2018-04-07 21:04:20.567880;(23, (29562, 197, 0, 197, 195, 0, 0, 31, 39, 0, 265, 265, 0))
2018-04-07 21:04:21.097196;(13, (844, 229, 0, 229, 225, 0, 0, 60, 18, 0, 250, 303, 0))
2018-04-07 21:04:21.213383;(6, (9855, 111, 0, 111, 111, 0, 0, 4, 14, 0, 184, 129, 0))
2018-04-07 21:04:21.221039;(4, (3285, 244, 0, 244, 244, 0, 0, 68, 81, 0, 265, 393, 0))
2018-04-07 21:04:21.303864;(22, (2112, 732, 0, 732, 717, 0, 0, 188, 336, 0, 872, 1241, 0))
2018-04-07 21:04:21.633774;(12, (1971, 537, 0, 537, 526, 0, 0, 39, 376, 0, 705, 941, 0))
2018-04-07 21:04:21.690211;(18, (629, 638, 0, 638, 625, 0, 0, 118, 385, 0, 792, 1128, 0))
2018-04-07 21:04:21.871104;(16, (985, 630, 0, 630, 619, 0, 0, 45, 340, 0, 772, 1004, 0))
2018-04-07 21:04:21.879563;(7, (1182, 574, 0, 574, 560, 0, 0, 73, 481, 0, 772, 1114, 0))
2018-04-07 21:04:21.930513;(8, (3286, 364, 0, 364, 344, 0, 0, 107, 404, 0, 653, 855, 0))
2018-04-07 21:04:49.945591;(1, (484, 1504, 0, 1504, 1487, 0, 0, 226, 717, 0, 2072, 2430, 0))
2018-04-07 21:04:50.047539;(21, (9850, 287, 0, 287, 287, 0, 0, 17, 24, 0, 353, 328, 0))
2018-04-07 21:04:50.101650;(14, (1847, 360, 0, 360, 352, 0, 0, 48, 330, 0, 640, 730, 0))
2018-04-07 21:04:50.570548;(23, (14780, 199, 0, 199, 197, 0, 0, 31, 39, 0, 273, 267, 0))
2018-04-07 21:04:51.101270;(13, (1344, 252, 0, 252, 247, 0, 0, 75, 18, 0, 276, 340, 0))
2018-04-07 21:04:51.215852;(6, (7391, 115, 0, 115, 115, 0, 0, 4, 14, 0, 196, 133, 0))
2018-04-07 21:04:51.225067;(4, (2956, 254, 0, 254, 254, 0, 0, 68, 81, 0, 275, 403, 0))
2018-04-07 21:04:51.307072;(22, (579, 786, 0, 786, 768, 0, 0, 207, 371, 0, 932, 1346, 0))
2018-04-07 21:04:51.389241;(10, (656, 546, 0, 546, 539, 0, 0, 45, 210, 0, 686, 794, 0))
2018-04-07 21:04:51.645189;(12, (985, 567, 0, 567, 556, 0, 0, 40, 404, 0, 746, 1000, 0))
2018-04-07 21:04:51.693300;(18, (1055, 666, 0, 666, 653, 0, 0, 142, 398, 0, 831, 1193, 0))
2018-04-07 21:04:51.875155;(16, (985, 660, 0, 660, 649, 0, 0, 51, 402, 0, 812, 1102, 0))
2018-04-07 21:04:51.882326;(7, (2464, 586, 0, 586, 572, 0, 0, 74, 482, 0, 804, 1128, 0))
2018-04-07 21:04:51.934080;(8, (895, 401, 0, 401, 377, 0, 0, 127, 472, 0, 715, 976, 0))
2018-04-07 21:05:19.951159;(1, (468, 1567, 0, 1567, 1550, 0, 0, 229, 717, 0, 2154, 2496, 0))
2018-04-07 21:05:20.052679;(21, (9854, 290, 0, 290, 290, 0, 0, 17, 24, 0, 357, 331, 0))
2018-04-07 21:05:21.107851;(13, (1971, 267, 0, 267, 262, 0, 0, 75, 18, 0, 292, 355, 0))
2018-04-07 21:05:21.109328;(14, (4926, 366, 0, 366, 358, 0, 0, 48, 330, 0, 660, 736, 0))
2018-04-07 21:05:21.227334;(6, (509, 175, 0, 175, 173, 0, 0, 27, 14, 0, 261, 214, 0))
2018-04-07 21:05:21.230889;(4, (3284, 263, 0, 263, 263, 0, 0, 68, 81, 0, 284, 412, 0))
2018-04-07 21:05:21.314886;(22, (454, 851, 0, 851, 833, 0, 0, 207, 371, 0, 1002, 1411, 0))
2018-04-07 21:05:21.395788;(10, (4926, 552, 0, 552, 545, 0, 0, 45, 210, 0, 696, 800, 0))
2018-04-07 21:05:21.584670;(23, (0, 199, 0, 199, 197, 0, 0, 31, 39, 0, 278, 267, 0))
2018-04-07 21:05:21.654474;(12, (7391, 571, 0, 571, 560, 0, 0, 40, 404, 0, 760, 1004, 0))
2018-04-07 21:05:21.699374;(18, (2110, 680, 0, 680, 667, 0, 0, 142, 398, 0, 852, 1207, 0))
2018-04-07 21:05:21.885097;(16, (3696, 668, 0, 668, 657, 0, 0, 51, 402, 0, 824, 1110, 0))
2018-04-07 21:05:21.894658;(7, (2956, 596, 0, 596, 582, 0, 0, 74, 482, 0, 823, 1138, 0))
2018-04-07 21:05:21.940130;(8, (2111, 415, 0, 415, 391, 0, 0, 127, 472, 0, 743, 990, 0))
2018-04-07 21:05:49.957293;(1, (492, 1627, 0, 1627, 1610, 0, 0, 232, 717, 0, 2219, 2559, 0))
2018-04-07 21:05:51.059019;(21, (9853, 293, 0, 293, 293, 0, 0, 17, 24, 0, 362, 334, 0))
2018-04-07 21:05:51.113529;(13, (1971, 282, 0, 282, 277, 0, 0, 75, 18, 0, 307, 370, 0))
2018-04-07 21:05:51.114279;(14, (7390, 370, 0, 370, 362, 0, 0, 48, 330, 0, 669, 740, 0))
2018-04-07 21:05:51.233722;(6, (528, 234, 0, 234, 229, 0, 0, 51, 14, 0, 324, 294, 0))
2018-04-07 21:05:51.250900;(4, (3284, 272, 0, 272, 272, 0, 0, 68, 81, 0, 293, 421, 0))
2018-04-07 21:05:51.323505;(22, (557, 904, 0, 904, 886, 0, 0, 207, 371, 0, 1058, 1464, 0))
2018-04-07 21:05:51.401565;(10, (7389, 556, 0, 556, 549, 0, 0, 45, 210, 0, 703, 804, 0))
2018-04-07 21:05:51.590477;(23, (29560, 200, 0, 200, 198, 0, 0, 31, 39, 0, 280, 268, 0))
2018-04-07 21:05:51.665675;(12, (5914, 576, 0, 576, 565, 0, 0, 40, 404, 0, 767, 1009, 0))
2018-04-07 21:05:51.705829;(18, (2956, 690, 0, 690, 677, 0, 0, 142, 398, 0, 866, 1217, 0))
2018-04-07 21:05:51.902949;(7, (3287, 605, 0, 605, 591, 0, 0, 74, 482, 0, 836, 1147, 0))
2018-04-07 21:05:51.903117;(16, (7392, 672, 0, 672, 661, 0, 0, 51, 402, 0, 832, 1114, 0))
2018-04-07 21:05:51.946727;(8, (2956, 425, 0, 425, 401, 0, 0, 127, 472, 0, 757, 1000, 0))
2018-04-07 21:06:19.962345;(1, (492, 1687, 0, 1687, 1670, 0, 0, 235, 717, 0, 2282, 2622, 0))
2018-04-07 21:06:21.065055;(21, (9853, 296, 0, 296, 296, 0, 0, 17, 24, 0, 366, 337, 0))
2018-04-07 21:06:21.120205;(13, (1971, 297, 0, 297, 292, 0, 0, 75, 18, 0, 323, 385, 0))
2018-04-07 21:06:21.121184;(14, (9854, 373, 0, 373, 365, 0, 0, 48, 330, 0, 674, 743, 0))
2018-04-07 21:06:21.243490;(6, (537, 292, 0, 292, 284, 0, 0, 76, 14, 0, 382, 374, 0))
2018-04-07 21:06:21.262091;(4, (3285, 281, 0, 281, 281, 0, 0, 68, 81, 0, 302, 430, 0))
2018-04-07 21:06:21.332121;(22, (557, 957, 0, 957, 939, 0, 0, 207, 371, 0, 1113, 1517, 0))
2018-04-07 21:06:21.407601;(10, (9853, 559, 0, 559, 552, 0, 0, 45, 210, 0, 707, 807, 0))
2018-04-07 21:06:21.597325;(23, (0, 200, 0, 200, 198, 0, 0, 31, 39, 0, 281, 268, 0))
2018-04-07 21:06:21.676026;(12, (9858, 579, 0, 579, 568, 0, 0, 40, 404, 0, 772, 1012, 0))
2018-04-07 21:06:21.711573;(18, (3285, 699, 0, 699, 686, 0, 0, 142, 398, 0, 876, 1226, 0))
2018-04-07 21:06:21.914375;(7, (2956, 615, 0, 615, 601, 0, 0, 74, 482, 0, 848, 1157, 0))
2018-04-07 21:06:21.917646;(16, (9856, 675, 0, 675, 664, 0, 0, 51, 402, 0, 835, 1117, 0))
2018-04-07 21:06:21.953581;(8, (3286, 434, 0, 434, 410, 0, 0, 127, 472, 0, 769, 1009, 0))
2018-04-07 21:06:49.974163;(1, (484, 1748, 0, 1748, 1731, 0, 0, 238, 717, 0, 2346, 2686, 0))
2018-04-07 21:06:51.067949;(21, (7385, 300, 0, 300, 300, 0, 0, 17, 24, 0, 371, 341, 0))
2018-04-07 21:06:51.129673;(13, (1847, 313, 0, 313, 308, 0, 0, 75, 18, 0, 340, 401, 0))
2018-04-07 21:06:51.130533;(14, (7389, 377, 0, 377, 369, 0, 0, 48, 330, 0, 683, 747, 0))
2018-04-07 21:06:51.259950;(6, (518, 352, 0, 352, 341, 0, 0, 101, 14, 0, 443, 456, 0))
2018-04-07 21:06:51.267637;(4, (2956, 291, 0, 291, 291, 0, 0, 68, 81, 0, 314, 440, 0))
2018-04-07 21:06:51.338953;(22, (557, 1010, 0, 1010, 992, 0, 0, 207, 372, 0, 1170, 1571, 0))
2018-04-07 21:06:51.414506;(10, (7389, 563, 0, 563, 556, 0, 0, 45, 210, 0, 713, 811, 0))
2018-04-07 21:06:51.605413;(23, (0, 200, 0, 200, 198, 0, 0, 31, 39, 0, 285, 268, 0))
2018-04-07 21:06:51.685190;(12, (7393, 583, 0, 583, 572, 0, 0, 40, 404, 0, 778, 1016, 0))
2018-04-07 21:06:51.717524;(18, (2957, 709, 0, 709, 696, 0, 0, 142, 398, 0, 888, 1236, 0))
2018-04-07 21:06:51.921063;(7, (3285, 624, 0, 624, 610, 0, 0, 74, 482, 0, 861, 1166, 0))
2018-04-07 21:06:51.921980;(16, (9856, 678, 0, 678, 667, 0, 0, 51, 402, 0, 843, 1120, 0))
2018-04-07 21:06:51.972027;(8, (2688, 445, 0, 445, 421, 0, 0, 127, 472, 0, 784, 1020, 0))
2018-04-07 21:07:19.978681;(1, (484, 1810, 0, 1810, 1792, 0, 0, 248, 717, 0, 2408, 2757, 0))
2018-04-07 21:07:21.071080;(21, (9853, 303, 0, 303, 303, 0, 0, 17, 24, 0, 375, 344, 0))
2018-04-07 21:07:21.134318;(13, (1971, 328, 0, 328, 323, 0, 0, 75, 18, 0, 355, 416, 0))
2018-04-07 21:07:21.136992;(14, (9853, 380, 0, 380, 372, 0, 0, 48, 330, 0, 687, 750, 0))
2018-04-07 21:07:21.269508;(6, (518, 413, 0, 413, 398, 0, 0, 132, 17, 0, 505, 547, 0))
2018-04-07 21:07:21.273601;(4, (3285, 300, 0, 300, 300, 0, 0, 68, 81, 0, 323, 449, 0))
2018-04-07 21:07:21.342650;(22, (579, 1063, 0, 1063, 1043, 0, 0, 218, 411, 0, 1222, 1672, 0))
2018-04-07 21:07:21.419034;(10, (9856, 566, 0, 566, 559, 0, 0, 45, 210, 0, 717, 814, 0))
2018-04-07 21:07:21.607893;(23, (29561, 201, 0, 201, 199, 0, 0, 31, 39, 0, 285, 269, 0))
2018-04-07 21:07:21.691234;(12, (9854, 586, 0, 586, 575, 0, 0, 40, 404, 0, 782, 1019, 0))
2018-04-07 21:07:21.721474;(18, (3284, 718, 0, 718, 705, 0, 0, 142, 398, 0, 901, 1245, 0))
2018-04-07 21:07:21.924971;(7, (3285, 633, 0, 633, 619, 0, 0, 74, 482, 0, 870, 1175, 0))
2018-04-07 21:07:21.927079;(16, (5913, 683, 0, 683, 672, 0, 0, 51, 402, 0, 846, 1125, 0))
2018-04-07 21:07:21.975366;(8, (3286, 454, 0, 454, 430, 0, 0, 127, 472, 0, 794, 1029, 0))
2018-04-07 21:07:49.980377;(1, (509, 1870, 0, 1870, 1850, 0, 0, 260, 756, 0, 2494, 2866, 0))
2018-04-07 21:07:51.077105;(21, (9853, 306, 0, 306, 306, 0, 0, 17, 24, 0, 380, 347, 0))
2018-04-07 21:07:51.136598;(13, (1971, 343, 0, 343, 338, 0, 0, 75, 18, 0, 371, 431, 0))
2018-04-07 21:07:51.139143;(14, (2463, 393, 0, 393, 384, 0, 0, 55, 357, 0, 710, 796, 0))
2018-04-07 21:07:51.274953;(6, (1642, 432, 0, 432, 416, 0, 0, 140, 17, 0, 534, 573, 0))
2018-04-07 21:07:51.276744;(4, (3285, 309, 0, 309, 309, 0, 0, 69, 81, 0, 332, 459, 0))
2018-04-07 21:07:51.346127;(22, (895, 1098, 0, 1098, 1076, 0, 0, 231, 423, 0, 1254, 1730, 0))
2018-04-07 21:07:51.425649;(10, (738, 607, 0, 607, 599, 0, 0, 56, 232, 0, 767, 887, 0))
2018-04-07 21:07:51.609827;(23, (0, 201, 0, 201, 199, 0, 0, 31, 39, 0, 288, 269, 0))
2018-04-07 21:07:51.699732;(12, (1971, 601, 0, 601, 590, 0, 0, 40, 418, 0, 804, 1048, 0))
2018-04-07 21:07:51.725198;(18, (1285, 742, 0, 742, 728, 0, 0, 153, 407, 0, 929, 1288, 0))
2018-04-07 21:07:51.927100;(7, (985, 664, 0, 664, 649, 0, 0, 81, 529, 0, 910, 1259, 0))
2018-04-07 21:07:51.929933;(16, (1408, 704, 0, 704, 693, 0, 0, 52, 440, 0, 870, 1185, 0))
2018-04-07 21:07:51.978445;(8, (924, 491, 0, 491, 462, 0, 0, 141, 588, 0, 848, 1191, 0))
2018-04-07 21:08:19.982549;(1, (476, 1934, 0, 1934, 1912, 0, 0, 280, 767, 0, 2586, 2959, 0))
2018-04-07 21:08:21.079728;(21, (9852, 309, 0, 309, 309, 0, 0, 17, 24, 0, 385, 350, 0))
2018-04-07 21:08:21.138886;(13, (1970, 358, 0, 358, 353, 0, 0, 75, 18, 0, 386, 446, 0))
2018-04-07 21:08:21.142230;(14, (2111, 407, 0, 407, 398, 0, 0, 56, 361, 0, 737, 815, 0))
2018-04-07 21:08:21.278184;(6, (7392, 436, 0, 436, 420, 0, 0, 140, 17, 0, 542, 577, 0))
2018-04-07 21:08:21.278841;(4, (3286, 318, 0, 318, 318, 0, 0, 69, 81, 0, 341, 468, 0))
2018-04-07 21:08:21.348435;(22, (557, 1153, 0, 1153, 1129, 0, 0, 239, 498, 0, 1317, 1866, 0))
2018-04-07 21:08:21.427632;(10, (4222, 614, 0, 614, 606, 0, 0, 59, 242, 0, 779, 907, 0))
2018-04-07 21:08:21.611735;(23, (0, 201, 0, 201, 199, 0, 0, 31, 39, 0, 289, 269, 0))
2018-04-07 21:08:21.706815;(12, (2956, 611, 0, 611, 600, 0, 0, 40, 418, 0, 825, 1058, 0))
2018-04-07 21:08:21.727403;(18, (1056, 770, 0, 770, 756, 0, 0, 153, 407, 0, 970, 1316, 0))
2018-04-07 21:08:21.932088;(7, (1182, 689, 0, 689, 674, 0, 0, 92, 541, 0, 945, 1307, 0))
2018-04-07 21:08:21.935182;(16, (1556, 723, 0, 723, 712, 0, 0, 52, 440, 0, 905, 1204, 0))
2018-04-07 21:08:21.980494;(8, (1095, 519, 0, 519, 489, 0, 0, 147, 633, 0, 899, 1269, 0))
