2018-03-20 21:36:23.415329;(19, (94, 29, 0, 0, 0, 0, 0, 0, 0, 0))
2018-03-20 21:36:23.458649;(26, (152, 101, 42, 0, 0, 0, 0, 0, 0, 0))
2018-03-20 21:36:23.513996;(9, (176, 157, 1, 0, 0, 0, 0, 0, 0, 0))
2018-03-20 21:36:23.537289;(1, (913, 737, 711, 0, 0, 0, 0, 0, 0, 0))
2018-03-20 21:36:23.610175;(3, (235, 239, 21, 0, 0, 0, 0, 0, 0, 0))
2018-03-20 21:36:23.611044;(5, (142, 106, 8, 0, 0, 0, 0, 0, 0, 0))
2018-03-20 21:36:23.693906;(25, (59, 45, 0, 0, 0, 0, 0, 0, 0, 0))
2018-03-20 21:36:23.700064;(22, (216, 148, 97, 0, 0, 0, 0, 0, 0, 0))
2018-03-20 21:36:23.765634;(16, (121, 90, 1, 0, 0, 0, 0, 0, 0, 0))
2018-03-20 21:36:23.797878;(7, (236, 247, 14, 0, 0, 0, 0, 0, 0, 0))
2018-03-20 21:36:23.861580;(15, (80, 50, 0, 0, 0, 0, 0, 0, 0, 0))
2018-03-20 21:36:23.894914;(11, (264, 268, 116, 1, 0, 0, 0, 0, 0, 0))
2018-03-20 21:36:23.948809;(4, (134, 141, 2, 0, 0, 0, 0, 0, 0, 0))
2018-03-20 21:36:23.982709;(24, (70, 49, 0, 0, 0, 0, 0, 0, 0, 0))
2018-03-20 21:36:24.045184;(14, (180, 186, 0, 0, 0, 0, 0, 0, 0, 0))
2018-03-20 21:36:24.058845;(23, (231, 190, 130, 0, 0, 0, 0, 0, 0, 0))
2018-03-20 21:36:24.115749;(13, (81, 54, 1, 0, 0, 0, 0, 0, 0, 0))
2018-03-20 21:36:24.123824;(10, (209, 186, 131, 0, 0, 0, 0, 0, 0, 0))
2018-03-20 21:36:24.177383;(18, (73, 79, 0, 0, 0, 0, 0, 0, 0, 0))
2018-03-20 21:36:24.189871;(20, (75, 29, 0, 0, 0, 0, 0, 0, 0, 0))
2018-03-20 21:36:24.207484;(6, (261, 275, 21, 0, 0, 0, 0, 0, 0, 0))
2018-03-20 21:36:24.265399;(12, (81, 67, 0, 0, 0, 0, 0, 0, 0, 0))
2018-03-20 21:36:24.284489;(8, (134, 138, 0, 0, 0, 0, 0, 0, 0, 0))
2018-03-20 21:36:24.297014;(21, (194, 136, 66, 0, 0, 0, 0, 0, 0, 0))
2018-03-20 21:36:24.324930;(2, (160, 182, 0, 0, 0, 0, 0, 0, 0, 0))
2018-03-20 21:36:24.394808;(17, (160, 151, 63, 0, 0, 0, 0, 0, 0, 0))
2018-03-20 21:37:23.427325;(19, (250, 157, 42, 0, 0, 0, 0, 0, 0, 0))
2018-03-20 21:37:23.468417;(26, (332, 237, 76, 0, 0, 0, 0, 0, 0, 0))
2018-03-20 21:37:23.525149;(9, (387, 393, 48, 0, 0, 0, 0, 0, 0, 0))
2018-03-20 21:37:23.545791;(1, (3569, 3248, 3212, 0, 0, 0, 0, 0, 0, 0))
2018-03-20 21:37:23.630249;(3, (751, 849, 163, 0, 0, 0, 0, 0, 0, 0))
2018-03-20 21:37:23.630447;(5, (275, 234, 18, 0, 0, 0, 0, 0, 0, 0))
2018-03-20 21:37:23.705295;(25, (120, 99, 0, 0, 0, 0, 0, 0, 0, 0))
2018-03-20 21:37:23.783329;(16, (482, 514, 71, 0, 0, 0, 0, 0, 0, 0))
2018-03-20 21:37:23.816777;(7, (900, 1005, 306, 0, 0, 0, 0, 0, 0, 0))
2018-03-20 21:37:23.879943;(15, (330, 355, 2, 0, 0, 0, 0, 0, 0, 0))
2018-03-20 21:37:23.908708;(11, (622, 636, 234, 1, 0, 0, 0, 0, 0, 0))
2018-03-20 21:37:23.964939;(4, (211, 197, 3, 0, 0, 0, 0, 0, 0, 0))
2018-03-20 21:37:23.997329;(24, (162, 112, 9, 0, 0, 0, 0, 0, 0, 0))
2018-03-20 21:37:24.060331;(14, (390, 418, 0, 0, 0, 0, 0, 0, 0, 0))
2018-03-20 21:37:24.073479;(23, (554, 538, 308, 0, 0, 0, 0, 0, 0, 0))
2018-03-20 21:37:24.127764;(13, (198, 177, 7, 0, 0, 0, 0, 0, 0, 0))
2018-03-20 21:37:24.133828;(10, (474, 446, 316, 0, 0, 0, 0, 0, 0, 0))
2018-03-20 21:37:24.193131;(18, (284, 349, 0, 0, 0, 0, 0, 0, 0, 0))
2018-03-20 21:37:24.232185;(6, (875, 967, 265, 0, 0, 0, 0, 0, 0, 0))
2018-03-20 21:37:24.284914;(12, (351, 402, 4, 0, 0, 0, 0, 0, 0, 0))
2018-03-20 21:37:24.304353;(8, (431, 492, 65, 0, 0, 0, 0, 0, 0, 0))
2018-03-20 21:37:24.314362;(21, (884, 854, 492, 0, 0, 0, 0, 0, 0, 0))
2018-03-20 21:37:24.341818;(2, (434, 535, 2, 0, 0, 0, 0, 0, 0, 0))
2018-03-20 21:37:24.408025;(17, (339, 351, 90, 0, 0, 0, 0, 0, 0, 0))
2018-03-20 21:38:23.440940;(19, (587, 526, 164, 0, 0, 0, 0, 0, 0, 0))
2018-03-20 21:38:23.480075;(26, (632, 501, 199, 1, 0, 0, 0, 0, 0, 0))
2018-03-20 21:38:23.536240;(9, (488, 475, 63, 0, 0, 0, 0, 0, 0, 0))
2018-03-20 21:38:23.555835;(1, (5821, 5300, 5254, 0, 0, 0, 0, 0, 0, 0))
2018-03-20 21:38:23.651459;(3, (1374, 1565, 391, 0, 0, 0, 0, 0, 0, 0))
2018-03-20 21:38:23.652413;(5, (391, 325, 49, 1, 0, 0, 0, 0, 0, 0))
2018-03-20 21:38:23.716758;(25, (226, 185, 35, 0, 0, 0, 0, 0, 0, 0))
2018-03-20 21:38:23.731938;(22, (1133, 1178, 526, 0, 0, 0, 0, 0, 0, 0))
2018-03-20 21:38:23.796337;(16, (881, 907, 241, 0, 0, 0, 0, 0, 0, 0))
2018-03-20 21:38:23.835265;(7, (1465, 1636, 589, 0, 0, 0, 0, 0, 0, 0))
2018-03-20 21:38:23.894038;(15, (478, 504, 28, 0, 0, 0, 0, 0, 0, 0))
2018-03-20 21:38:23.923802;(11, (859, 907, 268, 1, 0, 0, 0, 0, 0, 0))
2018-03-20 21:38:23.977856;(4, (309, 288, 12, 0, 0, 0, 0, 0, 0, 0))
2018-03-20 21:38:24.011758;(24, (320, 277, 30, 0, 0, 0, 0, 0, 0, 0))
2018-03-20 21:38:24.073309;(14, (503, 535, 1, 0, 0, 0, 0, 0, 0, 0))
2018-03-20 21:38:24.096151;(23, (976, 1051, 389, 0, 0, 0, 0, 0, 0, 0))
2018-03-20 21:38:24.139794;(13, (289, 247, 14, 0, 0, 0, 0, 0, 0, 0))
2018-03-20 21:38:24.144215;(10, (682, 631, 427, 0, 0, 0, 0, 0, 0, 0))
2018-03-20 21:38:24.208440;(18, (557, 683, 38, 0, 0, 0, 0, 0, 0, 0))
2018-03-20 21:38:24.233199;(20, (1516, 1619, 676, 0, 0, 0, 0, 0, 0, 0))
2018-03-20 21:38:24.254145;(6, (1496, 1649, 470, 0, 0, 0, 0, 0, 0, 0))
2018-03-20 21:38:24.297577;(12, (485, 542, 18, 0, 0, 0, 0, 0, 0, 0))
2018-03-20 21:38:24.323144;(8, (897, 1050, 235, 0, 0, 0, 0, 0, 0, 0))
2018-03-20 21:38:24.333328;(21, (1191, 1185, 602, 0, 0, 0, 0, 0, 0, 0))
2018-03-20 21:38:24.360710;(2, (743, 936, 45, 0, 0, 0, 0, 0, 0, 0))
2018-03-20 21:38:24.419027;(17, (510, 534, 169, 1, 0, 0, 0, 0, 0, 0))
2018-03-20 21:39:23.453658;(19, (967, 903, 335, 0, 0, 0, 0, 0, 0, 0))
2018-03-20 21:39:23.492925;(26, (859, 719, 242, 1, 0, 0, 0, 0, 0, 0))
2018-03-20 21:39:23.546426;(9, (615, 596, 73, 0, 0, 0, 0, 0, 0, 0))
2018-03-20 21:39:23.565512;(1, (8374, 7669, 7613, 0, 0, 0, 0, 0, 0, 0))
2018-03-20 21:39:23.677358;(3, (1771, 2065, 418, 0, 0, 0, 0, 0, 0, 0))
2018-03-20 21:39:23.677652;(5, (478, 398, 49, 1, 0, 0, 0, 0, 0, 0))
2018-03-20 21:39:23.727554;(25, (310, 268, 40, 0, 0, 0, 0, 0, 0, 0))
2018-03-20 21:39:23.753188;(22, (1980, 2072, 992, 0, 0, 0, 0, 0, 0, 0))
2018-03-20 21:39:23.812242;(16, (1269, 1317, 440, 0, 0, 0, 0, 0, 0, 0))
2018-03-20 21:39:23.860024;(7, (1989, 2266, 693, 0, 0, 0, 0, 0, 0, 0))
2018-03-20 21:39:23.905561;(15, (625, 663, 31, 0, 0, 0, 0, 0, 0, 0))
2018-03-20 21:39:23.939956;(11, (1149, 1236, 310, 1, 0, 0, 0, 0, 0, 0))
2018-03-20 21:39:23.989109;(4, (442, 412, 25, 0, 0, 0, 0, 0, 0, 0))
2018-03-20 21:39:24.021616;(24, (496, 442, 66, 0, 0, 0, 0, 0, 0, 0))
2018-03-20 21:39:24.086730;(14, (589, 606, 2, 0, 0, 0, 0, 0, 0, 0))
2018-03-20 21:39:24.151179;(13, (401, 351, 24, 0, 0, 0, 0, 0, 0, 0))
2018-03-20 21:39:24.156315;(10, (915, 866, 581, 0, 0, 0, 0, 0, 0, 0))
2018-03-20 21:39:24.227285;(18, (982, 1191, 129, 0, 0, 0, 0, 0, 0, 0))
2018-03-20 21:39:24.255770;(20, (2844, 3035, 1526, 0, 0, 0, 0, 0, 0, 0))
2018-03-20 21:39:24.277030;(6, (2699, 2932, 1268, 0, 0, 0, 0, 0, 0, 0))
2018-03-20 21:39:24.311770;(12, (590, 656, 29, 0, 0, 0, 0, 0, 0, 0))
2018-03-20 21:39:24.337582;(8, (1284, 1457, 407, 0, 0, 0, 0, 0, 0, 0))
2018-03-20 21:39:24.354639;(21, (1641, 1717, 699, 0, 0, 0, 0, 0, 0, 0))
2018-03-20 21:39:24.375968;(2, (913, 1135, 94, 0, 0, 0, 0, 0, 0, 0))
2018-03-20 21:39:24.428898;(17, (606, 625, 194, 1, 0, 0, 0, 0, 0, 0))
2018-03-20 21:40:23.467969;(19, (1269, 1205, 447, 0, 0, 0, 0, 0, 0, 0))
2018-03-20 21:40:23.503850;(26, (999, 827, 281, 1, 0, 0, 0, 0, 0, 0))
2018-03-20 21:40:23.561347;(9, (820, 850, 81, 0, 0, 0, 0, 0, 0, 0))
2018-03-20 21:40:23.575557;(1, (10764, 9884, 9818, 0, 0, 0, 0, 0, 0, 0))
2018-03-20 21:40:23.688345;(5, (589, 480, 54, 1, 0, 0, 0, 0, 0, 0))
2018-03-20 21:40:23.700790;(3, (2324, 2695, 602, 0, 0, 0, 0, 0, 0, 0))
2018-03-20 21:40:23.739495;(25, (433, 402, 44, 0, 0, 0, 0, 0, 0, 0))
2018-03-20 21:40:23.772576;(22, (2613, 2734, 1312, 0, 0, 0, 0, 0, 0, 0))
2018-03-20 21:40:23.830954;(16, (1785, 1900, 654, 0, 0, 0, 0, 0, 0, 0))
2018-03-20 21:40:23.878222;(7, (2440, 2770, 864, 0, 0, 0, 0, 0, 0, 0))
2018-03-20 21:40:23.954094;(11, (1420, 1513, 446, 1, 0, 0, 0, 0, 0, 0))
2018-03-20 21:40:24.001029;(4, (533, 493, 33, 0, 0, 0, 0, 0, 0, 0))
2018-03-20 21:40:24.032838;(24, (662, 593, 140, 0, 0, 0, 0, 0, 0, 0))
2018-03-20 21:40:24.106478;(14, (830, 893, 6, 0, 0, 0, 0, 0, 0, 0))
2018-03-20 21:40:24.137424;(23, (1565, 1775, 428, 0, 0, 0, 0, 0, 0, 0))
2018-03-20 21:40:24.165608;(13, (571, 528, 34, 0, 0, 0, 0, 0, 0, 0))
2018-03-20 21:40:24.167610;(10, (1162, 1107, 758, 1, 0, 0, 0, 0, 0, 0))
2018-03-20 21:40:24.244123;(18, (1390, 1674, 243, 0, 0, 0, 0, 0, 0, 0))
2018-03-20 21:40:24.274202;(20, (3732, 3983, 2077, 0, 0, 0, 0, 0, 0, 0))
2018-03-20 21:40:24.300726;(6, (3962, 4297, 2116, 0, 0, 0, 0, 0, 0, 0))
2018-03-20 21:40:24.326221;(12, (798, 887, 85, 0, 0, 0, 0, 0, 0, 0))
2018-03-20 21:40:24.350942;(8, (1795, 1998, 742, 0, 0, 0, 0, 0, 0, 0))
2018-03-20 21:40:24.374073;(21, (2280, 2438, 950, 0, 0, 0, 0, 0, 0, 0))
2018-03-20 21:40:24.392218;(2, (1116, 1343, 162, 0, 0, 0, 0, 0, 0, 0))
2018-03-20 21:40:24.441724;(17, (747, 792, 198, 1, 0, 0, 0, 0, 0, 0))
2018-03-20 21:41:23.485199;(19, (1525, 1498, 466, 0, 0, 0, 0, 0, 0, 0))
2018-03-20 21:41:23.515893;(26, (1126, 934, 284, 1, 0, 0, 0, 0, 0, 0))
2018-03-20 21:41:23.572695;(9, (969, 997, 115, 0, 0, 0, 0, 0, 0, 0))
2018-03-20 21:41:23.584631;(1, (12591, 11574, 11498, 0, 0, 0, 0, 0, 0, 0))
2018-03-20 21:41:23.701551;(5, (770, 626, 74, 1, 0, 0, 0, 0, 0, 0))
2018-03-20 21:41:23.723990;(3, (3755, 4193, 1628, 0, 0, 0, 0, 0, 0, 0))
2018-03-20 21:41:23.752615;(25, (535, 492, 53, 0, 0, 0, 0, 0, 0, 0))
2018-03-20 21:41:23.791123;(22, (3035, 3196, 1476, 0, 0, 0, 0, 0, 0, 0))
2018-03-20 21:41:23.848958;(16, (2149, 2303, 787, 0, 0, 0, 0, 0, 0, 0))
2018-03-20 21:41:23.894613;(7, (3076, 3446, 1198, 0, 0, 0, 0, 0, 0, 0))
2018-03-20 21:41:23.932043;(15, (1129, 1156, 221, 0, 0, 0, 0, 0, 0, 0))
2018-03-20 21:41:23.969107;(11, (1742, 1827, 556, 1, 0, 0, 0, 0, 0, 0))
2018-03-20 21:41:24.013434;(4, (622, 566, 37, 0, 0, 0, 0, 0, 0, 0))
2018-03-20 21:41:24.041264;(24, (771, 684, 147, 0, 0, 0, 0, 0, 0, 0))
2018-03-20 21:41:24.121985;(14, (1010, 1084, 11, 0, 0, 0, 0, 0, 0, 0))
2018-03-20 21:41:24.156499;(23, (1966, 2207, 583, 0, 0, 0, 0, 0, 0, 0))
2018-03-20 21:41:24.179613;(13, (703, 650, 41, 0, 0, 0, 0, 0, 0, 0))
2018-03-20 21:41:24.181366;(10, (1535, 1465, 943, 1, 0, 0, 0, 0, 0, 0))
2018-03-20 21:41:24.256639;(18, (1560, 1837, 274, 0, 0, 0, 0, 0, 0, 0))
2018-03-20 21:41:24.289001;(20, (4475, 4724, 2595, 0, 0, 0, 0, 0, 0, 0))
2018-03-20 21:41:24.322970;(6, (4530, 4941, 2345, 0, 0, 0, 0, 0, 0, 0))
2018-03-20 21:41:24.339606;(12, (937, 1037, 128, 0, 0, 0, 0, 0, 0, 0))
2018-03-20 21:41:24.371081;(8, (2413, 2668, 1057, 0, 0, 0, 0, 0, 0, 0))
2018-03-20 21:41:24.387548;(21, (2931, 3095, 1439, 0, 0, 0, 0, 0, 0, 0))
2018-03-20 21:41:24.407886;(2, (1380, 1658, 167, 0, 0, 0, 0, 0, 0, 0))
2018-03-20 21:41:24.453366;(17, (911, 965, 278, 1, 0, 0, 0, 0, 0, 0))
2018-03-20 21:42:23.499996;(19, (1907, 1906, 587, 0, 0, 0, 0, 0, 0, 0))
2018-03-20 21:42:23.525381;(26, (1229, 1013, 306, 1, 0, 0, 0, 0, 0, 0))
2018-03-20 21:42:23.583445;(9, (1046, 1079, 116, 0, 0, 0, 0, 0, 0, 0))
2018-03-20 21:42:23.595221;(1, (14665, 13508, 13422, 0, 0, 0, 0, 0, 0, 0))
2018-03-20 21:42:23.712143;(5, (900, 756, 98, 1, 0, 0, 0, 0, 0, 0))
2018-03-20 21:42:23.748954;(3, (4957, 5508, 2438, 0, 0, 0, 0, 0, 0, 0))
2018-03-20 21:42:23.765944;(25, (605, 554, 55, 0, 0, 0, 0, 0, 0, 0))
2018-03-20 21:42:23.807395;(22, (3779, 3953, 1931, 0, 0, 0, 0, 0, 0, 0))
2018-03-20 21:42:23.863728;(16, (2583, 2743, 1044, 0, 0, 0, 0, 0, 0, 0))
2018-03-20 21:42:23.916736;(7, (3838, 4304, 1613, 0, 0, 0, 0, 0, 0, 0))
2018-03-20 21:42:23.947709;(15, (1387, 1440, 288, 0, 0, 0, 0, 0, 0, 0))
2018-03-20 21:42:23.982307;(11, (2040, 2133, 682, 1, 0, 0, 0, 0, 0, 0))
2018-03-20 21:42:24.025348;(4, (732, 671, 72, 0, 0, 0, 0, 0, 0, 0))
2018-03-20 21:42:24.058156;(24, (984, 911, 209, 0, 0, 0, 0, 0, 0, 0))
2018-03-20 21:42:24.179592;(23, (2487, 2819, 813, 0, 0, 0, 0, 0, 0, 0))
2018-03-20 21:42:24.194222;(13, (816, 759, 54, 0, 0, 0, 0, 0, 0, 0))
2018-03-20 21:42:24.195777;(10, (1839, 1771, 1180, 1, 0, 0, 0, 0, 0, 0))
2018-03-20 21:42:24.272922;(18, (1669, 1976, 274, 0, 0, 0, 0, 0, 0, 0))
2018-03-20 21:42:24.305980;(20, (5333, 5641, 3209, 0, 0, 0, 0, 0, 0, 0))
2018-03-20 21:42:24.344756;(6, (5604, 6094, 3064, 0, 0, 0, 0, 0, 0, 0))
2018-03-20 21:42:24.355327;(12, (1037, 1143, 128, 0, 0, 0, 0, 0, 0, 0))
2018-03-20 21:42:24.385054;(8, (2778, 3082, 1214, 0, 0, 0, 0, 0, 0, 0))
2018-03-20 21:42:24.407397;(21, (3303, 3498, 1552, 0, 0, 0, 0, 0, 0, 0))
2018-03-20 21:42:24.421394;(2, (1517, 1789, 205, 0, 0, 0, 0, 0, 0, 0))
2018-03-20 21:42:24.465048;(17, (1073, 1164, 324, 1, 0, 0, 0, 0, 0, 0))
2018-03-20 21:43:23.516314;(19, (2177, 2180, 655, 0, 0, 0, 0, 0, 0, 0))
2018-03-20 21:43:23.537641;(26, (1453, 1200, 328, 1, 0, 0, 0, 0, 0, 0))
2018-03-20 21:43:23.597040;(9, (1174, 1233, 116, 0, 0, 0, 0, 0, 0, 0))
2018-03-20 21:43:23.605378;(1, (16487, 15201, 15105, 0, 0, 0, 0, 0, 0, 0))
2018-03-20 21:43:23.722499;(5, (1027, 869, 110, 1, 0, 0, 0, 0, 0, 0))
2018-03-20 21:43:23.760072;(3, (5664, 6238, 2952, 0, 0, 0, 0, 0, 0, 0))
2018-03-20 21:43:23.777722;(25, (666, 606, 56, 0, 0, 0, 0, 0, 0, 0))
2018-03-20 21:43:23.826306;(22, (4448, 4670, 2330, 0, 0, 0, 0, 0, 0, 0))
2018-03-20 21:43:23.879448;(16, (3130, 3291, 1428, 0, 0, 0, 0, 0, 0, 0))
2018-03-20 21:43:23.934529;(7, (4432, 4950, 1893, 0, 0, 0, 0, 0, 0, 0))
2018-03-20 21:43:23.959180;(15, (1533, 1577, 338, 0, 0, 0, 0, 0, 0, 0))
2018-03-20 21:43:23.992754;(11, (2175, 2249, 719, 1, 0, 0, 0, 0, 0, 0))
2018-03-20 21:43:24.036575;(4, (853, 779, 92, 0, 0, 0, 0, 0, 0, 0))
2018-03-20 21:43:24.069949;(24, (1105, 1011, 229, 0, 0, 0, 0, 0, 0, 0))
2018-03-20 21:43:24.153701;(14, (1404, 1501, 50, 0, 0, 0, 0, 0, 0, 0))
2018-03-20 21:43:24.197928;(23, (2745, 3117, 868, 0, 0, 0, 0, 0, 0, 0))
2018-03-20 21:43:24.211460;(13, (1004, 931, 75, 0, 0, 0, 0, 0, 0, 0))
2018-03-20 21:43:24.212247;(10, (1974, 1891, 1236, 1, 0, 0, 0, 0, 0, 0))
2018-03-20 21:43:24.285517;(18, (1733, 2035, 274, 0, 0, 0, 0, 0, 0, 0))
2018-03-20 21:43:24.325519;(20, (6078, 6449, 3624, 1, 0, 0, 0, 0, 0, 0))
2018-03-20 21:43:24.368881;(6, (6863, 7422, 3934, 0, 0, 0, 0, 0, 0, 0))
2018-03-20 21:43:24.375524;(12, (1339, 1473, 203, 0, 0, 0, 0, 0, 0, 0))
2018-03-20 21:43:24.406182;(8, (3187, 3563, 1349, 1, 0, 0, 0, 0, 0, 0))
2018-03-20 21:43:24.424893;(21, (3684, 3903, 1731, 0, 0, 0, 0, 0, 0, 0))
2018-03-20 21:43:24.437353;(2, (1748, 2066, 251, 0, 0, 0, 0, 0, 0, 0))
2018-03-20 21:43:24.477595;(17, (1208, 1282, 335, 1, 0, 0, 0, 0, 0, 0))
2018-03-20 21:44:23.531190;(19, (2410, 2401, 708, 0, 0, 0, 0, 0, 0, 0))
2018-03-20 21:44:23.550359;(26, (1632, 1344, 370, 1, 0, 0, 0, 0, 0, 0))
2018-03-20 21:44:23.608177;(9, (1295, 1354, 117, 0, 0, 0, 0, 0, 0, 0))
2018-03-20 21:44:23.732989;(5, (1220, 1037, 175, 2, 0, 0, 0, 0, 0, 0))
2018-03-20 21:44:23.782775;(3, (6565, 7216, 3463, 0, 0, 0, 0, 0, 0, 0))
2018-03-20 21:44:23.792497;(25, (727, 647, 57, 0, 0, 0, 0, 0, 0, 0))
2018-03-20 21:44:23.843907;(22, (5366, 5621, 2940, 1, 0, 0, 0, 0, 0, 0))
2018-03-20 21:44:23.896854;(16, (3557, 3760, 1602, 0, 0, 0, 0, 0, 0, 0))
2018-03-20 21:44:23.952133;(7, (4887, 5450, 2051, 0, 0, 0, 0, 0, 0, 0))
2018-03-20 21:44:23.975334;(15, (1865, 1943, 416, 0, 0, 0, 0, 0, 0, 0))
2018-03-20 21:44:24.003877;(11, (2352, 2407, 795, 1, 0, 0, 0, 0, 0, 0))
2018-03-20 21:44:24.048196;(4, (975, 880, 129, 1, 0, 0, 0, 0, 0, 0))
2018-03-20 21:44:24.080981;(24, (1177, 1062, 229, 0, 0, 0, 0, 0, 0, 0))
2018-03-20 21:44:24.167701;(14, (1606, 1717, 57, 0, 0, 0, 0, 0, 0, 0))
2018-03-20 21:44:24.212276;(23, (3028, 3436, 967, 0, 0, 0, 0, 0, 0, 0))
2018-03-20 21:44:24.224622;(13, (1116, 1022, 86, 0, 0, 0, 0, 0, 0, 0))
2018-03-20 21:44:24.224996;(10, (2170, 2052, 1333, 1, 0, 0, 0, 0, 0, 0))
2018-03-20 21:44:24.297007;(18, (1795, 2101, 275, 0, 0, 0, 0, 0, 0, 0))
2018-03-20 21:44:24.346000;(20, (6748, 7197, 3932, 1, 0, 0, 0, 0, 0, 0))
2018-03-20 21:44:24.390334;(6, (7533, 8166, 4272, 0, 0, 0, 0, 0, 0, 0))
2018-03-20 21:44:24.392230;(12, (1470, 1612, 204, 0, 0, 0, 0, 0, 0, 0))
2018-03-20 21:44:24.423624;(8, (3682, 4102, 1620, 1, 0, 0, 0, 0, 0, 0))
2018-03-20 21:44:24.437358;(21, (3953, 4160, 1852, 0, 0, 0, 0, 0, 0, 0))
2018-03-20 21:44:24.449059;(2, (1832, 2144, 263, 0, 0, 0, 0, 0, 0, 0))
2018-03-20 21:44:24.487651;(17, (1334, 1391, 391, 1, 0, 0, 0, 0, 0, 0))
2018-03-20 21:44:24.615268;(1, (18221, 16809, 16702, 0, 0, 0, 0, 0, 0, 0))
2018-03-20 21:45:23.547175;(19, (2658, 2668, 732, 0, 0, 0, 0, 0, 0, 0))
2018-03-20 21:45:23.619898;(9, (1393, 1448, 117, 0, 0, 0, 0, 0, 0, 0))
2018-03-20 21:45:23.743280;(5, (1316, 1098, 183, 2, 0, 0, 0, 0, 0, 0))
2018-03-20 21:45:23.804098;(3, (7869, 8554, 4321, 0, 0, 0, 0, 0, 0, 0))
2018-03-20 21:45:23.805927;(25, (784, 699, 59, 0, 0, 0, 0, 0, 0, 0))
2018-03-20 21:45:23.861663;(22, (6201, 6477, 3485, 1, 0, 0, 0, 0, 0, 0))
2018-03-20 21:45:23.910116;(16, (3866, 4087, 1757, 0, 0, 0, 0, 0, 0, 0))
2018-03-20 21:45:23.967828;(7, (5391, 6015, 2327, 0, 0, 0, 0, 0, 0, 0))
2018-03-20 21:45:23.989723;(15, (2015, 2109, 428, 0, 0, 0, 0, 0, 0, 0))
2018-03-20 21:45:24.015400;(11, (2587, 2623, 918, 1, 0, 0, 0, 0, 0, 0))
2018-03-20 21:45:24.059782;(4, (1116, 1027, 167, 1, 0, 0, 0, 0, 0, 0))
2018-03-20 21:45:24.093134;(24, (1352, 1216, 281, 1, 0, 0, 0, 0, 0, 0))
2018-03-20 21:45:24.178999;(14, (1712, 1803, 63, 0, 0, 0, 0, 0, 0, 0))
2018-03-20 21:45:24.230369;(23, (3429, 3872, 1114, 0, 0, 0, 0, 0, 0, 0))
2018-03-20 21:45:24.236636;(13, (1191, 1091, 88, 0, 0, 0, 0, 0, 0, 0))
2018-03-20 21:45:24.237801;(10, (2383, 2252, 1455, 1, 0, 0, 0, 0, 0, 0))
2018-03-20 21:45:24.318270;(18, (2028, 2382, 290, 0, 0, 0, 0, 0, 0, 0))
2018-03-20 21:45:24.365025;(20, (7380, 7862, 4283, 1, 0, 0, 0, 0, 0, 0))
2018-03-20 21:45:24.415290;(12, (1693, 1862, 232, 0, 0, 0, 0, 0, 0, 0))
2018-03-20 21:45:24.416542;(6, (8557, 9300, 4936, 0, 0, 0, 0, 0, 0, 0))
2018-03-20 21:45:24.440834;(8, (4175, 4632, 1831, 1, 0, 0, 0, 0, 0, 0))
2018-03-20 21:45:24.451924;(21, (4197, 4400, 1948, 0, 0, 0, 0, 0, 0, 0))
2018-03-20 21:45:24.466504;(2, (2082, 2442, 291, 0, 0, 0, 0, 0, 0, 0))
2018-03-20 21:45:24.499562;(17, (1449, 1503, 412, 1, 0, 0, 0, 0, 0, 0))
2018-03-20 21:45:24.564878;(26, (1840, 1511, 437, 1, 0, 0, 0, 0, 0, 0))
2018-03-20 21:45:24.624728;(1, (20136, 18569, 18448, 0, 0, 0, 0, 0, 0, 0))
2018-03-20 21:46:24.005323;(15, (2282, 2385, 484, 0, 0, 0, 0, 0, 0, 0))
2018-03-20 21:46:24.193156;(14, (1893, 1975, 76, 0, 0, 0, 0, 0, 0, 0))
2018-03-20 21:46:24.440453;(6, (9919, 10713, 5894, 0, 0, 0, 0, 0, 0, 0))
2018-03-20 21:46:24.560635;(19, (2796, 2780, 770, 0, 0, 0, 0, 0, 0, 0))
2018-03-20 21:46:24.576505;(26, (2085, 1709, 468, 1, 0, 0, 0, 0, 0, 0))
2018-03-20 21:46:24.630744;(9, (1484, 1528, 126, 0, 0, 0, 0, 0, 0, 0))
2018-03-20 21:46:24.633281;(1, (21578, 19879, 19747, 0, 0, 0, 0, 0, 0, 0))
2018-03-20 21:46:24.756607;(5, (1453, 1212, 192, 2, 0, 0, 0, 0, 0, 0))
2018-03-20 21:46:24.830063;(3, (8442, 9208, 4509, 0, 0, 0, 0, 0, 0, 0))
2018-03-20 21:46:24.832212;(25, (951, 846, 64, 0, 0, 0, 0, 0, 0, 0))
2018-03-20 21:46:24.881630;(22, (7091, 7403, 4023, 2, 0, 0, 0, 0, 0, 0))
2018-03-20 21:46:24.928085;(16, (4188, 4407, 1871, 0, 0, 0, 0, 0, 0, 0))
2018-03-20 21:46:24.982611;(7, (5581, 6220, 2366, 0, 0, 0, 0, 0, 0, 0))
2018-03-20 21:46:25.027200;(11, (2696, 2719, 943, 1, 0, 0, 0, 0, 0, 0))
2018-03-20 21:46:25.071781;(4, (1255, 1142, 189, 1, 0, 0, 0, 0, 0, 0))
2018-03-20 21:46:25.107461;(24, (1540, 1397, 327, 1, 0, 0, 0, 0, 0, 0))
2018-03-20 21:46:25.244646;(23, (3558, 4014, 1125, 0, 0, 0, 0, 0, 0, 0))
2018-03-20 21:46:25.251465;(10, (2483, 2328, 1484, 1, 0, 0, 0, 0, 0, 0))
2018-03-20 21:46:25.332800;(18, (2149, 2484, 313, 0, 0, 0, 0, 0, 0, 0))
2018-03-20 21:46:25.385509;(20, (7737, 8251, 4414, 1, 0, 0, 0, 0, 0, 0))
2018-03-20 21:46:25.432146;(12, (1876, 2054, 270, 0, 0, 0, 0, 0, 0, 0))
2018-03-20 21:46:25.458859;(8, (4537, 5036, 1984, 1, 0, 0, 0, 0, 0, 0))
2018-03-20 21:46:25.470625;(21, (4432, 4660, 1982, 0, 0, 0, 0, 0, 0, 0))
2018-03-20 21:46:25.482801;(2, (2299, 2648, 343, 0, 0, 0, 0, 0, 0, 0))
2018-03-20 21:46:25.512967;(17, (1534, 1587, 416, 1, 0, 0, 0, 0, 0, 0))
2018-03-20 21:47:24.573257;(19, (3096, 3063, 878, 0, 0, 0, 0, 0, 0, 0))
2018-03-20 21:47:24.587673;(26, (2264, 1870, 510, 1, 0, 0, 0, 0, 0, 0))
2018-03-20 21:47:24.643076;(9, (1592, 1607, 134, 0, 0, 0, 0, 0, 0, 0))
2018-03-20 21:47:24.644699;(1, (23017, 21190, 21046, 0, 0, 0, 0, 0, 0, 0))
2018-03-20 21:47:24.769257;(5, (1673, 1405, 211, 2, 0, 0, 0, 0, 0, 0))
2018-03-20 21:47:24.849281;(25, (1127, 1011, 71, 0, 0, 0, 0, 0, 0, 0))
2018-03-20 21:47:24.849701;(3, (8835, 9630, 4691, 0, 0, 0, 0, 0, 0, 0))
2018-03-20 21:47:24.900261;(22, (8159, 8497, 4706, 2, 0, 0, 0, 0, 0, 0))
2018-03-20 21:47:24.947048;(16, (4724, 4983, 2088, 0, 0, 0, 0, 0, 0, 0))
2018-03-20 21:47:24.991805;(7, (5762, 6383, 2465, 1, 0, 0, 0, 0, 0, 0))
2018-03-20 21:47:25.016490;(15, (2523, 2604, 575, 0, 0, 0, 0, 0, 0, 0))
2018-03-20 21:47:25.036808;(11, (2806, 2821, 960, 1, 0, 0, 0, 0, 0, 0))
2018-03-20 21:47:25.081096;(4, (1425, 1306, 200, 1, 0, 0, 0, 0, 0, 0))
2018-03-20 21:47:25.117950;(24, (1752, 1578, 400, 1, 0, 0, 0, 0, 0, 0))
2018-03-20 21:47:25.206428;(14, (2148, 2198, 160, 0, 0, 0, 0, 0, 0, 0))
2018-03-20 21:47:25.260342;(23, (3734, 4200, 1162, 0, 0, 0, 0, 0, 0, 0))
2018-03-20 21:47:25.261470;(13, (1427, 1300, 108, 0, 0, 0, 0, 0, 0, 0))
2018-03-20 21:47:25.262247;(10, (2564, 2387, 1498, 1, 0, 0, 0, 0, 0, 0))
2018-03-20 21:47:25.345344;(18, (2203, 2534, 315, 0, 0, 0, 0, 0, 0, 0))
2018-03-20 21:47:25.401963;(20, (8040, 8576, 4482, 1, 0, 0, 0, 0, 0, 0))
2018-03-20 21:47:25.449941;(12, (2172, 2415, 322, 0, 0, 0, 0, 0, 0, 0))
2018-03-20 21:47:25.463538;(6, (11412, 12274, 6969, 0, 0, 0, 0, 0, 0, 0))
2018-03-20 21:47:25.476166;(8, (4915, 5467, 2124, 1, 0, 0, 0, 0, 0, 0))
2018-03-20 21:47:25.495287;(21, (4740, 4992, 2012, 0, 0, 0, 0, 0, 0, 0))
2018-03-20 21:47:25.496287;(2, (2359, 2696, 349, 0, 0, 0, 0, 0, 0, 0))
2018-03-20 21:47:25.525715;(17, (1609, 1666, 417, 1, 0, 0, 0, 0, 0, 0))
2018-03-20 21:48:24.586719;(19, (3658, 3610, 1230, 0, 0, 0, 0, 0, 0, 0))
2018-03-20 21:48:24.599702;(26, (2408, 1972, 534, 1, 0, 0, 0, 0, 0, 0))
2018-03-20 21:48:24.656693;(9, (1763, 1787, 154, 0, 0, 0, 0, 0, 0, 0))
2018-03-20 21:48:24.657236;(1, (24878, 22952, 22796, 0, 0, 0, 0, 0, 0, 0))
2018-03-20 21:48:24.781166;(5, (1796, 1500, 217, 2, 0, 0, 0, 0, 0, 0))
2018-03-20 21:48:24.869949;(25, (1247, 1132, 93, 0, 0, 0, 0, 0, 0, 0))
2018-03-20 21:48:24.871733;(3, (9144, 10035, 4699, 0, 0, 0, 0, 0, 0, 0))
2018-03-20 21:48:24.917854;(22, (9180, 9563, 5416, 2, 0, 0, 0, 0, 0, 0))
2018-03-20 21:48:24.967723;(16, (5469, 5774, 2475, 0, 0, 0, 0, 0, 0, 0))
2018-03-20 21:48:25.009524;(7, (6060, 6723, 2512, 1, 0, 0, 0, 0, 0, 0))
2018-03-20 21:48:25.030599;(15, (2704, 2799, 577, 0, 0, 0, 0, 0, 0, 0))
2018-03-20 21:48:25.048346;(11, (2915, 2917, 975, 1, 0, 0, 0, 0, 0, 0))
2018-03-20 21:48:25.091344;(4, (1543, 1413, 206, 1, 0, 0, 0, 0, 0, 0))
2018-03-20 21:48:25.129952;(24, (1991, 1804, 497, 1, 0, 0, 0, 0, 0, 0))
2018-03-20 21:48:25.218466;(14, (2369, 2404, 251, 0, 0, 0, 0, 0, 0, 0))
2018-03-20 21:48:25.274141;(10, (2630, 2435, 1509, 1, 0, 0, 0, 0, 0, 0))
2018-03-20 21:48:25.277652;(23, (3944, 4480, 1162, 0, 0, 0, 0, 0, 0, 0))
2018-03-20 21:48:25.279591;(13, (1507, 1365, 113, 0, 0, 0, 0, 0, 0, 0))
2018-03-20 21:48:25.356168;(18, (2256, 2580, 324, 0, 0, 0, 0, 0, 0, 0))
2018-03-20 21:48:25.420841;(20, (8868, 9459, 5013, 1, 0, 0, 0, 0, 0, 0))
2018-03-20 21:48:25.463231;(12, (2384, 2644, 372, 0, 0, 0, 0, 0, 0, 0))
2018-03-20 21:48:25.484948;(6, (12662, 13606, 7838, 0, 0, 0, 0, 0, 0, 0))
2018-03-20 21:48:25.493198;(8, (5054, 5625, 2134, 1, 0, 0, 0, 0, 0, 0))
2018-03-20 21:48:25.511815;(21, (4950, 5223, 2040, 0, 0, 0, 0, 0, 0, 0))
2018-03-20 21:48:25.515210;(2, (2610, 2982, 423, 0, 0, 0, 0, 0, 0, 0))
2018-03-20 21:48:25.537646;(17, (1678, 1735, 423, 1, 0, 0, 0, 0, 0, 0))
2018-03-20 21:49:24.599574;(19, (4163, 4109, 1543, 1, 0, 0, 0, 0, 0, 0))
2018-03-20 21:49:24.612373;(26, (2545, 2063, 550, 1, 0, 0, 0, 0, 0, 0))
2018-03-20 21:49:24.666987;(1, (26926, 24913, 24746, 0, 0, 0, 0, 0, 0, 0))
2018-03-20 21:49:24.671640;(9, (2005, 2050, 190, 0, 0, 0, 0, 0, 0, 0))
2018-03-20 21:49:24.791703;(5, (1887, 1567, 226, 2, 0, 0, 0, 0, 0, 0))
2018-03-20 21:49:24.881200;(25, (1347, 1206, 103, 0, 0, 0, 0, 0, 0, 0))
2018-03-20 21:49:24.890866;(3, (9451, 10427, 4699, 0, 0, 0, 0, 0, 0, 0))
2018-03-20 21:49:24.938950;(22, (9819, 10265, 5695, 2, 0, 0, 0, 0, 0, 0))
2018-03-20 21:49:24.984133;(16, (6090, 6480, 2821, 0, 0, 0, 0, 0, 0, 0))
2018-03-20 21:49:25.030840;(7, (6483, 7232, 2594, 1, 0, 0, 0, 0, 0, 0))
2018-03-20 21:49:25.043249;(15, (2780, 2869, 580, 0, 0, 0, 0, 0, 0, 0))
2018-03-20 21:49:25.059685;(11, (3005, 2992, 986, 1, 0, 0, 0, 0, 0, 0))
2018-03-20 21:49:25.102758;(4, (1643, 1482, 217, 1, 0, 0, 0, 0, 0, 0))
2018-03-20 21:49:25.140957;(24, (2107, 1890, 511, 1, 0, 0, 0, 0, 0, 0))
2018-03-20 21:49:25.234493;(14, (2648, 2715, 281, 0, 0, 0, 0, 0, 0, 0))
2018-03-20 21:49:25.283713;(10, (2691, 2479, 1516, 1, 0, 0, 0, 0, 0, 0))
2018-03-20 21:49:25.291507;(23, (4059, 4634, 1162, 0, 0, 0, 0, 0, 0, 0))
2018-03-20 21:49:25.365573;(18, (2301, 2620, 324, 0, 0, 0, 0, 0, 0, 0))
2018-03-20 21:49:25.441548;(20, (9799, 10457, 5556, 1, 0, 0, 0, 0, 0, 0))
2018-03-20 21:49:25.473923;(12, (2498, 2755, 385, 0, 0, 0, 0, 0, 0, 0))
2018-03-20 21:49:25.508570;(6, (13522, 14554, 8277, 0, 0, 0, 0, 0, 0, 0))
2018-03-20 21:49:25.515878;(8, (5569, 6192, 2451, 1, 0, 0, 0, 0, 0, 0))
2018-03-20 21:49:25.531546;(21, (5459, 5751, 2357, 0, 0, 0, 0, 0, 0, 0))
2018-03-20 21:49:25.537119;(2, (2965, 3444, 444, 0, 0, 0, 0, 0, 0, 0))
2018-03-20 21:49:25.552381;(17, (1773, 1812, 434, 1, 0, 0, 0, 0, 0, 0))
