2018-04-19 01:59:40.353821;(16, (181, 127, 0, 0, 0, 0, 0, 0, 0, 0))
2018-04-19 01:59:40.378743;(9, (37, 39, 0, 0, 0, 0, 0, 0, 0, 0))
2018-04-19 01:59:40.435237;(14, (231, 179, 0, 0, 0, 0, 0, 0, 0, 0))
2018-04-19 01:59:40.462008;(8, (208, 114, 20, 0, 0, 0, 0, 0, 0, 0))
2018-04-19 01:59:40.573416;(11, (202, 148, 48, 0, 0, 0, 0, 0, 0, 0))
2018-04-19 01:59:40.583370;(12, (151, 109, 0, 0, 0, 0, 0, 0, 0, 0))
2018-04-19 01:59:40.597483;(5, (460, 369, 22, 0, 0, 0, 0, 0, 0, 0))
2018-04-19 01:59:40.647440;(23, (267, 170, 62, 0, 0, 0, 0, 0, 0, 0))
2018-04-19 01:59:40.698958;(19, (89, 59, 0, 0, 0, 0, 0, 0, 0, 0))
2018-04-19 01:59:40.749863;(22, (294, 180, 0, 0, 0, 0, 0, 0, 0, 0))
2018-04-19 01:59:40.791032;(1, (612, 412, 218, 109, 0, 0, 0, 0, 0, 0))
2018-04-19 01:59:40.799233;(10, (235, 162, 60, 0, 0, 0, 0, 0, 0, 0))
2018-04-19 01:59:40.820084;(21, (156, 93, 0, 0, 0, 0, 0, 0, 0, 0))
2018-04-19 01:59:40.901135;(3, (181, 112, 0, 0, 0, 0, 0, 0, 0, 0))
2018-04-19 01:59:40.960206;(13, (279, 272, 20, 0, 0, 0, 0, 0, 0, 0))
2018-04-19 01:59:41.011074;(7, (208, 154, 8, 0, 0, 0, 0, 0, 0, 0))
2018-04-19 01:59:41.041674;(15, (228, 155, 0, 0, 0, 0, 0, 0, 0, 0))
2018-04-19 01:59:41.084930;(6, (160, 156, 0, 0, 0, 0, 0, 0, 0, 0))
2018-04-19 01:59:41.161343;(20, (281, 207, 20, 0, 0, 0, 0, 0, 0, 0))
2018-04-19 01:59:41.167337;(4, (87, 99, 0, 0, 0, 0, 0, 0, 0, 0))
2018-04-19 01:59:41.173824;(18, (263, 227, 69, 0, 0, 0, 0, 0, 0, 0))
2018-04-19 01:59:41.347681;(17, (53, 66, 0, 0, 0, 0, 0, 0, 0, 0))
2018-04-19 02:00:10.358859;(16, (273, 229, 1, 0, 0, 0, 0, 0, 0, 0))
2018-04-19 02:00:10.385954;(9, (109, 137, 0, 0, 0, 0, 0, 0, 0, 0))
2018-04-19 02:00:10.439491;(14, (404, 375, 54, 0, 0, 0, 0, 0, 0, 0))
2018-04-19 02:00:10.465508;(8, (323, 238, 53, 0, 0, 0, 0, 0, 0, 0))
2018-04-19 02:00:10.578911;(11, (406, 365, 126, 0, 0, 0, 0, 0, 0, 0))
2018-04-19 02:00:10.587409;(12, (236, 208, 6, 0, 0, 0, 0, 0, 0, 0))
2018-04-19 02:00:10.603095;(5, (778, 708, 208, 0, 0, 0, 0, 0, 0, 0))
2018-04-19 02:00:10.650939;(23, (527, 447, 282, 0, 0, 0, 0, 0, 0, 0))
2018-04-19 02:00:10.702908;(19, (113, 77, 1, 0, 0, 0, 0, 0, 0, 0))
2018-04-19 02:00:10.753562;(22, (470, 348, 118, 0, 0, 0, 0, 0, 0, 0))
2018-04-19 02:00:10.795145;(1, (1576, 1305, 1100, 550, 0, 0, 0, 0, 0, 0))
2018-04-19 02:00:10.805686;(10, (432, 384, 165, 0, 0, 0, 0, 0, 0, 0))
2018-04-19 02:00:10.823997;(21, (264, 211, 29, 0, 0, 0, 0, 0, 0, 0))
2018-04-19 02:00:10.906470;(3, (296, 246, 6, 0, 0, 0, 0, 0, 0, 0))
2018-04-19 02:00:10.966224;(13, (477, 514, 110, 0, 0, 0, 0, 0, 0, 0))
2018-04-19 02:00:11.015891;(7, (322, 271, 48, 1, 0, 0, 0, 0, 0, 0))
2018-04-19 02:00:11.046315;(15, (401, 354, 70, 0, 0, 0, 0, 0, 0, 0))
2018-04-19 02:00:11.090623;(6, (270, 295, 1, 0, 0, 0, 0, 0, 0, 0))
2018-04-19 02:00:11.166154;(20, (462, 413, 87, 0, 0, 0, 0, 0, 0, 0))
2018-04-19 02:00:11.173506;(4, (256, 284, 57, 0, 0, 0, 0, 0, 0, 0))
2018-04-19 02:00:11.178551;(18, (545, 529, 234, 0, 0, 0, 0, 0, 0, 0))
2018-04-19 02:00:11.353449;(17, (122, 160, 2, 1, 0, 0, 0, 0, 0, 0))
2018-04-19 02:00:40.371117;(16, (400, 366, 16, 0, 0, 0, 0, 0, 0, 0))
2018-04-19 02:00:40.397507;(9, (192, 248, 2, 2, 0, 0, 0, 0, 0, 0))
2018-04-19 02:00:40.445400;(14, (573, 530, 121, 1, 0, 0, 0, 0, 0, 0))
2018-04-19 02:00:40.467705;(8, (430, 340, 77, 1, 0, 0, 0, 0, 0, 0))
2018-04-19 02:00:40.583720;(11, (520, 498, 131, 0, 0, 0, 0, 0, 0, 0))
2018-04-19 02:00:40.591164;(12, (384, 353, 58, 5, 0, 0, 0, 0, 0, 0))
2018-04-19 02:00:40.608011;(5, (1026, 979, 316, 0, 0, 0, 0, 0, 0, 0))
2018-04-19 02:00:40.655672;(23, (752, 662, 462, 1, 0, 0, 0, 0, 0, 0))
2018-04-19 02:00:40.706364;(19, (170, 140, 9, 2, 0, 0, 0, 0, 0, 0))
2018-04-19 02:00:40.758563;(22, (631, 513, 185, 0, 0, 0, 0, 0, 0, 0))
2018-04-19 02:00:40.799445;(1, (2429, 2078, 1863, 932, 0, 0, 0, 0, 0, 0))
2018-04-19 02:00:40.811437;(10, (658, 628, 270, 0, 0, 0, 0, 0, 0, 0))
2018-04-19 02:00:40.830085;(21, (637, 603, 275, 0, 0, 0, 0, 0, 0, 0))
2018-04-19 02:00:40.909590;(3, (373, 313, 18, 0, 0, 0, 0, 0, 0, 0))
2018-04-19 02:00:40.971871;(13, (674, 746, 197, 0, 0, 0, 0, 0, 0, 0))
2018-04-19 02:00:41.021804;(7, (445, 405, 60, 1, 0, 0, 0, 0, 0, 0))
2018-04-19 02:00:41.053843;(15, (577, 561, 120, 0, 0, 0, 0, 0, 0, 0))
2018-04-19 02:00:41.097149;(6, (408, 459, 13, 0, 0, 0, 0, 0, 0, 0))
2018-04-19 02:00:41.171040;(20, (641, 605, 158, 5, 0, 0, 0, 0, 0, 0))
2018-04-19 02:00:41.179464;(4, (395, 444, 105, 2, 0, 0, 0, 0, 0, 0))
2018-04-19 02:00:41.183474;(18, (759, 756, 356, 2, 0, 0, 0, 0, 0, 0))
2018-04-19 02:00:41.357912;(17, (144, 192, 2, 2, 0, 0, 0, 0, 0, 0))
2018-04-19 02:01:10.450454;(14, (771, 743, 188, 1, 0, 0, 0, 0, 0, 0))
2018-04-19 02:01:10.590653;(11, (674, 665, 177, 1, 0, 0, 0, 0, 0, 0))
2018-04-19 02:01:10.662073;(23, (1004, 923, 667, 1, 0, 0, 0, 0, 0, 0))
2018-04-19 02:01:10.803902;(1, (3403, 2982, 2757, 1379, 0, 0, 0, 0, 0, 0))
2018-04-19 02:01:10.816961;(10, (1003, 982, 494, 2, 0, 0, 0, 0, 0, 0))
2018-04-19 02:01:10.835260;(21, (840, 829, 355, 0, 0, 0, 0, 0, 0, 0))
2018-04-19 02:01:11.375614;(16, (466, 441, 18, 0, 0, 0, 0, 0, 0, 0))
2018-04-19 02:01:11.400110;(9, (236, 306, 5, 4, 0, 0, 0, 0, 0, 0))
2018-04-19 02:01:11.471688;(8, (656, 593, 167, 2, 0, 0, 0, 0, 0, 0))
2018-04-19 02:01:11.595842;(12, (481, 459, 63, 5, 0, 0, 0, 0, 0, 0))
2018-04-19 02:01:11.614218;(5, (1452, 1425, 604, 0, 0, 0, 0, 0, 0, 0))
2018-04-19 02:01:11.712492;(19, (252, 242, 10, 3, 0, 0, 0, 0, 0, 0))
2018-04-19 02:01:11.765258;(22, (1006, 896, 430, 0, 0, 0, 0, 0, 0, 0))
2018-04-19 02:01:11.916829;(3, (555, 503, 89, 0, 0, 0, 0, 0, 0, 0))
2018-04-19 02:01:11.979228;(13, (854, 960, 258, 0, 0, 0, 0, 0, 0, 0))
2018-04-19 02:01:12.026673;(7, (595, 580, 93, 1, 0, 0, 0, 0, 0, 0))
2018-04-19 02:01:12.062081;(15, (697, 703, 145, 0, 0, 0, 0, 0, 0, 0))
2018-04-19 02:01:12.101619;(6, (499, 570, 16, 1, 0, 0, 0, 0, 0, 0))
2018-04-19 02:01:12.174955;(20, (761, 751, 189, 5, 0, 0, 0, 0, 0, 0))
2018-04-19 02:01:12.184656;(4, (502, 575, 127, 2, 0, 0, 0, 0, 0, 0))
2018-04-19 02:01:12.187395;(18, (1008, 1009, 532, 3, 0, 0, 0, 0, 0, 0))
2018-04-19 02:01:12.363752;(17, (190, 261, 2, 2, 0, 0, 0, 0, 0, 0))
2018-04-19 02:01:40.808292;(1, (4225, 3732, 3497, 1749, 0, 0, 0, 0, 0, 0))
2018-04-19 02:01:41.379760;(16, (513, 478, 21, 0, 0, 0, 0, 0, 0, 0))
2018-04-19 02:01:41.407545;(9, (344, 452, 5, 4, 0, 0, 0, 0, 0, 0))
2018-04-19 02:01:41.454669;(14, (852, 820, 201, 2, 0, 0, 0, 0, 0, 0))
2018-04-19 02:01:41.477321;(8, (796, 733, 201, 5, 0, 0, 0, 0, 0, 0))
2018-04-19 02:01:41.594213;(11, (711, 697, 179, 2, 0, 0, 0, 0, 0, 0))
2018-04-19 02:01:41.599153;(12, (532, 496, 68, 7, 0, 0, 0, 0, 0, 0))
2018-04-19 02:01:41.618790;(5, (1947, 1919, 931, 0, 0, 0, 0, 0, 0, 0))
2018-04-19 02:01:41.665529;(23, (1037, 944, 670, 1, 0, 0, 0, 0, 0, 0))
2018-04-19 02:01:41.716306;(19, (296, 294, 14, 3, 0, 0, 0, 0, 0, 0))
2018-04-19 02:01:41.770396;(22, (1274, 1166, 564, 0, 0, 0, 0, 0, 0, 0))
2018-04-19 02:01:41.822453;(10, (1238, 1250, 618, 2, 0, 0, 0, 0, 0, 0))
2018-04-19 02:01:41.841636;(21, (951, 959, 355, 0, 0, 0, 0, 0, 0, 0))
2018-04-19 02:01:41.920091;(3, (803, 766, 200, 1, 0, 0, 0, 0, 0, 0))
2018-04-19 02:01:41.984189;(13, (1094, 1233, 393, 0, 0, 0, 0, 0, 0, 0))
2018-04-19 02:01:42.030423;(7, (715, 697, 125, 1, 0, 0, 0, 0, 0, 0))
2018-04-19 02:01:42.070617;(15, (902, 947, 215, 0, 0, 0, 0, 0, 0, 0))
2018-04-19 02:01:42.107575;(6, (618, 724, 16, 1, 0, 0, 0, 0, 0, 0))
2018-04-19 02:01:42.179322;(20, (915, 905, 239, 6, 0, 0, 0, 0, 0, 0))
2018-04-19 02:01:42.190459;(4, (689, 790, 196, 2, 0, 0, 0, 0, 0, 0))
2018-04-19 02:01:42.191665;(18, (1045, 1041, 535, 11, 0, 0, 0, 0, 0, 0))
2018-04-19 02:01:42.369368;(17, (254, 337, 7, 3, 0, 0, 0, 0, 0, 0))
2018-04-19 02:02:10.812079;(1, (5211, 4675, 4430, 2215, 0, 0, 0, 0, 0, 0))
2018-04-19 02:02:11.386098;(16, (656, 638, 61, 2, 0, 0, 0, 0, 0, 0))
2018-04-19 02:02:11.413995;(9, (446, 583, 5, 4, 0, 0, 0, 0, 0, 0))
2018-04-19 02:02:11.457750;(14, (931, 904, 221, 2, 0, 0, 0, 0, 0, 0))
2018-04-19 02:02:11.480860;(8, (937, 895, 233, 5, 0, 0, 0, 0, 0, 0))
2018-04-19 02:02:11.598945;(11, (786, 779, 179, 2, 0, 0, 0, 0, 0, 0))
2018-04-19 02:02:11.605328;(12, (627, 617, 73, 7, 0, 0, 0, 0, 0, 0))
2018-04-19 02:02:11.624097;(5, (2652, 2644, 1495, 0, 0, 0, 0, 0, 0, 0))
2018-04-19 02:02:11.667911;(23, (1053, 955, 670, 1, 0, 0, 0, 0, 0, 0))
2018-04-19 02:02:11.722757;(19, (468, 483, 102, 3, 0, 0, 0, 0, 0, 0))
2018-04-19 02:02:11.778037;(22, (1875, 1791, 1031, 0, 0, 0, 0, 0, 0, 0))
2018-04-19 02:02:11.825596;(10, (1266, 1286, 629, 2, 0, 0, 0, 0, 0, 0))
2018-04-19 02:02:11.847504;(21, (1055, 1089, 355, 0, 0, 0, 0, 0, 0, 0))
2018-04-19 02:02:11.926848;(3, (1339, 1320, 588, 1, 0, 0, 0, 0, 0, 0))
2018-04-19 02:02:11.990305;(13, (1320, 1492, 516, 0, 0, 0, 0, 0, 0, 0))
2018-04-19 02:02:12.036323;(7, (915, 929, 199, 1, 0, 0, 0, 0, 0, 0))
2018-04-19 02:02:12.076558;(15, (1042, 1136, 248, 0, 0, 0, 0, 0, 0, 0))
2018-04-19 02:02:12.111704;(6, (636, 751, 16, 1, 0, 0, 0, 0, 0, 0))
2018-04-19 02:02:12.185371;(20, (1015, 1035, 239, 6, 0, 0, 0, 0, 0, 0))
2018-04-19 02:02:12.196019;(4, (855, 987, 257, 2, 0, 0, 0, 0, 0, 0))
2018-04-19 02:02:12.197441;(18, (1070, 1062, 535, 18, 0, 0, 0, 0, 0, 0))
2018-04-19 02:02:12.377844;(17, (346, 459, 9, 5, 0, 0, 0, 0, 0, 0))
2018-04-19 02:02:41.391935;(16, (764, 764, 73, 2, 0, 0, 0, 0, 0, 0))
2018-04-19 02:02:41.419600;(9, (534, 699, 5, 4, 0, 0, 0, 0, 0, 0))
2018-04-19 02:02:41.462577;(14, (1011, 990, 221, 2, 0, 0, 0, 0, 0, 0))
2018-04-19 02:02:41.484535;(8, (1120, 1086, 315, 6, 0, 0, 0, 0, 0, 0))
2018-04-19 02:02:41.601685;(11, (864, 858, 187, 2, 0, 0, 0, 0, 0, 0))
2018-04-19 02:02:41.608224;(12, (709, 705, 74, 7, 0, 0, 0, 0, 0, 0))
2018-04-19 02:02:41.630275;(5, (3135, 3160, 1838, 0, 0, 0, 0, 0, 0, 0))
2018-04-19 02:02:41.673094;(23, (1071, 966, 670, 1, 0, 0, 0, 0, 0, 0))
2018-04-19 02:02:41.726637;(19, (592, 600, 166, 6, 0, 0, 0, 0, 0, 0))
2018-04-19 02:02:41.783641;(22, (2320, 2255, 1309, 1, 0, 0, 0, 0, 0, 0))
2018-04-19 02:02:41.816114;(1, (6081, 5475, 5220, 2610, 0, 0, 0, 0, 0, 0))
2018-04-19 02:02:41.829882;(10, (1362, 1384, 687, 2, 0, 0, 0, 0, 0, 0))
2018-04-19 02:02:41.854691;(21, (1160, 1221, 355, 0, 0, 0, 0, 0, 0, 0))
2018-04-19 02:02:41.931931;(3, (1776, 1765, 883, 4, 0, 0, 0, 0, 0, 0))
2018-04-19 02:02:41.995565;(13, (1546, 1753, 634, 0, 0, 0, 0, 0, 0, 0))
2018-04-19 02:02:42.040711;(7, (1081, 1111, 253, 3, 0, 0, 0, 0, 0, 0))
2018-04-19 02:02:42.081831;(15, (1323, 1453, 397, 0, 0, 0, 0, 0, 0, 0))
2018-04-19 02:02:42.114742;(6, (658, 777, 16, 1, 0, 0, 0, 0, 0, 0))
2018-04-19 02:02:42.190939;(20, (1092, 1128, 239, 7, 0, 0, 0, 0, 0, 0))
2018-04-19 02:02:42.201582;(4, (1022, 1183, 315, 2, 0, 0, 0, 0, 0, 0))
2018-04-19 02:02:42.202902;(18, (1095, 1085, 535, 25, 0, 0, 0, 0, 0, 0))
2018-04-19 02:02:42.384214;(17, (425, 566, 11, 6, 0, 0, 0, 0, 0, 0))
2018-04-19 02:03:11.425519;(9, (579, 762, 6, 6, 0, 0, 0, 0, 0, 0))
2018-04-19 02:03:11.466129;(14, (1064, 1038, 222, 4, 0, 0, 0, 0, 0, 0))
2018-04-19 02:03:11.492028;(8, (1314, 1272, 390, 11, 0, 0, 0, 0, 0, 0))
2018-04-19 02:03:11.605926;(11, (935, 927, 192, 5, 0, 0, 0, 0, 0, 0))
2018-04-19 02:03:11.635218;(5, (3685, 3745, 2238, 0, 0, 0, 0, 0, 0, 0))
2018-04-19 02:03:11.677405;(23, (1101, 988, 681, 1, 0, 0, 0, 0, 0, 0))
2018-04-19 02:03:11.729587;(19, (654, 673, 166, 8, 0, 0, 0, 0, 0, 0))
2018-04-19 02:03:11.789969;(22, (2706, 2645, 1543, 1, 0, 0, 0, 0, 0, 0))
2018-04-19 02:03:11.819535;(1, (6813, 6157, 5892, 2946, 0, 0, 0, 0, 0, 0))
2018-04-19 02:03:11.835151;(10, (1477, 1529, 703, 2, 0, 0, 0, 0, 0, 0))
2018-04-19 02:03:11.861339;(21, (1274, 1360, 360, 0, 0, 0, 0, 0, 0, 0))
2018-04-19 02:03:11.936905;(3, (2051, 2050, 1021, 5, 0, 0, 0, 0, 0, 0))
2018-04-19 02:03:12.007448;(13, (1728, 1965, 713, 0, 0, 0, 0, 0, 0, 0))
2018-04-19 02:03:12.046562;(7, (1193, 1221, 280, 9, 0, 0, 0, 0, 0, 0))
2018-04-19 02:03:12.088492;(15, (1501, 1635, 440, 0, 0, 0, 0, 0, 0, 0))
2018-04-19 02:03:12.118819;(6, (726, 865, 16, 2, 0, 0, 0, 0, 0, 0))
2018-04-19 02:03:12.211225;(4, (1157, 1350, 334, 3, 0, 0, 0, 0, 0, 0))
2018-04-19 02:03:12.212120;(18, (1138, 1129, 535, 31, 0, 0, 0, 0, 0, 0))
2018-04-19 02:03:12.386728;(17, (451, 600, 14, 11, 0, 0, 0, 0, 0, 0))
2018-04-19 02:03:12.396345;(16, (820, 821, 78, 2, 0, 0, 0, 0, 0, 0))
2018-04-19 02:03:12.612241;(12, (802, 804, 88, 9, 0, 0, 0, 0, 0, 0))
2018-04-19 02:03:13.195840;(20, (1150, 1205, 244, 8, 0, 0, 0, 0, 0, 0))
2018-04-19 02:03:41.472533;(14, (1171, 1172, 222, 4, 0, 0, 0, 0, 0, 0))
2018-04-19 02:03:41.612094;(11, (1129, 1140, 246, 6, 0, 0, 0, 0, 0, 0))
2018-04-19 02:03:41.679737;(23, (1318, 1194, 862, 1, 0, 0, 0, 0, 0, 0))
2018-04-19 02:03:41.823748;(1, (7817, 7074, 6799, 3400, 0, 0, 0, 0, 0, 0))
2018-04-19 02:03:41.839267;(10, (1579, 1646, 751, 2, 0, 0, 0, 0, 0, 0))
2018-04-19 02:03:41.868755;(21, (1417, 1540, 390, 0, 0, 0, 0, 0, 0, 0))
2018-04-19 02:03:42.402928;(16, (971, 993, 97, 2, 0, 0, 0, 0, 0, 0))
2018-04-19 02:03:42.439061;(9, (650, 857, 8, 7, 0, 0, 0, 0, 0, 0))
2018-04-19 02:03:42.495936;(8, (1544, 1498, 512, 12, 0, 0, 0, 0, 0, 0))
2018-04-19 02:03:42.624303;(12, (942, 957, 119, 9, 0, 0, 0, 0, 0, 0))
2018-04-19 02:03:42.642679;(5, (4298, 4398, 2694, 0, 0, 0, 0, 0, 0, 0))
2018-04-19 02:03:42.733091;(19, (704, 737, 166, 8, 0, 0, 0, 0, 0, 0))
2018-04-19 02:03:42.941572;(3, (2420, 2420, 1280, 9, 0, 0, 0, 0, 0, 0))
2018-04-19 02:03:43.013874;(13, (1947, 2222, 808, 0, 0, 0, 0, 0, 0, 0))
2018-04-19 02:03:43.051077;(7, (1309, 1354, 300, 9, 0, 0, 0, 0, 0, 0))
2018-04-19 02:03:43.092587;(15, (1701, 1834, 536, 0, 0, 0, 0, 0, 0, 0))
2018-04-19 02:03:43.123721;(6, (811, 971, 16, 2, 0, 0, 0, 0, 0, 0))
2018-04-19 02:03:43.200248;(20, (1247, 1313, 249, 9, 0, 0, 0, 0, 0, 0))
2018-04-19 02:03:43.221293;(4, (1313, 1534, 382, 4, 0, 0, 0, 0, 0, 0))
2018-04-19 02:03:43.223149;(18, (1389, 1404, 653, 31, 0, 0, 0, 0, 0, 0))
2018-04-19 02:03:43.389987;(17, (469, 627, 14, 19, 0, 0, 0, 0, 0, 0))
2018-04-19 02:04:11.684994;(23, (1582, 1449, 1078, 2, 0, 0, 0, 0, 0, 0))
2018-04-19 02:04:11.833378;(1, (8764, 7938, 7653, 3827, 0, 0, 0, 0, 0, 0))
2018-04-19 02:04:12.407121;(16, (1069, 1093, 110, 2, 0, 0, 0, 0, 0, 0))
2018-04-19 02:04:12.448401;(9, (759, 999, 11, 7, 0, 0, 0, 0, 0, 0))
2018-04-19 02:04:12.498624;(8, (1670, 1613, 556, 13, 0, 0, 0, 0, 0, 0))
2018-04-19 02:04:12.621991;(11, (1291, 1310, 291, 6, 0, 0, 0, 0, 0, 0))
2018-04-19 02:04:12.629407;(12, (1056, 1093, 130, 9, 0, 0, 0, 0, 0, 0))
2018-04-19 02:04:12.649791;(5, (4548, 4694, 2818, 0, 0, 0, 0, 0, 0, 0))
2018-04-19 02:04:12.738009;(19, (740, 779, 166, 8, 0, 0, 0, 0, 0, 0))
2018-04-19 02:04:12.799605;(22, (3321, 3267, 1919, 3, 0, 0, 0, 0, 0, 0))
2018-04-19 02:04:12.844082;(10, (1782, 1879, 835, 4, 0, 0, 0, 0, 0, 0))
2018-04-19 02:04:12.876707;(21, (1524, 1672, 390, 0, 0, 0, 0, 0, 0, 0))
2018-04-19 02:04:12.948108;(3, (2666, 2673, 1395, 9, 0, 0, 0, 0, 0, 0))
2018-04-19 02:04:13.022907;(13, (2173, 2486, 927, 0, 0, 0, 0, 0, 0, 0))
2018-04-19 02:04:13.058312;(7, (1401, 1454, 303, 10, 0, 0, 0, 0, 0, 0))
2018-04-19 02:04:13.098622;(15, (2020, 2155, 712, 0, 0, 0, 0, 0, 0, 0))
2018-04-19 02:04:13.128937;(6, (905, 1095, 16, 3, 0, 0, 0, 0, 0, 0))
2018-04-19 02:04:13.207549;(20, (1315, 1393, 250, 9, 0, 0, 0, 0, 0, 0))
2018-04-19 02:04:13.394927;(17, (486, 648, 14, 26, 0, 0, 0, 0, 0, 0))
2018-04-19 02:04:41.837400;(1, (9590, 8683, 8388, 4194, 0, 0, 0, 0, 0, 0))
2018-04-19 02:04:42.412609;(16, (1298, 1333, 215, 8, 0, 0, 0, 0, 0, 0))
2018-04-19 02:04:42.456283;(9, (851, 1117, 11, 7, 0, 0, 0, 0, 0, 0))
2018-04-19 02:04:42.479027;(14, (1376, 1382, 272, 4, 0, 0, 0, 0, 0, 0))
2018-04-19 02:04:42.502936;(8, (1766, 1704, 570, 14, 0, 0, 0, 0, 0, 0))
2018-04-19 02:04:42.627299;(11, (1506, 1524, 389, 10, 0, 0, 0, 0, 0, 0))
2018-04-19 02:04:42.634719;(12, (1197, 1236, 171, 12, 0, 0, 0, 0, 0, 0))
2018-04-19 02:04:42.658262;(5, (4739, 4926, 2873, 0, 0, 0, 0, 0, 0, 0))
2018-04-19 02:04:42.687185;(23, (1968, 1825, 1383, 2, 0, 0, 0, 0, 0, 0))
2018-04-19 02:04:42.742161;(19, (833, 896, 167, 8, 0, 0, 0, 0, 0, 0))
2018-04-19 02:04:42.806920;(22, (3448, 3409, 1926, 4, 0, 0, 0, 0, 0, 0))
2018-04-19 02:04:42.848273;(10, (1905, 2028, 853, 6, 0, 0, 0, 0, 0, 0))
2018-04-19 02:04:42.882770;(21, (1636, 1803, 390, 0, 0, 0, 0, 0, 0, 0))
2018-04-19 02:04:42.953718;(3, (2754, 2742, 1417, 9, 0, 0, 0, 0, 0, 0))
2018-04-19 02:04:43.028688;(13, (2393, 2738, 1035, 2, 0, 0, 0, 0, 0, 0))
2018-04-19 02:04:43.062461;(7, (1465, 1515, 322, 10, 0, 0, 0, 0, 0, 0))
2018-04-19 02:04:43.103668;(15, (2233, 2383, 783, 1, 0, 0, 0, 0, 0, 0))
2018-04-19 02:04:43.131943;(6, (949, 1142, 16, 3, 0, 0, 0, 0, 0, 0))
2018-04-19 02:04:43.213637;(20, (1362, 1449, 250, 9, 0, 0, 0, 0, 0, 0))
2018-04-19 02:04:43.233968;(4, (1639, 1914, 500, 6, 0, 0, 0, 0, 0, 0))
2018-04-19 02:04:43.398699;(17, (501, 667, 14, 32, 0, 0, 0, 0, 0, 0))
2018-04-19 02:05:11.839378;(1, (10569, 9613, 9306, 4653, 0, 0, 0, 0, 0, 0))
2018-04-19 02:05:12.419980;(16, (1503, 1555, 293, 8, 0, 0, 0, 0, 0, 0))
2018-04-19 02:05:12.462348;(9, (903, 1188, 13, 11, 0, 0, 0, 0, 0, 0))
2018-04-19 02:05:12.486682;(14, (1490, 1504, 272, 4, 0, 0, 0, 0, 0, 0))
2018-04-19 02:05:12.509511;(8, (1846, 1792, 582, 14, 0, 0, 0, 0, 0, 0))
2018-04-19 02:05:12.632190;(11, (1636, 1657, 432, 12, 0, 0, 0, 0, 0, 0))
2018-04-19 02:05:12.638202;(12, (1278, 1317, 179, 12, 0, 0, 0, 0, 0, 0))
2018-04-19 02:05:12.665534;(5, (5207, 5444, 3206, 0, 0, 0, 0, 0, 0, 0))
2018-04-19 02:05:12.690775;(23, (2262, 2109, 1637, 2, 0, 0, 0, 0, 0, 0))
2018-04-19 02:05:12.748457;(19, (957, 1044, 167, 8, 0, 0, 0, 0, 0, 0))
2018-04-19 02:05:12.813676;(22, (3814, 3790, 2156, 4, 0, 0, 0, 0, 0, 0))
2018-04-19 02:05:12.851920;(10, (1987, 2129, 865, 6, 0, 0, 0, 0, 0, 0))
2018-04-19 02:05:12.958205;(3, (3051, 3045, 1608, 9, 0, 0, 0, 0, 0, 0))
2018-04-19 02:05:13.039131;(13, (2581, 2956, 1117, 2, 0, 0, 0, 0, 0, 0))
2018-04-19 02:05:13.068213;(7, (1623, 1693, 366, 10, 0, 0, 0, 0, 0, 0))
2018-04-19 02:05:13.136300;(6, (974, 1186, 16, 3, 0, 0, 0, 0, 0, 0))
2018-04-19 02:05:13.219465;(20, (1452, 1558, 250, 9, 0, 0, 0, 0, 0, 0))
2018-04-19 02:05:13.239185;(4, (1771, 2076, 525, 6, 0, 0, 0, 0, 0, 0))
2018-04-19 02:05:13.402326;(17, (518, 693, 14, 41, 0, 0, 0, 0, 0, 0))
2018-04-19 02:05:41.842470;(1, (11481, 10465, 10148, 5074, 0, 0, 0, 0, 0, 0))
2018-04-19 02:05:42.424757;(16, (1699, 1756, 410, 8, 0, 0, 0, 0, 0, 0))
2018-04-19 02:05:42.495612;(14, (1633, 1660, 311, 10, 0, 0, 0, 0, 0, 0))
2018-04-19 02:05:42.512496;(8, (1940, 1897, 592, 14, 0, 0, 0, 0, 0, 0))
2018-04-19 02:05:42.637628;(11, (1840, 1876, 515, 16, 0, 0, 0, 0, 0, 0))
2018-04-19 02:05:42.645321;(12, (1429, 1487, 190, 12, 0, 0, 0, 0, 0, 0))
2018-04-19 02:05:42.674881;(5, (5592, 5867, 3456, 0, 0, 0, 0, 0, 0, 0))
2018-04-19 02:05:42.694707;(23, (2663, 2497, 1990, 2, 0, 0, 0, 0, 0, 0))
2018-04-19 02:05:42.754080;(19, (1064, 1168, 167, 8, 0, 0, 0, 0, 0, 0))
2018-04-19 02:05:42.857961;(10, (2056, 2214, 865, 7, 0, 0, 0, 0, 0, 0))
2018-04-19 02:05:42.900802;(21, (1868, 2086, 403, 0, 0, 0, 0, 0, 0, 0))
2018-04-19 02:05:43.071459;(7, (1707, 1793, 376, 12, 0, 0, 0, 0, 0, 0))
2018-04-19 02:05:43.115669;(15, (2576, 2746, 872, 1, 0, 0, 0, 0, 0, 0))
2018-04-19 02:05:43.142960;(6, (1083, 1321, 16, 3, 0, 0, 0, 0, 0, 0))
2018-04-19 02:05:43.245018;(4, (1876, 2208, 525, 6, 0, 0, 0, 0, 0, 0))
2018-04-19 02:05:43.466668;(9, (916, 1212, 13, 20, 0, 0, 0, 0, 0, 0))
2018-04-19 02:05:43.822037;(22, (4061, 4058, 2266, 6, 0, 0, 0, 0, 0, 0))
2018-04-19 02:05:43.962626;(3, (3266, 3251, 1713, 11, 0, 0, 0, 0, 0, 0))
2018-04-19 02:05:44.046281;(13, (2750, 3158, 1178, 2, 0, 0, 0, 0, 0, 0))
2018-04-19 02:05:44.225669;(20, (1531, 1652, 254, 11, 0, 0, 0, 0, 0, 0))
2018-04-19 02:05:44.407003;(17, (536, 717, 14, 49, 0, 0, 0, 0, 0, 0))
2018-04-19 02:06:11.845465;(1, (12338, 11269, 10942, 5471, 0, 0, 0, 0, 0, 0))
2018-04-19 02:06:12.499886;(14, (1752, 1781, 355, 11, 0, 0, 0, 0, 0, 0))
2018-04-19 02:06:12.644190;(11, (2076, 2129, 630, 18, 0, 0, 0, 0, 0, 0))
2018-04-19 02:06:12.697807;(23, (3064, 2883, 2347, 2, 0, 0, 0, 0, 0, 0))
2018-04-19 02:06:12.862760;(10, (2178, 2347, 900, 7, 0, 0, 0, 0, 0, 0))
2018-04-19 02:06:12.906668;(21, (1987, 2232, 414, 0, 0, 0, 0, 0, 0, 0))
2018-04-19 02:06:13.432374;(16, (1906, 1986, 485, 9, 0, 0, 0, 0, 0, 0))
2018-04-19 02:06:13.469663;(9, (929, 1230, 13, 26, 0, 0, 0, 0, 0, 0))
2018-04-19 02:06:13.518370;(8, (2047, 2007, 599, 14, 0, 0, 0, 0, 0, 0))
2018-04-19 02:06:13.651016;(12, (1539, 1605, 196, 12, 0, 0, 0, 0, 0, 0))
2018-04-19 02:06:13.682770;(5, (5911, 6204, 3641, 0, 0, 0, 0, 0, 0, 0))
2018-04-19 02:06:13.758145;(19, (1130, 1250, 167, 11, 0, 0, 0, 0, 0, 0))
2018-04-19 02:06:13.828839;(22, (4218, 4232, 2328, 10, 0, 0, 0, 0, 0, 0))
2018-04-19 02:06:13.967739;(3, (3699, 3683, 1743, 13, 0, 0, 0, 0, 0, 0))
2018-04-19 02:06:14.051400;(13, (2878, 3313, 1223, 3, 0, 0, 0, 0, 0, 0))
2018-04-19 02:06:14.075668;(7, (2065, 2145, 391, 12, 0, 0, 0, 0, 0, 0))
2018-04-19 02:06:14.121994;(15, (2639, 2829, 874, 1, 0, 0, 0, 0, 0, 0))
2018-04-19 02:06:14.149303;(6, (1197, 1468, 16, 3, 0, 0, 0, 0, 0, 0))
2018-04-19 02:06:14.230274;(20, (1916, 2052, 258, 12, 0, 0, 0, 0, 0, 0))
2018-04-19 02:06:14.249891;(4, (1958, 2312, 528, 7, 0, 0, 0, 0, 0, 0))
2018-04-19 02:06:14.409985;(17, (553, 737, 14, 56, 0, 0, 0, 0, 0, 0))
2018-04-19 02:06:42.504677;(14, (1989, 2036, 471, 12, 0, 0, 0, 0, 0, 0))
2018-04-19 02:06:42.651869;(11, (2342, 2420, 742, 19, 0, 0, 0, 0, 0, 0))
2018-04-19 02:06:42.700298;(23, (3613, 3428, 2851, 2, 0, 0, 0, 0, 0, 0))
2018-04-19 02:06:42.848050;(1, (13276, 12171, 11834, 5917, 0, 0, 0, 0, 0, 0))
2018-04-19 02:06:42.868457;(10, (2306, 2497, 922, 7, 0, 0, 0, 0, 0, 0))
2018-04-19 02:06:42.912826;(21, (2091, 2362, 414, 0, 0, 0, 0, 0, 0, 0))
2018-04-19 02:06:43.438621;(16, (2126, 2228, 578, 10, 0, 0, 0, 0, 0, 0))
2018-04-19 02:06:43.474211;(9, (942, 1252, 13, 34, 0, 0, 0, 0, 0, 0))
2018-04-19 02:06:43.527786;(8, (2178, 2147, 615, 16, 0, 0, 0, 0, 0, 0))
2018-04-19 02:06:43.655409;(12, (1680, 1763, 229, 14, 0, 0, 0, 0, 0, 0))
2018-04-19 02:06:43.689388;(5, (6114, 6429, 3734, 0, 0, 0, 0, 0, 0, 0))
2018-04-19 02:06:43.765111;(19, (1205, 1347, 169, 14, 0, 0, 0, 0, 0, 0))
2018-04-19 02:06:43.835238;(22, (4335, 4367, 2339, 10, 0, 0, 0, 0, 0, 0))
2018-04-19 02:06:43.974795;(3, (3914, 3908, 1798, 18, 0, 0, 0, 0, 0, 0))
2018-04-19 02:06:44.059443;(13, (3045, 3511, 1285, 3, 0, 0, 0, 0, 0, 0))
2018-04-19 02:06:44.082208;(7, (2216, 2306, 413, 12, 0, 0, 0, 0, 0, 0))
2018-04-19 02:06:44.128046;(15, (2743, 2961, 874, 1, 0, 0, 0, 0, 0, 0))
2018-04-19 02:06:44.154321;(6, (1285, 1583, 16, 3, 0, 0, 0, 0, 0, 0))
2018-04-19 02:06:44.235227;(20, (2031, 2181, 260, 12, 0, 0, 0, 0, 0, 0))
2018-04-19 02:06:44.256656;(4, (2060, 2444, 528, 7, 0, 0, 0, 0, 0, 0))
2018-04-19 02:06:44.413735;(17, (570, 756, 14, 62, 0, 0, 0, 0, 0, 0))
2018-04-19 02:07:12.852067;(1, (14278, 13145, 12798, 6399, 0, 0, 0, 0, 0, 0))
2018-04-19 02:07:13.477721;(9, (955, 1271, 13, 41, 0, 0, 0, 0, 0, 0))
2018-04-19 02:07:13.509542;(14, (2329, 2394, 688, 12, 0, 0, 0, 0, 0, 0))
2018-04-19 02:07:13.534257;(8, (2339, 2317, 668, 17, 0, 0, 0, 0, 0, 0))
2018-04-19 02:07:13.659666;(11, (2518, 2626, 798, 20, 0, 0, 0, 0, 0, 0))
2018-04-19 02:07:13.662245;(12, (1826, 1934, 278, 14, 0, 0, 0, 0, 0, 0))
2018-04-19 02:07:13.695517;(5, (6290, 6633, 3803, 0, 0, 0, 0, 0, 0, 0))
2018-04-19 02:07:13.703804;(23, (4251, 4063, 3453, 2, 0, 0, 0, 0, 0, 0))
2018-04-19 02:07:13.769532;(19, (1293, 1452, 169, 14, 0, 0, 0, 0, 0, 0))
2018-04-19 02:07:13.841760;(22, (4416, 4463, 2339, 10, 0, 0, 0, 0, 0, 0))
2018-04-19 02:07:13.873900;(10, (2419, 2637, 925, 7, 0, 0, 0, 0, 0, 0))
2018-04-19 02:07:13.918527;(21, (2192, 2489, 414, 0, 0, 0, 0, 0, 0, 0))
2018-04-19 02:07:13.979137;(3, (4068, 4065, 1872, 22, 0, 0, 0, 0, 0, 0))
2018-04-19 02:07:14.067839;(13, (3175, 3666, 1334, 4, 0, 0, 0, 0, 0, 0))
2018-04-19 02:07:14.089800;(7, (2337, 2452, 426, 13, 0, 0, 0, 0, 0, 0))
2018-04-19 02:07:14.134620;(15, (2847, 3092, 874, 1, 0, 0, 0, 0, 0, 0))
2018-04-19 02:07:14.163141;(6, (1389, 1718, 16, 3, 0, 0, 0, 0, 0, 0))
2018-04-19 02:07:14.241388;(20, (2142, 2330, 261, 12, 0, 0, 0, 0, 0, 0))
2018-04-19 02:07:14.263582;(4, (2154, 2562, 531, 8, 0, 0, 0, 0, 0, 0))
2018-04-19 02:07:14.417168;(17, (589, 781, 14, 71, 0, 0, 0, 0, 0, 0))
2018-04-19 02:07:42.855341;(1, (15270, 14077, 13720, 6860, 0, 0, 0, 0, 0, 0))
2018-04-19 02:07:43.481867;(9, (969, 1287, 13, 46, 0, 0, 0, 0, 0, 0))
2018-04-19 02:07:43.522626;(14, (2744, 2810, 956, 12, 0, 0, 0, 0, 0, 0))
2018-04-19 02:07:43.539447;(8, (2630, 2630, 805, 17, 0, 0, 0, 0, 0, 0))
2018-04-19 02:07:43.669229;(11, (2638, 2761, 814, 21, 0, 0, 0, 0, 0, 0))
2018-04-19 02:07:43.670225;(12, (1927, 2051, 280, 14, 0, 0, 0, 0, 0, 0))
2018-04-19 02:07:43.702486;(5, (6520, 6884, 3913, 0, 0, 0, 0, 0, 0, 0))
2018-04-19 02:07:43.707539;(23, (4828, 4635, 3972, 2, 0, 0, 0, 0, 0, 0))
2018-04-19 02:07:43.773887;(19, (1384, 1562, 169, 14, 0, 0, 0, 0, 0, 0))
2018-04-19 02:07:43.880236;(10, (2577, 2817, 977, 7, 0, 0, 0, 0, 0, 0))
2018-04-19 02:07:43.924995;(21, (2298, 2624, 414, 0, 0, 0, 0, 0, 0, 0))
2018-04-19 02:07:43.985636;(3, (4272, 4282, 1948, 23, 0, 0, 0, 0, 0, 0))
2018-04-19 02:07:44.073696;(13, (3324, 3848, 1385, 4, 0, 0, 0, 0, 0, 0))
2018-04-19 02:07:44.095065;(7, (2439, 2572, 435, 13, 0, 0, 0, 0, 0, 0))
2018-04-19 02:07:44.144304;(15, (3013, 3284, 929, 1, 0, 0, 0, 0, 0, 0))
2018-04-19 02:07:44.168262;(6, (1488, 1846, 17, 3, 0, 0, 0, 0, 0, 0))
2018-04-19 02:07:44.245539;(20, (2244, 2449, 264, 13, 0, 0, 0, 0, 0, 0))
2018-04-19 02:07:44.269373;(4, (2248, 2682, 536, 9, 0, 0, 0, 0, 0, 0))
2018-04-19 02:07:44.421871;(17, (606, 801, 14, 77, 0, 0, 0, 0, 0, 0))
2018-04-19 02:07:44.847432;(22, (4470, 4517, 2340, 10, 0, 0, 0, 0, 0, 0))
2018-04-19 02:08:12.859303;(1, (16118, 14874, 14505, 7253, 0, 0, 0, 0, 0, 0))
2018-04-19 02:08:13.529597;(14, (2859, 2913, 992, 15, 0, 0, 0, 0, 0, 0))
2018-04-19 02:08:13.676710;(11, (2879, 3005, 964, 21, 0, 0, 0, 0, 0, 0))
2018-04-19 02:08:13.708406;(5, (6679, 7064, 3955, 0, 0, 0, 0, 0, 0, 0))
2018-04-19 02:08:13.710262;(23, (5314, 5108, 4393, 2, 0, 0, 0, 0, 0, 0))
2018-04-19 02:08:13.885605;(10, (2688, 2947, 985, 7, 0, 0, 0, 0, 0, 0))
2018-04-19 02:08:13.930523;(21, (2465, 2809, 461, 0, 0, 0, 0, 0, 0, 0))
2018-04-19 02:08:14.099625;(7, (2544, 2687, 448, 15, 0, 0, 0, 0, 0, 0))
2018-04-19 02:08:14.150441;(15, (3175, 3465, 976, 1, 0, 0, 0, 0, 0, 0))
2018-04-19 02:08:14.275674;(4, (2349, 2814, 536, 9, 0, 0, 0, 0, 0, 0))
2018-04-19 02:08:14.485105;(9, (982, 1311, 13, 56, 0, 0, 0, 0, 0, 0))
2018-04-19 02:08:14.544975;(8, (2856, 2869, 870, 18, 0, 0, 0, 0, 0, 0))
2018-04-19 02:08:14.681585;(12, (2038, 2174, 280, 14, 0, 0, 0, 0, 0, 0))
2018-04-19 02:08:14.777983;(19, (1470, 1660, 175, 14, 0, 0, 0, 0, 0, 0))
2018-04-19 02:08:14.851146;(22, (4538, 4573, 2344, 10, 0, 0, 0, 0, 0, 0))
2018-04-19 02:08:14.989905;(3, (4385, 4392, 1980, 24, 0, 0, 0, 0, 0, 0))
2018-04-19 02:08:15.081913;(13, (3491, 4041, 1446, 4, 0, 0, 0, 0, 0, 0))
2018-04-19 02:08:15.171808;(6, (1576, 1953, 23, 3, 0, 0, 0, 0, 0, 0))
2018-04-19 02:08:15.248268;(20, (2288, 2498, 267, 13, 0, 0, 0, 0, 0, 0))
2018-04-19 02:08:15.426413;(17, (623, 826, 14, 86, 0, 0, 0, 0, 0, 0))
2018-04-19 02:08:42.863733;(1, (16826, 15546, 15164, 7582, 0, 0, 0, 0, 0, 0))
2018-04-19 02:08:43.532227;(14, (2958, 3008, 1011, 15, 0, 0, 0, 0, 0, 0))
2018-04-19 02:08:43.680788;(11, (3138, 3266, 1050, 25, 0, 0, 0, 0, 0, 0))
2018-04-19 02:08:43.716013;(23, (5661, 5446, 4697, 2, 0, 0, 0, 0, 0, 0))
2018-04-19 02:08:43.892632;(10, (2801, 3080, 985, 7, 0, 0, 0, 0, 0, 0))
2018-04-19 02:08:43.935851;(21, (2575, 2942, 464, 0, 0, 0, 0, 0, 0, 0))
2018-04-19 02:08:44.487170;(9, (997, 1333, 13, 64, 0, 0, 0, 0, 0, 0))
2018-04-19 02:08:44.547738;(8, (2948, 2952, 904, 19, 0, 0, 0, 0, 0, 0))
2018-04-19 02:08:44.686492;(12, (2207, 2344, 298, 16, 0, 0, 0, 0, 0, 0))
2018-04-19 02:08:44.715035;(5, (6859, 7263, 4015, 0, 0, 0, 0, 0, 0, 0))
2018-04-19 02:08:44.781799;(19, (1539, 1733, 196, 17, 0, 0, 0, 0, 0, 0))
2018-04-19 02:08:44.854662;(22, (4599, 4639, 2345, 11, 0, 0, 0, 0, 0, 0))
2018-04-19 02:08:44.992428;(3, (4466, 4471, 1998, 26, 0, 0, 0, 0, 0, 0))
2018-04-19 02:08:45.089597;(13, (3645, 4227, 1494, 4, 0, 0, 0, 0, 0, 0))
2018-04-19 02:08:45.103596;(7, (2645, 2799, 466, 19, 0, 0, 0, 0, 0, 0))
2018-04-19 02:08:45.156544;(15, (3285, 3596, 976, 1, 0, 0, 0, 0, 0, 0))
2018-04-19 02:08:45.176334;(6, (1686, 2089, 23, 3, 0, 0, 0, 0, 0, 0))
2018-04-19 02:08:45.250787;(20, (2344, 2555, 270, 13, 0, 0, 0, 0, 0, 0))
2018-04-19 02:08:45.282123;(4, (2435, 2922, 539, 10, 0, 0, 0, 0, 0, 0))
2018-04-19 02:08:45.430168;(17, (639, 845, 14, 92, 0, 0, 0, 0, 0, 0))
2018-04-19 02:09:12.867270;(1, (17628, 16326, 15934, 7967, 0, 0, 0, 0, 0, 0))
2018-04-19 02:09:13.536111;(14, (3035, 3080, 1018, 16, 0, 0, 0, 0, 0, 0))
2018-04-19 02:09:13.685467;(11, (3385, 3522, 1184, 29, 0, 0, 0, 0, 0, 0))
2018-04-19 02:09:13.722588;(23, (6114, 5894, 5117, 2, 0, 0, 0, 0, 0, 0))
2018-04-19 02:09:13.899450;(10, (2910, 3214, 985, 7, 0, 0, 0, 0, 0, 0))
2018-04-19 02:09:13.942584;(21, (2677, 3072, 464, 0, 0, 0, 0, 0, 0, 0))
2018-04-19 02:09:14.490373;(9, (1008, 1352, 13, 71, 0, 0, 0, 0, 0, 0))
2018-04-19 02:09:14.551703;(8, (3032, 3025, 909, 19, 0, 0, 0, 0, 0, 0))
2018-04-19 02:09:14.691604;(12, (2425, 2576, 387, 20, 0, 0, 0, 0, 0, 0))
2018-04-19 02:09:14.721569;(5, (7017, 7445, 4064, 0, 0, 0, 0, 0, 0, 0))
2018-04-19 02:09:14.786754;(19, (1637, 1841, 196, 17, 0, 0, 0, 0, 0, 0))
2018-04-19 02:09:14.859710;(22, (4668, 4709, 2348, 13, 0, 0, 0, 0, 0, 0))
2018-04-19 02:09:14.994995;(3, (4544, 4546, 2012, 27, 0, 0, 0, 0, 0, 0))
2018-04-19 02:09:15.099848;(13, (3816, 4431, 1554, 4, 0, 0, 0, 0, 0, 0))
2018-04-19 02:09:15.109609;(7, (2736, 2880, 496, 19, 0, 0, 0, 0, 0, 0))
2018-04-19 02:09:15.162936;(15, (3391, 3726, 976, 1, 0, 0, 0, 0, 0, 0))
2018-04-19 02:09:15.184250;(6, (1814, 2248, 36, 3, 0, 0, 0, 0, 0, 0))
2018-04-19 02:09:15.257607;(20, (2399, 2611, 275, 16, 0, 0, 0, 0, 0, 0))
2018-04-19 02:09:15.287759;(4, (2541, 3057, 539, 10, 0, 0, 0, 0, 0, 0))
2018-04-19 02:09:15.435819;(17, (657, 869, 14, 100, 0, 0, 0, 0, 0, 0))
2018-04-19 02:09:42.876028;(1, (18360, 17020, 16618, 8309, 0, 0, 0, 0, 0, 0))
2018-04-19 02:09:43.540546;(14, (3165, 3212, 1048, 17, 0, 0, 0, 0, 0, 0))
2018-04-19 02:09:43.906016;(10, (3036, 3354, 995, 7, 0, 0, 0, 0, 0, 0))
2018-04-19 02:09:44.494557;(9, (1021, 1374, 13, 79, 0, 0, 0, 0, 0, 0))
2018-04-19 02:09:44.554729;(8, (3144, 3120, 938, 20, 0, 0, 0, 0, 0, 0))
2018-04-19 02:09:44.694805;(11, (3623, 3770, 1316, 29, 0, 0, 0, 0, 0, 0))
2018-04-19 02:09:44.698725;(12, (2625, 2770, 494, 26, 0, 0, 0, 0, 0, 0))
2018-04-19 02:09:44.729411;(23, (6521, 6298, 5476, 2, 0, 0, 0, 0, 0, 0))
2018-04-19 02:09:44.792407;(19, (1741, 1966, 197, 17, 0, 0, 0, 0, 0, 0))
2018-04-19 02:09:44.863567;(22, (4757, 4791, 2350, 15, 0, 0, 0, 0, 0, 0))
2018-04-19 02:09:44.948312;(21, (2831, 3250, 505, 0, 0, 0, 0, 0, 0, 0))
2018-04-19 02:09:44.999265;(3, (4649, 4636, 2041, 28, 0, 0, 0, 0, 0, 0))
2018-04-19 02:09:45.108587;(13, (3981, 4623, 1614, 4, 0, 0, 0, 0, 0, 0))
2018-04-19 02:09:45.114208;(7, (2817, 2963, 515, 21, 0, 0, 0, 0, 0, 0))
2018-04-19 02:09:45.169960;(15, (3495, 3862, 976, 1, 0, 0, 0, 0, 0, 0))
2018-04-19 02:09:45.187226;(6, (1873, 2319, 47, 6, 0, 0, 0, 0, 0, 0))
2018-04-19 02:09:45.261176;(20, (2466, 2685, 282, 18, 0, 0, 0, 0, 0, 0))
2018-04-19 02:09:45.295908;(4, (2642, 3188, 539, 10, 0, 0, 0, 0, 0, 0))
2018-04-19 02:09:45.439273;(17, (674, 889, 14, 107, 0, 0, 0, 0, 0, 0))
2018-04-19 02:10:13.879057;(1, (18932, 17550, 17138, 8569, 0, 0, 0, 0, 0, 0))
2018-04-19 02:10:14.542679;(14, (3219, 3254, 1055, 18, 0, 0, 0, 0, 0, 0))
2018-04-19 02:10:14.556468;(8, (3230, 3185, 957, 28, 0, 0, 0, 0, 0, 0))
2018-04-19 02:10:14.697958;(11, (3725, 3861, 1357, 30, 0, 0, 0, 0, 0, 0))
2018-04-19 02:10:14.701084;(12, (2731, 2866, 527, 31, 0, 0, 0, 0, 0, 0))
2018-04-19 02:10:14.732779;(5, (7311, 7782, 4128, 1, 0, 0, 0, 0, 0, 0))
2018-04-19 02:10:14.733825;(23, (6817, 6585, 5731, 2, 0, 0, 0, 0, 0, 0))
2018-04-19 02:10:14.797755;(19, (1800, 2033, 203, 21, 0, 0, 0, 0, 0, 0))
2018-04-19 02:10:14.912215;(10, (3159, 3493, 998, 7, 0, 0, 0, 0, 0, 0))
2018-04-19 02:10:14.954517;(21, (2967, 3403, 527, 0, 0, 0, 0, 0, 0, 0))
2018-04-19 02:10:15.002089;(3, (4718, 4690, 2049, 34, 0, 0, 0, 0, 0, 0))
2018-04-19 02:10:15.114447;(13, (4150, 4817, 1674, 4, 0, 0, 0, 0, 0, 0))
2018-04-19 02:10:15.117297;(7, (2879, 3018, 531, 23, 0, 0, 0, 0, 0, 0))
2018-04-19 02:10:15.174853;(15, (3613, 4004, 977, 1, 0, 0, 0, 0, 0, 0))
2018-04-19 02:10:15.191001;(6, (1901, 2344, 47, 14, 0, 0, 0, 0, 0, 0))
2018-04-19 02:10:15.265590;(20, (2538, 2760, 283, 20, 0, 0, 0, 0, 0, 0))
2018-04-19 02:10:15.302216;(4, (2743, 3319, 539, 10, 0, 0, 0, 0, 0, 0))
2018-04-19 02:10:15.443201;(17, (693, 914, 14, 116, 0, 0, 0, 0, 0, 0))
2018-04-19 02:10:15.496375;(9, (1032, 1392, 13, 86, 0, 0, 0, 0, 0, 0))
2018-04-19 02:10:15.866401;(22, (4810, 4831, 2352, 18, 0, 0, 0, 0, 0, 0))
2018-04-19 02:10:43.882945;(1, (19369, 17980, 17558, 8779, 0, 0, 0, 0, 0, 0))
2018-04-19 02:10:44.547219;(14, (3245, 3282, 1055, 28, 0, 0, 0, 0, 0, 0))
2018-04-19 02:10:44.705478;(11, (3749, 3888, 1357, 39, 0, 0, 0, 0, 0, 0))
2018-04-19 02:10:44.740873;(23, (7013, 6779, 5915, 2, 0, 0, 0, 0, 0, 0))
2018-04-19 02:10:44.741838;(5, (7417, 7925, 4128, 1, 0, 0, 0, 0, 0, 0))
2018-04-19 02:10:44.920369;(10, (3267, 3625, 998, 7, 0, 0, 0, 0, 0, 0))
2018-04-19 02:10:45.183008;(15, (3723, 4139, 981, 1, 0, 0, 0, 0, 0, 0))
2018-04-19 02:10:45.311022;(4, (2844, 3449, 539, 10, 0, 0, 0, 0, 0, 0))
2018-04-19 02:10:45.499506;(9, (1044, 1413, 13, 93, 0, 0, 0, 0, 0, 0))
2018-04-19 02:10:45.559778;(8, (3251, 3206, 957, 35, 0, 0, 0, 0, 0, 0))
2018-04-19 02:10:45.705999;(12, (2752, 2887, 527, 38, 0, 0, 0, 0, 0, 0))
2018-04-19 02:10:45.801917;(19, (1816, 2051, 203, 27, 0, 0, 0, 0, 0, 0))
2018-04-19 02:10:45.871699;(22, (4836, 4852, 2352, 25, 0, 0, 0, 0, 0, 0))
2018-04-19 02:10:46.006404;(3, (4741, 4712, 2049, 41, 0, 0, 0, 0, 0, 0))
2018-04-19 02:10:46.122966;(13, (4315, 5009, 1735, 4, 0, 0, 0, 0, 0, 0))
2018-04-19 02:10:46.124441;(7, (2902, 3045, 531, 32, 0, 0, 0, 0, 0, 0))
2018-04-19 02:10:46.195213;(6, (1920, 2365, 47, 21, 0, 0, 0, 0, 0, 0))
2018-04-19 02:10:46.270463;(20, (2563, 2787, 283, 29, 0, 0, 0, 0, 0, 0))
2018-04-19 02:10:46.447979;(17, (706, 934, 14, 122, 0, 0, 0, 0, 0, 0))
2018-04-19 02:11:13.900423;(1, (19770, 18370, 17938, 8969, 0, 0, 0, 0, 0, 0))
2018-04-19 02:11:14.554378;(14, (3265, 3306, 1055, 35, 0, 0, 0, 0, 0, 0))
2018-04-19 02:11:14.721767;(11, (3766, 3908, 1357, 45, 0, 0, 0, 0, 0, 0))
2018-04-19 02:11:14.759403;(23, (7159, 6928, 6049, 2, 0, 0, 0, 0, 0, 0))
2018-04-19 02:11:14.926993;(10, (3283, 3645, 998, 7, 0, 0, 0, 0, 0, 0))
2018-04-19 02:11:14.973873;(21, (3176, 3665, 527, 0, 0, 0, 0, 0, 0, 0))
2018-04-19 02:11:15.510419;(9, (1054, 1431, 13, 100, 0, 0, 0, 0, 0, 0))
2018-04-19 02:11:15.565721;(8, (3269, 3224, 957, 41, 0, 0, 0, 0, 0, 0))
2018-04-19 02:11:15.714817;(12, (2771, 2912, 527, 46, 0, 0, 0, 0, 0, 0))
2018-04-19 02:11:15.762646;(5, (7527, 8070, 4128, 1, 0, 0, 0, 0, 0, 0))
2018-04-19 02:11:15.807408;(19, (1829, 2069, 203, 33, 0, 0, 0, 0, 0, 0))
2018-04-19 02:11:15.878497;(22, (4855, 4872, 2352, 31, 0, 0, 0, 0, 0, 0))
2018-04-19 02:11:16.012764;(3, (4762, 4737, 2049, 49, 0, 0, 0, 0, 0, 0))
2018-04-19 02:11:16.133881;(7, (2919, 3065, 531, 38, 0, 0, 0, 0, 0, 0))
2018-04-19 02:11:16.135142;(13, (4481, 5205, 1797, 4, 0, 0, 0, 0, 0, 0))
2018-04-19 02:11:16.194978;(15, (3827, 4269, 981, 1, 0, 0, 0, 0, 0, 0))
2018-04-19 02:11:16.205378;(6, (1937, 2389, 47, 29, 0, 0, 0, 0, 0, 0))
2018-04-19 02:11:16.275979;(20, (2581, 2807, 283, 35, 0, 0, 0, 0, 0, 0))
2018-04-19 02:11:16.325530;(4, (2944, 3579, 539, 10, 0, 0, 0, 0, 0, 0))
2018-04-19 02:11:16.455021;(17, (721, 958, 14, 130, 0, 0, 0, 0, 0, 0))
2018-04-19 02:11:43.906615;(1, (20166, 18754, 18312, 9156, 0, 0, 0, 0, 0, 0))
2018-04-19 02:11:44.561498;(14, (3278, 3327, 1055, 42, 0, 0, 0, 0, 0, 0))
2018-04-19 02:11:44.727376;(11, (3782, 3933, 1357, 54, 0, 0, 0, 0, 0, 0))
2018-04-19 02:11:44.767708;(23, (7303, 7075, 6181, 2, 0, 0, 0, 0, 0, 0))
2018-04-19 02:11:44.932559;(10, (3299, 3665, 998, 7, 0, 0, 0, 0, 0, 0))
2018-04-19 02:11:44.985603;(21, (3280, 3795, 527, 0, 0, 0, 0, 0, 0, 0))
2018-04-19 02:11:45.517885;(9, (1066, 1453, 13, 108, 0, 0, 0, 0, 0, 0))
2018-04-19 02:11:45.571205;(8, (3284, 3247, 957, 50, 0, 0, 0, 0, 0, 0))
2018-04-19 02:11:45.723039;(12, (2785, 2932, 527, 53, 0, 0, 0, 0, 0, 0))
2018-04-19 02:11:45.779100;(5, (7633, 8201, 4128, 1, 0, 0, 0, 0, 0, 0))
2018-04-19 02:11:45.815278;(19, (1841, 2093, 203, 42, 0, 0, 0, 0, 0, 0))
2018-04-19 02:11:45.883637;(22, (4876, 4897, 2352, 40, 0, 0, 0, 0, 0, 0))
2018-04-19 02:11:46.019531;(3, (4778, 4757, 2049, 56, 0, 0, 0, 0, 0, 0))
2018-04-19 02:11:46.141548;(7, (2934, 3090, 531, 47, 0, 0, 0, 0, 0, 0))
2018-04-19 02:11:46.143732;(13, (4644, 5396, 1857, 4, 0, 0, 0, 0, 0, 0))
2018-04-19 02:11:46.210270;(15, (3930, 4400, 981, 1, 0, 0, 0, 0, 0, 0))
2018-04-19 02:11:46.210668;(6, (1952, 2410, 47, 36, 0, 0, 0, 0, 0, 0))
2018-04-19 02:11:46.282520;(20, (2597, 2833, 283, 44, 0, 0, 0, 0, 0, 0))
2018-04-19 02:11:46.338347;(4, (3048, 3713, 539, 10, 0, 0, 0, 0, 0, 0))
2018-04-19 02:11:46.461980;(17, (734, 978, 14, 137, 0, 0, 0, 0, 0, 0))
2018-04-19 02:12:13.912299;(1, (20557, 19140, 18688, 9344, 0, 0, 0, 0, 0, 0))
2018-04-19 02:12:14.567831;(14, (3298, 3351, 1055, 50, 0, 0, 0, 0, 0, 0))
2018-04-19 02:12:14.734055;(11, (3797, 3953, 1357, 60, 0, 0, 0, 0, 0, 0))
2018-04-19 02:12:14.777918;(23, (7445, 7224, 6314, 2, 0, 0, 0, 0, 0, 0))
2018-04-19 02:12:14.938963;(10, (3315, 3690, 998, 7, 0, 0, 0, 0, 0, 0))
2018-04-19 02:12:14.995920;(21, (3380, 3925, 527, 0, 0, 0, 0, 0, 0, 0))
2018-04-19 02:12:15.526542;(9, (1076, 1471, 13, 115, 0, 0, 0, 0, 0, 0))
2018-04-19 02:12:15.578957;(8, (3299, 3265, 957, 56, 0, 0, 0, 0, 0, 0))
2018-04-19 02:12:15.733463;(12, (2803, 2956, 527, 60, 0, 0, 0, 0, 0, 0))
2018-04-19 02:12:15.789489;(5, (7735, 8333, 4128, 1, 0, 0, 0, 0, 0, 0))
2018-04-19 02:12:15.821439;(19, (1854, 2110, 203, 48, 0, 0, 0, 0, 0, 0))
2018-04-19 02:12:15.891158;(22, (4892, 4923, 2352, 49, 0, 0, 0, 0, 0, 0))
2018-04-19 02:12:16.026349;(3, (4796, 4782, 2049, 64, 0, 0, 0, 0, 0, 0))
2018-04-19 02:12:16.147914;(7, (2952, 3115, 531, 55, 0, 0, 0, 0, 0, 0))
2018-04-19 02:12:16.151806;(13, (4804, 5586, 1917, 4, 0, 0, 0, 0, 0, 0))
2018-04-19 02:12:16.219753;(6, (1967, 2434, 47, 44, 0, 0, 0, 0, 0, 0))
2018-04-19 02:12:16.221808;(15, (4033, 4532, 981, 1, 0, 0, 0, 0, 0, 0))
2018-04-19 02:12:16.296280;(20, (2614, 2857, 283, 52, 0, 0, 0, 0, 0, 0))
2018-04-19 02:12:16.350424;(4, (3148, 3843, 539, 10, 0, 0, 0, 0, 0, 0))
2018-04-19 02:12:16.468002;(17, (748, 1002, 14, 145, 0, 0, 0, 0, 0, 0))
2018-04-19 02:12:43.918119;(1, (20946, 19522, 19060, 9530, 0, 0, 0, 0, 0, 0))
2018-04-19 02:12:44.950141;(10, (3328, 3709, 998, 7, 0, 0, 0, 0, 0, 0))
2018-04-19 02:12:45.540553;(9, (1087, 1488, 13, 121, 0, 0, 0, 0, 0, 0))
2018-04-19 02:12:45.574537;(14, (3310, 3371, 1055, 57, 0, 0, 0, 0, 0, 0))
2018-04-19 02:12:45.584111;(8, (3311, 3288, 957, 65, 0, 0, 0, 0, 0, 0))
2018-04-19 02:12:45.738754;(12, (2815, 2977, 527, 68, 0, 0, 0, 0, 0, 0))
2018-04-19 02:12:45.739819;(11, (3811, 3978, 1357, 69, 0, 0, 0, 0, 0, 0))
2018-04-19 02:12:45.785694;(23, (7587, 7371, 6448, 2, 0, 0, 0, 0, 0, 0))
2018-04-19 02:12:45.803764;(5, (7837, 8466, 4128, 1, 0, 0, 0, 0, 0, 0))
2018-04-19 02:12:45.830639;(19, (1866, 2132, 203, 56, 0, 0, 0, 0, 0, 0))
2018-04-19 02:12:46.007125;(21, (3481, 4055, 527, 0, 0, 0, 0, 0, 0, 0))
2018-04-19 02:12:46.032365;(3, (4808, 4802, 2049, 71, 0, 0, 0, 0, 0, 0))
2018-04-19 02:12:46.154434;(7, (2964, 3135, 531, 62, 0, 0, 0, 0, 0, 0))
2018-04-19 02:12:46.160259;(13, (4966, 5776, 1977, 4, 0, 0, 0, 0, 0, 0))
2018-04-19 02:12:46.226341;(6, (1980, 2453, 47, 50, 0, 0, 0, 0, 0, 0))
2018-04-19 02:12:46.230829;(15, (4136, 4664, 981, 1, 0, 0, 0, 0, 0, 0))
2018-04-19 02:12:46.305662;(20, (2627, 2877, 283, 59, 0, 0, 0, 0, 0, 0))
2018-04-19 02:12:46.359892;(4, (3248, 3974, 539, 10, 0, 0, 0, 0, 0, 0))
2018-04-19 02:12:46.474469;(17, (760, 1022, 14, 152, 0, 0, 0, 0, 0, 0))
2018-04-19 02:12:46.897333;(22, (4905, 4943, 2352, 56, 0, 0, 0, 0, 0, 0))
2018-04-19 02:13:13.919927;(1, (21376, 19926, 19454, 9727, 0, 0, 0, 0, 0, 0))
2018-04-19 02:13:15.578757;(14, (3324, 3390, 1055, 63, 0, 0, 0, 0, 0, 0))
2018-04-19 02:13:15.745424;(11, (3827, 4002, 1357, 77, 0, 0, 0, 0, 0, 0))
2018-04-19 02:13:15.787469;(23, (7744, 7523, 6577, 2, 0, 0, 0, 0, 0, 0))
2018-04-19 02:13:15.809848;(5, (7973, 8631, 4164, 2, 0, 0, 0, 0, 0, 0))
2018-04-19 02:13:15.954874;(10, (3417, 3827, 998, 7, 0, 0, 0, 0, 0, 0))
2018-04-19 02:13:16.014057;(21, (3591, 4185, 527, 0, 0, 0, 0, 0, 0, 0))
2018-04-19 02:13:16.237380;(15, (4252, 4804, 989, 2, 0, 0, 0, 0, 0, 0))
2018-04-19 02:13:16.371157;(4, (3351, 4102, 542, 10, 0, 0, 0, 0, 0, 0))
2018-04-19 02:13:16.542991;(9, (1102, 1512, 13, 130, 0, 0, 0, 0, 0, 0))
2018-04-19 02:13:16.588008;(8, (3322, 3305, 957, 71, 0, 0, 0, 0, 0, 0))
2018-04-19 02:13:16.742201;(12, (2829, 3002, 527, 76, 0, 0, 0, 0, 0, 0))
2018-04-19 02:13:16.833868;(19, (1876, 2150, 203, 63, 0, 0, 0, 0, 0, 0))
2018-04-19 02:13:16.899511;(22, (4929, 4967, 2352, 64, 0, 0, 0, 0, 0, 0))
2018-04-19 02:13:17.034740;(3, (4826, 4825, 2049, 78, 0, 0, 0, 0, 0, 0))
2018-04-19 02:13:17.157876;(7, (2978, 3154, 531, 68, 0, 0, 0, 0, 0, 0))
2018-04-19 02:13:17.170328;(13, (5132, 5976, 2034, 4, 0, 0, 0, 0, 0, 0))
2018-04-19 02:13:17.230238;(6, (2003, 2477, 47, 58, 0, 0, 0, 0, 0, 0))
2018-04-19 02:13:17.307758;(20, (2641, 2896, 283, 65, 0, 0, 0, 0, 0, 0))
2018-04-19 02:13:17.476735;(17, (774, 1046, 14, 160, 0, 0, 0, 0, 0, 0))
2018-04-19 02:13:43.922650;(1, (21825, 20356, 19874, 9937, 0, 0, 0, 0, 0, 0))
2018-04-19 02:13:45.580809;(14, (3343, 3415, 1055, 72, 0, 0, 0, 0, 0, 0))
2018-04-19 02:13:45.747417;(11, (3842, 4022, 1357, 84, 0, 0, 0, 0, 0, 0))
2018-04-19 02:13:45.792316;(23, (7912, 7685, 6726, 2, 0, 0, 0, 0, 0, 0))
2018-04-19 02:13:45.960386;(10, (3561, 3992, 1026, 7, 0, 0, 0, 0, 0, 0))
2018-04-19 02:13:46.019163;(21, (3705, 4319, 527, 0, 0, 0, 0, 0, 0, 0))
2018-04-19 02:13:46.544696;(9, (1112, 1529, 13, 136, 0, 0, 0, 0, 0, 0))
2018-04-19 02:13:46.590121;(8, (3336, 3329, 957, 80, 0, 0, 0, 0, 0, 0))
2018-04-19 02:13:46.745756;(12, (2842, 3022, 527, 83, 0, 0, 0, 0, 0, 0))
2018-04-19 02:13:46.819434;(5, (8083, 8779, 4164, 2, 0, 0, 0, 0, 0, 0))
2018-04-19 02:13:46.837696;(19, (1890, 2171, 203, 70, 0, 0, 0, 0, 0, 0))
2018-04-19 02:13:46.902452;(22, (4952, 4988, 2352, 71, 0, 0, 0, 0, 0, 0))
2018-04-19 02:13:47.036951;(3, (4843, 4846, 2049, 85, 0, 0, 0, 0, 0, 0))
2018-04-19 02:13:47.160346;(7, (2994, 3179, 531, 77, 0, 0, 0, 0, 0, 0))
2018-04-19 02:13:47.175577;(13, (5303, 6173, 2096, 4, 0, 0, 0, 0, 0, 0))
2018-04-19 02:13:47.234472;(6, (2023, 2498, 47, 65, 0, 0, 0, 0, 0, 0))
2018-04-19 02:13:47.243071;(15, (4395, 4970, 1021, 2, 0, 0, 0, 0, 0, 0))
2018-04-19 02:13:47.310845;(20, (2663, 2921, 283, 74, 0, 0, 0, 0, 0, 0))
2018-04-19 02:13:47.478793;(17, (786, 1066, 14, 167, 0, 0, 0, 0, 0, 0))
2018-04-19 02:14:14.924909;(1, (22256, 20784, 20292, 10146, 0, 0, 0, 0, 0, 0))
2018-04-19 02:14:15.583980;(14, (3358, 3435, 1055, 78, 0, 0, 0, 0, 0, 0))
2018-04-19 02:14:15.751089;(11, (3858, 4042, 1357, 90, 0, 0, 0, 0, 0, 0))
2018-04-19 02:14:15.794931;(23, (8042, 7814, 6846, 2, 0, 0, 0, 0, 0, 0))
2018-04-19 02:14:15.966214;(10, (3663, 4123, 1026, 7, 0, 0, 0, 0, 0, 0))
2018-04-19 02:14:16.024477;(21, (3807, 4449, 527, 0, 0, 0, 0, 0, 0, 0))
2018-04-19 02:14:16.550133;(9, (1125, 1552, 13, 145, 0, 0, 0, 0, 0, 0))
2018-04-19 02:14:16.592041;(8, (3351, 3346, 957, 86, 0, 0, 0, 0, 0, 0))
2018-04-19 02:14:16.749935;(12, (2860, 3046, 527, 91, 0, 0, 0, 0, 0, 0))
2018-04-19 02:14:16.825009;(5, (8177, 8900, 4164, 2, 0, 0, 0, 0, 0, 0))
2018-04-19 02:14:16.842476;(19, (1902, 2191, 203, 78, 0, 0, 0, 0, 0, 0))
2018-04-19 02:14:16.905436;(22, (4973, 5012, 2352, 79, 0, 0, 0, 0, 0, 0))
2018-04-19 02:14:17.039084;(3, (4860, 4865, 2049, 91, 0, 0, 0, 0, 0, 0))
2018-04-19 02:14:17.163196;(7, (3010, 3204, 531, 85, 0, 0, 0, 0, 0, 0))
2018-04-19 02:14:17.181741;(13, (5465, 6363, 2156, 4, 0, 0, 0, 0, 0, 0))
2018-04-19 02:14:17.236791;(6, (2039, 2517, 47, 71, 0, 0, 0, 0, 0, 0))
2018-04-19 02:14:17.248652;(15, (4552, 5158, 1076, 2, 0, 0, 0, 0, 0, 0))
2018-04-19 02:14:17.312842;(20, (2678, 2941, 283, 80, 0, 0, 0, 0, 0, 0))
2018-04-19 02:14:17.387237;(4, (3551, 4363, 542, 10, 0, 0, 0, 0, 0, 0))
2018-04-19 02:14:17.481959;(17, (801, 1089, 14, 174, 0, 0, 0, 0, 0, 0))
2018-04-19 02:14:44.928106;(1, (22703, 21220, 20718, 10359, 0, 0, 0, 0, 0, 0))
2018-04-19 02:14:45.586557;(14, (3372, 3460, 1055, 87, 0, 0, 0, 0, 0, 0))
2018-04-19 02:14:45.756389;(11, (3872, 4067, 1357, 99, 0, 0, 0, 0, 0, 0))
2018-04-19 02:14:45.798676;(23, (8184, 7955, 6975, 2, 0, 0, 0, 0, 0, 0))
2018-04-19 02:14:45.973076;(10, (3785, 4272, 1037, 7, 0, 0, 0, 0, 0, 0))
2018-04-19 02:14:46.031196;(21, (3911, 4579, 527, 0, 0, 0, 0, 0, 0, 0))
2018-04-19 02:14:46.552027;(9, (1135, 1569, 13, 151, 0, 0, 0, 0, 0, 0))
2018-04-19 02:14:46.594387;(8, (3363, 3368, 957, 94, 0, 0, 0, 0, 0, 0))
2018-04-19 02:14:46.753933;(12, (2872, 3065, 527, 97, 0, 0, 0, 0, 0, 0))
2018-04-19 02:14:46.834310;(5, (8294, 9070, 4165, 2, 0, 0, 0, 0, 0, 0))
2018-04-19 02:14:46.846157;(19, (1914, 2213, 203, 86, 0, 0, 0, 0, 0, 0))
2018-04-19 02:14:47.042082;(3, (4877, 4890, 2049, 100, 0, 0, 0, 0, 0, 0))
2018-04-19 02:14:47.166471;(7, (3022, 3224, 531, 92, 0, 0, 0, 0, 0, 0))
2018-04-19 02:14:47.187208;(13, (5628, 6554, 2216, 4, 0, 0, 0, 0, 0, 0))
2018-04-19 02:14:47.239613;(6, (2060, 2542, 47, 80, 0, 0, 0, 0, 0, 0))
2018-04-19 02:14:47.253789;(15, (4674, 5307, 1089, 2, 0, 0, 0, 0, 0, 0))
2018-04-19 02:14:47.315332;(20, (2695, 2965, 283, 88, 0, 0, 0, 0, 0, 0))
2018-04-19 02:14:47.394082;(4, (3652, 4493, 542, 10, 0, 0, 0, 0, 0, 0))
2018-04-19 02:14:47.484102;(17, (813, 1109, 14, 181, 0, 0, 0, 0, 0, 0))
2018-04-19 02:14:47.907337;(22, (4991, 5032, 2352, 86, 0, 0, 0, 0, 0, 0))
2018-04-19 02:15:14.931327;(1, (23149, 21658, 21146, 10573, 0, 0, 0, 0, 0, 0))
2018-04-19 02:15:15.589446;(14, (3387, 3484, 1055, 95, 0, 0, 0, 0, 0, 0))
2018-04-19 02:15:15.759867;(11, (3887, 4091, 1357, 107, 0, 0, 0, 0, 0, 0))
2018-04-19 02:15:15.802510;(23, (8354, 8121, 7131, 2, 0, 0, 0, 0, 0, 0))
2018-04-19 02:15:15.979146;(10, (3919, 4435, 1069, 7, 0, 0, 0, 0, 0, 0))
2018-04-19 02:15:16.038107;(21, (4018, 4709, 527, 0, 0, 0, 0, 0, 0, 0))
2018-04-19 02:15:16.554419;(9, (1148, 1592, 13, 160, 0, 0, 0, 0, 0, 0))
2018-04-19 02:15:16.595983;(8, (3373, 3386, 957, 101, 0, 0, 0, 0, 0, 0))
2018-04-19 02:15:16.757503;(12, (2886, 3089, 527, 105, 0, 0, 0, 0, 0, 0))
2018-04-19 02:15:16.841073;(5, (8388, 9199, 4165, 2, 0, 0, 0, 0, 0, 0))
2018-04-19 02:15:16.848004;(19, (1924, 2231, 203, 93, 0, 0, 0, 0, 0, 0))
2018-04-19 02:15:17.168913;(7, (3036, 3248, 531, 100, 0, 0, 0, 0, 0, 0))
2018-04-19 02:15:17.193521;(13, (5795, 6747, 2278, 4, 0, 0, 0, 0, 0, 0))
2018-04-19 02:15:17.243266;(6, (2078, 2561, 47, 86, 0, 0, 0, 0, 0, 0))
2018-04-19 02:15:17.259773;(15, (4779, 5438, 1089, 2, 0, 0, 0, 0, 0, 0))
2018-04-19 02:15:17.403108;(4, (3753, 4626, 542, 10, 0, 0, 0, 0, 0, 0))
2018-04-19 02:15:17.910328;(22, (5011, 5056, 2352, 94, 0, 0, 0, 0, 0, 0))
2018-04-19 02:15:18.047011;(3, (4890, 4909, 2049, 106, 0, 0, 0, 0, 0, 0))
2018-04-19 02:15:18.317663;(20, (2711, 2985, 283, 95, 0, 0, 0, 0, 0, 0))
2018-04-19 02:15:18.487787;(17, (825, 1128, 14, 187, 0, 0, 0, 0, 0, 0))
2018-04-19 02:15:44.934057;(1, (23586, 22092, 21570, 10785, 0, 0, 0, 0, 0, 0))
2018-04-19 02:15:46.591429;(14, (3399, 3504, 1055, 102, 0, 0, 0, 0, 0, 0))
2018-04-19 02:15:46.762473;(11, (3899, 4111, 1357, 114, 0, 0, 0, 0, 0, 0))
2018-04-19 02:15:46.804975;(23, (8484, 8250, 7252, 2, 0, 0, 0, 0, 0, 0))
2018-04-19 02:15:46.847299;(5, (8488, 9330, 4165, 2, 0, 0, 0, 0, 0, 0))
2018-04-19 02:15:46.985721;(10, (4021, 4565, 1069, 7, 0, 0, 0, 0, 0, 0))
2018-04-19 02:15:47.043789;(21, (4119, 4840, 527, 0, 0, 0, 0, 0, 0, 0))
2018-04-19 02:15:47.408974;(4, (3853, 4756, 542, 10, 0, 0, 0, 0, 0, 0))
2018-04-19 02:15:47.556340;(9, (1158, 1609, 13, 166, 0, 0, 0, 0, 0, 0))
2018-04-19 02:15:47.597929;(8, (3385, 3407, 957, 108, 0, 0, 0, 0, 0, 0))
2018-04-19 02:15:47.759883;(12, (2898, 3109, 527, 112, 0, 0, 0, 0, 0, 0))
2018-04-19 02:15:47.851422;(19, (1934, 2247, 203, 98, 0, 0, 0, 0, 0, 0))
2018-04-19 02:15:47.912990;(22, (5024, 5076, 2352, 101, 0, 0, 0, 0, 0, 0))
2018-04-19 02:15:48.054122;(3, (4904, 4934, 2049, 115, 0, 0, 0, 0, 0, 0))
2018-04-19 02:15:48.171357;(7, (3048, 3268, 531, 107, 0, 0, 0, 0, 0, 0))
2018-04-19 02:15:48.199099;(13, (5958, 6940, 2340, 4, 0, 0, 0, 0, 0, 0))
2018-04-19 02:15:48.245763;(6, (2093, 2586, 47, 95, 0, 0, 0, 0, 0, 0))
2018-04-19 02:15:48.266327;(15, (4880, 5568, 1089, 2, 0, 0, 0, 0, 0, 0))
2018-04-19 02:15:48.321914;(20, (2726, 3009, 283, 103, 0, 0, 0, 0, 0, 0))
2018-04-19 02:15:48.491582;(17, (839, 1153, 14, 196, 0, 0, 0, 0, 0, 0))
