2018-04-06 21:25:52.832238;(12, 0, 387, 253, 0, 0, 0, 0, 0, 0, 0, 0, 0, 0, 0, 0, 0, 0, 1)
2018-04-06 21:27:15.789703;(20, 0, 28673, 253, 0, 0, 0, 0, 0, 0, 0, 0, 0, 0, 0, 0, 0, 0, 1)
2018-04-06 21:31:01.638630;(4, 0, 31924, 253, 0, 0, 0, 0, 0, 0, 0, 0, 0, 0, 0, 0, 0, 0, 1)
2018-04-06 21:32:42.843019;(17, 0, 64605, 253, 0, 0, 0, 0, 0, 0, 0, 0, 0, 0, 0, 0, 0, 0, 1)
2018-04-06 21:33:42.827783;(19, 0, 36134, 253, 0, 0, 0, 0, 0, 0, 0, 0, 0, 0, 0, 0, 0, 0, 1)
2018-04-06 21:34:38.857844;(17, 0, 64692, 253, 0, 0, 0, 0, 0, 0, 0, 0, 0, 0, 0, 0, 0, 0, 1)
2018-04-06 21:37:16.883499;(17, 0, 64860, 253, 0, 0, 0, 0, 0, 0, 0, 0, 0, 0, 0, 0, 0, 0, 1)
2018-04-06 21:37:48.313009;(9, 0, 9242, 253, 0, 0, 0, 0, 0, 0, 0, 0, 0, 0, 0, 0, 0, 0, 1)
2018-04-06 21:37:48.702135;(4, 0, 32375, 253, 0, 0, 0, 0, 0, 0, 0, 0, 0, 0, 0, 0, 0, 0, 1)
2018-04-06 21:37:56.528923;(13, 0, 37813, 253, 0, 0, 0, 0, 0, 0, 0, 0, 0, 0, 0, 0, 0, 0, 1)
2018-04-06 21:38:10.638431;(6, 0, 15861, 253, 0, 0, 0, 0, 0, 0, 0, 0, 0, 0, 0, 0, 0, 0, 1)
2018-04-06 21:38:42.643785;(6, 0, 15867, 253, 0, 0, 0, 0, 0, 0, 0, 0, 0, 0, 0, 0, 0, 0, 1)
2018-04-06 21:39:21.648110;(6, 0, 15874, 253, 0, 0, 0, 0, 0, 0, 0, 0, 0, 0, 0, 0, 0, 0, 1)
2018-04-06 21:39:56.942773;(7, 0, 7215, 253, 0, 0, 0, 0, 0, 0, 0, 0, 0, 0, 0, 0, 0, 0, 1)
2018-04-06 21:40:02.651348;(6, 0, 15881, 253, 0, 0, 0, 0, 0, 0, 0, 0, 0, 0, 0, 0, 0, 0, 1)
