2018-04-16 21:09:25.536316;(11, (0, 0, 0, 0))
2018-04-16 21:09:25.604793;(18, (0, 0, 0, 0))
2018-04-16 21:09:25.635181;(26, (0, 0, 0, 0))
2018-04-16 21:09:25.635382;(8, (0, 0, 0, 0))
2018-04-16 21:09:25.701867;(17, (0, 0, 0, 0))
2018-04-16 21:09:25.705000;(20, (0, 0, 0, 0))
2018-04-16 21:09:25.722058;(5, (0, 0, 0, 0))
2018-04-16 21:09:25.781374;(3, (0, 0, 0, 0))
2018-04-16 21:09:25.800484;(19, (0, 0, 0, 0))
2018-04-16 21:09:25.861619;(22, (0, 0, 0, 0))
2018-04-16 21:09:25.893777;(24, (0, 0, 0, 0))
2018-04-16 21:09:25.949059;(21, (0, 0, 0, 0))
2018-04-16 21:09:25.987770;(12, (0, 0, 0, 0))
2018-04-16 21:09:26.037384;(7, (0, 0, 0, 0))
2018-04-16 21:09:26.053181;(14, (0, 0, 0, 0))
2018-04-16 21:09:26.124938;(4, (0, 0, 0, 0))
2018-04-16 21:09:26.144958;(25, (0, 0, 0, 0))
2018-04-16 21:09:26.222029;(9, (0, 0, 0, 0))
2018-04-16 21:09:26.237257;(6, (0, 0, 0, 0))
2018-04-16 21:09:26.320296;(16, (0, 0, 0, 0))
2018-04-16 21:09:26.333045;(10, (0, 0, 0, 0))
2018-04-16 21:09:26.382110;(1, (0, 0, 0, 0))
2018-04-16 21:09:26.414801;(15, (0, 0, 0, 0))
2018-04-16 21:09:26.465290;(13, (0, 0, 0, 0))
2018-04-16 21:09:26.508840;(23, (0, 0, 0, 0))
2018-04-16 21:09:26.543813;(2, (0, 0, 0, 0))
2018-04-16 21:10:25.552341;(11, (0, 0, 0, 0))
2018-04-16 21:10:25.620030;(18, (0, 0, 0, 0))
2018-04-16 21:10:25.653865;(8, (0, 0, 0, 0))
2018-04-16 21:10:25.655153;(26, (0, 0, 0, 0))
2018-04-16 21:10:25.717954;(17, (0, 0, 0, 0))
2018-04-16 21:10:25.721118;(20, (0, 0, 0, 0))
2018-04-16 21:10:25.738589;(5, (0, 0, 0, 0))
2018-04-16 21:10:25.798024;(3, (0, 0, 0, 0))
2018-04-16 21:10:25.817267;(19, (0, 0, 0, 0))
2018-04-16 21:10:25.878110;(22, (0, 0, 0, 0))
2018-04-16 21:10:25.910620;(24, (0, 0, 0, 0))
2018-04-16 21:10:25.966032;(21, (0, 0, 0, 0))
2018-04-16 21:10:26.005678;(12, (0, 0, 0, 0))
2018-04-16 21:10:26.054361;(7, (0, 0, 0, 0))
2018-04-16 21:10:26.070229;(14, (0, 0, 0, 0))
2018-04-16 21:10:26.141941;(4, (0, 0, 0, 0))
2018-04-16 21:10:26.162146;(25, (0, 0, 0, 0))
2018-04-16 21:10:26.239267;(9, (0, 0, 0, 0))
2018-04-16 21:10:26.254369;(6, (0, 0, 0, 0))
2018-04-16 21:10:26.339946;(16, (0, 0, 0, 0))
2018-04-16 21:10:26.350791;(10, (0, 0, 0, 0))
2018-04-16 21:10:26.398383;(1, (0, 0, 0, 0))
2018-04-16 21:10:26.435368;(15, (0, 0, 0, 0))
2018-04-16 21:10:26.481395;(13, (0, 0, 0, 0))
2018-04-16 21:10:26.525624;(23, (0, 0, 0, 0))
2018-04-16 21:10:26.559515;(2, (0, 0, 0, 0))
2018-04-16 21:11:25.569172;(11, (0, 0, 0, 0))
2018-04-16 21:11:25.635702;(18, (0, 0, 0, 0))
2018-04-16 21:11:25.669485;(8, (0, 0, 0, 0))
2018-04-16 21:11:25.671725;(26, (0, 0, 0, 0))
2018-04-16 21:11:25.734245;(17, (0, 0, 0, 0))
2018-04-16 21:11:25.738905;(20, (0, 0, 0, 0))
2018-04-16 21:11:25.754938;(5, (0, 0, 0, 0))
2018-04-16 21:11:25.814566;(3, (0, 0, 0, 0))
2018-04-16 21:11:25.834251;(19, (0, 0, 0, 0))
2018-04-16 21:11:25.894207;(22, (0, 0, 0, 0))
2018-04-16 21:11:25.926823;(24, (0, 0, 0, 0))
2018-04-16 21:11:25.982703;(21, (0, 0, 0, 0))
2018-04-16 21:11:26.022626;(12, (0, 0, 0, 0))
2018-04-16 21:11:26.070841;(7, (0, 0, 0, 0))
2018-04-16 21:11:26.087039;(14, (0, 0, 0, 0))
2018-04-16 21:11:26.158829;(4, (0, 0, 0, 0))
2018-04-16 21:11:26.179083;(25, (0, 0, 0, 0))
2018-04-16 21:11:26.255915;(9, (0, 0, 0, 0))
2018-04-16 21:11:26.271254;(6, (0, 0, 0, 0))
2018-04-16 21:11:26.358909;(16, (0, 0, 0, 0))
2018-04-16 21:11:26.370166;(10, (0, 0, 0, 0))
2018-04-16 21:11:26.417441;(1, (0, 0, 0, 0))
2018-04-16 21:11:26.456662;(15, (0, 0, 0, 0))
2018-04-16 21:11:26.499772;(13, (0, 0, 0, 0))
2018-04-16 21:11:26.542201;(23, (0, 0, 0, 0))
2018-04-16 21:11:26.575003;(2, (0, 0, 0, 0))
2018-04-16 21:12:25.585757;(11, (0, 0, 0, 0))
2018-04-16 21:12:25.651986;(18, (0, 0, 0, 0))
2018-04-16 21:12:25.685774;(8, (0, 0, 0, 0))
2018-04-16 21:12:25.688579;(26, (0, 0, 0, 0))
2018-04-16 21:12:25.752108;(17, (0, 0, 0, 0))
2018-04-16 21:12:25.756597;(20, (0, 0, 0, 0))
2018-04-16 21:12:25.772199;(5, (0, 0, 0, 0))
2018-04-16 21:12:25.832306;(3, (0, 0, 0, 0))
2018-04-16 21:12:25.850722;(19, (0, 0, 0, 0))
2018-04-16 21:12:25.911280;(22, (0, 0, 0, 0))
2018-04-16 21:12:25.943625;(24, (0, 0, 0, 0))
2018-04-16 21:12:25.999555;(21, (0, 0, 0, 0))
2018-04-16 21:12:26.039387;(12, (0, 0, 0, 0))
2018-04-16 21:12:26.087512;(7, (0, 0, 0, 0))
2018-04-16 21:12:26.104111;(14, (0, 0, 0, 0))
2018-04-16 21:12:26.175855;(4, (0, 0, 0, 0))
2018-04-16 21:12:26.196163;(25, (0, 0, 0, 0))
2018-04-16 21:12:26.272774;(9, (0, 0, 0, 0))
2018-04-16 21:12:26.288266;(6, (0, 0, 0, 0))
2018-04-16 21:12:26.377430;(16, (0, 0, 0, 0))
2018-04-16 21:12:26.389145;(10, (0, 0, 0, 0))
2018-04-16 21:12:26.438260;(1, (0, 0, 0, 0))
2018-04-16 21:12:26.473160;(15, (0, 0, 0, 0))
2018-04-16 21:12:26.517711;(13, (0, 0, 0, 0))
2018-04-16 21:12:26.559915;(23, (0, 0, 0, 0))
2018-04-16 21:12:26.591684;(2, (0, 0, 0, 0))
2018-04-16 21:13:25.602580;(11, (0, 0, 0, 0))
2018-04-16 21:13:25.668402;(18, (0, 0, 0, 0))
2018-04-16 21:13:25.703064;(8, (0, 0, 0, 0))
2018-04-16 21:13:25.704424;(26, (0, 0, 0, 0))
2018-04-16 21:13:25.769417;(17, (0, 0, 0, 0))
2018-04-16 21:13:25.773961;(20, (0, 0, 0, 0))
2018-04-16 21:13:25.789923;(5, (0, 0, 0, 0))
2018-04-16 21:13:25.849377;(3, (0, 0, 0, 0))
2018-04-16 21:13:25.867806;(19, (0, 0, 0, 0))
2018-04-16 21:13:25.927574;(22, (0, 0, 0, 0))
2018-04-16 21:13:25.960191;(24, (0, 0, 0, 0))
2018-04-16 21:13:26.016146;(21, (0, 0, 0, 0))
2018-04-16 21:13:26.055828;(12, (0, 0, 0, 0))
2018-04-16 21:13:26.104088;(7, (0, 0, 0, 0))
2018-04-16 21:13:26.121464;(14, (0, 0, 0, 0))
2018-04-16 21:13:26.192589;(4, (0, 0, 0, 0))
2018-04-16 21:13:26.212929;(25, (0, 0, 0, 0))
2018-04-16 21:13:26.289646;(9, (0, 0, 0, 0))
2018-04-16 21:13:26.305136;(6, (0, 0, 0, 0))
2018-04-16 21:13:26.395459;(16, (0, 0, 0, 0))
2018-04-16 21:13:26.407932;(10, (0, 0, 0, 0))
2018-04-16 21:13:26.457994;(1, (0, 0, 0, 0))
2018-04-16 21:13:26.490130;(15, (0, 0, 0, 0))
2018-04-16 21:13:26.535712;(13, (0, 0, 0, 0))
2018-04-16 21:13:26.577294;(23, (0, 0, 0, 0))
2018-04-16 21:13:26.608741;(2, (0, 0, 0, 0))
2018-04-16 21:14:25.620154;(11, (0, 0, 0, 0))
2018-04-16 21:14:25.683958;(18, (0, 0, 0, 0))
2018-04-16 21:14:25.719304;(8, (0, 0, 0, 0))
2018-04-16 21:14:25.720337;(26, (0, 0, 0, 0))
2018-04-16 21:14:25.787554;(17, (0, 0, 0, 0))
2018-04-16 21:14:25.790871;(20, (0, 0, 0, 0))
2018-04-16 21:14:25.807105;(5, (0, 0, 0, 0))
2018-04-16 21:14:25.867132;(3, (0, 0, 0, 0))
2018-04-16 21:14:25.885352;(19, (0, 0, 0, 0))
2018-04-16 21:14:25.945397;(22, (0, 0, 0, 0))
2018-04-16 21:14:25.977572;(24, (0, 0, 0, 0))
2018-04-16 21:14:26.032431;(21, (0, 0, 0, 0))
2018-04-16 21:14:26.072308;(12, (0, 0, 0, 0))
2018-04-16 21:14:26.121608;(7, (0, 0, 0, 0))
2018-04-16 21:14:26.138253;(14, (0, 0, 0, 0))
2018-04-16 21:14:26.208881;(4, (0, 0, 0, 0))
2018-04-16 21:14:26.229490;(25, (0, 0, 0, 0))
2018-04-16 21:14:26.307031;(9, (0, 0, 0, 0))
2018-04-16 21:14:26.322596;(6, (0, 0, 0, 0))
2018-04-16 21:14:26.412600;(16, (0, 0, 0, 0))
2018-04-16 21:14:26.424741;(10, (0, 0, 0, 0))
2018-04-16 21:14:26.474966;(1, (0, 0, 0, 0))
2018-04-16 21:14:26.506793;(15, (0, 0, 0, 0))
2018-04-16 21:14:26.552659;(13, (0, 0, 0, 0))
2018-04-16 21:14:26.594646;(23, (0, 0, 0, 0))
2018-04-16 21:14:26.626196;(2, (0, 0, 0, 0))
2018-04-16 21:15:25.635712;(11, (0, 0, 0, 0))
2018-04-16 21:15:25.700099;(18, (0, 0, 0, 0))
2018-04-16 21:15:25.736432;(8, (0, 0, 0, 0))
2018-04-16 21:15:25.737283;(26, (0, 0, 0, 0))
2018-04-16 21:15:25.804563;(17, (0, 0, 0, 0))
2018-04-16 21:15:25.807812;(20, (0, 0, 0, 0))
2018-04-16 21:15:25.824911;(5, (0, 0, 0, 0))
2018-04-16 21:15:25.883686;(3, (0, 0, 0, 0))
2018-04-16 21:15:25.901953;(19, (0, 0, 0, 0))
2018-04-16 21:15:25.963200;(22, (0, 0, 0, 0))
2018-04-16 21:15:25.994643;(24, (0, 0, 0, 0))
2018-04-16 21:15:26.048870;(21, (0, 0, 0, 0))
2018-04-16 21:15:26.088782;(12, (0, 0, 0, 0))
2018-04-16 21:15:26.138293;(7, (0, 0, 0, 0))
2018-04-16 21:15:26.155342;(14, (0, 0, 0, 0))
2018-04-16 21:15:26.225298;(4, (0, 0, 0, 0))
2018-04-16 21:15:26.246210;(25, (0, 0, 0, 0))
2018-04-16 21:15:26.323649;(9, (0, 0, 0, 0))
2018-04-16 21:15:26.339610;(6, (0, 0, 0, 0))
2018-04-16 21:15:26.430080;(16, (0, 0, 0, 0))
2018-04-16 21:15:26.441919;(10, (0, 0, 0, 0))
2018-04-16 21:15:26.492852;(1, (0, 0, 0, 0))
2018-04-16 21:15:26.525089;(15, (0, 0, 0, 0))
2018-04-16 21:15:26.569857;(13, (0, 0, 0, 0))
2018-04-16 21:15:26.612746;(23, (0, 0, 0, 0))
2018-04-16 21:15:26.643260;(2, (0, 0, 0, 0))
2018-04-16 21:16:25.652524;(11, (0, 0, 0, 0))
2018-04-16 21:16:25.717400;(18, (0, 0, 0, 0))
2018-04-16 21:16:25.756549;(8, (0, 0, 0, 0))
2018-04-16 21:16:25.757144;(26, (0, 0, 0, 0))
2018-04-16 21:16:25.821888;(17, (0, 0, 0, 0))
2018-04-16 21:16:25.824966;(20, (0, 0, 0, 0))
2018-04-16 21:16:25.842508;(5, (0, 0, 0, 0))
2018-04-16 21:16:25.900825;(3, (0, 0, 0, 0))
2018-04-16 21:16:25.919514;(19, (0, 0, 0, 0))
2018-04-16 21:16:25.979606;(22, (0, 0, 0, 0))
2018-04-16 21:16:26.011681;(24, (0, 0, 0, 0))
2018-04-16 21:16:26.065996;(21, (0, 0, 0, 0))
2018-04-16 21:16:26.105684;(12, (0, 0, 0, 0))
2018-04-16 21:16:26.155628;(7, (0, 0, 0, 0))
2018-04-16 21:16:26.173016;(14, (0, 0, 0, 0))
2018-04-16 21:16:26.242181;(4, (0, 0, 0, 0))
2018-04-16 21:16:26.263316;(25, (0, 0, 0, 0))
2018-04-16 21:16:26.340889;(9, (0, 0, 0, 0))
2018-04-16 21:16:26.357044;(6, (0, 0, 0, 0))
2018-04-16 21:16:26.448144;(16, (0, 0, 0, 0))
2018-04-16 21:16:26.459123;(10, (0, 0, 0, 0))
2018-04-16 21:16:26.510427;(1, (0, 0, 0, 0))
2018-04-16 21:16:26.543209;(15, (0, 0, 0, 0))
2018-04-16 21:16:26.589135;(13, (0, 0, 0, 0))
2018-04-16 21:16:26.629853;(23, (0, 0, 0, 0))
2018-04-16 21:16:26.662182;(2, (0, 0, 0, 0))
2018-04-16 21:17:25.669473;(11, (0, 0, 0, 0))
2018-04-16 21:17:25.733580;(18, (0, 0, 0, 0))
2018-04-16 21:17:25.776250;(8, (0, 0, 0, 0))
2018-04-16 21:17:25.776827;(26, (0, 0, 0, 0))
2018-04-16 21:17:25.838827;(17, (0, 0, 0, 0))
2018-04-16 21:17:25.841283;(20, (0, 0, 0, 0))
2018-04-16 21:17:25.858318;(5, (0, 0, 0, 0))
2018-04-16 21:17:25.917332;(3, (0, 0, 0, 0))
2018-04-16 21:17:25.936169;(19, (0, 0, 0, 0))
2018-04-16 21:17:25.996036;(22, (0, 0, 0, 0))
2018-04-16 21:17:26.028586;(24, (0, 0, 0, 0))
2018-04-16 21:17:26.083636;(21, (0, 0, 0, 0))
2018-04-16 21:17:26.122175;(12, (0, 0, 0, 0))
2018-04-16 21:17:26.172386;(7, (0, 0, 0, 0))
2018-04-16 21:17:26.190014;(14, (0, 0, 0, 0))
2018-04-16 21:17:26.258441;(4, (0, 0, 0, 0))
2018-04-16 21:17:26.280176;(25, (0, 0, 0, 0))
2018-04-16 21:17:26.358067;(9, (0, 0, 0, 0))
2018-04-16 21:17:26.374897;(6, (0, 0, 0, 0))
2018-04-16 21:17:26.464831;(16, (0, 0, 0, 0))
2018-04-16 21:17:26.476046;(10, (0, 0, 0, 0))
2018-04-16 21:17:26.527899;(1, (0, 0, 0, 0))
2018-04-16 21:17:26.561176;(15, (0, 0, 0, 0))
2018-04-16 21:17:26.608441;(13, (0, 0, 0, 0))
2018-04-16 21:17:26.646265;(23, (0, 0, 0, 0))
2018-04-16 21:17:26.679099;(2, (0, 0, 0, 0))
2018-04-16 21:18:25.690613;(11, (0, 0, 0, 0))
2018-04-16 21:18:25.750292;(18, (0, 0, 0, 0))
2018-04-16 21:18:25.793247;(26, (0, 0, 0, 0))
2018-04-16 21:18:25.793904;(8, (0, 0, 0, 0))
2018-04-16 21:18:25.856852;(17, (0, 0, 0, 0))
2018-04-16 21:18:25.858028;(20, (0, 0, 0, 0))
2018-04-16 21:18:25.874562;(5, (0, 0, 0, 0))
2018-04-16 21:18:25.933984;(3, (0, 0, 0, 0))
2018-04-16 21:18:25.952856;(19, (0, 0, 0, 0))
2018-04-16 21:18:26.013168;(22, (0, 0, 0, 0))
2018-04-16 21:18:26.046114;(24, (0, 0, 0, 0))
2018-04-16 21:18:26.100543;(21, (0, 0, 0, 0))
2018-04-16 21:18:26.139332;(12, (0, 0, 0, 0))
2018-04-16 21:18:26.189469;(7, (0, 0, 0, 0))
2018-04-16 21:18:26.207352;(14, (0, 0, 0, 0))
2018-04-16 21:18:26.274939;(4, (0, 0, 0, 0))
2018-04-16 21:18:26.296980;(25, (0, 0, 0, 0))
2018-04-16 21:18:26.376175;(9, (0, 0, 0, 0))
2018-04-16 21:18:26.392285;(6, (0, 0, 0, 0))
2018-04-16 21:18:26.482138;(16, (0, 0, 0, 0))
2018-04-16 21:18:26.493264;(10, (0, 0, 0, 0))
2018-04-16 21:18:26.545657;(1, (0, 0, 0, 0))
2018-04-16 21:18:26.579441;(15, (0, 0, 0, 0))
2018-04-16 21:18:26.625072;(13, (0, 0, 0, 0))
2018-04-16 21:18:26.663458;(23, (0, 0, 0, 0))
2018-04-16 21:18:26.695971;(2, (0, 0, 0, 0))
2018-04-16 21:19:26.703548;(11, (30, 5, 35, 0))
2018-04-16 21:19:26.763942;(18, (14, 7, 22, 1))
2018-04-16 21:19:26.808368;(26, (30, 9, 39, 0))
2018-04-16 21:19:26.808888;(8, (30, 6, 36, 0))
2018-04-16 21:19:26.877144;(17, (29, 4, 33, 1))
2018-04-16 21:19:26.880994;(20, (30, 5, 35, 0))
2018-04-16 21:19:26.889375;(5, (30, 9, 39, 0))
2018-04-16 21:19:26.946199;(3, (30, 0, 30, 0))
2018-04-16 21:19:26.967417;(19, (30, 3, 33, 0))
2018-04-16 21:19:27.027905;(22, (30, 2, 32, 0))
2018-04-16 21:19:27.058642;(24, (8, 7, 16, 0))
2018-04-16 21:19:27.113849;(21, (30, 1, 31, 0))
2018-04-16 21:19:27.155032;(12, (30, 9, 39, 0))
2018-04-16 21:19:27.204057;(7, (30, 0, 30, 0))
2018-04-16 21:19:27.221151;(14, (23, 9, 33, 1))
2018-04-16 21:19:27.289201;(4, (17, 10, 28, 1))
2018-04-16 21:19:27.308719;(25, (8, 8, 17, 0))
2018-04-16 21:19:27.390028;(9, (24, 13, 38, 0))
2018-04-16 21:19:27.406123;(6, (30, 0, 30, 0))
2018-04-16 21:19:27.494433;(16, (22, 6, 29, 1))
2018-04-16 21:19:27.507588;(10, (30, 1, 31, 0))
2018-04-16 21:19:27.556947;(1, (0, 0, 0, 0))
2018-04-16 21:19:27.593601;(15, (30, 6, 36, 0))
2018-04-16 21:19:27.641203;(13, (30, 5, 35, 0))
2018-04-16 21:19:27.680166;(23, (30, 2, 32, 0))
2018-04-16 21:19:27.710448;(2, (30, 5, 35, 0))
2018-04-16 21:20:26.717828;(11, (30, 5, 35, 0))
2018-04-16 21:20:26.781273;(18, (29, 14, 43, 1))
2018-04-16 21:20:26.823510;(26, (30, 9, 39, 0))
2018-04-16 21:20:26.824766;(8, (30, 6, 36, 0))
2018-04-16 21:20:26.892392;(17, (29, 4, 33, 1))
2018-04-16 21:20:26.897067;(20, (30, 5, 35, 0))
2018-04-16 21:20:26.904801;(5, (30, 9, 39, 0))
2018-04-16 21:20:26.962176;(3, (30, 0, 30, 0))
2018-04-16 21:20:26.982213;(19, (30, 3, 33, 0))
2018-04-16 21:20:27.042071;(22, (30, 2, 32, 0))
2018-04-16 21:20:27.074993;(24, (29, 16, 45, 1))
2018-04-16 21:20:27.128115;(21, (30, 1, 31, 0))
2018-04-16 21:20:27.169090;(12, (30, 9, 39, 0))
2018-04-16 21:20:27.219374;(7, (30, 0, 30, 0))
2018-04-16 21:20:27.236602;(14, (28, 13, 41, 2))
2018-04-16 21:20:27.305606;(4, (29, 16, 45, 1))
2018-04-16 21:20:27.326338;(25, (29, 17, 46, 1))
2018-04-16 21:20:27.406212;(9, (30, 16, 46, 0))
2018-04-16 21:20:27.421794;(6, (30, 0, 30, 0))
2018-04-16 21:20:27.511049;(16, (29, 7, 36, 1))
2018-04-16 21:20:27.522487;(10, (30, 1, 31, 0))
2018-04-16 21:20:27.571954;(1, (0, 0, 0, 0))
2018-04-16 21:20:27.610862;(15, (30, 6, 36, 0))
2018-04-16 21:20:27.656487;(13, (30, 5, 35, 0))
2018-04-16 21:20:27.696700;(23, (30, 2, 32, 0))
2018-04-16 21:20:27.724791;(2, (30, 5, 35, 0))
2018-04-16 21:21:26.735433;(11, (30, 5, 35, 0))
2018-04-16 21:21:26.797647;(18, (29, 14, 43, 1))
2018-04-16 21:21:26.839000;(26, (30, 9, 39, 0))
2018-04-16 21:21:26.841028;(8, (30, 6, 36, 0))
2018-04-16 21:21:26.908164;(17, (29, 4, 33, 1))
2018-04-16 21:21:26.912096;(20, (30, 5, 35, 0))
2018-04-16 21:21:26.921838;(5, (30, 9, 39, 0))
2018-04-16 21:21:26.980118;(3, (30, 0, 30, 0))
2018-04-16 21:21:26.999032;(19, (30, 3, 33, 0))
2018-04-16 21:21:27.058548;(22, (30, 2, 32, 0))
2018-04-16 21:21:27.091625;(24, (29, 16, 45, 1))
2018-04-16 21:21:27.144655;(21, (30, 1, 31, 0))
2018-04-16 21:21:27.185839;(12, (30, 9, 39, 0))
2018-04-16 21:21:27.235810;(7, (30, 0, 30, 0))
2018-04-16 21:21:27.254346;(14, (28, 13, 41, 2))
2018-04-16 21:21:27.322399;(4, (29, 16, 45, 1))
2018-04-16 21:21:27.343084;(25, (29, 17, 46, 1))
2018-04-16 21:21:27.423054;(9, (30, 16, 46, 0))
2018-04-16 21:21:27.438942;(6, (30, 0, 30, 0))
2018-04-16 21:21:27.527108;(16, (29, 7, 36, 1))
2018-04-16 21:21:27.539049;(10, (30, 1, 31, 0))
2018-04-16 21:21:27.588792;(1, (0, 0, 0, 0))
2018-04-16 21:21:27.629469;(15, (30, 6, 36, 0))
2018-04-16 21:21:27.674166;(13, (30, 5, 35, 0))
2018-04-16 21:21:27.713923;(23, (30, 2, 32, 0))
2018-04-16 21:21:27.740834;(2, (30, 5, 35, 0))
2018-04-16 21:22:26.759548;(11, (30, 5, 35, 0))
2018-04-16 21:22:26.815013;(18, (29, 14, 43, 1))
2018-04-16 21:22:26.856191;(26, (30, 9, 39, 0))
2018-04-16 21:22:26.857393;(8, (30, 6, 36, 0))
2018-04-16 21:22:26.923800;(17, (29, 4, 33, 1))
2018-04-16 21:22:26.927714;(20, (30, 5, 35, 0))
2018-04-16 21:22:26.937576;(5, (30, 9, 39, 0))
2018-04-16 21:22:26.996549;(3, (30, 0, 30, 0))
2018-04-16 21:22:27.016736;(19, (30, 3, 33, 0))
2018-04-16 21:22:27.074859;(22, (30, 2, 32, 0))
2018-04-16 21:22:27.108322;(24, (29, 16, 45, 1))
2018-04-16 21:22:27.161266;(21, (30, 1, 31, 0))
2018-04-16 21:22:27.202608;(12, (30, 9, 39, 0))
2018-04-16 21:22:27.252414;(7, (30, 0, 30, 0))
2018-04-16 21:22:27.271266;(14, (28, 13, 41, 2))
2018-04-16 21:22:27.339491;(4, (29, 16, 45, 1))
2018-04-16 21:22:27.360842;(25, (29, 17, 46, 1))
2018-04-16 21:22:27.440577;(9, (30, 16, 46, 0))
2018-04-16 21:22:27.457157;(6, (30, 0, 30, 0))
2018-04-16 21:22:27.544000;(16, (29, 7, 36, 1))
2018-04-16 21:22:27.556275;(10, (30, 1, 31, 0))
2018-04-16 21:22:27.606229;(1, (0, 0, 0, 0))
2018-04-16 21:22:27.646797;(15, (30, 6, 36, 0))
2018-04-16 21:22:27.692686;(13, (30, 5, 35, 0))
2018-04-16 21:22:27.761347;(2, (30, 5, 35, 0))
2018-04-16 21:23:26.777411;(11, (30, 5, 35, 0))
2018-04-16 21:23:26.832106;(18, (29, 14, 43, 1))
2018-04-16 21:23:26.872451;(26, (30, 9, 39, 0))
2018-04-16 21:23:26.874802;(8, (30, 6, 36, 0))
2018-04-16 21:23:26.941342;(17, (29, 4, 33, 1))
2018-04-16 21:23:26.943993;(20, (30, 5, 35, 0))
2018-04-16 21:23:26.953438;(5, (30, 9, 39, 0))
2018-04-16 21:23:27.013456;(3, (30, 0, 30, 0))
2018-04-16 21:23:27.034312;(19, (30, 3, 33, 0))
2018-04-16 21:23:27.094781;(22, (30, 2, 32, 0))
2018-04-16 21:23:27.125702;(24, (29, 16, 45, 1))
2018-04-16 21:23:27.178305;(21, (30, 1, 31, 0))
2018-04-16 21:23:27.219286;(12, (30, 9, 39, 0))
2018-04-16 21:23:27.269426;(7, (30, 0, 30, 0))
2018-04-16 21:23:27.288628;(14, (28, 13, 41, 2))
2018-04-16 21:23:27.357462;(4, (29, 16, 45, 1))
2018-04-16 21:23:27.378232;(25, (29, 17, 46, 1))
2018-04-16 21:23:27.458205;(9, (30, 16, 46, 0))
2018-04-16 21:23:27.474435;(6, (30, 0, 30, 0))
2018-04-16 21:23:27.560647;(16, (29, 7, 36, 1))
2018-04-16 21:23:27.573315;(10, (30, 1, 31, 0))
2018-04-16 21:23:27.623588;(1, (0, 0, 0, 0))
2018-04-16 21:23:27.663903;(15, (30, 6, 36, 0))
2018-04-16 21:23:27.709775;(13, (30, 5, 35, 0))
2018-04-16 21:23:27.750633;(23, (30, 2, 32, 0))
2018-04-16 21:23:27.780900;(2, (30, 5, 35, 0))
2018-04-16 21:24:26.794278;(11, (30, 5, 35, 0))
2018-04-16 21:24:26.848215;(18, (29, 14, 43, 1))
2018-04-16 21:24:26.888569;(26, (30, 9, 39, 0))
2018-04-16 21:24:26.891412;(8, (30, 6, 36, 0))
2018-04-16 21:24:26.957644;(17, (29, 4, 33, 1))
2018-04-16 21:24:26.960140;(20, (30, 5, 35, 0))
2018-04-16 21:24:26.969465;(5, (30, 9, 39, 0))
2018-04-16 21:24:27.029622;(3, (30, 0, 30, 0))
2018-04-16 21:24:27.050041;(19, (30, 3, 33, 0))
2018-04-16 21:24:27.113330;(22, (30, 2, 32, 0))
2018-04-16 21:24:27.143209;(24, (29, 16, 45, 1))
2018-04-16 21:24:27.194883;(21, (30, 1, 31, 0))
2018-04-16 21:24:27.235506;(12, (30, 9, 39, 0))
2018-04-16 21:24:27.285744;(7, (30, 0, 30, 0))
2018-04-16 21:24:27.305411;(14, (28, 13, 41, 2))
2018-04-16 21:24:27.374183;(4, (29, 16, 45, 1))
2018-04-16 21:24:27.395843;(25, (29, 17, 46, 1))
2018-04-16 21:24:27.475269;(9, (30, 16, 46, 0))
2018-04-16 21:24:27.492309;(6, (30, 0, 30, 0))
2018-04-16 21:24:27.576708;(16, (29, 7, 36, 1))
2018-04-16 21:24:27.590297;(10, (30, 1, 31, 0))
2018-04-16 21:24:27.640499;(1, (0, 0, 0, 0))
2018-04-16 21:24:27.680599;(15, (30, 6, 36, 0))
2018-04-16 21:24:27.726880;(13, (30, 5, 35, 0))
2018-04-16 21:24:27.768193;(23, (30, 2, 32, 0))
2018-04-16 21:24:27.798184;(2, (30, 5, 35, 0))
2018-04-16 21:25:26.812636;(11, (30, 5, 35, 0))
2018-04-16 21:25:26.863918;(18, (29, 14, 43, 1))
2018-04-16 21:25:26.904325;(26, (30, 9, 39, 0))
2018-04-16 21:25:26.906940;(8, (30, 6, 36, 0))
2018-04-16 21:25:26.974442;(17, (29, 4, 33, 1))
2018-04-16 21:25:26.977149;(20, (30, 5, 35, 0))
2018-04-16 21:25:26.985182;(5, (30, 9, 39, 0))
2018-04-16 21:25:27.045986;(3, (30, 0, 30, 0))
2018-04-16 21:25:27.065680;(19, (30, 3, 33, 0))
2018-04-16 21:25:27.130688;(22, (30, 2, 32, 0))
2018-04-16 21:25:27.159628;(24, (29, 16, 45, 1))
2018-04-16 21:25:27.213375;(21, (30, 1, 31, 0))
2018-04-16 21:25:27.252431;(12, (30, 9, 39, 0))
2018-04-16 21:25:27.302076;(7, (30, 0, 30, 0))
2018-04-16 21:25:27.321970;(14, (28, 13, 41, 2))
2018-04-16 21:25:27.391284;(4, (29, 16, 45, 1))
2018-04-16 21:25:27.412961;(25, (29, 17, 46, 1))
2018-04-16 21:25:27.492977;(9, (30, 16, 46, 0))
2018-04-16 21:25:27.509598;(6, (30, 0, 30, 0))
2018-04-16 21:25:27.592788;(16, (29, 7, 36, 1))
2018-04-16 21:25:27.607314;(10, (30, 1, 31, 0))
2018-04-16 21:25:27.657456;(1, (0, 0, 0, 0))
2018-04-16 21:25:27.697338;(15, (30, 6, 36, 0))
2018-04-16 21:25:27.746055;(13, (30, 5, 35, 0))
2018-04-16 21:25:27.787597;(23, (30, 2, 32, 0))
2018-04-16 21:25:27.814624;(2, (30, 5, 35, 0))
2018-04-16 21:26:26.831708;(11, (30, 5, 35, 0))
2018-04-16 21:26:26.880608;(18, (29, 14, 43, 1))
2018-04-16 21:26:26.920316;(26, (30, 9, 39, 0))
2018-04-16 21:26:26.922887;(8, (30, 6, 36, 0))
2018-04-16 21:26:26.990758;(17, (29, 4, 33, 1))
2018-04-16 21:26:26.993257;(20, (30, 5, 35, 0))
2018-04-16 21:26:27.001153;(5, (30, 9, 39, 0))
2018-04-16 21:26:27.062283;(3, (30, 0, 30, 0))
2018-04-16 21:26:27.081883;(19, (30, 3, 33, 0))
2018-04-16 21:26:27.147487;(22, (30, 2, 32, 0))
2018-04-16 21:26:27.177298;(24, (29, 16, 45, 1))
2018-04-16 21:26:27.232606;(21, (30, 1, 31, 0))
2018-04-16 21:26:27.269697;(12, (30, 9, 39, 0))
2018-04-16 21:26:27.320372;(7, (30, 0, 30, 0))
2018-04-16 21:26:27.339091;(14, (28, 13, 41, 2))
2018-04-16 21:26:27.408143;(4, (29, 16, 45, 1))
2018-04-16 21:26:27.430299;(25, (29, 17, 46, 1))
2018-04-16 21:26:27.509889;(9, (30, 16, 46, 0))
2018-04-16 21:26:27.526637;(6, (30, 0, 30, 0))
2018-04-16 21:26:27.609164;(16, (29, 7, 36, 1))
2018-04-16 21:26:27.623994;(10, (30, 1, 31, 0))
2018-04-16 21:26:27.674396;(1, (0, 0, 0, 0))
2018-04-16 21:26:27.714012;(15, (30, 6, 36, 0))
2018-04-16 21:26:27.763362;(13, (30, 5, 35, 0))
2018-04-16 21:26:27.807125;(23, (30, 2, 32, 0))
2018-04-16 21:26:27.834048;(2, (30, 5, 35, 0))
2018-04-16 21:27:26.848385;(11, (30, 5, 35, 0))
2018-04-16 21:27:26.901133;(18, (29, 14, 43, 1))
2018-04-16 21:27:26.935943;(26, (30, 9, 39, 0))
2018-04-16 21:27:26.938276;(8, (30, 6, 36, 0))
2018-04-16 21:27:27.006214;(17, (29, 4, 33, 1))
2018-04-16 21:27:27.008641;(20, (30, 5, 35, 0))
2018-04-16 21:27:27.016686;(5, (30, 9, 39, 0))
2018-04-16 21:27:27.078000;(3, (30, 0, 30, 0))
2018-04-16 21:27:27.097137;(19, (30, 3, 33, 0))
2018-04-16 21:27:27.164229;(22, (30, 2, 32, 0))
2018-04-16 21:27:27.194045;(24, (29, 16, 45, 1))
2018-04-16 21:27:27.249455;(21, (30, 1, 31, 0))
2018-04-16 21:27:27.285762;(12, (30, 9, 39, 0))
2018-04-16 21:27:27.337699;(7, (30, 0, 30, 0))
2018-04-16 21:27:27.355432;(14, (28, 13, 41, 2))
2018-04-16 21:27:27.424863;(4, (29, 16, 45, 1))
2018-04-16 21:27:27.447094;(25, (29, 17, 46, 1))
2018-04-16 21:27:27.527191;(9, (30, 16, 46, 0))
2018-04-16 21:27:27.542538;(6, (30, 0, 30, 0))
2018-04-16 21:27:27.624552;(16, (29, 7, 36, 1))
2018-04-16 21:27:27.639384;(10, (30, 1, 31, 0))
2018-04-16 21:27:27.690511;(1, (0, 0, 0, 0))
2018-04-16 21:27:27.730068;(15, (30, 6, 36, 0))
2018-04-16 21:27:27.779552;(13, (30, 5, 35, 0))
2018-04-16 21:27:27.824668;(23, (30, 2, 32, 0))
2018-04-16 21:27:27.850424;(2, (30, 5, 35, 0))
2018-04-16 21:28:26.865895;(11, (30, 5, 35, 0))
2018-04-16 21:28:26.923531;(18, (29, 14, 43, 1))
2018-04-16 21:28:26.951879;(26, (30, 9, 39, 0))
2018-04-16 21:28:26.954030;(8, (30, 6, 36, 0))
2018-04-16 21:28:27.022823;(17, (29, 4, 33, 1))
2018-04-16 21:28:27.026699;(20, (30, 5, 35, 0))
2018-04-16 21:28:27.033311;(5, (30, 9, 39, 0))
2018-04-16 21:28:27.093897;(3, (30, 0, 30, 0))
2018-04-16 21:28:27.112632;(19, (30, 3, 33, 0))
2018-04-16 21:28:27.181000;(22, (30, 2, 32, 0))
2018-04-16 21:28:27.209356;(24, (29, 16, 45, 1))
2018-04-16 21:28:27.265816;(21, (30, 1, 31, 0))
2018-04-16 21:28:27.301873;(12, (30, 9, 39, 0))
2018-04-16 21:28:27.356216;(7, (30, 0, 30, 0))
2018-04-16 21:28:27.372370;(14, (28, 13, 41, 2))
2018-04-16 21:28:27.441412;(4, (29, 16, 45, 1))
2018-04-16 21:28:27.463698;(25, (29, 17, 46, 1))
2018-04-16 21:28:27.544107;(9, (30, 16, 46, 0))
2018-04-16 21:28:27.559279;(6, (30, 0, 30, 0))
2018-04-16 21:28:27.641259;(16, (29, 7, 36, 1))
2018-04-16 21:28:27.655660;(10, (30, 1, 31, 0))
2018-04-16 21:28:27.707157;(1, (0, 0, 0, 0))
2018-04-16 21:28:27.747448;(15, (30, 6, 36, 0))
2018-04-16 21:28:27.797239;(13, (30, 5, 35, 0))
2018-04-16 21:28:27.841970;(23, (30, 2, 32, 0))
2018-04-16 21:29:26.880836;(11, (60, 9, 69, 0))
2018-04-16 21:29:26.939661;(18, (53, 22, 76, 1))
2018-04-16 21:29:26.965285;(26, (40, 19, 60, 0))
2018-04-16 21:29:26.968047;(8, (60, 6, 66, 0))
2018-04-16 21:29:27.037395;(17, (59, 9, 68, 1))
2018-04-16 21:29:27.040281;(20, (38, 11, 50, 1))
2018-04-16 21:29:27.048805;(5, (60, 16, 76, 0))
2018-04-16 21:29:27.109481;(3, (60, 0, 60, 0))
2018-04-16 21:29:27.127308;(19, (60, 4, 64, 0))
2018-04-16 21:29:27.195942;(22, (60, 5, 65, 0))
2018-04-16 21:29:27.223142;(24, (34, 21, 56, 1))
2018-04-16 21:29:27.281326;(21, (60, 2, 62, 0))
2018-04-16 21:29:27.317767;(12, (60, 9, 69, 0))
2018-04-16 21:29:27.371649;(7, (42, 8, 51, 1))
2018-04-16 21:29:27.387983;(14, (58, 20, 78, 2))
2018-04-16 21:29:27.453136;(4, (34, 23, 58, 2))
2018-04-16 21:29:27.475721;(25, (29, 23, 53, 2))
2018-04-16 21:29:27.556906;(9, (45, 26, 72, 1))
2018-04-16 21:29:27.571074;(6, (60, 0, 60, 0))
2018-04-16 21:29:27.656100;(16, (59, 12, 71, 1))
2018-04-16 21:29:27.670976;(10, (50, 9, 60, 1))
2018-04-16 21:29:27.717067;(1, (0, 0, 0, 0))
2018-04-16 21:29:27.759033;(15, (43, 13, 57, 1))
2018-04-16 21:29:27.812753;(13, (59, 11, 70, 1))
2018-04-16 21:29:27.860059;(23, (60, 7, 67, 0))
2018-04-16 21:29:28.882523;(2, (60, 5, 65, 0))
2018-04-16 21:30:27.874579;(23, (60, 7, 67, 0))
2018-04-16 21:30:27.895818;(11, (60, 9, 69, 0))
2018-04-16 21:30:27.956448;(18, (58, 26, 84, 2))
2018-04-16 21:30:27.983762;(26, (60, 20, 80, 0))
2018-04-16 21:30:27.984459;(8, (60, 6, 66, 0))
2018-04-16 21:30:28.051175;(17, (59, 9, 68, 1))
2018-04-16 21:30:28.055862;(20, (59, 17, 76, 1))
2018-04-16 21:30:28.063632;(5, (60, 16, 76, 0))
2018-04-16 21:30:28.123911;(3, (60, 0, 60, 0))
2018-04-16 21:30:28.140389;(19, (60, 4, 64, 0))
2018-04-16 21:30:28.208985;(22, (60, 5, 65, 0))
2018-04-16 21:30:28.238164;(24, (39, 29, 69, 3))
2018-04-16 21:30:28.296137;(21, (60, 2, 62, 0))
2018-04-16 21:30:28.332690;(12, (60, 9, 69, 0))
2018-04-16 21:30:28.389014;(7, (42, 14, 57, 3))
2018-04-16 21:30:28.403881;(14, (58, 20, 78, 2))
2018-04-16 21:30:28.471088;(4, (57, 28, 85, 3))
2018-04-16 21:30:28.494103;(25, (57, 27, 84, 3))
2018-04-16 21:30:28.573822;(9, (59, 29, 88, 1))
2018-04-16 21:30:28.588579;(6, (60, 0, 60, 0))
2018-04-16 21:30:28.671675;(16, (59, 12, 71, 1))
2018-04-16 21:30:28.687508;(10, (59, 12, 71, 1))
2018-04-16 21:30:28.732843;(1, (0, 0, 0, 0))
2018-04-16 21:30:28.775540;(15, (59, 15, 74, 1))
2018-04-16 21:30:28.829366;(13, (59, 11, 70, 1))
2018-04-16 21:30:28.897898;(2, (60, 5, 65, 0))
2018-04-16 21:31:27.912363;(11, (60, 9, 69, 0))
2018-04-16 21:31:27.975197;(18, (58, 26, 84, 2))
2018-04-16 21:31:28.001040;(8, (60, 6, 66, 0))
2018-04-16 21:31:28.001403;(26, (60, 20, 80, 0))
2018-04-16 21:31:28.067027;(17, (59, 9, 68, 1))
2018-04-16 21:31:28.071784;(20, (59, 17, 76, 1))
2018-04-16 21:31:28.079727;(5, (60, 16, 76, 0))
2018-04-16 21:31:28.140038;(3, (60, 0, 60, 0))
2018-04-16 21:31:28.155917;(19, (60, 4, 64, 0))
2018-04-16 21:31:28.223893;(22, (60, 5, 65, 0))
2018-04-16 21:31:28.256210;(24, (57, 34, 91, 3))
2018-04-16 21:31:28.312316;(21, (60, 2, 62, 0))
2018-04-16 21:31:28.348768;(12, (60, 9, 69, 0))
2018-04-16 21:31:28.407217;(7, (42, 20, 63, 4))
2018-04-16 21:31:28.420144;(14, (58, 20, 78, 2))
2018-04-16 21:31:28.487906;(4, (57, 28, 85, 3))
2018-04-16 21:31:28.510172;(25, (57, 27, 84, 3))
2018-04-16 21:31:28.590380;(9, (59, 29, 88, 1))
2018-04-16 21:31:28.605197;(6, (60, 0, 60, 0))
2018-04-16 21:31:28.688096;(16, (59, 12, 71, 1))
2018-04-16 21:31:28.704038;(10, (59, 12, 71, 1))
2018-04-16 21:31:28.749500;(1, (0, 0, 0, 0))
2018-04-16 21:31:28.792088;(15, (59, 15, 74, 1))
2018-04-16 21:31:28.846424;(13, (59, 11, 70, 1))
2018-04-16 21:31:28.893499;(23, (60, 7, 67, 0))
2018-04-16 21:31:28.916173;(2, (60, 5, 65, 0))
2018-04-16 21:32:27.928657;(11, (60, 9, 69, 0))
2018-04-16 21:32:27.992577;(18, (58, 26, 84, 2))
2018-04-16 21:32:28.017428;(8, (60, 6, 66, 0))
2018-04-16 21:32:28.020118;(26, (60, 20, 80, 0))
2018-04-16 21:32:28.083094;(17, (59, 9, 68, 1))
2018-04-16 21:32:28.087751;(20, (59, 17, 76, 1))
2018-04-16 21:32:28.095588;(5, (60, 16, 76, 0))
2018-04-16 21:32:28.155889;(3, (60, 0, 60, 0))
2018-04-16 21:32:28.171591;(19, (60, 4, 64, 0))
2018-04-16 21:32:28.238789;(22, (60, 5, 65, 0))
2018-04-16 21:32:28.271726;(24, (57, 34, 91, 3))
2018-04-16 21:32:28.328114;(21, (60, 2, 62, 0))
2018-04-16 21:32:28.365103;(12, (60, 9, 69, 0))
2018-04-16 21:32:28.424389;(7, (42, 27, 70, 6))
2018-04-16 21:32:28.436809;(14, (58, 20, 78, 2))
2018-04-16 21:32:28.506339;(4, (57, 28, 85, 3))
2018-04-16 21:32:28.530025;(25, (57, 27, 84, 3))
2018-04-16 21:32:28.606977;(9, (59, 29, 88, 1))
2018-04-16 21:32:28.622122;(6, (60, 0, 60, 0))
2018-04-16 21:32:28.705554;(16, (59, 12, 71, 1))
2018-04-16 21:32:28.721257;(10, (59, 12, 71, 1))
2018-04-16 21:32:28.767716;(1, (0, 0, 0, 0))
2018-04-16 21:32:28.808971;(15, (59, 15, 74, 1))
2018-04-16 21:32:28.863074;(13, (59, 11, 70, 1))
2018-04-16 21:32:28.910320;(23, (60, 7, 67, 0))
2018-04-16 21:32:28.932313;(2, (60, 5, 65, 0))
2018-04-16 21:33:27.946428;(11, (60, 9, 69, 0))
2018-04-16 21:33:28.009999;(18, (58, 26, 84, 2))
2018-04-16 21:33:28.034781;(8, (60, 6, 66, 0))
2018-04-16 21:33:28.037462;(26, (60, 20, 80, 0))
2018-04-16 21:33:28.099180;(17, (59, 9, 68, 1))
2018-04-16 21:33:28.103868;(20, (59, 17, 76, 1))
2018-04-16 21:33:28.112014;(5, (60, 16, 76, 0))
2018-04-16 21:33:28.172157;(3, (60, 0, 60, 0))
2018-04-16 21:33:28.187639;(19, (60, 4, 64, 0))
2018-04-16 21:33:28.253997;(22, (60, 5, 65, 0))
2018-04-16 21:33:28.286782;(24, (57, 34, 91, 3))
2018-04-16 21:33:28.345174;(21, (60, 2, 62, 0))
2018-04-16 21:33:28.382027;(12, (60, 9, 69, 0))
2018-04-16 21:33:28.442710;(7, (53, 29, 82, 7))
2018-04-16 21:33:28.454265;(14, (58, 20, 78, 2))
2018-04-16 21:33:28.523640;(4, (57, 28, 85, 3))
2018-04-16 21:33:28.546892;(25, (57, 27, 84, 3))
2018-04-16 21:33:28.623509;(9, (59, 29, 88, 1))
2018-04-16 21:33:28.638873;(6, (60, 0, 60, 0))
2018-04-16 21:33:28.722403;(16, (59, 12, 71, 1))
2018-04-16 21:33:28.740939;(10, (59, 12, 71, 1))
2018-04-16 21:33:28.784891;(1, (0, 0, 0, 0))
2018-04-16 21:33:28.827273;(15, (59, 15, 74, 1))
2018-04-16 21:33:28.880800;(13, (59, 11, 70, 1))
2018-04-16 21:33:28.927267;(23, (60, 7, 67, 0))
2018-04-16 21:33:28.949904;(2, (60, 5, 65, 0))
2018-04-16 21:34:27.963059;(11, (60, 9, 69, 0))
2018-04-16 21:34:28.026702;(18, (58, 26, 84, 2))
2018-04-16 21:34:28.052656;(8, (60, 6, 66, 0))
2018-04-16 21:34:28.055545;(26, (60, 20, 80, 0))
2018-04-16 21:34:28.116886;(17, (59, 9, 68, 1))
2018-04-16 21:34:28.120704;(20, (59, 17, 76, 1))
2018-04-16 21:34:28.130444;(5, (60, 16, 76, 0))
2018-04-16 21:34:28.189350;(3, (60, 0, 60, 0))
2018-04-16 21:34:28.204774;(19, (60, 4, 64, 0))
2018-04-16 21:34:28.269977;(22, (60, 5, 65, 0))
2018-04-16 21:34:28.303083;(24, (57, 34, 91, 3))
2018-04-16 21:34:28.361735;(21, (60, 2, 62, 0))
2018-04-16 21:34:28.399491;(12, (60, 9, 69, 0))
2018-04-16 21:34:28.459737;(7, (53, 29, 82, 7))
2018-04-16 21:34:28.471686;(14, (58, 20, 78, 2))
2018-04-16 21:34:28.541149;(4, (57, 28, 85, 3))
2018-04-16 21:34:28.563992;(25, (57, 27, 84, 3))
2018-04-16 21:34:28.641203;(9, (59, 29, 88, 1))
2018-04-16 21:34:28.656404;(6, (60, 0, 60, 0))
2018-04-16 21:34:28.740349;(16, (59, 12, 71, 1))
2018-04-16 21:34:28.758250;(10, (59, 12, 71, 1))
2018-04-16 21:34:28.802531;(1, (0, 0, 0, 0))
2018-04-16 21:34:28.845390;(15, (59, 15, 74, 1))
2018-04-16 21:34:28.897762;(13, (59, 11, 70, 1))
2018-04-16 21:34:28.944828;(23, (60, 7, 67, 0))
2018-04-16 21:34:28.968518;(2, (60, 5, 65, 0))
2018-04-16 21:35:27.979789;(11, (60, 9, 69, 0))
2018-04-16 21:35:28.044724;(18, (58, 26, 84, 2))
2018-04-16 21:35:28.070662;(8, (60, 6, 66, 0))
2018-04-16 21:35:28.074374;(26, (60, 20, 80, 0))
2018-04-16 21:35:28.132820;(17, (59, 9, 68, 1))
2018-04-16 21:35:28.137212;(20, (59, 17, 76, 1))
2018-04-16 21:35:28.147414;(5, (60, 16, 76, 0))
2018-04-16 21:35:28.206714;(3, (60, 0, 60, 0))
2018-04-16 21:35:28.221874;(19, (60, 4, 64, 0))
2018-04-16 21:35:28.285596;(22, (60, 5, 65, 0))
2018-04-16 21:35:28.319028;(24, (57, 34, 91, 3))
2018-04-16 21:35:28.378762;(21, (60, 2, 62, 0))
2018-04-16 21:35:28.415922;(12, (60, 9, 69, 0))
2018-04-16 21:35:28.476365;(7, (53, 29, 82, 7))
2018-04-16 21:35:28.488624;(14, (58, 20, 78, 2))
2018-04-16 21:35:28.558368;(4, (57, 28, 85, 3))
2018-04-16 21:35:28.580583;(25, (57, 27, 84, 3))
2018-04-16 21:35:28.658621;(9, (59, 29, 88, 1))
2018-04-16 21:35:28.673087;(6, (60, 0, 60, 0))
2018-04-16 21:35:28.756586;(16, (59, 12, 71, 1))
2018-04-16 21:35:28.774727;(10, (59, 12, 71, 1))
2018-04-16 21:35:28.820518;(1, (0, 0, 0, 0))
2018-04-16 21:35:28.861483;(15, (59, 15, 74, 1))
2018-04-16 21:35:28.914315;(13, (59, 11, 70, 1))
2018-04-16 21:35:28.961604;(23, (60, 7, 67, 0))
2018-04-16 21:35:28.986306;(2, (60, 5, 65, 0))
2018-04-16 21:36:27.996388;(11, (60, 9, 69, 0))
2018-04-16 21:36:28.061474;(18, (58, 26, 84, 2))
2018-04-16 21:36:28.087548;(8, (60, 6, 66, 0))
2018-04-16 21:36:28.091703;(26, (60, 20, 80, 0))
2018-04-16 21:36:28.148379;(17, (59, 9, 68, 1))
2018-04-16 21:36:28.155275;(20, (59, 17, 76, 1))
2018-04-16 21:36:28.164059;(5, (60, 16, 76, 0))
2018-04-16 21:36:28.224927;(3, (60, 0, 60, 0))
2018-04-16 21:36:28.238999;(19, (60, 4, 64, 0))
2018-04-16 21:36:28.301562;(22, (60, 5, 65, 0))
2018-04-16 21:36:28.335460;(24, (57, 34, 91, 3))
2018-04-16 21:36:28.394569;(21, (60, 2, 62, 0))
2018-04-16 21:36:28.432672;(12, (60, 9, 69, 0))
2018-04-16 21:36:28.493664;(7, (53, 29, 82, 7))
2018-04-16 21:36:28.506177;(14, (58, 20, 78, 2))
2018-04-16 21:36:28.575524;(4, (57, 28, 85, 3))
2018-04-16 21:36:28.597927;(25, (57, 27, 84, 3))
2018-04-16 21:36:28.675312;(9, (59, 29, 88, 1))
2018-04-16 21:36:28.691324;(6, (60, 0, 60, 0))
2018-04-16 21:36:28.774137;(16, (59, 12, 71, 1))
2018-04-16 21:36:28.791218;(10, (59, 12, 71, 1))
2018-04-16 21:36:28.838299;(1, (0, 0, 0, 0))
2018-04-16 21:36:28.878038;(15, (59, 15, 74, 1))
2018-04-16 21:36:28.932321;(13, (59, 11, 70, 1))
2018-04-16 21:36:28.978553;(23, (60, 7, 67, 0))
2018-04-16 21:36:29.002829;(2, (60, 5, 65, 0))
2018-04-16 21:37:28.013370;(11, (60, 9, 69, 0))
2018-04-16 21:37:28.078343;(18, (58, 26, 84, 2))
2018-04-16 21:37:28.104741;(8, (60, 6, 66, 0))
2018-04-16 21:37:28.109749;(26, (60, 20, 80, 0))
2018-04-16 21:37:28.164395;(17, (59, 9, 68, 1))
2018-04-16 21:37:28.171328;(20, (59, 17, 76, 1))
2018-04-16 21:37:28.181380;(5, (60, 16, 76, 0))
2018-04-16 21:37:28.242043;(3, (60, 0, 60, 0))
2018-04-16 21:37:28.257220;(19, (60, 4, 64, 0))
2018-04-16 21:37:28.317793;(22, (60, 5, 65, 0))
2018-04-16 21:37:28.352569;(24, (57, 34, 91, 3))
2018-04-16 21:37:28.410135;(21, (60, 2, 62, 0))
2018-04-16 21:37:28.448553;(12, (60, 9, 69, 0))
2018-04-16 21:37:28.510957;(7, (53, 29, 82, 7))
2018-04-16 21:37:28.523345;(14, (58, 20, 78, 2))
2018-04-16 21:37:28.592640;(4, (57, 28, 85, 3))
2018-04-16 21:37:28.615000;(25, (57, 27, 84, 3))
2018-04-16 21:37:28.692837;(9, (59, 29, 88, 1))
2018-04-16 21:37:28.708448;(6, (60, 0, 60, 0))
2018-04-16 21:37:28.791678;(16, (59, 12, 71, 1))
2018-04-16 21:37:28.810165;(10, (59, 12, 71, 1))
2018-04-16 21:37:28.855630;(1, (0, 0, 0, 0))
2018-04-16 21:37:28.894810;(15, (59, 15, 74, 1))
2018-04-16 21:37:28.949692;(13, (59, 11, 70, 1))
2018-04-16 21:37:28.995780;(23, (60, 7, 67, 0))
2018-04-16 21:37:29.019909;(2, (60, 5, 65, 0))
2018-04-16 21:38:28.029983;(11, (60, 9, 69, 0))
2018-04-16 21:38:28.095555;(18, (58, 26, 84, 2))
2018-04-16 21:38:28.121704;(8, (60, 6, 66, 0))
2018-04-16 21:38:28.126916;(26, (60, 20, 80, 0))
2018-04-16 21:38:28.179520;(17, (59, 9, 68, 1))
2018-04-16 21:38:28.187335;(20, (59, 17, 76, 1))
2018-04-16 21:38:28.198972;(5, (60, 16, 76, 0))
2018-04-16 21:38:28.259140;(3, (60, 0, 60, 0))
2018-04-16 21:38:28.273928;(19, (60, 4, 64, 0))
2018-04-16 21:38:28.333700;(22, (60, 5, 65, 0))
2018-04-16 21:38:28.369189;(24, (57, 34, 91, 3))
2018-04-16 21:38:28.425262;(21, (60, 2, 62, 0))
2018-04-16 21:38:28.463784;(12, (60, 9, 69, 0))
2018-04-16 21:38:28.527551;(7, (53, 29, 82, 7))
2018-04-16 21:38:28.539929;(14, (58, 20, 78, 2))
2018-04-16 21:38:28.609144;(4, (57, 28, 85, 3))
2018-04-16 21:38:28.632170;(25, (57, 27, 84, 3))
2018-04-16 21:38:28.708966;(9, (59, 29, 88, 1))
2018-04-16 21:38:28.724946;(6, (60, 0, 60, 0))
2018-04-16 21:38:28.809151;(16, (59, 12, 71, 1))
2018-04-16 21:38:28.828204;(10, (59, 12, 71, 1))
2018-04-16 21:38:28.872393;(1, (0, 0, 0, 0))
2018-04-16 21:38:28.910496;(15, (59, 15, 74, 1))
2018-04-16 21:38:28.965999;(13, (59, 11, 70, 1))
2018-04-16 21:38:29.012102;(23, (60, 7, 67, 0))
2018-04-16 21:38:29.037575;(2, (66, 5, 72, 0))
2018-04-16 21:39:28.042614;(11, (60, 16, 77, 1))
2018-04-16 21:39:28.107871;(18, (58, 32, 91, 3))
2018-04-16 21:39:28.137274;(8, (80, 14, 95, 1))
2018-04-16 21:39:28.142673;(26, (90, 25, 115, 0))
2018-04-16 21:39:28.198227;(17, (89, 12, 101, 1))
2018-04-16 21:39:28.204368;(20, (89, 26, 115, 1))
2018-04-16 21:39:28.211856;(5, (60, 22, 83, 1))
2018-04-16 21:39:28.273328;(3, (90, 0, 90, 0))
2018-04-16 21:39:28.285564;(19, (60, 9, 70, 1))
2018-04-16 21:39:28.350069;(22, (90, 8, 98, 0))
2018-04-16 21:39:28.440815;(21, (90, 2, 92, 0))
2018-04-16 21:39:28.475307;(12, (60, 15, 76, 1))
2018-04-16 21:39:28.540411;(7, (53, 35, 89, 8))
2018-04-16 21:39:28.553094;(14, (58, 26, 85, 3))
2018-04-16 21:39:28.622089;(4, (67, 34, 102, 4))
2018-04-16 21:39:28.644809;(25, (57, 33, 91, 4))
2018-04-16 21:39:28.721472;(9, (59, 36, 96, 2))
2018-04-16 21:39:28.740230;(6, (90, 1, 91, 0))
2018-04-16 21:39:28.822571;(16, (71, 20, 92, 2))
2018-04-16 21:39:28.843754;(10, (64, 21, 86, 1))
2018-04-16 21:39:28.891600;(1, (0, 0, 0, 0))
2018-04-16 21:39:28.924181;(15, (88, 20, 108, 2))
2018-04-16 21:39:28.980947;(13, (77, 19, 97, 2))
2018-04-16 21:39:29.026946;(23, (90, 10, 100, 0))
2018-04-16 21:39:29.052461;(2, (90, 12, 102, 0))
2018-04-16 21:40:28.055680;(11, (60, 23, 84, 3))
2018-04-16 21:40:28.127015;(18, (87, 35, 122, 3))
2018-04-16 21:40:28.154661;(8, (80, 19, 100, 2))
2018-04-16 21:40:28.159780;(26, (90, 25, 115, 0))
2018-04-16 21:40:28.214150;(17, (89, 12, 101, 1))
2018-04-16 21:40:28.221673;(20, (89, 26, 115, 1))
2018-04-16 21:40:28.230867;(5, (89, 26, 115, 1))
2018-04-16 21:40:28.287486;(3, (90, 0, 90, 0))
2018-04-16 21:40:28.298772;(19, (60, 16, 77, 3))
2018-04-16 21:40:28.362886;(22, (90, 8, 98, 0))
2018-04-16 21:40:28.398243;(24, (86, 44, 130, 4))
2018-04-16 21:40:28.452890;(21, (90, 2, 92, 0))
2018-04-16 21:40:28.488341;(12, (60, 21, 82, 3))
2018-04-16 21:40:28.553211;(7, (53, 43, 97, 10))
2018-04-16 21:40:28.570151;(14, (86, 29, 115, 4))
2018-04-16 21:40:28.635272;(4, (68, 41, 110, 5))
2018-04-16 21:40:28.662308;(25, (86, 39, 125, 4))
2018-04-16 21:40:28.738211;(9, (87, 39, 126, 3))
2018-04-16 21:40:28.754460;(6, (90, 1, 91, 0))
2018-04-16 21:40:28.840285;(16, (88, 22, 110, 2))
2018-04-16 21:40:28.859680;(10, (83, 29, 113, 2))
2018-04-16 21:40:28.904676;(1, (0, 0, 0, 0))
2018-04-16 21:40:28.938829;(15, (88, 20, 108, 2))
2018-04-16 21:40:28.995623;(13, (88, 23, 111, 2))
2018-04-16 21:40:29.040528;(23, (90, 10, 100, 0))
2018-04-16 21:40:29.064932;(2, (90, 12, 102, 0))
2018-04-16 21:41:28.071168;(11, (60, 28, 89, 4))
2018-04-16 21:41:28.142414;(18, (87, 35, 122, 3))
2018-04-16 21:41:28.177180;(26, (90, 25, 115, 0))
2018-04-16 21:41:28.414465;(24, (86, 44, 130, 4))
2018-04-16 21:41:28.503965;(12, (60, 27, 88, 4))
2018-04-16 21:41:28.570711;(7, (53, 50, 104, 12))
2018-04-16 21:41:28.585213;(14, (86, 29, 115, 4))
2018-04-16 21:41:28.857852;(16, (88, 22, 110, 2))
2018-04-16 21:41:28.876206;(10, (87, 30, 117, 3))
2018-04-16 21:41:28.954875;(15, (88, 20, 108, 2))
2018-04-16 21:41:29.056556;(23, (90, 10, 100, 0))
2018-04-16 21:41:29.171904;(8, (80, 26, 107, 4))
2018-04-16 21:41:29.230673;(17, (89, 12, 101, 1))
2018-04-16 21:41:29.237217;(20, (89, 26, 115, 1))
2018-04-16 21:41:29.250418;(5, (89, 26, 115, 1))
2018-04-16 21:41:29.302659;(3, (90, 0, 90, 0))
2018-04-16 21:41:29.315502;(19, (60, 23, 84, 4))
2018-04-16 21:41:29.379734;(22, (90, 8, 98, 0))
2018-04-16 21:41:29.468008;(21, (90, 2, 92, 0))
2018-04-16 21:41:29.653042;(4, (84, 44, 128, 6))
2018-04-16 21:41:29.679380;(25, (86, 39, 125, 4))
2018-04-16 21:41:29.754119;(9, (87, 39, 126, 3))
2018-04-16 21:41:29.771344;(6, (90, 1, 91, 0))
2018-04-16 21:41:29.920786;(1, (0, 0, 0, 0))
2018-04-16 21:41:30.013215;(13, (88, 23, 111, 2))
2018-04-16 21:41:30.081491;(2, (90, 12, 102, 0))
2018-04-16 21:42:29.088213;(11, (60, 35, 96, 6))
2018-04-16 21:42:29.158670;(18, (87, 35, 122, 3))
2018-04-16 21:42:29.188561;(8, (80, 34, 115, 6))
2018-04-16 21:42:29.196086;(26, (90, 25, 115, 0))
2018-04-16 21:42:29.247936;(17, (89, 12, 101, 1))
2018-04-16 21:42:29.252831;(20, (89, 26, 115, 1))
2018-04-16 21:42:29.267240;(5, (89, 26, 115, 1))
2018-04-16 21:42:29.319687;(3, (90, 0, 90, 0))
2018-04-16 21:42:29.332505;(19, (60, 30, 91, 6))
2018-04-16 21:42:29.396555;(22, (90, 8, 98, 0))
2018-04-16 21:42:29.430289;(24, (86, 44, 130, 4))
2018-04-16 21:42:29.482984;(21, (90, 2, 92, 0))
2018-04-16 21:42:29.519156;(12, (60, 32, 93, 5))
2018-04-16 21:42:29.586457;(7, (53, 56, 110, 13))
2018-04-16 21:42:29.600904;(14, (86, 29, 115, 4))
2018-04-16 21:42:29.668818;(4, (84, 44, 128, 6))
2018-04-16 21:42:29.695456;(25, (86, 39, 125, 4))
2018-04-16 21:42:29.771252;(9, (87, 39, 126, 3))
2018-04-16 21:42:29.787496;(6, (90, 1, 91, 0))
2018-04-16 21:42:29.875140;(16, (88, 22, 110, 2))
2018-04-16 21:42:29.893342;(10, (87, 30, 117, 3))
2018-04-16 21:42:29.937645;(1, (0, 0, 0, 0))
2018-04-16 21:42:29.971946;(15, (88, 20, 108, 2))
2018-04-16 21:42:30.029242;(13, (88, 23, 111, 2))
2018-04-16 21:42:30.073746;(23, (90, 10, 100, 0))
2018-04-16 21:42:30.098161;(2, (90, 12, 102, 0))
2018-04-16 21:43:29.104288;(11, (60, 40, 101, 7))
2018-04-16 21:43:29.174016;(18, (87, 35, 122, 3))
2018-04-16 21:43:29.207886;(8, (80, 39, 120, 7))
2018-04-16 21:43:29.213885;(26, (90, 25, 115, 0))
2018-04-16 21:43:29.265365;(17, (89, 12, 101, 1))
2018-04-16 21:43:29.269293;(20, (89, 26, 115, 1))
2018-04-16 21:43:29.283987;(5, (89, 26, 115, 1))
2018-04-16 21:43:29.335731;(3, (90, 0, 90, 0))
2018-04-16 21:43:29.348604;(19, (60, 35, 96, 7))
2018-04-16 21:43:29.414479;(22, (90, 8, 98, 0))
2018-04-16 21:43:29.446203;(24, (86, 44, 130, 4))
2018-04-16 21:43:29.497905;(21, (90, 2, 92, 0))
2018-04-16 21:43:29.535035;(12, (60, 40, 101, 7))
2018-04-16 21:43:29.601638;(7, (53, 63, 117, 15))
2018-04-16 21:43:29.615664;(14, (86, 29, 115, 4))
2018-04-16 21:43:29.684265;(4, (84, 44, 128, 6))
2018-04-16 21:43:29.712125;(25, (86, 39, 125, 4))
2018-04-16 21:43:29.787254;(9, (87, 39, 126, 3))
2018-04-16 21:43:29.803152;(6, (90, 1, 91, 0))
2018-04-16 21:43:29.891286;(16, (88, 22, 110, 2))
2018-04-16 21:43:29.909999;(10, (87, 30, 117, 3))
2018-04-16 21:43:29.954309;(1, (0, 0, 0, 0))
2018-04-16 21:43:29.988567;(15, (88, 20, 108, 2))
2018-04-16 21:43:30.045829;(13, (88, 23, 111, 2))
2018-04-16 21:43:30.091501;(23, (90, 10, 100, 0))
2018-04-16 21:43:30.114012;(2, (90, 12, 102, 0))
2018-04-16 21:44:29.124546;(11, (60, 47, 108, 9))
2018-04-16 21:44:29.189630;(18, (87, 35, 122, 3))
2018-04-16 21:44:29.224384;(8, (80, 47, 128, 9))
2018-04-16 21:44:29.232148;(26, (90, 25, 115, 0))
2018-04-16 21:44:29.281562;(17, (89, 12, 101, 1))
2018-04-16 21:44:29.285182;(20, (89, 26, 115, 1))
2018-04-16 21:44:29.300711;(5, (89, 26, 115, 1))
2018-04-16 21:44:29.350877;(3, (90, 0, 90, 0))
2018-04-16 21:44:29.365387;(19, (60, 42, 103, 9))
2018-04-16 21:44:29.430291;(22, (90, 8, 98, 0))
2018-04-16 21:44:29.462850;(24, (86, 44, 130, 4))
2018-04-16 21:44:29.513197;(21, (90, 2, 92, 0))
2018-04-16 21:44:29.551206;(12, (60, 47, 108, 9))
2018-04-16 21:44:29.616869;(7, (53, 68, 122, 16))
2018-04-16 21:44:29.630541;(14, (86, 29, 115, 4))
2018-04-16 21:44:29.699779;(4, (84, 44, 128, 6))
2018-04-16 21:44:29.727656;(25, (86, 39, 125, 4))
2018-04-16 21:44:29.802854;(9, (87, 39, 126, 3))
2018-04-16 21:44:29.818383;(6, (90, 1, 91, 0))
2018-04-16 21:44:29.907444;(16, (88, 22, 110, 2))
2018-04-16 21:44:29.925964;(10, (87, 30, 117, 3))
2018-04-16 21:44:29.970373;(1, (0, 0, 0, 0))
2018-04-16 21:44:30.004956;(15, (88, 20, 108, 2))
2018-04-16 21:44:30.062308;(13, (88, 23, 111, 2))
2018-04-16 21:44:30.109847;(23, (90, 10, 100, 0))
2018-04-16 21:44:30.130516;(2, (90, 12, 102, 0))
2018-04-16 21:45:29.141666;(11, (60, 54, 115, 11))
2018-04-16 21:45:29.205998;(18, (87, 35, 122, 3))
2018-04-16 21:45:29.241408;(8, (80, 48, 128, 10))
2018-04-16 21:45:29.249699;(26, (90, 25, 115, 0))
2018-04-16 21:45:29.299039;(17, (89, 12, 101, 1))
2018-04-16 21:45:29.302112;(20, (89, 26, 115, 1))
2018-04-16 21:45:29.318942;(5, (89, 26, 115, 1))
2018-04-16 21:45:29.372155;(3, (90, 0, 90, 0))
2018-04-16 21:45:29.383697;(19, (60, 47, 108, 10))
2018-04-16 21:45:29.446827;(22, (90, 8, 98, 0))
2018-04-16 21:45:29.480604;(24, (86, 44, 130, 4))
2018-04-16 21:45:29.529832;(21, (90, 2, 92, 0))
2018-04-16 21:45:29.566843;(12, (60, 52, 113, 10))
2018-04-16 21:45:29.632865;(7, (53, 75, 129, 18))
2018-04-16 21:45:29.646300;(14, (86, 29, 115, 4))
2018-04-16 21:45:29.716160;(4, (84, 44, 128, 6))
2018-04-16 21:45:29.744203;(25, (86, 39, 125, 4))
2018-04-16 21:45:29.819443;(9, (87, 39, 126, 3))
2018-04-16 21:45:29.834532;(6, (90, 1, 91, 0))
2018-04-16 21:45:29.924183;(16, (88, 22, 110, 2))
2018-04-16 21:45:29.942700;(10, (87, 30, 117, 3))
2018-04-16 21:45:29.987076;(1, (0, 0, 0, 0))
2018-04-16 21:45:30.021834;(15, (88, 20, 108, 2))
2018-04-16 21:45:30.079780;(13, (88, 23, 111, 2))
2018-04-16 21:45:30.126592;(23, (90, 10, 100, 0))
2018-04-16 21:45:30.147344;(2, (90, 12, 102, 0))
2018-04-16 21:46:29.159472;(11, (60, 60, 121, 12))
2018-04-16 21:46:29.222889;(18, (87, 35, 122, 3))
2018-04-16 21:46:29.258508;(8, (80, 48, 128, 10))
2018-04-16 21:46:29.267456;(26, (90, 25, 115, 0))
2018-04-16 21:46:29.316378;(17, (89, 12, 101, 1))
2018-04-16 21:46:29.319555;(20, (89, 26, 115, 1))
2018-04-16 21:46:29.337474;(5, (89, 26, 115, 1))
2018-04-16 21:46:29.390106;(3, (90, 0, 90, 0))
2018-04-16 21:46:29.405664;(19, (60, 55, 116, 12))
2018-04-16 21:46:29.464288;(22, (90, 8, 98, 0))
2018-04-16 21:46:29.497359;(24, (86, 44, 130, 4))
2018-04-16 21:46:29.546040;(21, (90, 2, 92, 0))
2018-04-16 21:46:29.582519;(12, (60, 59, 120, 12))
2018-04-16 21:46:29.648478;(7, (53, 80, 134, 19))
2018-04-16 21:46:29.662057;(14, (86, 29, 115, 4))
2018-04-16 21:46:29.732872;(4, (84, 44, 128, 6))
2018-04-16 21:46:29.761022;(25, (86, 39, 125, 4))
2018-04-16 21:46:29.841376;(9, (87, 39, 126, 3))
2018-04-16 21:46:29.851428;(6, (90, 1, 91, 0))
2018-04-16 21:46:29.941276;(16, (88, 22, 110, 2))
2018-04-16 21:46:29.960350;(10, (87, 30, 117, 3))
2018-04-16 21:46:30.005206;(1, (0, 0, 0, 0))
2018-04-16 21:46:30.039948;(15, (88, 20, 108, 2))
2018-04-16 21:46:30.097492;(13, (88, 23, 111, 2))
2018-04-16 21:46:30.146511;(23, (90, 10, 100, 0))
2018-04-16 21:46:30.164530;(2, (90, 12, 102, 0))
2018-04-16 21:47:29.177034;(11, (60, 65, 126, 14))
2018-04-16 21:47:29.239692;(18, (87, 35, 122, 3))
2018-04-16 21:47:29.275439;(8, (80, 48, 128, 10))
2018-04-16 21:47:29.285630;(26, (90, 25, 115, 0))
2018-04-16 21:47:29.333586;(17, (89, 12, 101, 1))
2018-04-16 21:47:29.337994;(20, (89, 26, 115, 1))
2018-04-16 21:47:29.356019;(5, (89, 26, 115, 1))
2018-04-16 21:47:29.407765;(3, (90, 0, 90, 0))
2018-04-16 21:47:29.425755;(19, (60, 61, 122, 14))
2018-04-16 21:47:29.481699;(22, (90, 8, 98, 0))
2018-04-16 21:47:29.513819;(24, (86, 44, 130, 4))
2018-04-16 21:47:29.562150;(21, (90, 2, 92, 0))
2018-04-16 21:47:29.598323;(12, (60, 64, 125, 13))
2018-04-16 21:47:29.664366;(7, (53, 87, 141, 21))
2018-04-16 21:47:29.677874;(14, (86, 29, 115, 4))
2018-04-16 21:47:29.749595;(4, (84, 44, 128, 6))
2018-04-16 21:47:29.778812;(25, (86, 39, 125, 4))
2018-04-16 21:47:29.859267;(9, (87, 39, 126, 3))
2018-04-16 21:47:29.867946;(6, (90, 1, 91, 0))
2018-04-16 21:47:29.958385;(16, (88, 22, 110, 2))
2018-04-16 21:47:29.977637;(10, (87, 30, 117, 3))
2018-04-16 21:47:30.024032;(1, (0, 0, 0, 0))
2018-04-16 21:47:30.057109;(15, (88, 20, 108, 2))
2018-04-16 21:47:30.114686;(13, (88, 23, 111, 2))
2018-04-16 21:47:30.163833;(23, (90, 10, 100, 0))
2018-04-16 21:47:30.182043;(2, (90, 12, 102, 0))
2018-04-16 21:48:29.194612;(11, (60, 72, 133, 15))
2018-04-16 21:48:29.256734;(18, (87, 35, 122, 3))
2018-04-16 21:48:29.292516;(8, (80, 48, 128, 10))
2018-04-16 21:48:29.303094;(26, (90, 25, 115, 0))
2018-04-16 21:48:29.354420;(17, (89, 12, 101, 1))
2018-04-16 21:48:29.356768;(20, (89, 26, 115, 1))
2018-04-16 21:48:29.374432;(5, (89, 26, 115, 1))
2018-04-16 21:48:29.425843;(3, (91, 0, 92, 0))
2018-04-16 21:48:29.444602;(19, (60, 67, 128, 15))
2018-04-16 21:48:29.499054;(22, (90, 8, 98, 0))
2018-04-16 21:48:29.530437;(24, (86, 44, 130, 4))
2018-04-16 21:48:29.579079;(21, (90, 2, 92, 0))
2018-04-16 21:48:29.613990;(12, (60, 72, 133, 15))
2018-04-16 21:48:29.680472;(7, (53, 93, 147, 23))
2018-04-16 21:48:29.693671;(14, (86, 29, 115, 4))
2018-04-16 21:48:29.766405;(4, (84, 44, 129, 6))
2018-04-16 21:48:29.795611;(25, (86, 39, 125, 4))
2018-04-16 21:48:29.875366;(9, (87, 39, 126, 3))
2018-04-16 21:48:29.884179;(6, (90, 1, 91, 0))
2018-04-16 21:48:29.975385;(16, (88, 22, 110, 2))
2018-04-16 21:48:29.994843;(10, (87, 30, 117, 3))
2018-04-16 21:48:30.040992;(1, (0, 0, 0, 0))
2018-04-16 21:48:30.074393;(15, (88, 20, 108, 2))
2018-04-16 21:48:30.131747;(13, (88, 23, 111, 2))
2018-04-16 21:48:30.181085;(23, (90, 10, 100, 0))
2018-04-16 21:48:30.199489;(2, (91, 13, 105, 0))
2018-04-16 21:49:29.206911;(11, (73, 78, 151, 17))
2018-04-16 21:49:29.269345;(18, (100, 44, 145, 3))
2018-04-16 21:49:29.306865;(8, (109, 53, 162, 11))
2018-04-16 21:49:29.319523;(26, (102, 30, 133, 1))
2018-04-16 21:49:29.370453;(17, (119, 14, 133, 1))
2018-04-16 21:49:29.378785;(20, (99, 33, 133, 1))
2018-04-16 21:49:29.391466;(5, (119, 32, 151, 1))
2018-04-16 21:49:29.440492;(3, (120, 2, 122, 0))
2018-04-16 21:49:29.457266;(19, (73, 75, 148, 17))
2018-04-16 21:49:29.514339;(22, (120, 8, 128, 0))
2018-04-16 21:49:29.547740;(24, (93, 52, 146, 5))
2018-04-16 21:49:29.592015;(21, (120, 2, 122, 0))
2018-04-16 21:49:29.626481;(12, (74, 74, 148, 16))
2018-04-16 21:49:29.692292;(7, (66, 97, 163, 24))
2018-04-16 21:49:29.704596;(14, (86, 36, 123, 5))
2018-04-16 21:49:29.780715;(4, (113, 52, 165, 7))
2018-04-16 21:49:29.807423;(25, (106, 47, 154, 5))
2018-04-16 21:49:29.890448;(9, (116, 47, 163, 4))
2018-04-16 21:49:29.896803;(6, (120, 4, 124, 0))
2018-04-16 21:49:29.990003;(16, (118, 22, 140, 2))
2018-04-16 21:49:30.010534;(10, (116, 37, 153, 4))
2018-04-16 21:49:30.052178;(1, (0, 0, 0, 0))
2018-04-16 21:49:30.089444;(15, (118, 27, 145, 2))
2018-04-16 21:49:30.146109;(13, (118, 26, 144, 2))
2018-04-16 21:49:30.194341;(23, (120, 15, 135, 0))
2018-04-16 21:49:30.214021;(2, (103, 22, 126, 1))
2018-04-16 21:50:29.222637;(11, (73, 78, 151, 17))
2018-04-16 21:50:29.287685;(18, (116, 47, 163, 4))
2018-04-16 21:50:29.324056;(8, (109, 53, 162, 11))
2018-04-16 21:50:29.334034;(26, (119, 32, 151, 1))
2018-04-16 21:50:29.389196;(17, (119, 14, 133, 1))
2018-04-16 21:50:29.396962;(20, (118, 36, 154, 2))
2018-04-16 21:50:29.407673;(5, (119, 32, 151, 1))
2018-04-16 21:50:29.459339;(3, (120, 2, 122, 0))
2018-04-16 21:50:29.473694;(19, (73, 75, 148, 17))
2018-04-16 21:50:29.529808;(22, (120, 8, 128, 0))
2018-04-16 21:50:29.563467;(24, (93, 59, 153, 7))
2018-04-16 21:50:29.607220;(21, (120, 2, 122, 0))
2018-04-16 21:50:29.641196;(12, (74, 74, 148, 16))
2018-04-16 21:50:29.709759;(7, (66, 97, 163, 24))
2018-04-16 21:50:29.720148;(14, (91, 44, 136, 7))
2018-04-16 21:50:29.794856;(4, (113, 52, 165, 7))
2018-04-16 21:50:29.822640;(25, (106, 53, 160, 6))
2018-04-16 21:50:29.905610;(9, (116, 47, 163, 4))
2018-04-16 21:50:29.911640;(6, (120, 4, 124, 0))
2018-04-16 21:50:30.005705;(16, (118, 22, 140, 2))
2018-04-16 21:50:30.026577;(10, (116, 37, 153, 4))
2018-04-16 21:50:30.067946;(1, (0, 0, 0, 0))
2018-04-16 21:50:30.105661;(15, (118, 27, 145, 2))
2018-04-16 21:50:30.161735;(13, (118, 26, 144, 2))
2018-04-16 21:50:30.210383;(23, (120, 15, 135, 0))
2018-04-16 21:50:30.231650;(2, (119, 28, 147, 1))
2018-04-16 21:51:29.239612;(11, (73, 78, 151, 17))
2018-04-16 21:51:29.304783;(18, (116, 47, 163, 4))
2018-04-16 21:51:29.341577;(8, (109, 53, 162, 11))
2018-04-16 21:51:29.351754;(26, (119, 32, 151, 1))
2018-04-16 21:51:29.406191;(17, (119, 14, 133, 1))
2018-04-16 21:51:29.415893;(20, (118, 36, 154, 2))
2018-04-16 21:51:29.424715;(5, (119, 32, 151, 1))
2018-04-16 21:51:29.476550;(3, (120, 2, 122, 0))
2018-04-16 21:51:29.491085;(19, (73, 75, 148, 17))
2018-04-16 21:51:29.546665;(22, (120, 8, 128, 0))
2018-04-16 21:51:29.581584;(24, (93, 64, 158, 8))
2018-04-16 21:51:29.624290;(21, (120, 2, 122, 0))
2018-04-16 21:51:29.657824;(12, (74, 74, 148, 16))
2018-04-16 21:51:29.726581;(7, (66, 97, 163, 24))
2018-04-16 21:51:29.736674;(14, (91, 49, 141, 8))
2018-04-16 21:51:29.810483;(4, (113, 52, 165, 7))
2018-04-16 21:51:29.838851;(25, (106, 60, 167, 8))
2018-04-16 21:51:29.922210;(9, (116, 47, 163, 4))
2018-04-16 21:51:29.928149;(6, (120, 4, 124, 0))
2018-04-16 21:51:30.022346;(16, (118, 22, 140, 2))
2018-04-16 21:51:30.044135;(10, (116, 37, 153, 4))
2018-04-16 21:51:30.085731;(1, (0, 0, 0, 0))
2018-04-16 21:51:30.122323;(15, (118, 27, 145, 2))
2018-04-16 21:51:30.178698;(13, (118, 26, 144, 2))
2018-04-16 21:51:30.227900;(23, (120, 15, 135, 0))
2018-04-16 21:51:30.248490;(2, (119, 28, 147, 1))
2018-04-16 21:52:29.256682;(11, (73, 78, 151, 17))
2018-04-16 21:52:29.321797;(18, (116, 47, 163, 4))
2018-04-16 21:52:29.369498;(26, (119, 32, 151, 1))
2018-04-16 21:52:29.423406;(17, (119, 14, 133, 1))
2018-04-16 21:52:29.434725;(20, (118, 36, 154, 2))
2018-04-16 21:52:29.444052;(5, (119, 32, 151, 1))
2018-04-16 21:52:29.494770;(3, (120, 2, 122, 0))
2018-04-16 21:52:29.508295;(19, (73, 75, 148, 17))
2018-04-16 21:52:29.600087;(24, (93, 72, 166, 10))
2018-04-16 21:52:29.641451;(21, (120, 2, 122, 0))
2018-04-16 21:52:29.675809;(12, (74, 74, 148, 16))
2018-04-16 21:52:29.745192;(7, (66, 97, 163, 24))
2018-04-16 21:52:29.753263;(14, (91, 56, 148, 10))
2018-04-16 21:52:29.854573;(25, (106, 65, 172, 9))
2018-04-16 21:52:29.939603;(9, (116, 47, 163, 4))
2018-04-16 21:52:29.944862;(6, (120, 4, 124, 0))
2018-04-16 21:52:30.039453;(16, (118, 22, 140, 2))
2018-04-16 21:52:30.061031;(10, (116, 37, 153, 4))
2018-04-16 21:52:30.138856;(15, (118, 27, 145, 2))
2018-04-16 21:52:30.195232;(13, (118, 26, 144, 2))
2018-04-16 21:52:30.244499;(23, (120, 15, 135, 0))
2018-04-16 21:52:30.359174;(8, (109, 53, 162, 11))
2018-04-16 21:52:30.566021;(22, (120, 8, 128, 0))
2018-04-16 21:52:30.826341;(4, (113, 52, 165, 7))
2018-04-16 21:52:31.103546;(1, (0, 0, 0, 0))
2018-04-16 21:52:31.265671;(2, (119, 28, 147, 1))
2018-04-16 21:53:30.273231;(11, (73, 78, 151, 17))
2018-04-16 21:53:30.338920;(18, (116, 47, 163, 4))
2018-04-16 21:53:30.376319;(8, (109, 53, 162, 11))
2018-04-16 21:53:30.387593;(26, (119, 32, 151, 1))
2018-04-16 21:53:30.440762;(17, (119, 14, 133, 1))
2018-04-16 21:53:30.452665;(20, (118, 36, 154, 2))
2018-04-16 21:53:30.463271;(5, (119, 32, 151, 1))
2018-04-16 21:53:30.513096;(3, (120, 2, 122, 0))
2018-04-16 21:53:30.527184;(19, (73, 75, 148, 17))
2018-04-16 21:53:30.588552;(22, (120, 8, 128, 0))
2018-04-16 21:53:30.617897;(24, (93, 77, 171, 12))
2018-04-16 21:53:30.658628;(21, (120, 2, 122, 0))
2018-04-16 21:53:30.692788;(12, (74, 74, 148, 16))
2018-04-16 21:53:30.762118;(7, (66, 97, 163, 24))
2018-04-16 21:53:30.770882;(14, (91, 61, 153, 11))
2018-04-16 21:53:30.844407;(4, (113, 52, 165, 7))
2018-04-16 21:53:30.870590;(25, (106, 73, 180, 11))
2018-04-16 21:53:30.956978;(9, (116, 47, 163, 4))
2018-04-16 21:53:30.963638;(6, (120, 4, 124, 0))
2018-04-16 21:53:31.058357;(16, (118, 22, 140, 2))
2018-04-16 21:53:31.078264;(10, (116, 37, 153, 4))
2018-04-16 21:53:31.120172;(1, (0, 0, 0, 0))
2018-04-16 21:53:31.155270;(15, (118, 27, 145, 2))
2018-04-16 21:53:31.212006;(13, (118, 26, 144, 2))
2018-04-16 21:53:31.261587;(23, (120, 15, 135, 0))
2018-04-16 21:53:31.282328;(2, (119, 28, 147, 1))
2018-04-16 21:54:30.290089;(11, (73, 78, 151, 17))
2018-04-16 21:54:30.356903;(18, (116, 47, 163, 4))
2018-04-16 21:54:30.393349;(8, (109, 53, 162, 11))
2018-04-16 21:54:30.404882;(26, (119, 32, 151, 1))
2018-04-16 21:54:30.457421;(17, (119, 14, 133, 1))
2018-04-16 21:54:30.469674;(20, (118, 36, 154, 2))
2018-04-16 21:54:30.480215;(5, (119, 32, 151, 1))
2018-04-16 21:54:30.533333;(3, (120, 2, 122, 0))
2018-04-16 21:54:30.545205;(19, (73, 75, 148, 17))
2018-04-16 21:54:30.610564;(22, (120, 8, 128, 0))
2018-04-16 21:54:30.635684;(24, (93, 84, 178, 13))
2018-04-16 21:54:30.675865;(21, (120, 2, 122, 0))
2018-04-16 21:54:30.709352;(12, (74, 74, 148, 16))
2018-04-16 21:54:30.778537;(7, (66, 97, 163, 24))
2018-04-16 21:54:30.787304;(14, (91, 69, 161, 13))
2018-04-16 21:54:30.860681;(4, (113, 52, 165, 7))
2018-04-16 21:54:30.886090;(25, (106, 79, 186, 13))
2018-04-16 21:54:30.973568;(9, (116, 47, 163, 4))
2018-04-16 21:54:30.981241;(6, (120, 4, 124, 0))
2018-04-16 21:54:31.075857;(16, (118, 22, 140, 2))
2018-04-16 21:54:31.095963;(10, (116, 37, 153, 4))
2018-04-16 21:54:31.137273;(1, (0, 0, 0, 0))
2018-04-16 21:54:31.171783;(15, (118, 27, 145, 2))
2018-04-16 21:54:31.228696;(13, (118, 26, 144, 2))
2018-04-16 21:54:31.279180;(23, (120, 15, 135, 0))
2018-04-16 21:54:31.299145;(2, (119, 28, 147, 1))
2018-04-16 21:55:30.306995;(11, (73, 78, 151, 17))
2018-04-16 21:55:30.373845;(18, (116, 47, 163, 4))
2018-04-16 21:55:30.410885;(8, (109, 53, 162, 11))
2018-04-16 21:55:30.421819;(26, (119, 32, 151, 1))
2018-04-16 21:55:30.473780;(17, (119, 14, 133, 1))
2018-04-16 21:55:30.486309;(20, (118, 36, 154, 2))
2018-04-16 21:55:30.496999;(5, (119, 32, 151, 1))
2018-04-16 21:55:30.550838;(3, (120, 2, 122, 0))
2018-04-16 21:55:30.564870;(19, (73, 75, 148, 17))
2018-04-16 21:55:30.627313;(22, (120, 8, 128, 0))
2018-04-16 21:55:30.655339;(24, (93, 90, 184, 15))
2018-04-16 21:55:30.693367;(21, (120, 2, 122, 0))
2018-04-16 21:55:30.728445;(12, (74, 74, 148, 16))
2018-04-16 21:55:30.795628;(7, (66, 97, 163, 24))
2018-04-16 21:55:30.804613;(14, (91, 74, 166, 15))
2018-04-16 21:55:30.875878;(4, (113, 52, 165, 7))
2018-04-16 21:55:30.901355;(25, (106, 82, 188, 14))
2018-04-16 21:55:30.989883;(9, (116, 47, 163, 4))
2018-04-16 21:55:30.998371;(6, (120, 4, 124, 0))
2018-04-16 21:55:31.092450;(16, (118, 22, 140, 2))
2018-04-16 21:55:31.112878;(10, (116, 37, 153, 4))
2018-04-16 21:55:31.155019;(1, (0, 0, 0, 0))
2018-04-16 21:55:31.188335;(15, (118, 27, 145, 2))
2018-04-16 21:55:31.245435;(13, (118, 26, 144, 2))
2018-04-16 21:55:31.296025;(23, (120, 15, 135, 0))
2018-04-16 21:55:31.315654;(2, (119, 28, 147, 1))
2018-04-16 21:56:30.324668;(11, (73, 78, 151, 17))
2018-04-16 21:56:30.390838;(18, (116, 47, 163, 4))
2018-04-16 21:56:30.428407;(8, (109, 53, 162, 11))
2018-04-16 21:56:30.439138;(26, (119, 32, 151, 1))
2018-04-16 21:56:30.490205;(17, (119, 14, 133, 1))
2018-04-16 21:56:30.503449;(20, (118, 36, 154, 2))
2018-04-16 21:56:30.515060;(5, (119, 32, 151, 1))
2018-04-16 21:56:30.567676;(3, (120, 2, 122, 0))
2018-04-16 21:56:30.582036;(19, (73, 75, 148, 17))
2018-04-16 21:56:30.644915;(22, (120, 8, 128, 0))
2018-04-16 21:56:30.674532;(24, (93, 96, 190, 16))
2018-04-16 21:56:30.711283;(21, (120, 2, 122, 0))
2018-04-16 21:56:30.746226;(12, (74, 74, 148, 16))
2018-04-16 21:56:30.813316;(7, (66, 97, 163, 24))
2018-04-16 21:56:30.822074;(14, (91, 81, 173, 16))
2018-04-16 21:56:30.890872;(4, (113, 52, 165, 7))
2018-04-16 21:56:30.916274;(25, (106, 82, 188, 14))
2018-04-16 21:56:31.006068;(9, (116, 47, 163, 4))
2018-04-16 21:56:31.014705;(6, (120, 4, 124, 0))
2018-04-16 21:56:31.108895;(16, (118, 22, 140, 2))
2018-04-16 21:56:31.129627;(10, (116, 37, 153, 4))
2018-04-16 21:56:31.171711;(1, (0, 0, 0, 0))
2018-04-16 21:56:31.204834;(15, (118, 27, 145, 2))
2018-04-16 21:56:31.262466;(13, (118, 26, 144, 2))
2018-04-16 21:56:31.312816;(23, (120, 15, 135, 0))
2018-04-16 21:56:31.333310;(2, (119, 28, 147, 1))
2018-04-16 21:57:30.342280;(11, (73, 78, 151, 17))
2018-04-16 21:57:30.408548;(18, (116, 47, 163, 4))
2018-04-16 21:57:30.445572;(8, (109, 53, 162, 11))
2018-04-16 21:57:30.456229;(26, (119, 32, 151, 1))
2018-04-16 21:57:30.507067;(17, (119, 14, 133, 1))
2018-04-16 21:57:30.521063;(20, (118, 36, 154, 2))
2018-04-16 21:57:30.532384;(5, (119, 32, 151, 1))
2018-04-16 21:57:30.584984;(3, (120, 2, 122, 0))
2018-04-16 21:57:30.599302;(19, (73, 75, 148, 17))
2018-04-16 21:57:30.663003;(22, (120, 8, 128, 0))
2018-04-16 21:57:30.694670;(24, (93, 102, 196, 18))
2018-04-16 21:57:30.727968;(21, (120, 2, 122, 0))
2018-04-16 21:57:30.762752;(12, (74, 74, 148, 16))
2018-04-16 21:57:30.830129;(7, (66, 97, 163, 24))
2018-04-16 21:57:30.839712;(14, (91, 88, 180, 18))
2018-04-16 21:57:30.906126;(4, (113, 52, 165, 7))
2018-04-16 21:57:30.931493;(25, (106, 82, 188, 14))
2018-04-16 21:57:31.021503;(9, (116, 47, 163, 4))
2018-04-16 21:57:31.029902;(6, (120, 4, 124, 0))
2018-04-16 21:57:31.125149;(16, (118, 22, 140, 2))
2018-04-16 21:57:31.145932;(10, (116, 37, 153, 4))
2018-04-16 21:57:31.188512;(1, (0, 0, 0, 0))
2018-04-16 21:57:31.221108;(15, (118, 27, 145, 2))
2018-04-16 21:57:31.279167;(13, (118, 26, 144, 2))
2018-04-16 21:57:31.330473;(23, (120, 15, 135, 0))
2018-04-16 21:57:31.351220;(2, (119, 28, 147, 1))
2018-04-16 21:58:30.359169;(11, (73, 78, 151, 17))
2018-04-16 21:58:30.424779;(18, (116, 47, 163, 4))
2018-04-16 21:58:30.461622;(8, (109, 53, 162, 11))
2018-04-16 21:58:30.472812;(26, (119, 32, 151, 1))
2018-04-16 21:58:30.523073;(17, (119, 14, 133, 1))
2018-04-16 21:58:30.537161;(20, (118, 36, 154, 2))
2018-04-16 21:58:30.550608;(5, (122, 32, 155, 1))
2018-04-16 21:58:30.604947;(3, (150, 2, 152, 0))
2018-04-16 21:58:30.617077;(19, (73, 75, 148, 17))
2018-04-16 21:58:30.680428;(22, (120, 8, 128, 0))
2018-04-16 21:58:30.712416;(24, (93, 108, 202, 19))
2018-04-16 21:58:30.743673;(21, (120, 2, 122, 0))
2018-04-16 21:58:30.779748;(12, (74, 74, 148, 16))
2018-04-16 21:58:30.849872;(7, (66, 97, 163, 24))
2018-04-16 21:58:30.856368;(14, (91, 93, 185, 19))
2018-04-16 21:58:30.921397;(4, (113, 52, 166, 7))
2018-04-16 21:58:30.946960;(25, (106, 82, 188, 14))
2018-04-16 21:58:31.036335;(9, (116, 47, 163, 4))
2018-04-16 21:58:31.047789;(6, (126, 4, 131, 0))
2018-04-16 21:58:31.140605;(16, (118, 22, 140, 2))
2018-04-16 21:58:31.163118;(10, (116, 37, 153, 4))
2018-04-16 21:58:31.204356;(1, (0, 0, 0, 0))
2018-04-16 21:58:31.237436;(15, (118, 27, 145, 2))
2018-04-16 21:58:31.295655;(13, (118, 26, 144, 2))
2018-04-16 21:58:31.347613;(23, (120, 15, 135, 0))
2018-04-16 21:58:31.368249;(2, (124, 29, 154, 1))
2018-04-16 21:59:30.375128;(11, (73, 78, 151, 17))
2018-04-16 21:59:30.439430;(18, (130, 54, 185, 5))
2018-04-16 21:59:30.475908;(8, (139, 57, 196, 11))
2018-04-16 21:59:30.489189;(26, (149, 39, 188, 1))
2018-04-16 21:59:30.537723;(17, (149, 17, 166, 1))
2018-04-16 21:59:30.552311;(20, (123, 43, 167, 3))
2018-04-16 21:59:30.565202;(5, (143, 42, 186, 2))
2018-04-16 21:59:30.618021;(3, (150, 2, 152, 0))
2018-04-16 21:59:30.629849;(19, (73, 75, 148, 17))
2018-04-16 21:59:30.696217;(22, (150, 8, 158, 0))
2018-04-16 21:59:30.727338;(24, (99, 116, 215, 21))
2018-04-16 21:59:30.758909;(21, (150, 2, 152, 0))
2018-04-16 21:59:30.792357;(12, (74, 74, 148, 16))
2018-04-16 21:59:30.865084;(7, (66, 97, 163, 24))
2018-04-16 21:59:30.871512;(14, (99, 99, 198, 21))
2018-04-16 21:59:30.936686;(4, (142, 63, 205, 8))
2018-04-16 21:59:30.959844;(25, (109, 89, 199, 15))
2018-04-16 21:59:31.051852;(9, (145, 57, 202, 5))
2018-04-16 21:59:31.058995;(6, (150, 4, 154, 0))
2018-04-16 21:59:31.152569;(16, (120, 28, 149, 3))
2018-04-16 21:59:31.177196;(10, (145, 46, 191, 5))
2018-04-16 21:59:31.214472;(1, (0, 0, 0, 0))
2018-04-16 21:59:31.250259;(15, (122, 34, 157, 3))
2018-04-16 21:59:31.309190;(13, (144, 35, 180, 3))
2018-04-16 21:59:31.362986;(23, (150, 19, 169, 0))
2018-04-16 21:59:31.384119;(2, (149, 35, 184, 1))
2018-04-16 22:00:30.392375;(11, (73, 78, 151, 17))
2018-04-16 22:00:30.456668;(18, (145, 56, 201, 5))
2018-04-16 22:00:30.491403;(8, (139, 57, 196, 11))
2018-04-16 22:00:30.505345;(26, (149, 39, 188, 1))
2018-04-16 22:00:30.553123;(17, (149, 17, 166, 1))
2018-04-16 22:00:30.570431;(20, (147, 47, 194, 3))
2018-04-16 22:00:30.583390;(5, (148, 45, 193, 2))
2018-04-16 22:00:30.633952;(3, (150, 2, 152, 0))
2018-04-16 22:00:30.644824;(19, (73, 75, 148, 17))
2018-04-16 22:00:30.712030;(22, (150, 8, 158, 0))
2018-04-16 22:00:30.742816;(24, (99, 116, 215, 21))
2018-04-16 22:00:30.777333;(21, (150, 2, 152, 0))
2018-04-16 22:00:30.806512;(12, (74, 74, 148, 16))
2018-04-16 22:00:30.879439;(7, (66, 97, 163, 24))
2018-04-16 22:00:30.885887;(14, (99, 99, 198, 21))
2018-04-16 22:00:30.952286;(4, (142, 63, 205, 8))
2018-04-16 22:00:30.976480;(25, (134, 93, 227, 16))
2018-04-16 22:00:31.066047;(9, (145, 57, 202, 5))
2018-04-16 22:00:31.074262;(6, (150, 4, 154, 0))
2018-04-16 22:00:31.167136;(16, (120, 34, 155, 5))
2018-04-16 22:00:31.192106;(10, (145, 46, 191, 5))
2018-04-16 22:00:31.228711;(1, (0, 0, 0, 0))
2018-04-16 22:00:31.267459;(15, (146, 40, 186, 4))
2018-04-16 22:00:31.325867;(13, (147, 37, 184, 3))
2018-04-16 22:00:31.379513;(23, (150, 19, 169, 0))
2018-04-16 22:00:31.399752;(2, (149, 35, 184, 1))
2018-04-16 22:01:30.408508;(11, (73, 78, 151, 17))
2018-04-16 22:01:30.472262;(18, (145, 56, 201, 5))
2018-04-16 22:01:30.507408;(8, (139, 57, 196, 11))
2018-04-16 22:01:30.522681;(26, (149, 39, 188, 1))
2018-04-16 22:01:30.569071;(17, (149, 17, 166, 1))
2018-04-16 22:01:30.586371;(20, (147, 47, 194, 3))
2018-04-16 22:01:30.599718;(5, (148, 45, 193, 2))
2018-04-16 22:01:30.651431;(3, (150, 2, 152, 0))
2018-04-16 22:01:30.660766;(19, (73, 75, 148, 17))
2018-04-16 22:01:30.728980;(22, (150, 8, 158, 0))
2018-04-16 22:01:30.763221;(24, (99, 116, 215, 21))
2018-04-16 22:01:30.796264;(21, (150, 2, 152, 0))
2018-04-16 22:01:30.828923;(12, (74, 74, 148, 16))
2018-04-16 22:01:30.896182;(7, (66, 97, 163, 24))
2018-04-16 22:01:30.903838;(14, (99, 99, 198, 21))
2018-04-16 22:01:30.975804;(4, (142, 63, 205, 8))
2018-04-16 22:01:30.994549;(25, (134, 93, 227, 16))
2018-04-16 22:01:31.082064;(9, (145, 57, 202, 5))
2018-04-16 22:01:31.088995;(6, (150, 4, 154, 0))
2018-04-16 22:01:31.187554;(16, (145, 37, 182, 5))
2018-04-16 22:01:31.208433;(10, (145, 46, 191, 5))
2018-04-16 22:01:31.244523;(1, (0, 0, 0, 0))
2018-04-16 22:01:31.284802;(15, (146, 40, 186, 4))
2018-04-16 22:01:31.341910;(13, (147, 37, 184, 3))
2018-04-16 22:01:31.395820;(23, (150, 19, 169, 0))
2018-04-16 22:01:31.415540;(2, (149, 35, 184, 1))
