2018-04-14 14:27:00.540256;(19, 0, 14571, 253, 0, 0, 0, 0, 0, 0, 0, 0, 0, 0, 0, 0, 0, 0, 1, 0, 0)
2018-04-14 14:27:03.699014;(11, 0, 44860, 253, 0, 0, 0, 0, 0, 0, 0, 0, 0, 0, 0, 0, 0, 0, 1, 0, 0)
2018-04-14 14:27:10.894616;(12, 0, 3110, 253, 0, 0, 0, 0, 0, 0, 0, 0, 0, 0, 0, 0, 0, 0, 1, 0, 0)
2018-04-14 14:27:11.117779;(3, 0, 48153, 253, 0, 0, 0, 0, 0, 0, 0, 0, 0, 0, 0, 0, 0, 0, 1, 0, 0)
2018-04-14 14:27:11.446185;(17, 0, 23697, 253, 0, 0, 0, 0, 0, 0, 0, 0, 0, 0, 0, 0, 0, 0, 1, 0, 0)
2018-04-14 14:27:19.450875;(6, 0, 1919, 253, 0, 0, 0, 0, 0, 0, 0, 0, 0, 0, 0, 0, 0, 0, 1, 0, 0)
2018-04-14 14:27:20.159170;(4, 0, 11772, 253, 0, 0, 0, 0, 0, 0, 0, 0, 0, 0, 0, 0, 0, 0, 1, 0, 0)
2018-04-14 14:27:31.893604;(9, 0, 16513, 253, 0, 0, 0, 0, 0, 0, 0, 0, 0, 0, 0, 0, 0, 0, 1, 0, 0)
2018-04-14 14:27:39.229488;(16, 0, 28402, 253, 0, 0, 0, 0, 0, 0, 0, 0, 0, 0, 0, 0, 0, 0, 1, 0, 0)
2018-04-14 14:27:48.547282;(19, 0, 14597, 253, 0, 0, 0, 0, 0, 0, 0, 0, 0, 0, 0, 0, 0, 0, 1, 0, 0)
2018-04-14 14:27:49.123997;(3, 0, 48169, 253, 0, 0, 0, 0, 0, 0, 0, 0, 0, 0, 0, 0, 0, 0, 1, 0, 0)
2018-04-14 14:28:01.458961;(6, 0, 1948, 253, 0, 0, 0, 0, 0, 0, 0, 0, 0, 0, 0, 0, 0, 0, 1, 0, 0)
2018-04-14 14:28:02.719864;(11, 0, 44950, 253, 0, 0, 0, 0, 0, 0, 0, 0, 0, 0, 0, 0, 0, 0, 1, 0, 0)
2018-04-14 14:28:04.455510;(17, 0, 23784, 253, 0, 0, 0, 0, 0, 0, 0, 0, 0, 0, 0, 0, 0, 0, 1, 0, 0)
2018-04-14 14:28:09.895607;(14, 0, 10400, 253, 0, 0, 0, 0, 0, 0, 0, 0, 0, 0, 0, 0, 0, 0, 1, 0, 0)
2018-04-14 14:28:09.897694;(9, 0, 16521, 253, 0, 0, 0, 0, 0, 0, 0, 0, 0, 0, 0, 0, 0, 0, 1, 0, 0)
2018-04-14 14:28:10.258155;(20, 0, 38759, 253, 0, 0, 0, 0, 0, 0, 0, 0, 0, 0, 0, 0, 0, 0, 1, 0, 0)
2018-04-14 14:28:11.980603;(7, 0, 4911, 253, 0, 0, 0, 0, 0, 0, 0, 0, 0, 0, 0, 0, 0, 0, 1, 0, 0)
2018-04-14 14:28:13.903464;(12, 0, 3153, 253, 0, 0, 0, 0, 0, 0, 0, 0, 0, 0, 0, 0, 0, 0, 1, 0, 0)
2018-04-14 14:28:26.682498;(8, 0, 46858, 253, 0, 0, 0, 0, 0, 0, 0, 0, 0, 0, 0, 0, 0, 0, 1, 0, 0)
2018-04-14 14:28:28.240314;(16, 0, 28488, 253, 0, 0, 0, 0, 0, 0, 0, 0, 0, 0, 0, 0, 0, 0, 1, 0, 0)
2018-04-14 14:28:29.179551;(4, 0, 11911, 253, 0, 0, 0, 0, 0, 0, 0, 0, 0, 0, 0, 0, 0, 0, 1, 0, 0)
2018-04-14 14:28:31.466517;(6, 0, 1956, 253, 0, 0, 0, 0, 0, 0, 0, 0, 0, 0, 0, 0, 0, 0, 1, 0, 0)
2018-04-14 14:28:36.556312;(19, 0, 14676, 253, 0, 0, 0, 0, 0, 0, 0, 0, 0, 0, 0, 0, 0, 0, 1, 0, 0)
2018-04-14 14:28:53.138266;(3, 0, 48233, 253, 0, 0, 0, 0, 0, 0, 0, 0, 0, 0, 0, 0, 0, 0, 1, 0, 0)
2018-04-14 14:28:55.988355;(7, 0, 4934, 253, 0, 0, 0, 0, 0, 0, 0, 0, 0, 0, 0, 0, 0, 0, 1, 0, 0)
2018-04-14 14:29:00.729784;(11, 0, 44982, 253, 0, 0, 0, 0, 0, 0, 0, 0, 0, 0, 0, 0, 0, 0, 1, 0, 0)
2018-04-14 14:29:01.270954;(20, 0, 38866, 253, 0, 0, 0, 0, 0, 0, 0, 0, 0, 0, 0, 0, 0, 0, 1, 0, 0)
2018-04-14 14:29:01.906976;(14, 0, 10473, 253, 0, 0, 0, 0, 0, 0, 0, 0, 0, 0, 0, 0, 0, 0, 1, 0, 0)
2018-04-14 14:29:01.916247;(12, 0, 3181, 253, 0, 0, 0, 0, 0, 0, 0, 0, 0, 0, 0, 0, 0, 0, 1, 0, 0)
2018-04-14 14:29:03.475432;(6, 0, 1964, 253, 0, 0, 0, 0, 0, 0, 0, 0, 0, 0, 0, 0, 0, 0, 1, 0, 0)
2018-04-14 14:29:05.477657;(17, 0, 23842, 253, 0, 0, 0, 0, 0, 0, 0, 0, 0, 0, 0, 0, 0, 0, 1, 0, 0)
2018-04-14 14:29:07.688732;(8, 0, 46871, 253, 0, 0, 0, 0, 0, 0, 0, 0, 0, 0, 0, 0, 0, 0, 1, 0, 0)
2018-04-14 14:29:20.563602;(19, 0, 14684, 253, 0, 0, 0, 0, 0, 0, 0, 0, 0, 0, 0, 0, 0, 0, 1, 0, 0)
2018-04-14 14:29:22.918367;(9, 0, 16746, 253, 0, 0, 0, 0, 0, 0, 0, 0, 0, 0, 0, 0, 0, 0, 1, 0, 0)
2018-04-14 14:29:30.563219;(18, 0, 10759, 253, 0, 0, 0, 0, 0, 0, 0, 0, 0, 0, 0, 0, 0, 0, 1, 0, 0)
2018-04-14 14:29:36.150612;(3, 0, 48241, 253, 0, 0, 0, 0, 0, 0, 0, 0, 0, 0, 0, 0, 0, 0, 1, 0, 0)
2018-04-14 14:29:37.464146;(10, 0, 11570, 253, 0, 0, 0, 0, 0, 0, 0, 0, 0, 0, 0, 0, 0, 0, 1, 0, 0)
2018-04-14 14:29:37.491990;(6, 0, 1972, 253, 0, 0, 0, 0, 0, 0, 0, 0, 0, 0, 0, 0, 0, 0, 1, 0, 0)
2018-04-14 14:29:41.257833;(16, 0, 28629, 253, 0, 0, 0, 0, 0, 0, 0, 0, 0, 0, 0, 0, 0, 0, 1, 0, 0)
2018-04-14 14:29:43.738262;(11, 0, 45082, 253, 0, 0, 0, 0, 0, 0, 0, 0, 0, 0, 0, 0, 0, 0, 1, 0, 0)
2018-04-14 14:29:44.199988;(4, 0, 12275, 253, 0, 0, 0, 0, 0, 0, 0, 0, 0, 0, 0, 0, 0, 0, 1, 0, 0)
2018-04-14 14:29:45.926223;(12, 0, 3213, 253, 0, 0, 0, 0, 0, 0, 0, 0, 0, 0, 0, 0, 0, 0, 1, 0, 0)
2018-04-14 14:29:54.000087;(7, 0, 5036, 253, 0, 0, 0, 0, 0, 0, 0, 0, 0, 0, 0, 0, 0, 0, 1, 0, 0)
2018-04-14 14:29:57.050326;(22, 0, 5792, 253, 0, 0, 0, 0, 0, 0, 0, 0, 0, 0, 0, 0, 0, 0, 1, 0, 0)
2018-04-14 14:29:58.933146;(9, 0, 16754, 253, 0, 0, 0, 0, 0, 0, 0, 0, 0, 0, 0, 0, 0, 0, 1, 0, 0)
2018-04-14 14:29:59.280360;(20, 0, 38900, 253, 0, 0, 0, 0, 0, 0, 0, 0, 0, 0, 0, 0, 0, 0, 1, 0, 0)
2018-04-14 14:30:11.495996;(6, 0, 1980, 253, 0, 0, 0, 0, 0, 0, 0, 0, 0, 0, 0, 0, 0, 0, 1, 0, 0)
2018-04-14 14:30:14.471993;(10, 0, 11620, 253, 0, 0, 0, 0, 0, 0, 0, 0, 0, 0, 0, 0, 0, 0, 1, 0, 0)
2018-04-14 14:30:16.265313;(16, 0, 28637, 253, 0, 0, 0, 0, 0, 0, 0, 0, 0, 0, 0, 0, 0, 0, 1, 0, 0)
2018-04-14 14:30:17.742573;(11, 0, 45089, 253, 0, 0, 0, 0, 0, 0, 0, 0, 0, 0, 0, 0, 0, 0, 1, 0, 0)
2018-04-14 14:30:18.209614;(4, 0, 12282, 253, 0, 0, 0, 0, 0, 0, 0, 0, 0, 0, 0, 0, 0, 0, 1, 0, 0)
2018-04-14 14:30:20.496456;(17, 0, 23981, 253, 0, 0, 0, 0, 0, 0, 0, 0, 0, 0, 0, 0, 0, 0, 1, 0, 0)
2018-04-14 14:30:25.941648;(12, 0, 3221, 253, 0, 0, 0, 0, 0, 0, 0, 0, 0, 0, 0, 0, 0, 0, 1, 0, 0)
2018-04-14 14:30:30.160410;(3, 0, 48312, 253, 0, 0, 0, 0, 0, 0, 0, 0, 0, 0, 0, 0, 0, 0, 1, 0, 0)
2018-04-14 14:30:30.589443;(19, 0, 14712, 253, 0, 0, 0, 0, 0, 0, 0, 0, 0, 0, 0, 0, 0, 0, 1, 0, 0)
2018-04-14 14:30:38.942325;(9, 0, 16762, 253, 0, 0, 0, 0, 0, 0, 0, 0, 0, 0, 0, 0, 0, 0, 1, 0, 0)
2018-04-14 14:30:41.710883;(8, 0, 47177, 253, 0, 0, 0, 0, 0, 0, 0, 0, 0, 0, 0, 0, 0, 0, 1, 0, 0)
2018-04-14 14:30:45.061709;(22, 0, 5846, 253, 0, 0, 0, 0, 0, 0, 0, 0, 0, 0, 0, 0, 0, 0, 1, 0, 0)
2018-04-14 14:30:47.501716;(6, 0, 1988, 253, 0, 0, 0, 0, 0, 0, 0, 0, 0, 0, 0, 0, 0, 0, 1, 0, 0)
2018-04-14 14:30:51.476482;(10, 0, 11697, 253, 0, 0, 0, 0, 0, 0, 0, 0, 0, 0, 0, 0, 0, 0, 1, 0, 0)
2018-04-14 14:30:52.270524;(16, 0, 28684, 253, 0, 0, 0, 0, 0, 0, 0, 0, 0, 0, 0, 0, 0, 0, 1, 0, 0)
2018-04-14 14:30:52.291353;(20, 0, 38943, 253, 0, 0, 0, 0, 0, 0, 0, 0, 0, 0, 0, 0, 0, 0, 1, 0, 0)
2018-04-14 14:30:56.011723;(7, 0, 5082, 253, 0, 0, 0, 0, 0, 0, 0, 0, 0, 0, 0, 0, 0, 0, 1, 0, 0)
2018-04-14 14:30:56.750663;(11, 0, 45096, 253, 0, 0, 0, 0, 0, 0, 0, 0, 0, 0, 0, 0, 0, 0, 1, 0, 0)
2018-04-14 14:30:58.945689;(14, 0, 11043, 253, 0, 0, 0, 0, 0, 0, 0, 0, 0, 0, 0, 0, 0, 0, 1, 0, 0)
2018-04-14 14:30:59.216261;(4, 0, 12290, 253, 0, 0, 0, 0, 0, 0, 0, 0, 0, 0, 0, 0, 0, 0, 1, 0, 0)
2018-04-14 14:30:59.501770;(17, 0, 23993, 253, 0, 0, 0, 0, 0, 0, 0, 0, 0, 0, 0, 0, 0, 0, 1, 0, 0)
2018-04-14 14:31:01.947878;(12, 0, 3234, 253, 0, 0, 0, 0, 0, 0, 0, 0, 0, 0, 0, 0, 0, 0, 1, 0, 0)
2018-04-14 14:31:03.594090;(18, 0, 11371, 253, 0, 0, 0, 0, 0, 0, 0, 0, 0, 0, 0, 0, 0, 0, 1, 0, 0)
2018-04-14 14:31:08.598117;(19, 0, 14725, 253, 0, 0, 0, 0, 0, 0, 0, 0, 0, 0, 0, 0, 0, 0, 1, 0, 0)
2018-04-14 14:31:14.171151;(3, 0, 48325, 253, 0, 0, 0, 0, 0, 0, 0, 0, 0, 0, 0, 0, 0, 0, 1, 0, 0)
2018-04-14 14:31:15.950857;(9, 0, 16770, 253, 0, 0, 0, 0, 0, 0, 0, 0, 0, 0, 0, 0, 0, 0, 1, 0, 0)
2018-04-14 14:31:24.067050;(22, 0, 5854, 253, 0, 0, 0, 0, 0, 0, 0, 0, 0, 0, 0, 0, 0, 0, 1, 0, 0)
2018-04-14 14:31:29.485650;(10, 0, 11710, 253, 0, 0, 0, 0, 0, 0, 0, 0, 0, 0, 0, 0, 0, 0, 1, 0, 0)
2018-04-14 14:31:29.506485;(6, 0, 1996, 253, 0, 0, 0, 0, 0, 0, 0, 0, 0, 0, 0, 0, 0, 0, 1, 0, 0)
2018-04-14 14:31:37.223150;(4, 0, 12301, 253, 0, 0, 0, 0, 0, 0, 0, 0, 0, 0, 0, 0, 0, 0, 1, 0, 0)
2018-04-14 14:31:40.277799;(16, 0, 28712, 253, 0, 0, 0, 0, 0, 0, 0, 0, 0, 0, 0, 0, 0, 0, 1, 0, 0)
2018-04-14 14:31:42.511931;(17, 0, 24027, 253, 0, 0, 0, 0, 0, 0, 0, 0, 0, 0, 0, 0, 0, 0, 1, 0, 0)
2018-04-14 14:31:43.956199;(14, 0, 11143, 253, 0, 0, 0, 0, 0, 0, 0, 0, 0, 0, 0, 0, 0, 0, 1, 0, 0)
2018-04-14 14:31:46.301663;(20, 0, 38996, 253, 0, 0, 0, 0, 0, 0, 0, 0, 0, 0, 0, 0, 0, 0, 1, 0, 0)
2018-04-14 14:31:53.727143;(8, 0, 47289, 253, 0, 0, 0, 0, 0, 0, 0, 0, 0, 0, 0, 0, 0, 0, 1, 0, 0)
2018-04-14 14:31:56.071186;(22, 0, 5867, 253, 0, 0, 0, 0, 0, 0, 0, 0, 0, 0, 0, 0, 0, 0, 1, 0, 0)
2018-04-14 14:31:57.613251;(19, 0, 14769, 253, 0, 0, 0, 0, 0, 0, 0, 0, 0, 0, 0, 0, 0, 0, 1, 0, 0)
2018-04-14 14:31:57.959764;(9, 0, 16778, 253, 0, 0, 0, 0, 0, 0, 0, 0, 0, 0, 0, 0, 0, 0, 1, 0, 0)
2018-04-14 14:31:58.180841;(3, 0, 48333, 253, 0, 0, 0, 0, 0, 0, 0, 0, 0, 0, 0, 0, 0, 0, 1, 0, 0)
2018-04-14 14:32:05.027537;(7, 0, 5275, 253, 0, 0, 0, 0, 0, 0, 0, 0, 0, 0, 0, 0, 0, 0, 1, 0, 0)
2018-04-14 14:32:06.490030;(10, 0, 11730, 253, 0, 0, 0, 0, 0, 0, 0, 0, 0, 0, 0, 0, 0, 0, 1, 0, 0)
2018-04-14 14:32:07.228504;(4, 0, 12308, 253, 0, 0, 0, 0, 0, 0, 0, 0, 0, 0, 0, 0, 0, 0, 1, 0, 0)
2018-04-14 14:32:09.761488;(11, 0, 45129, 253, 0, 0, 0, 0, 0, 0, 0, 0, 0, 0, 0, 0, 0, 0, 1, 0, 0)
2018-04-14 14:32:10.514808;(6, 0, 2009, 253, 0, 0, 0, 0, 0, 0, 0, 0, 0, 0, 0, 0, 0, 0, 1, 0, 0)
2018-04-14 14:32:11.964040;(12, 0, 3280, 253, 0, 0, 0, 0, 0, 0, 0, 0, 0, 0, 0, 0, 0, 0, 1, 0, 0)
2018-04-14 14:32:17.284381;(16, 0, 28720, 253, 0, 0, 0, 0, 0, 0, 0, 0, 0, 0, 0, 0, 0, 0, 1, 0, 0)
2018-04-14 14:32:19.964145;(14, 0, 11175, 253, 0, 0, 0, 0, 0, 0, 0, 0, 0, 0, 0, 0, 0, 0, 1, 0, 0)
2018-04-14 14:32:22.523128;(17, 0, 24043, 253, 0, 0, 0, 0, 0, 0, 0, 0, 0, 0, 0, 0, 0, 0, 1, 0, 0)
2018-04-14 14:32:24.305892;(20, 0, 39004, 253, 0, 0, 0, 0, 0, 0, 0, 0, 0, 0, 0, 0, 0, 0, 1, 0, 0)
2018-04-14 14:32:26.731244;(8, 0, 47302, 253, 0, 0, 0, 0, 0, 0, 0, 0, 0, 0, 0, 0, 0, 0, 1, 0, 0)
2018-04-14 14:32:28.075484;(22, 0, 5875, 253, 0, 0, 0, 0, 0, 0, 0, 0, 0, 0, 0, 0, 0, 0, 1, 0, 0)
2018-04-14 14:32:35.964936;(9, 0, 16791, 253, 0, 0, 0, 0, 0, 0, 0, 0, 0, 0, 0, 0, 0, 0, 1, 0, 0)
2018-04-14 14:32:37.627725;(19, 0, 14782, 253, 0, 0, 0, 0, 0, 0, 0, 0, 0, 0, 0, 0, 0, 0, 1, 0, 0)
2018-04-14 14:32:41.034361;(7, 0, 5283, 253, 0, 0, 0, 0, 0, 0, 0, 0, 0, 0, 0, 0, 0, 0, 1, 0, 0)
2018-04-14 14:32:41.190857;(3, 0, 48346, 253, 0, 0, 0, 0, 0, 0, 0, 0, 0, 0, 0, 0, 0, 0, 1, 0, 0)
2018-04-14 14:32:41.234425;(4, 0, 12315, 253, 0, 0, 0, 0, 0, 0, 0, 0, 0, 0, 0, 0, 0, 0, 1, 0, 0)
2018-04-14 14:32:49.494984;(10, 0, 11738, 253, 0, 0, 0, 0, 0, 0, 0, 0, 0, 0, 0, 0, 0, 0, 1, 0, 0)
2018-04-14 14:32:52.519610;(6, 0, 2017, 253, 0, 0, 0, 0, 0, 0, 0, 0, 0, 0, 0, 0, 0, 0, 1, 0, 0)
2018-04-14 14:32:53.768400;(11, 0, 45136, 253, 0, 0, 0, 0, 0, 0, 0, 0, 0, 0, 0, 0, 0, 0, 1, 0, 0)
2018-04-14 14:32:57.530487;(17, 0, 24054, 253, 0, 0, 0, 0, 0, 0, 0, 0, 0, 0, 0, 0, 0, 0, 1, 0, 0)
2018-04-14 14:33:00.081968;(22, 0, 5883, 253, 0, 0, 0, 0, 0, 0, 0, 0, 0, 0, 0, 0, 0, 0, 1, 0, 0)
2018-04-14 14:33:03.309498;(20, 0, 39017, 253, 0, 0, 0, 0, 0, 0, 0, 0, 0, 0, 0, 0, 0, 0, 1, 0, 0)
2018-04-14 14:33:07.741896;(8, 0, 47310, 253, 0, 0, 0, 0, 0, 0, 0, 0, 0, 0, 0, 0, 0, 0, 1, 0, 0)
2018-04-14 14:33:16.974396;(9, 0, 16799, 253, 0, 0, 0, 0, 0, 0, 0, 0, 0, 0, 0, 0, 0, 0, 1, 0, 0)
2018-04-14 14:33:18.635282;(19, 0, 14790, 253, 0, 0, 0, 0, 0, 0, 0, 0, 0, 0, 0, 0, 0, 0, 1, 0, 0)
2018-04-14 14:33:24.309746;(16, 0, 28817, 253, 0, 0, 0, 0, 0, 0, 0, 0, 0, 0, 0, 0, 0, 0, 1, 0, 0)
2018-04-14 14:33:24.983777;(12, 0, 3317, 253, 0, 0, 0, 0, 0, 0, 0, 0, 0, 0, 0, 0, 0, 0, 1, 0, 0)
2018-04-14 14:33:25.246716;(4, 0, 12322, 253, 0, 0, 0, 0, 0, 0, 0, 0, 0, 0, 0, 0, 0, 0, 1, 0, 0)
2018-04-14 14:33:25.523258;(6, 0, 2030, 253, 0, 0, 0, 0, 0, 0, 0, 0, 0, 0, 0, 0, 0, 0, 1, 0, 0)
2018-04-14 14:33:28.503233;(10, 0, 11746, 253, 0, 0, 0, 0, 0, 0, 0, 0, 0, 0, 0, 0, 0, 0, 1, 0, 0)
2018-04-14 14:33:32.536464;(17, 0, 24061, 253, 0, 0, 0, 0, 0, 0, 0, 0, 0, 0, 0, 0, 0, 0, 1, 0, 0)
2018-04-14 14:33:35.775639;(11, 0, 45147, 253, 0, 0, 0, 0, 0, 0, 0, 0, 0, 0, 0, 0, 0, 0, 1, 0, 0)
2018-04-14 14:33:40.752215;(8, 0, 47318, 253, 0, 0, 0, 0, 0, 0, 0, 0, 0, 0, 0, 0, 0, 0, 1, 0, 0)
2018-04-14 14:33:40.983884;(14, 0, 11406, 253, 0, 0, 0, 0, 0, 0, 0, 0, 0, 0, 0, 0, 0, 0, 1, 0, 0)
2018-04-14 14:33:42.317648;(20, 0, 39052, 253, 0, 0, 0, 0, 0, 0, 0, 0, 0, 0, 0, 0, 0, 0, 1, 0, 0)
2018-04-14 14:33:45.087946;(22, 0, 5927, 253, 0, 0, 0, 0, 0, 0, 0, 0, 0, 0, 0, 0, 0, 0, 1, 0, 0)
2018-04-14 14:33:48.043571;(7, 0, 5314, 253, 0, 0, 0, 0, 0, 0, 0, 0, 0, 0, 0, 0, 0, 0, 1, 0, 0)
2018-04-14 14:33:50.212332;(3, 0, 48434, 253, 0, 0, 0, 0, 0, 0, 0, 0, 0, 0, 0, 0, 0, 0, 1, 0, 0)
2018-04-14 14:34:00.646178;(19, 0, 14798, 253, 0, 0, 0, 0, 0, 0, 0, 0, 0, 0, 0, 0, 0, 0, 1, 0, 0)
2018-04-14 14:34:00.982239;(9, 0, 16807, 253, 0, 0, 0, 0, 0, 0, 0, 0, 0, 0, 0, 0, 0, 0, 1, 0, 0)
2018-04-14 14:34:01.991584;(12, 0, 3330, 253, 0, 0, 0, 0, 0, 0, 0, 0, 0, 0, 0, 0, 0, 0, 1, 0, 0)
2018-04-14 14:34:02.316497;(16, 0, 28830, 253, 0, 0, 0, 0, 0, 0, 0, 0, 0, 0, 0, 0, 0, 0, 1, 0, 0)
2018-04-14 14:34:03.526862;(6, 0, 2038, 253, 0, 0, 0, 0, 0, 0, 0, 0, 0, 0, 0, 0, 0, 0, 1, 0, 0)
2018-04-14 14:34:07.254000;(4, 0, 12333, 253, 0, 0, 0, 0, 0, 0, 0, 0, 0, 0, 0, 0, 0, 0, 1, 0, 0)
2018-04-14 14:34:13.511081;(10, 0, 11759, 253, 0, 0, 0, 0, 0, 0, 0, 0, 0, 0, 0, 0, 0, 0, 1, 0, 0)
2018-04-14 14:34:16.545697;(17, 0, 24128, 253, 0, 0, 0, 0, 0, 0, 0, 0, 0, 0, 0, 0, 0, 0, 1, 0, 0)
2018-04-14 14:34:22.759177;(8, 0, 47326, 253, 0, 0, 0, 0, 0, 0, 0, 0, 0, 0, 0, 0, 0, 0, 1, 0, 0)
2018-04-14 14:34:24.217559;(3, 0, 48443, 253, 0, 0, 0, 0, 0, 0, 0, 0, 0, 0, 0, 0, 0, 0, 1, 0, 0)
2018-04-14 14:34:25.049462;(7, 0, 5322, 253, 0, 0, 0, 0, 0, 0, 0, 0, 0, 0, 0, 0, 0, 0, 1, 0, 0)
2018-04-14 14:34:25.326194;(20, 0, 39072, 253, 0, 0, 0, 0, 0, 0, 0, 0, 0, 0, 0, 0, 0, 0, 1, 0, 0)
2018-04-14 14:34:31.676033;(18, 0, 13083, 253, 0, 0, 0, 0, 0, 0, 0, 0, 0, 0, 0, 0, 0, 0, 1, 0, 0)
2018-04-14 14:34:36.325886;(16, 0, 28859, 253, 0, 0, 0, 0, 0, 0, 0, 0, 0, 0, 0, 0, 0, 0, 1, 0, 0)
2018-04-14 14:34:38.261580;(4, 0, 12340, 253, 0, 0, 0, 0, 0, 0, 0, 0, 0, 0, 0, 0, 0, 0, 1, 0, 0)
2018-04-14 14:34:38.987274;(9, 0, 16820, 253, 0, 0, 0, 0, 0, 0, 0, 0, 0, 0, 0, 0, 0, 0, 1, 0, 0)
2018-04-14 14:34:45.518158;(10, 0, 11767, 253, 0, 0, 0, 0, 0, 0, 0, 0, 0, 0, 0, 0, 0, 0, 1, 0, 0)
2018-04-14 14:34:46.531042;(6, 0, 2046, 253, 0, 0, 0, 0, 0, 0, 0, 0, 0, 0, 0, 0, 0, 0, 1, 0, 0)
2018-04-14 14:35:00.766608;(8, 0, 47339, 253, 0, 0, 0, 0, 0, 0, 0, 0, 0, 0, 0, 0, 0, 0, 1, 0, 0)
2018-04-14 14:35:03.228011;(3, 0, 48455, 253, 0, 0, 0, 0, 0, 0, 0, 0, 0, 0, 0, 0, 0, 0, 1, 0, 0)
2018-04-14 14:35:07.797692;(11, 0, 45306, 253, 0, 0, 0, 0, 0, 0, 0, 0, 0, 0, 0, 0, 0, 0, 1, 0, 0)
2018-04-14 14:35:08.107781;(22, 0, 6143, 253, 0, 0, 0, 0, 0, 0, 0, 0, 0, 0, 0, 0, 0, 0, 1, 0, 0)
2018-04-14 14:35:11.659663;(19, 0, 14903, 253, 0, 0, 0, 0, 0, 0, 0, 0, 0, 0, 0, 0, 0, 0, 1, 0, 0)
2018-04-14 14:35:12.680603;(18, 0, 13091, 253, 0, 0, 0, 0, 0, 0, 0, 0, 0, 0, 0, 0, 0, 0, 1, 0, 0)
2018-04-14 14:35:16.008192;(12, 0, 3442, 253, 0, 0, 0, 0, 0, 0, 0, 0, 0, 0, 0, 0, 0, 0, 1, 0, 0)
2018-04-14 14:35:17.057718;(7, 0, 5389, 253, 0, 0, 0, 0, 0, 0, 0, 0, 0, 0, 0, 0, 0, 0, 1, 0, 0)
2018-04-14 14:35:17.332384;(20, 0, 39151, 253, 0, 0, 0, 0, 0, 0, 0, 0, 0, 0, 0, 0, 0, 0, 1, 0, 0)
2018-04-14 14:35:17.523574;(10, 0, 11775, 253, 0, 0, 0, 0, 0, 0, 0, 0, 0, 0, 0, 0, 0, 0, 1, 0, 0)
2018-04-14 14:35:19.333783;(16, 0, 28870, 253, 0, 0, 0, 0, 0, 0, 0, 0, 0, 0, 0, 0, 0, 0, 1, 0, 0)
2018-04-14 14:35:20.268346;(4, 0, 12347, 253, 0, 0, 0, 0, 0, 0, 0, 0, 0, 0, 0, 0, 0, 0, 1, 0, 0)
2018-04-14 14:35:22.995743;(9, 0, 16828, 253, 0, 0, 0, 0, 0, 0, 0, 0, 0, 0, 0, 0, 0, 0, 1, 0, 0)
2018-04-14 14:35:28.535548;(6, 0, 2054, 253, 0, 0, 0, 0, 0, 0, 0, 0, 0, 0, 0, 0, 0, 0, 1, 0, 0)
2018-04-14 14:35:39.236353;(3, 0, 48511, 253, 0, 0, 0, 0, 0, 0, 0, 0, 0, 0, 0, 0, 0, 0, 1, 0, 0)
2018-04-14 14:35:48.060481;(7, 0, 5397, 253, 0, 0, 0, 0, 0, 0, 0, 0, 0, 0, 0, 0, 0, 0, 1, 0, 0)
2018-04-14 14:35:48.802343;(11, 0, 45313, 253, 0, 0, 0, 0, 0, 0, 0, 0, 0, 0, 0, 0, 0, 0, 1, 0, 0)
2018-04-14 14:35:49.015076;(14, 0, 11732, 253, 0, 0, 0, 0, 0, 0, 0, 0, 0, 0, 0, 0, 0, 0, 1, 0, 0)
2018-04-14 14:35:50.777788;(8, 0, 47365, 253, 0, 0, 0, 0, 0, 0, 0, 0, 0, 0, 0, 0, 0, 0, 1, 0, 0)
2018-04-14 14:35:52.340343;(16, 0, 28878, 253, 0, 0, 0, 0, 0, 0, 0, 0, 0, 0, 0, 0, 0, 0, 1, 0, 0)
2018-04-14 14:35:53.275235;(4, 0, 12354, 253, 0, 0, 0, 0, 0, 0, 0, 0, 0, 0, 0, 0, 0, 0, 1, 0, 0)
2018-04-14 14:35:55.015841;(12, 0, 3450, 253, 0, 0, 0, 0, 0, 0, 0, 0, 0, 0, 0, 0, 0, 0, 1, 0, 0)
2018-04-14 14:35:55.672535;(19, 0, 14911, 253, 0, 0, 0, 0, 0, 0, 0, 0, 0, 0, 0, 0, 0, 0, 1, 0, 0)
2018-04-14 14:35:57.568489;(17, 0, 24401, 253, 0, 0, 0, 0, 0, 0, 0, 0, 0, 0, 0, 0, 0, 0, 1, 0, 0)
2018-04-14 14:35:58.342732;(20, 0, 39159, 253, 0, 0, 0, 0, 0, 0, 0, 0, 0, 0, 0, 0, 0, 0, 1, 0, 0)
2018-04-14 14:35:59.528916;(10, 0, 11792, 253, 0, 0, 0, 0, 0, 0, 0, 0, 0, 0, 0, 0, 0, 0, 1, 0, 0)
2018-04-14 14:36:00.117759;(22, 0, 6181, 253, 0, 0, 0, 0, 0, 0, 0, 0, 0, 0, 0, 0, 0, 0, 1, 0, 0)
2018-04-14 14:36:02.001307;(9, 0, 16841, 253, 0, 0, 0, 0, 0, 0, 0, 0, 0, 0, 0, 0, 0, 0, 1, 0, 0)
2018-04-14 14:36:05.542871;(6, 0, 2067, 253, 0, 0, 0, 0, 0, 0, 0, 0, 0, 0, 0, 0, 0, 0, 1, 0, 0)
2018-04-14 14:36:10.698980;(18, 0, 13533, 253, 0, 0, 0, 0, 0, 0, 0, 0, 0, 0, 0, 0, 0, 0, 1, 0, 0)
2018-04-14 14:36:27.684537;(19, 0, 14924, 253, 0, 0, 0, 0, 0, 0, 0, 0, 0, 0, 0, 0, 0, 0, 1, 0, 0)
2018-04-14 14:36:29.574480;(17, 0, 24472, 253, 0, 0, 0, 0, 0, 0, 0, 0, 0, 0, 0, 0, 0, 0, 1, 0, 0)
2018-04-14 14:36:31.021948;(12, 0, 3469, 253, 0, 0, 0, 0, 0, 0, 0, 0, 0, 0, 0, 0, 0, 0, 1, 0, 0)
2018-04-14 14:36:31.282301;(4, 0, 12365, 253, 0, 0, 0, 0, 0, 0, 0, 0, 0, 0, 0, 0, 0, 0, 1, 0, 0)
2018-04-14 14:36:34.346240;(16, 0, 28891, 253, 0, 0, 0, 0, 0, 0, 0, 0, 0, 0, 0, 0, 0, 0, 1, 0, 0)
2018-04-14 14:36:37.122183;(22, 0, 6194, 253, 0, 0, 0, 0, 0, 0, 0, 0, 0, 0, 0, 0, 0, 0, 1, 0, 0)
2018-04-14 14:36:38.533814;(10, 0, 11805, 253, 0, 0, 0, 0, 0, 0, 0, 0, 0, 0, 0, 0, 0, 0, 1, 0, 0)
2018-04-14 14:36:40.547876;(6, 0, 2075, 253, 0, 0, 0, 0, 0, 0, 0, 0, 0, 0, 0, 0, 0, 0, 1, 0, 0)
2018-04-14 14:36:41.071081;(7, 0, 5467, 253, 0, 0, 0, 0, 0, 0, 0, 0, 0, 0, 0, 0, 0, 0, 1, 0, 0)
2018-04-14 14:36:42.012113;(9, 0, 16849, 253, 0, 0, 0, 0, 0, 0, 0, 0, 0, 0, 0, 0, 0, 0, 1, 0, 0)
2018-04-14 14:36:46.791998;(8, 0, 47435, 253, 0, 0, 0, 0, 0, 0, 0, 0, 0, 0, 0, 0, 0, 0, 1, 0, 0)
2018-04-14 14:36:51.813706;(11, 0, 45348, 253, 0, 0, 0, 0, 0, 0, 0, 0, 0, 0, 0, 0, 0, 0, 1, 0, 0)
2018-04-14 14:36:54.354672;(20, 0, 39199, 253, 0, 0, 0, 0, 0, 0, 0, 0, 0, 0, 0, 0, 0, 0, 1, 0, 0)
2018-04-14 14:36:59.254363;(3, 0, 48685, 253, 0, 0, 0, 0, 0, 0, 0, 0, 0, 0, 0, 0, 0, 0, 1, 0, 0)
2018-04-14 14:37:02.581950;(17, 0, 24479, 253, 0, 0, 0, 0, 0, 0, 0, 0, 0, 0, 0, 0, 0, 0, 1, 0, 0)
2018-04-14 14:37:02.714112;(18, 0, 13732, 253, 0, 0, 0, 0, 0, 0, 0, 0, 0, 0, 0, 0, 0, 0, 1, 0, 0)
2018-04-14 14:37:03.286905;(4, 0, 12372, 253, 0, 0, 0, 0, 0, 0, 0, 0, 0, 0, 0, 0, 0, 0, 1, 0, 0)
2018-04-14 14:37:05.692355;(19, 0, 14932, 253, 0, 0, 0, 0, 0, 0, 0, 0, 0, 0, 0, 0, 0, 0, 1, 0, 0)
2018-04-14 14:37:11.126035;(22, 0, 6202, 253, 0, 0, 0, 0, 0, 0, 0, 0, 0, 0, 0, 0, 0, 0, 1, 0, 0)
2018-04-14 14:37:11.551968;(6, 0, 2083, 253, 0, 0, 0, 0, 0, 0, 0, 0, 0, 0, 0, 0, 0, 0, 1, 0, 0)
2018-04-14 14:37:15.026662;(12, 0, 3477, 253, 0, 0, 0, 0, 0, 0, 0, 0, 0, 0, 0, 0, 0, 0, 1, 0, 0)
2018-04-14 14:37:15.354900;(16, 0, 28899, 253, 0, 0, 0, 0, 0, 0, 0, 0, 0, 0, 0, 0, 0, 0, 1, 0, 0)
2018-04-14 14:37:20.542171;(10, 0, 11813, 253, 0, 0, 0, 0, 0, 0, 0, 0, 0, 0, 0, 0, 0, 0, 1, 0, 0)
2018-04-14 14:37:22.020323;(9, 0, 16857, 253, 0, 0, 0, 0, 0, 0, 0, 0, 0, 0, 0, 0, 0, 0, 1, 0, 0)
2018-04-14 14:37:24.037611;(14, 0, 12002, 253, 0, 0, 0, 0, 0, 0, 0, 0, 0, 0, 0, 0, 0, 0, 1, 0, 0)
2018-04-14 14:37:25.078796;(7, 0, 5520, 253, 0, 0, 0, 0, 0, 0, 0, 0, 0, 0, 0, 0, 0, 0, 1, 0, 0)
2018-04-14 14:37:42.293651;(4, 0, 12379, 253, 0, 0, 0, 0, 0, 0, 0, 0, 0, 0, 0, 0, 0, 0, 1, 0, 0)
2018-04-14 14:37:43.367280;(20, 0, 39236, 253, 0, 0, 0, 0, 0, 0, 0, 0, 0, 0, 0, 0, 0, 0, 1, 0, 0)
2018-04-14 14:37:44.722862;(18, 0, 13740, 253, 0, 0, 0, 0, 0, 0, 0, 0, 0, 0, 0, 0, 0, 0, 1, 0, 0)
2018-04-14 14:37:51.826020;(11, 0, 45512, 253, 0, 0, 0, 0, 0, 0, 0, 0, 0, 0, 0, 0, 0, 0, 1, 0, 0)
2018-04-14 14:37:52.030991;(12, 0, 3485, 253, 0, 0, 0, 0, 0, 0, 0, 0, 0, 0, 0, 0, 0, 0, 1, 0, 0)
2018-04-14 14:37:53.134183;(22, 0, 6210, 253, 0, 0, 0, 0, 0, 0, 0, 0, 0, 0, 0, 0, 0, 0, 1, 0, 0)
2018-04-14 14:37:54.560170;(6, 0, 2091, 253, 0, 0, 0, 0, 0, 0, 0, 0, 0, 0, 0, 0, 0, 0, 1, 0, 0)
2018-04-14 14:37:56.025970;(9, 0, 16866, 253, 0, 0, 0, 0, 0, 0, 0, 0, 0, 0, 0, 0, 0, 0, 1, 0, 0)
2018-04-14 14:38:00.547414;(10, 0, 11821, 253, 0, 0, 0, 0, 0, 0, 0, 0, 0, 0, 0, 0, 0, 0, 1, 0, 0)
2018-04-14 14:38:01.041247;(14, 0, 12015, 253, 0, 0, 0, 0, 0, 0, 0, 0, 0, 0, 0, 0, 0, 0, 1, 0, 0)
2018-04-14 14:38:01.085545;(7, 0, 5533, 253, 0, 0, 0, 0, 0, 0, 0, 0, 0, 0, 0, 0, 0, 0, 1, 0, 0)
2018-04-14 14:38:19.303346;(4, 0, 12386, 253, 0, 0, 0, 0, 0, 0, 0, 0, 0, 0, 0, 0, 0, 0, 1, 0, 0)
2018-04-14 14:38:21.726794;(18, 0, 13748, 253, 0, 0, 0, 0, 0, 0, 0, 0, 0, 0, 0, 0, 0, 0, 1, 0, 0)
2018-04-14 14:38:25.374434;(20, 0, 39259, 253, 0, 0, 0, 0, 0, 0, 0, 0, 0, 0, 0, 0, 0, 0, 1, 0, 0)
2018-04-14 14:38:25.604152;(17, 0, 24844, 253, 0, 0, 0, 0, 0, 0, 0, 0, 0, 0, 0, 0, 0, 0, 1, 0, 0)
2018-04-14 14:38:26.821426;(8, 0, 47947, 253, 0, 0, 0, 0, 0, 0, 0, 0, 0, 0, 0, 0, 0, 0, 1, 0, 0)
2018-04-14 14:38:27.142074;(22, 0, 6219, 253, 0, 0, 0, 0, 0, 0, 0, 0, 0, 0, 0, 0, 0, 0, 1, 0, 0)
2018-04-14 14:38:31.566677;(6, 0, 2104, 253, 0, 0, 0, 0, 0, 0, 0, 0, 0, 0, 0, 0, 0, 0, 1, 0, 0)
2018-04-14 14:38:34.837181;(11, 0, 45519, 253, 0, 0, 0, 0, 0, 0, 0, 0, 0, 0, 0, 0, 0, 0, 1, 0, 0)
2018-04-14 14:38:35.721604;(19, 0, 15456, 253, 0, 0, 0, 0, 0, 0, 0, 0, 0, 0, 0, 0, 0, 0, 1, 0, 0)
2018-04-14 14:38:38.032473;(9, 0, 16878, 253, 0, 0, 0, 0, 0, 0, 0, 0, 0, 0, 0, 0, 0, 0, 1, 0, 0)
2018-04-14 14:38:38.550969;(10, 0, 11834, 253, 0, 0, 0, 0, 0, 0, 0, 0, 0, 0, 0, 0, 0, 0, 1, 0, 0)
2018-04-14 14:38:39.374137;(16, 0, 29031, 253, 0, 0, 0, 0, 0, 0, 0, 0, 0, 0, 0, 0, 0, 0, 1, 0, 0)
2018-04-14 14:38:53.314133;(4, 0, 12393, 253, 0, 0, 0, 0, 0, 0, 0, 0, 0, 0, 0, 0, 0, 0, 1, 0, 0)
2018-04-14 14:38:56.099823;(7, 0, 5750, 253, 0, 0, 0, 0, 0, 0, 0, 0, 0, 0, 0, 0, 0, 0, 1, 0, 0)
2018-04-14 14:38:56.610025;(17, 0, 24855, 253, 0, 0, 0, 0, 0, 0, 0, 0, 0, 0, 0, 0, 0, 0, 1, 0, 0)
2018-04-14 14:39:02.147056;(22, 0, 6231, 253, 0, 0, 0, 0, 0, 0, 0, 0, 0, 0, 0, 0, 0, 0, 1, 0, 0)
2018-04-14 14:39:05.827989;(8, 0, 47997, 253, 0, 0, 0, 0, 0, 0, 0, 0, 0, 0, 0, 0, 0, 0, 1, 0, 0)
2018-04-14 14:39:08.379599;(20, 0, 39287, 253, 0, 0, 0, 0, 0, 0, 0, 0, 0, 0, 0, 0, 0, 0, 1, 0, 0)
2018-04-14 14:39:08.573706;(6, 0, 2112, 253, 0, 0, 0, 0, 0, 0, 0, 0, 0, 0, 0, 0, 0, 0, 1, 0, 0)
2018-04-14 14:39:08.842211;(11, 0, 45530, 253, 0, 0, 0, 0, 0, 0, 0, 0, 0, 0, 0, 0, 0, 0, 1, 0, 0)
2018-04-14 14:39:12.290786;(3, 0, 49164, 253, 0, 0, 0, 0, 0, 0, 0, 0, 0, 0, 0, 0, 0, 0, 1, 0, 0)
2018-04-14 14:39:12.556195;(10, 0, 11842, 253, 0, 0, 0, 0, 0, 0, 0, 0, 0, 0, 0, 0, 0, 0, 1, 0, 0)
2018-04-14 14:39:13.728043;(19, 0, 15468, 253, 0, 0, 0, 0, 0, 0, 0, 0, 0, 0, 0, 0, 0, 0, 1, 0, 0)
2018-04-14 14:39:14.045587;(12, 0, 3572, 253, 0, 0, 0, 0, 0, 0, 0, 0, 0, 0, 0, 0, 0, 0, 1, 0, 0)
2018-04-14 14:39:15.381873;(16, 0, 29039, 253, 0, 0, 0, 0, 0, 0, 0, 0, 0, 0, 0, 0, 0, 0, 1, 0, 0)
2018-04-14 14:39:22.039781;(9, 0, 16886, 253, 0, 0, 0, 0, 0, 0, 0, 0, 0, 0, 0, 0, 0, 0, 1, 0, 0)
2018-04-14 14:39:24.318217;(4, 0, 12400, 253, 0, 0, 0, 0, 0, 0, 0, 0, 0, 0, 0, 0, 0, 0, 1, 0, 0)
2018-04-14 14:39:29.070361;(14, 0, 12525, 253, 0, 0, 0, 0, 0, 0, 0, 0, 0, 0, 0, 0, 0, 0, 1, 0, 0)
2018-04-14 14:39:29.614251;(17, 0, 24862, 253, 0, 0, 0, 0, 0, 0, 0, 0, 0, 0, 0, 0, 0, 0, 1, 0, 0)
2018-04-14 14:39:38.106138;(7, 0, 5758, 253, 0, 0, 0, 0, 0, 0, 0, 0, 0, 0, 0, 0, 0, 0, 1, 0, 0)
2018-04-14 14:39:43.153716;(22, 0, 6239, 253, 0, 0, 0, 0, 0, 0, 0, 0, 0, 0, 0, 0, 0, 0, 1, 0, 0)
2018-04-14 14:39:43.846347;(11, 0, 45537, 253, 0, 0, 0, 0, 0, 0, 0, 0, 0, 0, 0, 0, 0, 0, 1, 0, 0)
2018-04-14 14:39:46.561947;(10, 0, 11850, 253, 0, 0, 0, 0, 0, 0, 0, 0, 0, 0, 0, 0, 0, 0, 1, 0, 0)
2018-04-14 14:39:49.578592;(6, 0, 2120, 253, 0, 0, 0, 0, 0, 0, 0, 0, 0, 0, 0, 0, 0, 0, 1, 0, 0)
2018-04-14 14:39:53.300197;(3, 0, 49172, 253, 0, 0, 0, 0, 0, 0, 0, 0, 0, 0, 0, 0, 0, 0, 1, 0, 0)
2018-04-14 14:39:54.390614;(20, 0, 39458, 253, 0, 0, 0, 0, 0, 0, 0, 0, 0, 0, 0, 0, 0, 0, 1, 0, 0)
2018-04-14 14:39:59.044282;(9, 0, 16895, 253, 0, 0, 0, 0, 0, 0, 0, 0, 0, 0, 0, 0, 0, 0, 1, 0, 0)
2018-04-14 14:39:59.326394;(4, 0, 12411, 253, 0, 0, 0, 0, 0, 0, 0, 0, 0, 0, 0, 0, 0, 0, 1, 0, 0)
2018-04-14 14:40:03.393493;(16, 0, 29054, 253, 0, 0, 0, 0, 0, 0, 0, 0, 0, 0, 0, 0, 0, 0, 1, 0, 0)
2018-04-14 14:40:03.620340;(17, 0, 24869, 253, 0, 0, 0, 0, 0, 0, 0, 0, 0, 0, 0, 0, 0, 0, 1, 0, 0)
2018-04-14 14:40:08.051978;(12, 0, 3639, 253, 0, 0, 0, 0, 0, 0, 0, 0, 0, 0, 0, 0, 0, 0, 1, 0, 0)
2018-04-14 14:40:09.842879;(8, 0, 48112, 253, 0, 0, 0, 0, 0, 0, 0, 0, 0, 0, 0, 0, 0, 0, 1, 0, 0)
2018-04-14 14:40:10.741689;(19, 0, 15577, 253, 0, 0, 0, 0, 0, 0, 0, 0, 0, 0, 0, 0, 0, 0, 1, 0, 0)
2018-04-14 14:40:20.111035;(7, 0, 5781, 253, 0, 0, 0, 0, 0, 0, 0, 0, 0, 0, 0, 0, 0, 0, 1, 0, 0)
2018-04-14 14:40:20.158481;(22, 0, 6247, 253, 0, 0, 0, 0, 0, 0, 0, 0, 0, 0, 0, 0, 0, 0, 1, 0, 0)
2018-04-14 14:40:24.584673;(6, 0, 2128, 253, 0, 0, 0, 0, 0, 0, 0, 0, 0, 0, 0, 0, 0, 0, 1, 0, 0)
2018-04-14 14:40:26.571996;(10, 0, 11858, 253, 0, 0, 0, 0, 0, 0, 0, 0, 0, 0, 0, 0, 0, 0, 1, 0, 0)
2018-04-14 14:40:27.306008;(3, 0, 49181, 253, 0, 0, 0, 0, 0, 0, 0, 0, 0, 0, 0, 0, 0, 0, 1, 0, 0)
2018-04-14 14:40:27.396318;(20, 0, 39468, 253, 0, 0, 0, 0, 0, 0, 0, 0, 0, 0, 0, 0, 0, 0, 1, 0, 0)
2018-04-14 14:40:27.853375;(11, 0, 45544, 253, 0, 0, 0, 0, 0, 0, 0, 0, 0, 0, 0, 0, 0, 0, 1, 0, 0)
2018-04-14 14:40:30.048642;(9, 0, 16907, 253, 0, 0, 0, 0, 0, 0, 0, 0, 0, 0, 0, 0, 0, 0, 1, 0, 0)
2018-04-14 14:40:30.080521;(14, 0, 12577, 253, 0, 0, 0, 0, 0, 0, 0, 0, 0, 0, 0, 0, 0, 0, 1, 0, 0)
2018-04-14 14:40:40.400053;(16, 0, 29066, 253, 0, 0, 0, 0, 0, 0, 0, 0, 0, 0, 0, 0, 0, 0, 1, 0, 0)
2018-04-14 14:40:41.336821;(4, 0, 12418, 253, 0, 0, 0, 0, 0, 0, 0, 0, 0, 0, 0, 0, 0, 0, 1, 0, 0)
2018-04-14 14:40:42.057545;(12, 0, 3653, 253, 0, 0, 0, 0, 0, 0, 0, 0, 0, 0, 0, 0, 0, 0, 1, 0, 0)
2018-04-14 14:40:44.630135;(17, 0, 24876, 253, 0, 0, 0, 0, 0, 0, 0, 0, 0, 0, 0, 0, 0, 0, 1, 0, 0)
2018-04-14 14:40:56.589444;(6, 0, 2141, 253, 0, 0, 0, 0, 0, 0, 0, 0, 0, 0, 0, 0, 0, 0, 1, 0, 0)
2018-04-14 14:41:00.165656;(22, 0, 6255, 253, 0, 0, 0, 0, 0, 0, 0, 0, 0, 0, 0, 0, 0, 0, 1, 0, 0)
2018-04-14 14:41:01.750883;(19, 0, 15606, 253, 0, 0, 0, 0, 0, 0, 0, 0, 0, 0, 0, 0, 0, 0, 1, 0, 0)
2018-04-14 14:41:11.055312;(9, 0, 16915, 253, 0, 0, 0, 0, 0, 0, 0, 0, 0, 0, 0, 0, 0, 0, 1, 0, 0)
2018-04-14 14:41:11.404020;(20, 0, 39487, 253, 0, 0, 0, 0, 0, 0, 0, 0, 0, 0, 0, 0, 0, 0, 1, 0, 0)
2018-04-14 14:41:11.578504;(10, 0, 11871, 253, 0, 0, 0, 0, 0, 0, 0, 0, 0, 0, 0, 0, 0, 0, 1, 0, 0)
2018-04-14 14:41:17.092633;(14, 0, 12612, 253, 0, 0, 0, 0, 0, 0, 0, 0, 0, 0, 0, 0, 0, 0, 1, 0, 0)
2018-04-14 14:41:19.350381;(4, 0, 12425, 253, 0, 0, 0, 0, 0, 0, 0, 0, 0, 0, 0, 0, 0, 0, 1, 0, 0)
2018-04-14 14:41:22.863337;(11, 0, 45585, 253, 0, 0, 0, 0, 0, 0, 0, 0, 0, 0, 0, 0, 0, 0, 1, 0, 0)
2018-04-14 14:41:25.635156;(17, 0, 24883, 253, 0, 0, 0, 0, 0, 0, 0, 0, 0, 0, 0, 0, 0, 0, 1, 0, 0)
2018-04-14 14:41:30.409639;(16, 0, 29176, 253, 0, 0, 0, 0, 0, 0, 0, 0, 0, 0, 0, 0, 0, 0, 1, 0, 0)
2018-04-14 14:41:32.867879;(8, 0, 48439, 253, 0, 0, 0, 0, 0, 0, 0, 0, 0, 0, 0, 0, 0, 0, 1, 0, 0)
2018-04-14 14:41:38.067452;(12, 0, 3765, 253, 0, 0, 0, 0, 0, 0, 0, 0, 0, 0, 0, 0, 0, 0, 1, 0, 0)
2018-04-14 14:41:38.170206;(22, 0, 6268, 253, 0, 0, 0, 0, 0, 0, 0, 0, 0, 0, 0, 0, 0, 0, 1, 0, 0)
2018-04-14 14:41:39.599722;(6, 0, 2149, 253, 0, 0, 0, 0, 0, 0, 0, 0, 0, 0, 0, 0, 0, 0, 1, 0, 0)
2018-04-14 14:41:39.757744;(19, 0, 15628, 253, 0, 0, 0, 0, 0, 0, 0, 0, 0, 0, 0, 0, 0, 0, 1, 0, 0)
2018-04-14 14:41:40.325544;(3, 0, 49432, 253, 0, 0, 0, 0, 0, 0, 0, 0, 0, 0, 0, 0, 0, 0, 1, 0, 0)
2018-04-14 14:41:43.134282;(7, 0, 6306, 253, 0, 0, 0, 0, 0, 0, 0, 0, 0, 0, 0, 0, 0, 0, 1, 0, 0)
2018-04-14 14:41:45.584296;(10, 0, 11879, 253, 0, 0, 0, 0, 0, 0, 0, 0, 0, 0, 0, 0, 0, 0, 1, 0, 0)
2018-04-14 14:41:48.410823;(20, 0, 39495, 253, 0, 0, 0, 0, 0, 0, 0, 0, 0, 0, 0, 0, 0, 0, 1, 0, 0)
2018-04-14 14:41:53.062512;(9, 0, 16923, 253, 0, 0, 0, 0, 0, 0, 0, 0, 0, 0, 0, 0, 0, 0, 1, 0, 0)
2018-04-14 14:41:55.101794;(14, 0, 12647, 253, 0, 0, 0, 0, 0, 0, 0, 0, 0, 0, 0, 0, 0, 0, 1, 0, 0)
2018-04-14 14:41:57.641527;(17, 0, 24894, 253, 0, 0, 0, 0, 0, 0, 0, 0, 0, 0, 0, 0, 0, 0, 1, 0, 0)
2018-04-14 14:41:58.820568;(18, 0, 16019, 253, 0, 0, 0, 0, 0, 0, 0, 0, 0, 0, 0, 0, 0, 0, 1, 0, 0)
2018-04-14 14:42:03.355645;(4, 0, 12432, 253, 0, 0, 0, 0, 0, 0, 0, 0, 0, 0, 0, 0, 0, 0, 1, 0, 0)
2018-04-14 14:42:05.868201;(11, 0, 45592, 253, 0, 0, 0, 0, 0, 0, 0, 0, 0, 0, 0, 0, 0, 0, 1, 0, 0)
2018-04-14 14:42:08.875306;(8, 0, 48447, 253, 0, 0, 0, 0, 0, 0, 0, 0, 0, 0, 0, 0, 0, 0, 1, 0, 0)
2018-04-14 14:42:12.415081;(16, 0, 29189, 253, 0, 0, 0, 0, 0, 0, 0, 0, 0, 0, 0, 0, 0, 0, 1, 0, 0)
2018-04-14 14:42:15.330963;(3, 0, 49440, 253, 0, 0, 0, 0, 0, 0, 0, 0, 0, 0, 0, 0, 0, 0, 1, 0, 0)
2018-04-14 14:42:16.070823;(12, 0, 3773, 253, 0, 0, 0, 0, 0, 0, 0, 0, 0, 0, 0, 0, 0, 0, 1, 0, 0)
2018-04-14 14:42:17.587674;(10, 0, 11887, 253, 0, 0, 0, 0, 0, 0, 0, 0, 0, 0, 0, 0, 0, 0, 1, 0, 0)
2018-04-14 14:42:17.769442;(19, 0, 15636, 253, 0, 0, 0, 0, 0, 0, 0, 0, 0, 0, 0, 0, 0, 0, 1, 0, 0)
2018-04-14 14:42:21.606339;(6, 0, 2157, 253, 0, 0, 0, 0, 0, 0, 0, 0, 0, 0, 0, 0, 0, 0, 1, 0, 0)
2018-04-14 14:42:22.174561;(22, 0, 6276, 253, 0, 0, 0, 0, 0, 0, 0, 0, 0, 0, 0, 0, 0, 0, 1, 0, 0)
