2018-04-05 03:33:27.982091;(19, (0, 0, 0, 0))
2018-04-05 03:33:28.048116;(3, (3, 0, 3, 0))
2018-04-05 03:33:28.074418;(14, (0, 0, 0, 0))
2018-04-05 03:33:28.102811;(6, (2, 0, 2, 0))
2018-04-05 03:33:28.206641;(10, (2, 0, 2, 0))
2018-04-05 03:33:28.215009;(20, (0, 0, 0, 0))
2018-04-05 03:33:28.318012;(12, (0, 0, 0, 0))
2018-04-05 03:33:28.322267;(8, (0, 0, 0, 0))
2018-04-05 03:33:28.370808;(17, (0, 0, 0, 0))
2018-04-05 03:33:28.376997;(22, (0, 0, 0, 0))
2018-04-05 03:33:28.422059;(11, (0, 0, 0, 0))
2018-04-05 03:33:28.492835;(16, (0, 0, 0, 0))
2018-04-05 03:33:28.543672;(23, (0, 0, 0, 0))
2018-04-05 03:33:28.565990;(4, (0, 0, 0, 0))
2018-04-05 03:33:28.652780;(9, (0, 0, 0, 0))
2018-04-05 03:33:28.688435;(5, (0, 0, 0, 0))
2018-04-05 03:33:28.734577;(1, (0, 0, 0, 0))
2018-04-05 03:33:28.768420;(7, (3, 0, 3, 0))
2018-04-05 03:33:28.789989;(18, (0, 0, 0, 0))
2018-04-05 03:33:28.807962;(21, (0, 0, 0, 0))
2018-04-05 03:33:28.955788;(13, (0, 0, 0, 0))
2018-04-05 03:33:28.960786;(15, (0, 0, 0, 0))
2018-04-05 03:33:57.985198;(19, (6, 1, 7, 0))
2018-04-05 03:33:58.051170;(3, (9, 1, 10, 0))
2018-04-05 03:33:58.076687;(14, (5, 1, 6, 0))
2018-04-05 03:33:58.106089;(6, (8, 0, 8, 0))
2018-04-05 03:33:58.210056;(10, (8, 0, 8, 0))
2018-04-05 03:33:58.218587;(20, (6, 0, 6, 0))
2018-04-05 03:33:58.321724;(12, (3, 1, 5, 0))
2018-04-05 03:33:58.324752;(8, (4, 2, 6, 0))
2018-04-05 03:33:58.374171;(17, (3, 0, 3, 0))
2018-04-05 03:33:58.380007;(22, (5, 3, 8, 0))
2018-04-05 03:33:58.427131;(11, (6, 1, 7, 0))
2018-04-05 03:33:58.495369;(16, (4, 0, 4, 0))
2018-04-05 03:33:58.549010;(23, (0, 0, 0, 0))
2018-04-05 03:33:58.569292;(4, (5, 0, 5, 0))
2018-04-05 03:33:58.657392;(9, (6, 0, 6, 0))
2018-04-05 03:33:58.690807;(5, (6, 0, 6, 0))
2018-04-05 03:33:58.738540;(1, (0, 0, 0, 0))
2018-04-05 03:33:58.770993;(7, (9, 2, 11, 0))
2018-04-05 03:33:58.793109;(18, (5, 1, 6, 0))
2018-04-05 03:33:58.813668;(21, (6, 0, 6, 0))
2018-04-05 03:33:58.958331;(13, (4, 0, 4, 0))
2018-04-05 03:33:58.962818;(15, (5, 0, 5, 0))
2018-04-05 03:34:27.988484;(19, (12, 1, 13, 0))
2018-04-05 03:34:28.055712;(3, (15, 1, 16, 0))
2018-04-05 03:34:28.079249;(14, (11, 1, 12, 0))
2018-04-05 03:34:28.109068;(6, (14, 0, 14, 0))
2018-04-05 03:34:28.213342;(10, (14, 0, 14, 0))
2018-04-05 03:34:28.222874;(20, (12, 0, 12, 0))
2018-04-05 03:34:28.324590;(12, (11, 3, 14, 0))
2018-04-05 03:34:28.329037;(8, (10, 2, 12, 0))
2018-04-05 03:34:28.378423;(17, (9, 0, 9, 0))
2018-04-05 03:34:28.383585;(22, (11, 3, 14, 0))
2018-04-05 03:34:28.429587;(11, (12, 1, 13, 0))
2018-04-05 03:34:28.499133;(16, (10, 0, 10, 0))
2018-04-05 03:34:28.553366;(23, (0, 0, 0, 0))
2018-04-05 03:34:28.572905;(4, (11, 0, 11, 0))
2018-04-05 03:34:28.662042;(9, (12, 0, 12, 0))
2018-04-05 03:34:28.694070;(5, (12, 0, 12, 0))
2018-04-05 03:34:28.741983;(1, (0, 0, 0, 0))
2018-04-05 03:34:28.775132;(7, (15, 2, 17, 0))
2018-04-05 03:34:28.795391;(18, (11, 1, 12, 0))
2018-04-05 03:34:28.817945;(21, (12, 0, 12, 0))
2018-04-05 03:34:28.961282;(13, (10, 0, 10, 0))
2018-04-05 03:34:28.965865;(15, (11, 0, 11, 0))
2018-04-05 03:34:58.216520;(10, (20, 0, 20, 0))
2018-04-05 03:34:58.432990;(11, (18, 1, 19, 0))
2018-04-05 03:34:58.559199;(23, (0, 0, 0, 0))
2018-04-05 03:34:58.746124;(1, (0, 0, 0, 0))
2018-04-05 03:34:58.821339;(21, (18, 0, 18, 0))
2018-04-05 03:34:58.990903;(19, (18, 1, 19, 0))
2018-04-05 03:34:59.059051;(3, (21, 1, 22, 0))
2018-04-05 03:34:59.081628;(14, (17, 1, 18, 0))
2018-04-05 03:34:59.111435;(6, (20, 0, 20, 0))
2018-04-05 03:34:59.227477;(20, (18, 0, 18, 0))
2018-04-05 03:34:59.328117;(12, (17, 3, 20, 0))
2018-04-05 03:34:59.333025;(8, (16, 2, 18, 0))
2018-04-05 03:34:59.383336;(17, (15, 0, 15, 0))
2018-04-05 03:34:59.386927;(22, (17, 3, 20, 0))
2018-04-05 03:34:59.503016;(16, (16, 0, 16, 0))
2018-04-05 03:34:59.577318;(4, (17, 0, 17, 0))
2018-04-05 03:34:59.665391;(9, (18, 0, 18, 0))
2018-04-05 03:34:59.699052;(5, (18, 0, 18, 0))
2018-04-05 03:34:59.780353;(7, (21, 2, 23, 0))
2018-04-05 03:34:59.797744;(18, (17, 1, 18, 0))
2018-04-05 03:34:59.970128;(15, (17, 0, 17, 0))
2018-04-05 03:35:28.748005;(1, (0, 0, 0, 0))
2018-04-05 03:35:28.995052;(19, (24, 1, 25, 0))
2018-04-05 03:35:29.062460;(3, (27, 1, 28, 0))
2018-04-05 03:35:29.084422;(14, (23, 1, 24, 0))
2018-04-05 03:35:29.113825;(6, (26, 0, 26, 0))
2018-04-05 03:35:29.219190;(10, (26, 0, 26, 0))
2018-04-05 03:35:29.230777;(20, (24, 0, 24, 0))
2018-04-05 03:35:29.331472;(12, (23, 3, 26, 0))
2018-04-05 03:35:29.335760;(8, (22, 2, 24, 0))
2018-04-05 03:35:29.386813;(17, (21, 0, 21, 0))
2018-04-05 03:35:29.393288;(22, (23, 3, 26, 0))
2018-04-05 03:35:29.437091;(11, (24, 1, 25, 0))
2018-04-05 03:35:29.506186;(16, (22, 0, 22, 0))
2018-04-05 03:35:29.564317;(23, (0, 0, 0, 0))
2018-04-05 03:35:29.579666;(4, (23, 0, 23, 0))
2018-04-05 03:35:29.669575;(9, (24, 0, 24, 0))
2018-04-05 03:35:29.701400;(5, (24, 0, 24, 0))
2018-04-05 03:35:29.785028;(7, (27, 2, 29, 0))
2018-04-05 03:35:29.801015;(18, (23, 1, 24, 0))
2018-04-05 03:35:29.823873;(21, (24, 0, 24, 0))
2018-04-05 03:35:29.971014;(13, (23, 0, 23, 0))
2018-04-05 03:35:29.973408;(15, (23, 0, 23, 0))
2018-04-05 03:35:58.750414;(1, (0, 0, 0, 0))
2018-04-05 03:35:58.997294;(19, (30, 1, 31, 0))
2018-04-05 03:35:59.065635;(3, (33, 1, 34, 0))
2018-04-05 03:35:59.086781;(14, (29, 1, 30, 0))
2018-04-05 03:35:59.116504;(6, (32, 0, 32, 0))
2018-04-05 03:35:59.221794;(10, (32, 0, 32, 0))
2018-04-05 03:35:59.234063;(20, (30, 0, 30, 0))
2018-04-05 03:35:59.337641;(12, (29, 3, 32, 0))
2018-04-05 03:35:59.338773;(8, (28, 2, 30, 0))
2018-04-05 03:35:59.391074;(17, (27, 0, 27, 0))
2018-04-05 03:35:59.395569;(22, (29, 3, 32, 0))
2018-04-05 03:35:59.439563;(11, (30, 1, 31, 0))
2018-04-05 03:35:59.509843;(16, (28, 0, 28, 0))
2018-04-05 03:35:59.566769;(23, (0, 0, 0, 0))
2018-04-05 03:35:59.582381;(4, (29, 0, 29, 0))
2018-04-05 03:35:59.672040;(9, (30, 0, 30, 0))
2018-04-05 03:35:59.703736;(5, (30, 0, 30, 0))
2018-04-05 03:35:59.791206;(7, (33, 2, 35, 0))
2018-04-05 03:35:59.803265;(18, (29, 1, 30, 0))
2018-04-05 03:35:59.825977;(21, (30, 0, 30, 0))
2018-04-05 03:35:59.977240;(15, (30, 0, 30, 0))
2018-04-05 03:35:59.978911;(13, (29, 0, 29, 0))
2018-04-05 03:36:28.753287;(1, (0, 0, 0, 0))
2018-04-05 03:36:28.999743;(19, (36, 1, 37, 0))
2018-04-05 03:36:29.067929;(3, (39, 1, 40, 0))
2018-04-05 03:36:29.089153;(14, (35, 1, 36, 0))
2018-04-05 03:36:29.118819;(6, (38, 0, 38, 0))
2018-04-05 03:36:29.224920;(10, (38, 0, 38, 0))
2018-04-05 03:36:29.237358;(20, (36, 0, 36, 0))
2018-04-05 03:36:29.341444;(12, (35, 3, 38, 0))
2018-04-05 03:36:29.342495;(8, (34, 2, 36, 0))
2018-04-05 03:36:29.394539;(17, (33, 0, 33, 0))
2018-04-05 03:36:29.398698;(22, (35, 3, 38, 0))
2018-04-05 03:36:29.442977;(11, (36, 1, 37, 0))
2018-04-05 03:36:29.569772;(23, (0, 0, 0, 0))
2018-04-05 03:36:29.585217;(4, (35, 0, 35, 0))
2018-04-05 03:36:29.677287;(9, (36, 0, 36, 0))
2018-04-05 03:36:29.707071;(5, (36, 0, 36, 0))
2018-04-05 03:36:29.795078;(7, (40, 2, 42, 0))
2018-04-05 03:36:29.810512;(18, (35, 1, 36, 0))
2018-04-05 03:36:29.833136;(21, (36, 0, 36, 0))
2018-04-05 03:36:29.979781;(15, (36, 0, 36, 0))
2018-04-05 03:36:29.982640;(13, (35, 0, 35, 0))
2018-04-05 03:36:59.003379;(19, (42, 2, 44, 0))
2018-04-05 03:36:59.092228;(14, (39, 6, 46, 0))
2018-04-05 03:36:59.122070;(6, (44, 0, 44, 0))
2018-04-05 03:36:59.345204;(12, (38, 7, 46, 0))
2018-04-05 03:36:59.346380;(8, (39, 3, 43, 0))
2018-04-05 03:36:59.398973;(17, (39, 3, 42, 0))
2018-04-05 03:36:59.401989;(22, (41, 6, 47, 0))
2018-04-05 03:36:59.445466;(11, (42, 1, 43, 0))
2018-04-05 03:36:59.571968;(23, (0, 0, 0, 0))
2018-04-05 03:36:59.587527;(4, (41, 0, 41, 0))
2018-04-05 03:36:59.681542;(9, (42, 0, 42, 0))
2018-04-05 03:36:59.710564;(5, (43, 2, 45, 0))
2018-04-05 03:36:59.755180;(1, (0, 0, 0, 0))
2018-04-05 03:36:59.815223;(18, (40, 3, 44, 0))
2018-04-05 03:36:59.835439;(21, (42, 0, 42, 0))
2018-04-05 03:36:59.983867;(15, (42, 0, 42, 0))
2018-04-05 03:36:59.985842;(13, (41, 0, 41, 0))
2018-04-05 03:37:00.071060;(3, (45, 1, 46, 0))
2018-04-05 03:37:00.516354;(16, (41, 1, 42, 0))
2018-04-05 03:37:00.801206;(7, (46, 4, 50, 0))
2018-04-05 03:37:29.230229;(10, (51, 0, 51, 0))
2018-04-05 03:37:29.448172;(11, (48, 1, 49, 0))
2018-04-05 03:37:29.574212;(23, (0, 0, 0, 0))
2018-04-05 03:37:29.757976;(1, (0, 0, 0, 0))
2018-04-05 03:37:29.837872;(21, (48, 0, 48, 0))
2018-04-05 03:37:30.073335;(3, (51, 1, 52, 0))
2018-04-05 03:37:30.095433;(14, (47, 7, 54, 0))
2018-04-05 03:37:30.124441;(6, (50, 1, 51, 0))
2018-04-05 03:37:30.246626;(20, (48, 1, 49, 0))
2018-04-05 03:37:30.348349;(12, (47, 8, 55, 0))
2018-04-05 03:37:30.350347;(8, (47, 5, 52, 0))
2018-04-05 03:37:30.402287;(17, (45, 3, 48, 0))
2018-04-05 03:37:30.405082;(22, (47, 9, 56, 0))
2018-04-05 03:37:30.519793;(16, (47, 1, 48, 0))
2018-04-05 03:37:30.590579;(4, (47, 0, 47, 0))
2018-04-05 03:37:30.685627;(9, (48, 0, 48, 0))
2018-04-05 03:37:30.715143;(5, (49, 2, 51, 0))
2018-04-05 03:37:30.803356;(7, (52, 5, 57, 0))
2018-04-05 03:37:30.818791;(18, (47, 4, 51, 0))
2018-04-05 03:37:30.986622;(15, (48, 0, 48, 0))
2018-04-05 03:37:30.989224;(13, (47, 0, 47, 0))
2018-04-05 03:37:59.761996;(1, (0, 0, 0, 0))
2018-04-05 03:38:00.010085;(19, (55, 2, 57, 0))
2018-04-05 03:38:00.075611;(3, (57, 1, 58, 0))
2018-04-05 03:38:00.097569;(14, (53, 7, 60, 0))
2018-04-05 03:38:00.126689;(6, (56, 1, 57, 0))
2018-04-05 03:38:00.232906;(10, (57, 0, 57, 0))
2018-04-05 03:38:00.250434;(20, (54, 1, 55, 0))
2018-04-05 03:38:00.351093;(12, (53, 8, 61, 0))
2018-04-05 03:38:00.354717;(8, (53, 5, 58, 0))
2018-04-05 03:38:00.406270;(17, (51, 3, 54, 0))
2018-04-05 03:38:00.407314;(22, (53, 9, 62, 0))
2018-04-05 03:38:00.451186;(11, (55, 1, 56, 0))
2018-04-05 03:38:00.523715;(16, (53, 2, 55, 0))
2018-04-05 03:38:00.576388;(23, (0, 0, 0, 0))
2018-04-05 03:38:00.593056;(4, (53, 0, 53, 0))
2018-04-05 03:38:00.690447;(9, (54, 0, 54, 0))
2018-04-05 03:38:00.717923;(5, (55, 2, 57, 0))
2018-04-05 03:38:00.810052;(7, (58, 6, 64, 0))
2018-04-05 03:38:00.822151;(18, (53, 4, 57, 0))
2018-04-05 03:38:00.841448;(21, (55, 0, 55, 0))
2018-04-05 03:38:00.989456;(15, (54, 0, 54, 0))
2018-04-05 03:38:00.994253;(13, (53, 0, 53, 0))
2018-04-05 03:38:29.763829;(1, (0, 0, 0, 0))
2018-04-05 03:38:30.013116;(19, (61, 4, 65, 0))
2018-04-05 03:38:30.077940;(3, (62, 5, 67, 1))
2018-04-05 03:38:30.099648;(14, (59, 10, 69, 0))
2018-04-05 03:38:30.130119;(6, (62, 1, 63, 0))
2018-04-05 03:38:30.235486;(10, (63, 0, 63, 0))
2018-04-05 03:38:30.254322;(20, (60, 5, 65, 0))
2018-04-05 03:38:30.354565;(12, (59, 11, 70, 0))
2018-04-05 03:38:30.358930;(8, (59, 8, 67, 0))
2018-04-05 03:38:30.409527;(17, (56, 7, 63, 1))
2018-04-05 03:38:30.411053;(22, (58, 13, 72, 0))
2018-04-05 03:38:30.455346;(11, (60, 3, 64, 0))
2018-04-05 03:38:30.527843;(16, (59, 4, 63, 0))
2018-04-05 03:38:30.578795;(23, (0, 0, 0, 0))
2018-04-05 03:38:30.595294;(4, (59, 3, 62, 0))
2018-04-05 03:38:30.693937;(9, (60, 1, 61, 0))
2018-04-05 03:38:30.721086;(5, (61, 2, 63, 0))
2018-04-05 03:38:30.813977;(7, (64, 12, 76, 0))
2018-04-05 03:38:30.825122;(18, (59, 8, 67, 0))
2018-04-05 03:38:30.843574;(21, (61, 0, 61, 0))
2018-04-05 03:38:30.993279;(15, (60, 0, 60, 0))
2018-04-05 03:38:30.997815;(13, (58, 4, 62, 1))
2018-04-05 03:38:59.765770;(1, (0, 0, 0, 0))
2018-04-05 03:39:00.015285;(19, (67, 4, 71, 0))
2018-04-05 03:39:00.081220;(3, (68, 5, 73, 1))
2018-04-05 03:39:00.101996;(14, (65, 10, 75, 0))
2018-04-05 03:39:00.133472;(6, (68, 1, 69, 0))
2018-04-05 03:39:00.237996;(10, (69, 0, 69, 0))
2018-04-05 03:39:00.257264;(20, (67, 5, 72, 0))
2018-04-05 03:39:00.357015;(12, (65, 11, 76, 0))
2018-04-05 03:39:00.362595;(8, (65, 8, 73, 0))
2018-04-05 03:39:00.412032;(17, (62, 7, 69, 1))
2018-04-05 03:39:00.415358;(22, (65, 14, 79, 0))
2018-04-05 03:39:00.458115;(11, (67, 5, 72, 0))
2018-04-05 03:39:00.530795;(16, (65, 4, 69, 0))
2018-04-05 03:39:00.581504;(23, (0, 0, 0, 0))
2018-04-05 03:39:00.597974;(4, (65, 3, 68, 0))
2018-04-05 03:39:00.697625;(9, (66, 1, 67, 0))
2018-04-05 03:39:00.723522;(5, (67, 2, 69, 0))
2018-04-05 03:39:00.817248;(7, (70, 12, 82, 0))
2018-04-05 03:39:00.827375;(18, (65, 8, 73, 0))
2018-04-05 03:39:00.846431;(21, (67, 0, 67, 0))
2018-04-05 03:39:00.996384;(15, (66, 0, 66, 0))
2018-04-05 03:39:01.001679;(13, (64, 4, 68, 1))
2018-04-05 03:39:29.771590;(1, (0, 0, 0, 0))
2018-04-05 03:39:30.029296;(19, (73, 4, 77, 0))
2018-04-05 03:39:30.106992;(14, (71, 10, 81, 0))
2018-04-05 03:39:30.139926;(6, (74, 1, 75, 0))
2018-04-05 03:39:30.245666;(10, (75, 0, 75, 0))
2018-04-05 03:39:30.263049;(20, (73, 5, 78, 0))
2018-04-05 03:39:30.365481;(12, (71, 11, 82, 0))
2018-04-05 03:39:30.464244;(11, (73, 5, 78, 0))
2018-04-05 03:39:30.587000;(23, (0, 0, 0, 0))
2018-04-05 03:39:30.603577;(4, (71, 3, 74, 0))
2018-04-05 03:39:30.704063;(9, (73, 1, 74, 0))
2018-04-05 03:39:30.730042;(5, (73, 2, 75, 0))
2018-04-05 03:39:30.834003;(18, (71, 8, 79, 0))
2018-04-05 03:39:30.866092;(21, (73, 0, 73, 0))
2018-04-05 03:39:31.002816;(15, (72, 0, 72, 0))
2018-04-05 03:39:31.087177;(3, (75, 5, 80, 1))
2018-04-05 03:39:31.367818;(8, (71, 8, 79, 0))
2018-04-05 03:39:31.419949;(17, (68, 7, 75, 1))
2018-04-05 03:39:31.421269;(22, (71, 14, 85, 0))
2018-04-05 03:39:31.538590;(16, (71, 4, 75, 0))
2018-04-05 03:39:31.825343;(7, (76, 12, 88, 0))
2018-04-05 03:39:32.006427;(13, (70, 4, 74, 1))
2018-04-05 03:39:59.777848;(1, (0, 0, 0, 0))
2018-04-05 03:40:00.046260;(19, (79, 4, 83, 0))
2018-04-05 03:40:00.256075;(10, (81, 0, 81, 0))
2018-04-05 03:40:00.471618;(11, (79, 5, 84, 0))
2018-04-05 03:40:00.592249;(23, (0, 0, 0, 0))
2018-04-05 03:40:00.874219;(21, (79, 0, 79, 0))
2018-04-05 03:40:01.095469;(3, (81, 5, 86, 1))
2018-04-05 03:40:01.122307;(14, (77, 10, 87, 0))
2018-04-05 03:40:01.146555;(6, (80, 1, 81, 0))
2018-04-05 03:40:01.270535;(20, (79, 5, 84, 0))
2018-04-05 03:40:01.374171;(8, (77, 8, 85, 0))
2018-04-05 03:40:01.374682;(12, (77, 11, 88, 0))
2018-04-05 03:40:01.427810;(22, (77, 14, 91, 0))
2018-04-05 03:40:01.429248;(17, (74, 7, 81, 1))
2018-04-05 03:40:01.549759;(16, (77, 4, 81, 0))
2018-04-05 03:40:01.610628;(4, (77, 3, 80, 0))
2018-04-05 03:40:01.711513;(9, (79, 1, 80, 0))
2018-04-05 03:40:01.738151;(5, (79, 2, 81, 0))
2018-04-05 03:40:01.832220;(7, (82, 12, 94, 0))
2018-04-05 03:40:01.843979;(18, (77, 8, 85, 0))
2018-04-05 03:40:02.010722;(15, (78, 0, 78, 0))
2018-04-05 03:40:02.011857;(13, (76, 4, 80, 1))
2018-04-05 03:40:29.783003;(1, (0, 0, 0, 0))
2018-04-05 03:40:30.263327;(10, (87, 0, 87, 0))
2018-04-05 03:40:30.597750;(23, (0, 0, 0, 0))
2018-04-05 03:40:30.882413;(21, (85, 0, 85, 0))
2018-04-05 03:40:31.054933;(19, (85, 4, 89, 0))
2018-04-05 03:40:31.105193;(3, (87, 5, 92, 1))
2018-04-05 03:40:31.129265;(14, (83, 10, 93, 0))
2018-04-05 03:40:31.153172;(6, (86, 1, 87, 0))
2018-04-05 03:40:31.281564;(20, (85, 5, 90, 0))
2018-04-05 03:40:31.382459;(8, (83, 8, 91, 0))
2018-04-05 03:40:31.383648;(12, (83, 11, 94, 0))
2018-04-05 03:40:31.436438;(22, (83, 14, 97, 0))
2018-04-05 03:40:31.437374;(17, (80, 7, 87, 1))
2018-04-05 03:40:31.478404;(11, (85, 5, 90, 0))
2018-04-05 03:40:31.560106;(16, (83, 4, 87, 0))
2018-04-05 03:40:31.620089;(4, (83, 3, 86, 0))
2018-04-05 03:40:31.718700;(9, (85, 1, 86, 0))
2018-04-05 03:40:31.746930;(5, (85, 2, 87, 0))
2018-04-05 03:40:31.838338;(7, (88, 12, 100, 0))
2018-04-05 03:40:31.850516;(18, (83, 8, 91, 0))
2018-04-05 03:40:32.018855;(15, (84, 0, 84, 0))
2018-04-05 03:40:32.019949;(13, (82, 4, 86, 1))
2018-04-05 03:41:00.799036;(1, (0, 0, 0, 0))
2018-04-05 03:41:01.062464;(19, (91, 6, 97, 0))
2018-04-05 03:41:01.112979;(3, (93, 7, 100, 1))
2018-04-05 03:41:01.141196;(14, (89, 10, 99, 0))
2018-04-05 03:41:01.162200;(6, (92, 1, 93, 0))
2018-04-05 03:41:01.270756;(10, (93, 0, 93, 0))
2018-04-05 03:41:01.302649;(20, (91, 5, 96, 0))
2018-04-05 03:41:01.390361;(12, (89, 12, 101, 0))
2018-04-05 03:41:01.390784;(8, (88, 9, 98, 0))
2018-04-05 03:41:01.443655;(22, (89, 14, 103, 0))
2018-04-05 03:41:01.446320;(17, (86, 8, 94, 1))
2018-04-05 03:41:01.494235;(11, (91, 5, 96, 0))
2018-04-05 03:41:01.568032;(16, (87, 5, 93, 0))
2018-04-05 03:41:01.606332;(23, (0, 0, 0, 0))
2018-04-05 03:41:01.626762;(4, (89, 3, 92, 0))
2018-04-05 03:41:01.729681;(9, (91, 1, 92, 0))
2018-04-05 03:41:01.754094;(5, (91, 2, 93, 0))
2018-04-05 03:41:01.847359;(7, (94, 12, 106, 0))
2018-04-05 03:41:01.858007;(18, (89, 9, 98, 0))
2018-04-05 03:41:01.890645;(21, (91, 0, 91, 0))
2018-04-05 03:41:02.033323;(15, (90, 0, 90, 0))
2018-04-05 03:41:02.034493;(13, (88, 4, 92, 1))
2018-04-05 03:41:30.810383;(1, (0, 0, 0, 0))
2018-04-05 03:41:31.069162;(19, (97, 6, 103, 0))
2018-04-05 03:41:31.122936;(3, (99, 7, 106, 1))
2018-04-05 03:41:31.151534;(14, (95, 10, 105, 0))
2018-04-05 03:41:31.166964;(6, (98, 1, 99, 0))
2018-04-05 03:41:31.276400;(10, (99, 0, 99, 0))
2018-04-05 03:41:31.313972;(20, (97, 5, 102, 0))
2018-04-05 03:41:31.395236;(8, (95, 10, 105, 0))
2018-04-05 03:41:31.397141;(12, (95, 15, 110, 0))
2018-04-05 03:41:31.450342;(22, (95, 16, 111, 0))
2018-04-05 03:41:31.451365;(17, (92, 8, 100, 1))
2018-04-05 03:41:31.498788;(11, (97, 5, 102, 0))
2018-04-05 03:41:31.573367;(16, (95, 6, 101, 0))
2018-04-05 03:41:31.617045;(23, (0, 0, 0, 0))
2018-04-05 03:41:31.632327;(4, (95, 3, 98, 0))
2018-04-05 03:41:31.734377;(9, (97, 1, 98, 0))
2018-04-05 03:41:31.758505;(5, (97, 2, 99, 0))
2018-04-05 03:41:31.851589;(7, (100, 12, 112, 0))
2018-04-05 03:41:31.865470;(18, (96, 9, 105, 0))
2018-04-05 03:41:31.894767;(21, (97, 0, 97, 0))
2018-04-05 03:41:32.043572;(13, (94, 4, 98, 1))
2018-04-05 03:41:32.046030;(15, (96, 0, 96, 0))
2018-04-05 03:42:00.813229;(1, (0, 0, 0, 0))
2018-04-05 03:42:01.071418;(19, (103, 6, 109, 0))
2018-04-05 03:42:01.153727;(14, (101, 11, 112, 0))
2018-04-05 03:42:01.170347;(6, (104, 1, 105, 0))
2018-04-05 03:42:01.279319;(10, (105, 0, 105, 0))
2018-04-05 03:42:01.316427;(20, (103, 5, 108, 0))
2018-04-05 03:42:01.397977;(8, (101, 10, 111, 0))
2018-04-05 03:42:01.502197;(11, (103, 5, 108, 0))
2018-04-05 03:42:01.619934;(23, (0, 0, 0, 0))
2018-04-05 03:42:01.635004;(4, (101, 3, 104, 0))
2018-04-05 03:42:01.737424;(9, (103, 1, 104, 0))
2018-04-05 03:42:01.868309;(18, (102, 9, 111, 0))
2018-04-05 03:42:01.897721;(21, (103, 0, 103, 0))
2018-04-05 03:42:02.049353;(15, (102, 0, 102, 0))
2018-04-05 03:42:02.125818;(3, (105, 7, 112, 1))
2018-04-05 03:42:02.399492;(12, (101, 17, 118, 0))
2018-04-05 03:42:02.452995;(22, (101, 16, 117, 0))
2018-04-05 03:42:02.454688;(17, (98, 8, 106, 1))
2018-04-05 03:42:02.576934;(16, (101, 6, 107, 0))
2018-04-05 03:42:02.761045;(5, (103, 2, 105, 0))
2018-04-05 03:42:02.853922;(7, (106, 12, 118, 0))
2018-04-05 03:42:03.048376;(13, (100, 4, 104, 1))
2018-04-05 03:42:30.817489;(1, (0, 0, 0, 0))
2018-04-05 03:42:31.282144;(10, (111, 0, 111, 0))
2018-04-05 03:42:31.504608;(11, (109, 5, 114, 0))
2018-04-05 03:42:31.621995;(23, (0, 0, 0, 0))
2018-04-05 03:42:31.901018;(21, (109, 0, 109, 0))
2018-04-05 03:42:32.080260;(19, (109, 6, 115, 0))
2018-04-05 03:42:32.129044;(3, (111, 7, 118, 1))
2018-04-05 03:42:32.158107;(14, (107, 11, 118, 0))
2018-04-05 03:42:32.173987;(6, (110, 1, 111, 0))
2018-04-05 03:42:32.319555;(20, (109, 5, 114, 0))
2018-04-05 03:42:32.401098;(8, (107, 10, 117, 0))
2018-04-05 03:42:32.402217;(12, (107, 17, 125, 0))
2018-04-05 03:42:32.455537;(22, (107, 16, 124, 0))
2018-04-05 03:42:32.457692;(17, (104, 8, 112, 1))
2018-04-05 03:42:32.579598;(16, (107, 6, 113, 0))
2018-04-05 03:42:32.638279;(4, (107, 3, 110, 0))
2018-04-05 03:42:32.741576;(9, (109, 1, 110, 0))
2018-04-05 03:42:32.763797;(5, (109, 2, 111, 0))
2018-04-05 03:42:32.856638;(7, (112, 12, 124, 0))
2018-04-05 03:42:32.871427;(18, (108, 9, 117, 0))
2018-04-05 03:42:33.053645;(13, (106, 4, 110, 1))
2018-04-05 03:42:33.055692;(15, (108, 1, 109, 0))
2018-04-05 03:43:00.820154;(1, (0, 0, 0, 0))
2018-04-05 03:43:01.285107;(10, (117, 0, 117, 0))
2018-04-05 03:43:01.507847;(11, (115, 5, 120, 0))
2018-04-05 03:43:01.625023;(23, (0, 0, 0, 0))
2018-04-05 03:43:01.903399;(21, (115, 0, 115, 0))
2018-04-05 03:43:02.082561;(19, (115, 6, 121, 0))
2018-04-05 03:43:02.131300;(3, (117, 7, 124, 1))
2018-04-05 03:43:02.161788;(14, (113, 11, 124, 0))
2018-04-05 03:43:02.181060;(6, (116, 1, 117, 0))
2018-04-05 03:43:02.322893;(20, (115, 5, 120, 0))
2018-04-05 03:43:02.403818;(8, (113, 10, 123, 0))
2018-04-05 03:43:02.405606;(12, (114, 18, 132, 0))
2018-04-05 03:43:02.459670;(22, (114, 16, 130, 0))
2018-04-05 03:43:02.461487;(17, (111, 8, 119, 1))
2018-04-05 03:43:02.582183;(16, (113, 6, 119, 0))
2018-04-05 03:43:02.640786;(4, (113, 3, 116, 0))
2018-04-05 03:43:02.746408;(9, (115, 1, 116, 0))
2018-04-05 03:43:02.766321;(5, (115, 2, 117, 0))
2018-04-05 03:43:02.862343;(7, (118, 12, 130, 0))
2018-04-05 03:43:02.874779;(18, (114, 9, 123, 0))
2018-04-05 03:43:03.059503;(13, (112, 4, 116, 1))
2018-04-05 03:43:03.062632;(15, (114, 1, 115, 0))
2018-04-05 03:43:30.822088;(1, (0, 0, 0, 0))
2018-04-05 03:43:31.287646;(10, (123, 0, 123, 0))
2018-04-05 03:43:31.629997;(23, (0, 0, 0, 0))
2018-04-05 03:43:32.085861;(19, (121, 6, 127, 0))
2018-04-05 03:43:32.134731;(3, (123, 7, 130, 1))
2018-04-05 03:43:32.165168;(14, (119, 11, 130, 0))
2018-04-05 03:43:32.185326;(6, (123, 1, 124, 0))
2018-04-05 03:43:32.325940;(20, (121, 5, 126, 0))
2018-04-05 03:43:32.406514;(8, (119, 10, 129, 0))
2018-04-05 03:43:32.408036;(12, (120, 19, 139, 0))
2018-04-05 03:43:32.462712;(22, (120, 17, 137, 0))
2018-04-05 03:43:32.463720;(17, (117, 8, 125, 1))
2018-04-05 03:43:32.513844;(11, (121, 5, 126, 0))
2018-04-05 03:43:32.584683;(16, (119, 6, 125, 0))
2018-04-05 03:43:32.643143;(4, (119, 3, 122, 0))
2018-04-05 03:43:32.749991;(9, (121, 1, 122, 0))
2018-04-05 03:43:32.770164;(5, (121, 2, 123, 0))
2018-04-05 03:43:32.865770;(7, (124, 12, 136, 0))
2018-04-05 03:43:32.878825;(18, (120, 9, 129, 0))
2018-04-05 03:43:32.905746;(21, (121, 0, 121, 0))
2018-04-05 03:43:33.063087;(13, (118, 4, 122, 1))
2018-04-05 03:43:33.066350;(15, (120, 1, 121, 0))
2018-04-05 03:44:00.824131;(1, (0, 0, 0, 0))
2018-04-05 03:44:02.089580;(19, (127, 6, 133, 0))
2018-04-05 03:44:02.137300;(3, (129, 7, 136, 1))
2018-04-05 03:44:02.167610;(14, (125, 11, 136, 0))
2018-04-05 03:44:02.187962;(6, (129, 1, 130, 0))
2018-04-05 03:44:02.293901;(10, (129, 0, 129, 0))
2018-04-05 03:44:02.329829;(20, (127, 5, 132, 0))
2018-04-05 03:44:02.410002;(8, (125, 10, 135, 0))
2018-04-05 03:44:02.410882;(12, (125, 20, 146, 0))
2018-04-05 03:44:02.465787;(22, (126, 18, 144, 0))
2018-04-05 03:44:02.466766;(17, (123, 8, 131, 1))
2018-04-05 03:44:02.516507;(11, (127, 5, 132, 0))
2018-04-05 03:44:02.588338;(16, (125, 6, 131, 0))
2018-04-05 03:44:02.632402;(23, (0, 0, 0, 0))
2018-04-05 03:44:02.645362;(4, (126, 3, 129, 0))
2018-04-05 03:44:02.754145;(9, (127, 1, 128, 0))
2018-04-05 03:44:02.773101;(5, (127, 2, 129, 0))
2018-04-05 03:44:02.869137;(7, (130, 12, 142, 0))
2018-04-05 03:44:02.882488;(18, (126, 9, 135, 0))
2018-04-05 03:44:02.908001;(21, (127, 0, 127, 0))
2018-04-05 03:44:03.066685;(13, (124, 4, 128, 1))
2018-04-05 03:44:03.069486;(15, (126, 1, 127, 0))
2018-04-05 03:44:30.826133;(1, (0, 0, 0, 0))
2018-04-05 03:44:32.091700;(19, (131, 8, 140, 0))
2018-04-05 03:44:32.171532;(14, (129, 13, 143, 0))
2018-04-05 03:44:32.190620;(6, (135, 1, 136, 0))
2018-04-05 03:44:32.301248;(10, (135, 0, 135, 0))
2018-04-05 03:44:32.332906;(20, (133, 8, 141, 0))
2018-04-05 03:44:32.413471;(8, (131, 13, 144, 0))
2018-04-05 03:44:32.518708;(11, (131, 7, 139, 0))
2018-04-05 03:44:32.636100;(23, (0, 0, 0, 0))
2018-04-05 03:44:32.911032;(21, (133, 0, 133, 0))
2018-04-05 03:44:33.073934;(15, (132, 1, 133, 0))
2018-04-05 03:44:33.139569;(3, (133, 10, 144, 1))
2018-04-05 03:44:33.418951;(12, (131, 23, 155, 0))
2018-04-05 03:44:33.468447;(22, (132, 18, 150, 0))
2018-04-05 03:44:33.469999;(17, (127, 10, 138, 1))
2018-04-05 03:44:33.590826;(16, (129, 8, 138, 0))
2018-04-05 03:44:33.649842;(4, (132, 3, 135, 0))
2018-04-05 03:44:33.758123;(9, (133, 1, 134, 0))
2018-04-05 03:44:33.775623;(5, (133, 2, 135, 0))
2018-04-05 03:44:33.871284;(7, (134, 16, 151, 0))
2018-04-05 03:44:33.885794;(18, (130, 11, 142, 0))
2018-04-05 03:44:34.070960;(13, (130, 4, 134, 1))
2018-04-05 03:45:01.828116;(1, (0, 0, 0, 0))
2018-04-05 03:45:02.095523;(19, (139, 9, 148, 0))
2018-04-05 03:45:02.304669;(10, (141, 0, 141, 0))
2018-04-05 03:45:02.521921;(11, (139, 9, 148, 0))
2018-04-05 03:45:02.639684;(23, (0, 0, 0, 0))
2018-04-05 03:45:02.914264;(21, (139, 0, 139, 0))
2018-04-05 03:45:03.144322;(3, (140, 11, 151, 2))
2018-04-05 03:45:03.174783;(14, (137, 14, 151, 0))
2018-04-05 03:45:03.194531;(6, (141, 1, 142, 0))
2018-04-05 03:45:03.337106;(20, (139, 8, 147, 0))
2018-04-05 03:45:03.417803;(8, (137, 13, 150, 0))
2018-04-05 03:45:03.422556;(12, (138, 25, 163, 0))
2018-04-05 03:45:03.470861;(22, (138, 18, 156, 0))
2018-04-05 03:45:03.473379;(17, (135, 11, 146, 1))
2018-04-05 03:45:03.596082;(16, (137, 9, 146, 0))
2018-04-05 03:45:03.653299;(4, (138, 3, 141, 0))
2018-04-05 03:45:03.763153;(9, (139, 1, 140, 0))
2018-04-05 03:45:03.778161;(5, (139, 2, 141, 0))
2018-04-05 03:45:03.875066;(7, (141, 19, 160, 1))
2018-04-05 03:45:03.890394;(18, (138, 12, 150, 0))
2018-04-05 03:45:04.074465;(13, (136, 4, 140, 1))
2018-04-05 03:45:04.077003;(15, (138, 1, 139, 0))
2018-04-05 03:45:31.830809;(1, (0, 0, 0, 0))
2018-04-05 03:45:32.307859;(10, (147, 0, 147, 0))
2018-04-05 03:45:32.524323;(11, (145, 9, 154, 0))
2018-04-05 03:45:32.643355;(23, (0, 0, 0, 0))
2018-04-05 03:45:32.916521;(21, (145, 0, 145, 0))
2018-04-05 03:45:33.098391;(19, (145, 9, 154, 0))
2018-04-05 03:45:33.148275;(3, (146, 11, 157, 2))
2018-04-05 03:45:33.178527;(14, (143, 14, 157, 0))
2018-04-05 03:45:33.197875;(6, (147, 1, 148, 0))
2018-04-05 03:45:33.339887;(20, (145, 8, 153, 0))
2018-04-05 03:45:33.421533;(8, (143, 13, 156, 0))
2018-04-05 03:45:33.426078;(12, (144, 25, 169, 0))
2018-04-05 03:45:33.473850;(22, (144, 18, 162, 0))
2018-04-05 03:45:33.475455;(17, (141, 11, 152, 1))
2018-04-05 03:45:33.599163;(16, (143, 9, 152, 0))
2018-04-05 03:45:33.655617;(4, (144, 3, 147, 0))
2018-04-05 03:45:33.766082;(9, (145, 1, 146, 0))
2018-04-05 03:45:33.780976;(5, (145, 2, 147, 0))
2018-04-05 03:45:33.879444;(7, (147, 21, 168, 1))
2018-04-05 03:45:33.894359;(18, (144, 12, 156, 0))
2018-04-05 03:45:34.077862;(13, (142, 4, 146, 1))
2018-04-05 03:45:34.081713;(15, (144, 1, 145, 0))
2018-04-05 03:46:01.834540;(1, (0, 0, 0, 0))
2018-04-05 03:46:02.310277;(10, (153, 0, 153, 0))
2018-04-05 03:46:02.527109;(11, (151, 13, 164, 0))
2018-04-05 03:46:02.647048;(23, (0, 0, 0, 0))
2018-04-05 03:46:02.918892;(21, (151, 0, 151, 0))
2018-04-05 03:46:03.101565;(19, (151, 10, 161, 0))
2018-04-05 03:46:03.151408;(3, (152, 16, 168, 2))
2018-04-05 03:46:03.181802;(14, (149, 17, 167, 0))
2018-04-05 03:46:03.201151;(6, (153, 1, 154, 0))
2018-04-05 03:46:03.345352;(20, (151, 8, 159, 0))
2018-04-05 03:46:03.426272;(8, (149, 17, 166, 0))
2018-04-05 03:46:03.430333;(12, (148, 30, 179, 0))
2018-04-05 03:46:03.476160;(22, (150, 18, 168, 0))
2018-04-05 03:46:03.478209;(17, (145, 13, 159, 1))
2018-04-05 03:46:03.603946;(16, (149, 13, 162, 0))
2018-04-05 03:46:03.658973;(4, (150, 3, 153, 0))
2018-04-05 03:46:03.769959;(9, (151, 1, 152, 0))
2018-04-05 03:46:03.783514;(5, (151, 2, 153, 0))
2018-04-05 03:46:03.883183;(7, (153, 25, 178, 1))
2018-04-05 03:46:03.898263;(18, (150, 12, 162, 0))
2018-04-05 03:46:04.081564;(13, (148, 4, 152, 1))
2018-04-05 03:46:04.085427;(15, (150, 1, 151, 0))
2018-04-05 03:46:31.836447;(1, (0, 0, 0, 0))
2018-04-05 03:46:33.104593;(19, (157, 10, 167, 0))
2018-04-05 03:46:33.154672;(3, (158, 16, 174, 2))
2018-04-05 03:46:33.185060;(14, (156, 17, 173, 0))
2018-04-05 03:46:33.205512;(6, (159, 1, 160, 0))
2018-04-05 03:46:33.313114;(10, (159, 0, 159, 0))
2018-04-05 03:46:33.350992;(20, (157, 8, 165, 0))
2018-04-05 03:46:33.430976;(8, (155, 17, 172, 0))
2018-04-05 03:46:33.433448;(12, (156, 31, 187, 0))
2018-04-05 03:46:33.479485;(22, (156, 18, 174, 0))
2018-04-05 03:46:33.483045;(17, (153, 14, 167, 1))
2018-04-05 03:46:33.531368;(11, (157, 13, 170, 0))
2018-04-05 03:46:33.608174;(16, (155, 13, 168, 0))
2018-04-05 03:46:33.650729;(23, (0, 0, 0, 0))
2018-04-05 03:46:33.662248;(4, (156, 3, 159, 0))
2018-04-05 03:46:33.772809;(9, (157, 1, 158, 0))
2018-04-05 03:46:33.786534;(5, (157, 2, 159, 0))
2018-04-05 03:46:33.886634;(7, (159, 27, 186, 1))
2018-04-05 03:46:33.900574;(18, (156, 12, 168, 0))
2018-04-05 03:46:33.921362;(21, (157, 0, 157, 0))
2018-04-05 03:46:34.089001;(15, (156, 1, 157, 0))
2018-04-05 03:46:35.085228;(13, (154, 4, 158, 1))
2018-04-05 03:47:01.838315;(1, (0, 0, 0, 0))
2018-04-05 03:47:03.106836;(19, (163, 12, 175, 0))
2018-04-05 03:47:03.190173;(14, (162, 20, 182, 0))
2018-04-05 03:47:03.315537;(10, (165, 0, 165, 0))
2018-04-05 03:47:03.358686;(20, (163, 11, 174, 0))
2018-04-05 03:47:03.433727;(8, (161, 18, 179, 0))
2018-04-05 03:47:03.534280;(11, (163, 14, 177, 0))
2018-04-05 03:47:03.654354;(23, (0, 0, 0, 0))
2018-04-05 03:47:03.923564;(21, (163, 0, 163, 0))
2018-04-05 03:47:04.092998;(15, (162, 1, 163, 0))
2018-04-05 03:47:04.157857;(3, (164, 16, 180, 2))
2018-04-05 03:47:04.209080;(6, (165, 1, 166, 0))
2018-04-05 03:47:04.438781;(12, (162, 32, 194, 0))
2018-04-05 03:47:04.482347;(22, (162, 18, 180, 0))
2018-04-05 03:47:04.486252;(17, (159, 17, 176, 1))
2018-04-05 03:47:04.611128;(16, (161, 13, 174, 0))
2018-04-05 03:47:04.665723;(4, (162, 3, 165, 0))
2018-04-05 03:47:04.775752;(9, (163, 1, 164, 0))
2018-04-05 03:47:04.789578;(5, (163, 2, 165, 0))
2018-04-05 03:47:04.890317;(7, (165, 28, 193, 1))
2018-04-05 03:47:04.904354;(18, (162, 12, 174, 0))
2018-04-05 03:47:05.087913;(13, (161, 4, 165, 1))
2018-04-05 03:47:31.841485;(1, (0, 0, 0, 0))
2018-04-05 03:47:33.110434;(19, (169, 12, 181, 0))
2018-04-05 03:47:33.318936;(10, (171, 0, 171, 0))
2018-04-05 03:47:33.538004;(11, (169, 14, 183, 0))
2018-04-05 03:47:33.657972;(23, (0, 0, 0, 0))
2018-04-05 03:47:33.925778;(21, (169, 0, 169, 0))
2018-04-05 03:47:34.161433;(3, (170, 16, 186, 2))
2018-04-05 03:47:34.194097;(14, (168, 20, 188, 0))
2018-04-05 03:47:34.213720;(6, (171, 1, 172, 0))
2018-04-05 03:47:34.362369;(20, (169, 12, 181, 0))
2018-04-05 03:47:34.438885;(8, (167, 18, 185, 0))
2018-04-05 03:47:34.443703;(12, (168, 32, 200, 0))
2018-04-05 03:47:34.486328;(22, (168, 18, 186, 0))
2018-04-05 03:47:34.489373;(17, (165, 17, 182, 1))
2018-04-05 03:47:34.614461;(16, (167, 13, 180, 0))
2018-04-05 03:47:34.669019;(4, (168, 3, 171, 0))
2018-04-05 03:47:34.778527;(9, (169, 1, 170, 0))
2018-04-05 03:47:34.793031;(5, (169, 2, 171, 0))
2018-04-05 03:47:34.894365;(7, (171, 28, 199, 1))
2018-04-05 03:47:34.907235;(18, (168, 12, 180, 0))
2018-04-05 03:47:35.090538;(13, (167, 4, 171, 1))
2018-04-05 03:48:01.843406;(1, (0, 0, 0, 0))
2018-04-05 03:48:03.324708;(10, (177, 0, 177, 0))
2018-04-05 03:48:03.541540;(11, (175, 14, 189, 0))
2018-04-05 03:48:03.662133;(23, (0, 0, 0, 0))
2018-04-05 03:48:03.929720;(21, (175, 0, 175, 0))
2018-04-05 03:48:04.113763;(19, (175, 12, 187, 0))
2018-04-05 03:48:04.166533;(3, (176, 16, 192, 2))
2018-04-05 03:48:04.197374;(14, (174, 20, 194, 0))
2018-04-05 03:48:04.217011;(6, (177, 1, 178, 0))
2018-04-05 03:48:04.366027;(20, (175, 14, 189, 0))
2018-04-05 03:48:04.441642;(8, (173, 18, 191, 0))
2018-04-05 03:48:04.446943;(12, (174, 32, 206, 0))
2018-04-05 03:48:04.489354;(22, (174, 18, 192, 0))
2018-04-05 03:48:04.493472;(17, (171, 17, 188, 1))
2018-04-05 03:48:04.617893;(16, (173, 13, 186, 0))
2018-04-05 03:48:04.671263;(4, (174, 3, 177, 0))
2018-04-05 03:48:04.781355;(9, (175, 1, 176, 0))
2018-04-05 03:48:04.795363;(5, (175, 2, 177, 0))
2018-04-05 03:48:04.896998;(7, (177, 28, 205, 1))
2018-04-05 03:48:04.911224;(18, (174, 12, 186, 0))
2018-04-05 03:48:05.093207;(13, (173, 4, 177, 1))
2018-04-05 03:48:05.098836;(15, (175, 1, 176, 0))
2018-04-05 03:48:31.845768;(1, (0, 0, 0, 0))
2018-04-05 03:48:33.327073;(10, (183, 0, 183, 0))
2018-04-05 03:48:33.545954;(11, (181, 14, 195, 0))
2018-04-05 03:48:33.665669;(23, (0, 0, 0, 0))
2018-04-05 03:48:33.934406;(21, (181, 0, 181, 0))
2018-04-05 03:48:34.116080;(19, (181, 12, 193, 0))
2018-04-05 03:48:34.169783;(3, (182, 16, 198, 2))
2018-04-05 03:48:34.199592;(14, (179, 20, 200, 0))
2018-04-05 03:48:34.220130;(6, (183, 1, 184, 0))
2018-04-05 03:48:34.370259;(20, (181, 14, 195, 0))
2018-04-05 03:48:34.444977;(8, (179, 18, 197, 0))
2018-04-05 03:48:34.450487;(12, (179, 33, 213, 0))
2018-04-05 03:48:34.492542;(22, (180, 19, 199, 0))
2018-04-05 03:48:34.495666;(17, (177, 17, 194, 1))
2018-04-05 03:48:34.620608;(16, (179, 14, 194, 0))
2018-04-05 03:48:34.674339;(4, (180, 3, 183, 0))
2018-04-05 03:48:34.784250;(9, (181, 1, 182, 0))
2018-04-05 03:48:34.798714;(5, (181, 2, 183, 0))
2018-04-05 03:48:34.900578;(7, (183, 28, 212, 1))
2018-04-05 03:48:34.914627;(18, (180, 12, 192, 0))
2018-04-05 03:48:35.095913;(13, (179, 4, 183, 1))
2018-04-05 03:48:35.102157;(15, (181, 1, 182, 0))
2018-04-05 03:49:02.847736;(1, (0, 0, 0, 0))
2018-04-05 03:49:03.330304;(10, (189, 0, 189, 0))
2018-04-05 03:49:03.550034;(11, (187, 15, 202, 0))
2018-04-05 03:49:03.669426;(23, (0, 0, 0, 0))
2018-04-05 03:49:04.119126;(19, (187, 14, 201, 0))
2018-04-05 03:49:04.172346;(3, (188, 18, 206, 2))
2018-04-05 03:49:04.203792;(14, (186, 23, 209, 0))
2018-04-05 03:49:04.223252;(6, (189, 1, 190, 0))
2018-04-05 03:49:04.374192;(20, (186, 18, 204, 1))
2018-04-05 03:49:04.449471;(8, (185, 25, 210, 0))
2018-04-05 03:49:04.454563;(12, (186, 39, 225, 0))
2018-04-05 03:49:04.497276;(22, (186, 20, 206, 0))
2018-04-05 03:49:04.499276;(17, (183, 20, 203, 1))
2018-04-05 03:49:04.623408;(16, (179, 17, 197, 0))
2018-04-05 03:49:04.676650;(4, (186, 3, 189, 0))
2018-04-05 03:49:04.787330;(9, (187, 1, 188, 0))
2018-04-05 03:49:04.802241;(5, (188, 2, 190, 0))
2018-04-05 03:49:04.903303;(7, (190, 29, 219, 1))
2018-04-05 03:49:04.917243;(18, (186, 15, 201, 0))
2018-04-05 03:49:04.938112;(21, (187, 0, 187, 0))
2018-04-05 03:49:05.105700;(15, (187, 1, 188, 0))
2018-04-05 03:49:06.100243;(13, (185, 4, 189, 1))
2018-04-05 03:49:32.849706;(1, (0, 0, 0, 0))
2018-04-05 03:49:34.206558;(14, (192, 23, 215, 0))
2018-04-05 03:49:34.333353;(10, (195, 0, 195, 0))
2018-04-05 03:49:34.452447;(8, (191, 25, 216, 0))
2018-04-05 03:49:34.555462;(11, (193, 15, 208, 0))
2018-04-05 03:49:34.673039;(23, (0, 0, 0, 0))
2018-04-05 03:49:34.941330;(21, (193, 0, 193, 0))
2018-04-05 03:49:35.174844;(3, (194, 18, 212, 2))
2018-04-05 03:49:35.227866;(6, (195, 1, 196, 0))
2018-04-05 03:49:35.380997;(20, (192, 18, 210, 1))
2018-04-05 03:49:35.457007;(12, (192, 39, 231, 0))
2018-04-05 03:49:35.499664;(22, (192, 20, 212, 0))
2018-04-05 03:49:35.502167;(17, (189, 20, 209, 1))
2018-04-05 03:49:35.626453;(16, (188, 18, 206, 1))
2018-04-05 03:49:35.678847;(4, (192, 3, 195, 0))
2018-04-05 03:49:35.791174;(9, (193, 1, 194, 0))
2018-04-05 03:49:35.804995;(5, (194, 2, 196, 0))
2018-04-05 03:49:35.907703;(7, (196, 29, 225, 1))
2018-04-05 03:49:35.920085;(18, (192, 17, 209, 0))
2018-04-05 03:49:36.103038;(13, (191, 4, 195, 1))
2018-04-05 03:49:36.107730;(15, (193, 4, 197, 0))
