2018-04-05 03:33:27.982190;(19, (51, 39, 0, 0, 0, 0, 0, 0, 0, 0))
2018-04-05 03:33:28.048171;(3, (80, 52, 0, 0, 0, 0, 0, 0, 0, 0))
2018-04-05 03:33:28.074471;(14, (97, 50, 0, 0, 0, 0, 0, 0, 0, 0))
2018-04-05 03:33:28.102861;(6, (53, 42, 0, 0, 0, 0, 0, 0, 0, 0))
2018-04-05 03:33:28.206700;(10, (66, 44, 0, 0, 0, 0, 0, 0, 0, 0))
2018-04-05 03:33:28.215061;(20, (87, 59, 6, 0, 0, 0, 0, 0, 0, 0))
2018-04-05 03:33:28.318069;(12, (67, 40, 0, 0, 0, 0, 0, 0, 0, 0))
2018-04-05 03:33:28.322320;(8, (72, 32, 0, 0, 0, 0, 0, 0, 0, 0))
2018-04-05 03:33:28.370933;(17, (30, 36, 0, 0, 0, 0, 0, 0, 0, 0))
2018-04-05 03:33:28.377050;(22, (109, 80, 6, 0, 0, 0, 0, 0, 0, 0))
2018-04-05 03:33:28.422109;(11, (60, 38, 0, 0, 0, 0, 0, 0, 0, 0))
2018-04-05 03:33:28.492899;(16, (47, 36, 0, 0, 0, 0, 0, 0, 0, 0))
2018-04-05 03:33:28.543725;(23, (53, 36, 0, 0, 0, 0, 0, 0, 0, 0))
2018-04-05 03:33:28.566043;(4, (41, 37, 0, 0, 0, 0, 0, 0, 0, 0))
2018-04-05 03:33:28.652833;(9, (38, 37, 0, 0, 0, 0, 0, 0, 0, 0))
2018-04-05 03:33:28.688487;(5, (72, 45, 8, 0, 0, 0, 0, 0, 0, 0))
2018-04-05 03:33:28.734637;(1, (210, 51, 20, 10, 0, 0, 0, 0, 0, 0))
2018-04-05 03:33:28.768478;(7, (91, 58, 0, 0, 0, 0, 0, 0, 0, 0))
2018-04-05 03:33:28.790040;(18, (75, 45, 0, 0, 0, 0, 0, 0, 0, 0))
2018-04-05 03:33:28.808076;(21, (45, 32, 0, 0, 0, 0, 0, 0, 0, 0))
2018-04-05 03:33:28.955872;(13, (61, 48, 0, 0, 0, 0, 0, 0, 0, 0))
2018-04-05 03:33:28.960837;(15, (72, 46, 0, 0, 0, 0, 0, 0, 0, 0))
2018-04-05 03:33:57.985270;(19, (91, 82, 1, 0, 0, 0, 0, 0, 0, 0))
2018-04-05 03:33:58.051239;(3, (167, 136, 29, 0, 0, 0, 0, 0, 0, 0))
2018-04-05 03:33:58.076886;(14, (171, 112, 23, 0, 0, 0, 0, 0, 0, 0))
2018-04-05 03:33:58.106144;(6, (86, 77, 0, 0, 0, 0, 0, 0, 0, 0))
2018-04-05 03:33:58.210113;(10, (110, 87, 5, 0, 0, 0, 0, 0, 0, 0))
2018-04-05 03:33:58.218640;(20, (186, 158, 51, 0, 0, 0, 0, 0, 0, 0))
2018-04-05 03:33:58.321781;(12, (102, 74, 1, 0, 0, 0, 0, 0, 0, 0))
2018-04-05 03:33:58.324805;(8, (129, 92, 10, 0, 0, 0, 0, 0, 0, 0))
2018-04-05 03:33:58.374224;(17, (52, 61, 0, 0, 0, 0, 0, 0, 0, 0))
2018-04-05 03:33:58.380057;(22, (217, 190, 64, 0, 0, 0, 0, 0, 0, 0))
2018-04-05 03:33:58.427193;(11, (104, 80, 4, 0, 0, 0, 0, 0, 0, 0))
2018-04-05 03:33:58.495434;(16, (77, 63, 0, 0, 0, 0, 0, 0, 0, 0))
2018-04-05 03:33:58.549069;(23, (74, 53, 4, 0, 0, 0, 0, 0, 0, 0))
2018-04-05 03:33:58.569345;(4, (82, 82, 12, 0, 0, 0, 0, 0, 0, 0))
2018-04-05 03:33:58.657457;(9, (68, 73, 0, 0, 0, 0, 0, 0, 0, 0))
2018-04-05 03:33:58.690858;(5, (139, 114, 37, 0, 0, 0, 0, 0, 0, 0))
2018-04-05 03:33:58.738601;(1, (477, 282, 240, 120, 0, 0, 0, 0, 0, 0))
2018-04-05 03:33:58.771052;(7, (166, 122, 15, 0, 0, 0, 0, 0, 0, 0))
2018-04-05 03:33:58.793164;(18, (115, 85, 1, 1, 0, 0, 0, 0, 0, 0))
2018-04-05 03:33:58.813721;(21, (77, 68, 0, 0, 0, 0, 0, 0, 0, 0))
2018-04-05 03:33:58.958402;(13, (111, 100, 22, 0, 0, 0, 0, 0, 0, 0))
2018-04-05 03:33:58.962868;(15, (109, 84, 4, 0, 0, 0, 0, 0, 0, 0))
2018-04-05 03:34:27.988552;(19, (127, 121, 1, 0, 0, 0, 0, 0, 0, 0))
2018-04-05 03:34:28.055768;(3, (214, 185, 37, 0, 0, 0, 0, 0, 0, 0))
2018-04-05 03:34:28.079304;(14, (255, 191, 63, 0, 0, 0, 0, 0, 0, 0))
2018-04-05 03:34:28.109136;(6, (117, 111, 0, 0, 0, 0, 0, 0, 0, 0))
2018-04-05 03:34:28.213412;(10, (204, 181, 62, 0, 0, 0, 0, 0, 0, 0))
2018-04-05 03:34:28.222930;(20, (286, 261, 113, 0, 0, 0, 0, 0, 0, 0))
2018-04-05 03:34:28.324651;(12, (145, 125, 1, 0, 0, 0, 0, 0, 0, 0))
2018-04-05 03:34:28.329089;(8, (172, 130, 11, 0, 0, 0, 0, 0, 0, 0))
2018-04-05 03:34:28.378474;(17, (80, 95, 0, 0, 0, 0, 0, 0, 0, 0))
2018-04-05 03:34:28.383636;(22, (308, 282, 117, 0, 0, 0, 0, 0, 0, 0))
2018-04-05 03:34:28.429641;(11, (167, 140, 27, 0, 0, 0, 0, 0, 0, 0))
2018-04-05 03:34:28.499199;(16, (113, 99, 0, 0, 0, 0, 0, 0, 0, 0))
2018-04-05 03:34:28.553419;(23, (99, 75, 16, 0, 0, 0, 0, 0, 0, 0))
2018-04-05 03:34:28.572961;(4, (123, 128, 24, 0, 0, 0, 0, 0, 0, 0))
2018-04-05 03:34:28.662098;(9, (96, 107, 0, 0, 0, 0, 0, 0, 0, 0))
2018-04-05 03:34:28.694121;(5, (252, 231, 118, 0, 0, 0, 0, 0, 0, 0))
2018-04-05 03:34:28.742051;(1, (746, 538, 486, 243, 0, 0, 0, 0, 0, 0))
2018-04-05 03:34:28.775191;(7, (241, 188, 45, 0, 0, 0, 0, 0, 0, 0))
2018-04-05 03:34:28.795445;(18, (149, 120, 1, 1, 0, 0, 0, 0, 0, 0))
2018-04-05 03:34:28.817999;(21, (105, 103, 0, 0, 0, 0, 0, 0, 0, 0))
2018-04-05 03:34:28.961348;(13, (163, 158, 46, 0, 0, 0, 0, 0, 0, 0))
2018-04-05 03:34:28.965917;(15, (150, 131, 16, 0, 0, 0, 0, 0, 0, 0))
2018-04-05 03:34:58.216590;(10, (304, 285, 128, 0, 0, 0, 0, 0, 0, 0))
2018-04-05 03:34:58.433061;(11, (225, 198, 48, 0, 0, 0, 0, 0, 0, 0))
2018-04-05 03:34:58.559269;(23, (125, 99, 28, 0, 0, 0, 0, 0, 0, 0))
2018-04-05 03:34:58.746192;(1, (1007, 788, 726, 363, 0, 0, 0, 0, 0, 0))
2018-04-05 03:34:58.821400;(21, (135, 137, 0, 0, 0, 0, 0, 0, 0, 0))
2018-04-05 03:34:58.990969;(19, (160, 159, 1, 0, 0, 0, 0, 0, 0, 0))
2018-04-05 03:34:59.059120;(3, (260, 231, 47, 0, 0, 0, 0, 0, 0, 0))
2018-04-05 03:34:59.081687;(14, (344, 277, 111, 0, 0, 0, 0, 0, 0, 0))
2018-04-05 03:34:59.111490;(6, (146, 146, 0, 0, 0, 0, 0, 0, 0, 0))
2018-04-05 03:34:59.227713;(20, (369, 346, 161, 0, 0, 0, 0, 0, 0, 0))
2018-04-05 03:34:59.328187;(12, (180, 161, 1, 0, 0, 0, 0, 0, 0, 0))
2018-04-05 03:34:59.333083;(8, (208, 166, 11, 0, 0, 0, 0, 0, 0, 0))
2018-04-05 03:34:59.383397;(17, (109, 130, 0, 0, 0, 0, 0, 0, 0, 0))
2018-04-05 03:34:59.386979;(22, (404, 380, 177, 0, 0, 0, 0, 0, 0, 0))
2018-04-05 03:34:59.503082;(16, (146, 137, 0, 0, 0, 0, 0, 0, 0, 0))
2018-04-05 03:34:59.577373;(4, (165, 175, 36, 0, 0, 0, 0, 0, 0, 0))
2018-04-05 03:34:59.665454;(9, (126, 142, 0, 0, 0, 0, 0, 0, 0, 0))
2018-04-05 03:34:59.699108;(5, (376, 359, 208, 0, 0, 0, 0, 0, 0, 0))
2018-04-05 03:34:59.780416;(7, (293, 238, 59, 0, 0, 0, 0, 0, 0, 0))
2018-04-05 03:34:59.797798;(18, (183, 156, 1, 1, 0, 0, 0, 0, 0, 0))
2018-04-05 03:34:59.970204;(15, (194, 178, 28, 0, 0, 0, 0, 0, 0, 0))
2018-04-05 03:35:28.748080;(1, (1257, 1038, 966, 483, 0, 0, 0, 0, 0, 0))
2018-04-05 03:35:28.995125;(19, (189, 195, 1, 0, 0, 0, 0, 0, 0, 0))
2018-04-05 03:35:29.062544;(3, (290, 265, 47, 0, 0, 0, 0, 0, 0, 0))
2018-04-05 03:35:29.084477;(14, (423, 359, 159, 0, 0, 0, 0, 0, 0, 0))
2018-04-05 03:35:29.113890;(6, (174, 180, 0, 0, 0, 0, 0, 0, 0, 0))
2018-04-05 03:35:29.219258;(10, (398, 385, 194, 0, 0, 0, 0, 0, 0, 0))
2018-04-05 03:35:29.230829;(20, (445, 428, 209, 0, 0, 0, 0, 0, 0, 0))
2018-04-05 03:35:29.331554;(12, (211, 196, 1, 0, 0, 0, 0, 0, 0, 0))
2018-04-05 03:35:29.335812;(8, (237, 200, 11, 0, 0, 0, 0, 0, 0, 0))
2018-04-05 03:35:29.386873;(17, (137, 164, 0, 0, 0, 0, 0, 0, 0, 0))
2018-04-05 03:35:29.393413;(22, (492, 474, 237, 0, 0, 0, 0, 0, 0, 0))
2018-04-05 03:35:29.437150;(11, (267, 244, 60, 0, 0, 0, 0, 0, 0, 0))
2018-04-05 03:35:29.506243;(16, (175, 172, 0, 0, 0, 0, 0, 0, 0, 0))
2018-04-05 03:35:29.564389;(23, (147, 121, 40, 0, 0, 0, 0, 0, 0, 0))
2018-04-05 03:35:29.579720;(4, (205, 221, 48, 0, 0, 0, 0, 0, 0, 0))
2018-04-05 03:35:29.669637;(9, (154, 176, 0, 0, 0, 0, 0, 0, 0, 0))
2018-04-05 03:35:29.701457;(5, (496, 485, 300, 0, 0, 0, 0, 0, 0, 0))
2018-04-05 03:35:29.785083;(7, (350, 298, 85, 0, 0, 0, 0, 0, 0, 0))
2018-04-05 03:35:29.801068;(18, (212, 190, 1, 1, 0, 0, 0, 0, 0, 0))
2018-04-05 03:35:29.823946;(21, (163, 171, 0, 0, 0, 0, 0, 0, 0, 0))
2018-04-05 03:35:29.971140;(13, (273, 279, 94, 0, 0, 0, 0, 0, 0, 0))
2018-04-05 03:35:29.973525;(15, (234, 224, 40, 0, 0, 0, 0, 0, 0, 0))
2018-04-05 03:35:58.750484;(1, (1509, 1288, 1206, 603, 0, 0, 0, 0, 0, 0))
2018-04-05 03:35:58.997354;(19, (219, 230, 1, 0, 0, 0, 0, 0, 0, 0))
2018-04-05 03:35:59.065692;(3, (323, 300, 47, 0, 0, 0, 0, 0, 0, 0))
2018-04-05 03:35:59.086835;(14, (504, 442, 207, 0, 0, 0, 0, 0, 0, 0))
2018-04-05 03:35:59.116572;(6, (202, 214, 0, 0, 0, 0, 0, 0, 0, 0))
2018-04-05 03:35:59.221864;(10, (494, 485, 260, 0, 0, 0, 0, 0, 0, 0))
2018-04-05 03:35:59.234119;(20, (524, 511, 257, 0, 0, 0, 0, 0, 0, 0))
2018-04-05 03:35:59.337709;(12, (243, 230, 1, 0, 0, 0, 0, 0, 0, 0))
2018-04-05 03:35:59.338828;(8, (270, 235, 11, 0, 0, 0, 0, 0, 0, 0))
2018-04-05 03:35:59.391138;(17, (165, 198, 0, 0, 0, 0, 0, 0, 0, 0))
2018-04-05 03:35:59.395619;(22, (584, 569, 297, 0, 0, 0, 0, 0, 0, 0))
2018-04-05 03:35:59.439624;(11, (311, 290, 72, 0, 0, 0, 0, 0, 0, 0))
2018-04-05 03:35:59.509901;(16, (205, 207, 0, 0, 0, 0, 0, 0, 0, 0))
2018-04-05 03:35:59.566830;(23, (170, 143, 52, 0, 0, 0, 0, 0, 0, 0))
2018-04-05 03:35:59.582435;(4, (245, 267, 60, 0, 0, 0, 0, 0, 0, 0))
2018-04-05 03:35:59.672102;(9, (182, 210, 0, 0, 0, 0, 0, 0, 0, 0))
2018-04-05 03:35:59.703790;(5, (614, 609, 390, 0, 0, 0, 0, 0, 0, 0))
2018-04-05 03:35:59.791258;(7, (407, 356, 109, 0, 0, 0, 0, 0, 0, 0))
2018-04-05 03:35:59.803318;(18, (244, 225, 1, 1, 0, 0, 0, 0, 0, 0))
2018-04-05 03:35:59.826047;(21, (191, 205, 0, 0, 0, 0, 0, 0, 0, 0))
2018-04-05 03:35:59.977429;(15, (277, 274, 52, 0, 0, 0, 0, 0, 0, 0))
2018-04-05 03:35:59.979022;(13, (325, 337, 118, 0, 0, 0, 0, 0, 0, 0))
2018-04-05 03:36:28.753364;(1, (1762, 1538, 1446, 723, 0, 0, 0, 0, 0, 0))
2018-04-05 03:36:28.999802;(19, (248, 265, 1, 0, 0, 0, 0, 0, 0, 0))
2018-04-05 03:36:29.067987;(3, (353, 334, 47, 0, 0, 0, 0, 0, 0, 0))
2018-04-05 03:36:29.089208;(14, (583, 524, 255, 0, 0, 0, 0, 0, 0, 0))
2018-04-05 03:36:29.118871;(6, (232, 249, 0, 0, 0, 0, 0, 0, 0, 0))
2018-04-05 03:36:29.224993;(10, (587, 584, 326, 0, 0, 0, 0, 0, 0, 0))
2018-04-05 03:36:29.237416;(20, (602, 595, 307, 0, 0, 0, 0, 0, 0, 0))
2018-04-05 03:36:29.341512;(12, (274, 265, 1, 0, 0, 0, 0, 0, 0, 0))
2018-04-05 03:36:29.342547;(8, (300, 269, 11, 0, 0, 0, 0, 0, 0, 0))
2018-04-05 03:36:29.394603;(17, (193, 232, 0, 0, 0, 0, 0, 0, 0, 0))
2018-04-05 03:36:29.398753;(22, (673, 663, 357, 0, 0, 0, 0, 0, 0, 0))
2018-04-05 03:36:29.443041;(11, (353, 337, 84, 0, 0, 0, 0, 0, 0, 0))
2018-04-05 03:36:29.569838;(23, (193, 165, 64, 0, 0, 0, 0, 0, 0, 0))
2018-04-05 03:36:29.585274;(4, (285, 314, 72, 0, 0, 0, 0, 0, 0, 0))
2018-04-05 03:36:29.677355;(9, (211, 244, 0, 0, 0, 0, 0, 0, 0, 0))
2018-04-05 03:36:29.707129;(5, (737, 738, 483, 0, 0, 0, 0, 0, 0, 0))
2018-04-05 03:36:29.795262;(7, (463, 418, 133, 0, 0, 0, 0, 0, 0, 0))
2018-04-05 03:36:29.810573;(18, (274, 259, 1, 1, 0, 0, 0, 0, 0, 0))
2018-04-05 03:36:29.833195;(21, (221, 239, 0, 0, 0, 0, 0, 0, 0, 0))
2018-04-05 03:36:29.979991;(15, (319, 320, 64, 0, 0, 0, 0, 0, 0, 0))
2018-04-05 03:36:29.982750;(13, (379, 395, 142, 0, 0, 0, 0, 0, 0, 0))
2018-04-05 03:36:59.003441;(19, (298, 317, 8, 0, 0, 0, 0, 0, 0, 0))
2018-04-05 03:36:59.092283;(14, (681, 624, 303, 0, 0, 0, 0, 0, 0, 0))
2018-04-05 03:36:59.122124;(6, (278, 297, 5, 0, 0, 0, 0, 0, 0, 0))
2018-04-05 03:36:59.345277;(12, (304, 297, 1, 0, 0, 0, 0, 0, 0, 0))
2018-04-05 03:36:59.346431;(8, (343, 305, 11, 0, 0, 0, 0, 0, 0, 0))
2018-04-05 03:36:59.399024;(17, (227, 273, 1, 1, 0, 0, 0, 0, 0, 0))
2018-04-05 03:36:59.402039;(22, (787, 782, 417, 0, 0, 0, 0, 0, 0, 0))
2018-04-05 03:36:59.445535;(11, (411, 405, 100, 0, 0, 0, 0, 0, 0, 0))
2018-04-05 03:36:59.572032;(23, (262, 230, 108, 0, 0, 0, 0, 0, 0, 0))
2018-04-05 03:36:59.587585;(4, (328, 360, 84, 0, 0, 0, 0, 0, 0, 0))
2018-04-05 03:36:59.681595;(9, (241, 281, 0, 0, 0, 0, 0, 0, 0, 0))
2018-04-05 03:36:59.710667;(5, (843, 851, 542, 0, 0, 0, 0, 0, 0, 0))
2018-04-05 03:36:59.755235;(1, (2046, 1790, 1688, 844, 0, 0, 0, 0, 0, 0))
2018-04-05 03:36:59.815277;(18, (340, 326, 22, 1, 0, 0, 0, 0, 0, 0))
2018-04-05 03:36:59.835511;(21, (252, 274, 0, 0, 0, 0, 0, 0, 0, 0))
2018-04-05 03:36:59.983938;(15, (409, 411, 110, 0, 0, 0, 0, 0, 0, 0))
2018-04-05 03:36:59.985909;(13, (436, 457, 166, 0, 0, 0, 0, 0, 0, 0))
2018-04-05 03:37:00.071119;(3, (436, 413, 73, 0, 0, 0, 0, 0, 0, 0))
2018-04-05 03:37:00.516425;(16, (281, 294, 2, 0, 0, 0, 0, 0, 0, 0))
2018-04-05 03:37:00.801262;(7, (551, 504, 164, 0, 0, 0, 0, 0, 0, 0))
2018-04-05 03:37:29.230422;(10, (730, 722, 381, 0, 0, 0, 0, 0, 0, 0))
2018-04-05 03:37:29.448300;(11, (478, 464, 112, 0, 0, 0, 0, 0, 0, 0))
2018-04-05 03:37:29.574291;(23, (313, 275, 138, 0, 0, 0, 0, 0, 0, 0))
2018-04-05 03:37:29.758050;(1, (2354, 2066, 1954, 977, 0, 0, 0, 0, 0, 0))
2018-04-05 03:37:29.838423;(21, (281, 308, 0, 0, 0, 0, 0, 0, 0, 0))
2018-04-05 03:37:30.073388;(3, (497, 460, 78, 0, 0, 0, 0, 0, 0, 0))
2018-04-05 03:37:30.095485;(14, (752, 690, 312, 0, 0, 0, 0, 0, 0, 0))
2018-04-05 03:37:30.124493;(6, (320, 344, 11, 0, 0, 0, 0, 0, 0, 0))
2018-04-05 03:37:30.246693;(20, (892, 884, 488, 0, 0, 0, 0, 0, 0, 0))
2018-04-05 03:37:30.348414;(12, (363, 352, 1, 0, 0, 0, 0, 0, 0, 0))
2018-04-05 03:37:30.350523;(8, (435, 385, 35, 0, 0, 0, 0, 0, 0, 0))
2018-04-05 03:37:30.402339;(17, (260, 313, 1, 1, 0, 0, 0, 0, 0, 0))
2018-04-05 03:37:30.405131;(22, (842, 834, 424, 0, 0, 0, 0, 0, 0, 0))
2018-04-05 03:37:30.519869;(16, (325, 338, 2, 0, 0, 0, 0, 0, 0, 0))
2018-04-05 03:37:30.590641;(4, (368, 406, 96, 0, 0, 0, 0, 0, 0, 0))
2018-04-05 03:37:30.685681;(9, (270, 315, 0, 0, 0, 0, 0, 0, 0, 0))
2018-04-05 03:37:30.715206;(5, (900, 911, 564, 0, 0, 0, 0, 0, 0, 0))
2018-04-05 03:37:30.803416;(7, (692, 641, 249, 0, 0, 0, 0, 0, 0, 0))
2018-04-05 03:37:30.818840;(18, (393, 370, 23, 1, 0, 0, 0, 0, 0, 0))
2018-04-05 03:37:30.986676;(15, (476, 482, 140, 0, 0, 0, 0, 0, 0, 0))
2018-04-05 03:37:30.989273;(13, (489, 515, 190, 0, 0, 0, 0, 0, 0, 0))
2018-04-05 03:37:59.762056;(1, (2619, 2320, 2198, 1099, 0, 0, 0, 0, 0, 0))
2018-04-05 03:38:00.010138;(19, (400, 423, 34, 0, 0, 0, 0, 0, 0, 0))
2018-04-05 03:38:00.075662;(3, (569, 530, 109, 0, 0, 0, 0, 0, 0, 0))
2018-04-05 03:38:00.097623;(14, (793, 727, 312, 0, 0, 0, 0, 0, 0, 0))
2018-04-05 03:38:00.126740;(6, (352, 379, 11, 0, 0, 0, 0, 0, 0, 0))
2018-04-05 03:38:00.232976;(10, (759, 755, 381, 0, 0, 0, 0, 0, 0, 0))
2018-04-05 03:38:00.250485;(20, (1065, 1060, 620, 0, 0, 0, 0, 0, 0, 0))
2018-04-05 03:38:00.351145;(12, (405, 387, 1, 0, 0, 0, 0, 0, 0, 0))
2018-04-05 03:38:00.354892;(8, (513, 459, 64, 0, 0, 0, 0, 0, 0, 0))
2018-04-05 03:38:00.406323;(17, (290, 348, 1, 1, 0, 0, 0, 0, 0, 0))
2018-04-05 03:38:00.407364;(22, (879, 869, 424, 0, 0, 0, 0, 0, 0, 0))
2018-04-05 03:38:00.451241;(11, (542, 530, 127, 0, 0, 0, 0, 0, 0, 0))
2018-04-05 03:38:00.523767;(16, (363, 377, 2, 0, 0, 0, 0, 0, 0, 0))
2018-04-05 03:38:00.576450;(23, (349, 305, 155, 0, 0, 0, 0, 0, 0, 0))
2018-04-05 03:38:00.593108;(4, (406, 450, 108, 0, 0, 0, 0, 0, 0, 0))
2018-04-05 03:38:00.690498;(9, (298, 349, 0, 0, 0, 0, 0, 0, 0, 0))
2018-04-05 03:38:00.717977;(5, (942, 958, 576, 0, 0, 0, 0, 0, 0, 0))
2018-04-05 03:38:00.810107;(7, (794, 739, 308, 0, 0, 0, 0, 0, 0, 0))
2018-04-05 03:38:00.822201;(18, (432, 410, 23, 1, 0, 0, 0, 0, 0, 0))
2018-04-05 03:38:00.841500;(21, (313, 346, 0, 0, 0, 0, 0, 0, 0, 0))
2018-04-05 03:38:00.989505;(15, (524, 534, 157, 0, 0, 0, 0, 0, 0, 0))
2018-04-05 03:38:00.994386;(13, (544, 575, 216, 0, 0, 0, 0, 0, 0, 0))
2018-04-05 03:38:29.763898;(1, (2901, 2562, 2430, 1215, 0, 0, 0, 0, 0, 0))
2018-04-05 03:38:30.013170;(19, (467, 494, 48, 0, 0, 0, 0, 0, 0, 0))
2018-04-05 03:38:30.077992;(3, (657, 608, 136, 1, 0, 0, 0, 0, 0, 0))
2018-04-05 03:38:30.099705;(14, (870, 802, 331, 0, 0, 0, 0, 0, 0, 0))
2018-04-05 03:38:30.130169;(6, (385, 420, 12, 0, 0, 0, 0, 0, 0, 0))
2018-04-05 03:38:30.235555;(10, (824, 822, 400, 0, 0, 0, 0, 0, 0, 0))
2018-04-05 03:38:30.254374;(20, (1221, 1216, 714, 3, 0, 0, 0, 0, 0, 0))
2018-04-05 03:38:30.354617;(12, (481, 451, 15, 0, 0, 0, 0, 0, 0, 0))
2018-04-05 03:38:30.359109;(8, (615, 549, 96, 1, 0, 0, 0, 0, 0, 0))
2018-04-05 03:38:30.409588;(17, (322, 388, 3, 2, 0, 0, 0, 0, 0, 0))
2018-04-05 03:38:30.411317;(22, (963, 955, 450, 1, 0, 0, 0, 0, 0, 0))
2018-04-05 03:38:30.455397;(11, (608, 593, 138, 0, 0, 0, 0, 0, 0, 0))
2018-04-05 03:38:30.527895;(16, (417, 431, 8, 1, 0, 0, 0, 0, 0, 0))
2018-04-05 03:38:30.578858;(23, (429, 377, 204, 0, 0, 0, 0, 0, 0, 0))
2018-04-05 03:38:30.595346;(4, (465, 515, 127, 0, 0, 0, 0, 0, 0, 0))
2018-04-05 03:38:30.693988;(9, (340, 393, 4, 0, 0, 0, 0, 0, 0, 0))
2018-04-05 03:38:30.721137;(5, (994, 1007, 588, 0, 0, 0, 0, 0, 0, 0))
2018-04-05 03:38:30.814031;(7, (917, 858, 359, 0, 0, 0, 0, 0, 0, 0))
2018-04-05 03:38:30.825171;(18, (502, 485, 40, 1, 0, 0, 0, 0, 0, 0))
2018-04-05 03:38:30.843628;(21, (356, 393, 13, 0, 0, 0, 0, 0, 0, 0))
2018-04-05 03:38:30.993330;(15, (615, 629, 206, 0, 0, 0, 0, 0, 0, 0))
2018-04-05 03:38:30.997865;(13, (592, 634, 228, 2, 0, 0, 0, 0, 0, 0))
2018-04-05 03:38:59.765828;(1, (3185, 2832, 2690, 1345, 0, 0, 0, 0, 0, 0))
2018-04-05 03:39:00.015338;(19, (505, 536, 54, 0, 0, 0, 0, 0, 0, 0))
2018-04-05 03:39:00.081271;(3, (709, 655, 148, 1, 0, 0, 0, 0, 0, 0))
2018-04-05 03:39:00.102050;(14, (928, 853, 349, 0, 0, 0, 0, 0, 0, 0))
2018-04-05 03:39:00.133523;(6, (416, 455, 12, 0, 0, 0, 0, 0, 0, 0))
2018-04-05 03:39:00.238234;(10, (873, 877, 416, 0, 0, 0, 0, 0, 0, 0))
2018-04-05 03:39:00.257446;(20, (1323, 1318, 776, 3, 0, 0, 0, 0, 0, 0))
2018-04-05 03:39:00.357066;(12, (530, 499, 27, 0, 0, 0, 0, 0, 0, 0))
2018-04-05 03:39:00.362770;(8, (669, 603, 111, 1, 0, 0, 0, 0, 0, 0))
2018-04-05 03:39:00.412084;(17, (358, 431, 3, 2, 0, 0, 0, 0, 0, 0))
2018-04-05 03:39:00.415408;(22, (1006, 999, 452, 1, 0, 0, 0, 0, 0, 0))
2018-04-05 03:39:00.458166;(11, (647, 636, 138, 0, 0, 0, 0, 0, 0, 0))
2018-04-05 03:39:00.530846;(16, (452, 466, 8, 1, 0, 0, 0, 0, 0, 0))
2018-04-05 03:39:00.581556;(23, (533, 476, 289, 0, 0, 0, 0, 0, 0, 0))
2018-04-05 03:39:00.598028;(4, (506, 560, 139, 0, 0, 0, 0, 0, 0, 0))
2018-04-05 03:39:00.697751;(9, (370, 430, 4, 0, 0, 0, 0, 0, 0, 0))
2018-04-05 03:39:00.723572;(5, (1051, 1067, 611, 0, 0, 0, 0, 0, 0, 0))
2018-04-05 03:39:00.817305;(7, (974, 910, 377, 0, 0, 0, 0, 0, 0, 0))
2018-04-05 03:39:00.827423;(18, (597, 579, 96, 1, 0, 0, 0, 0, 0, 0))
2018-04-05 03:39:00.846482;(21, (408, 449, 37, 0, 0, 0, 0, 0, 0, 0))
2018-04-05 03:39:00.996433;(15, (733, 750, 291, 0, 0, 0, 0, 0, 0, 0))
2018-04-05 03:39:01.001728;(13, (624, 669, 228, 2, 0, 0, 0, 0, 0, 0))
2018-04-05 03:39:29.771673;(1, (3445, 3087, 2935, 1468, 0, 0, 0, 0, 0, 0))
2018-04-05 03:39:30.029373;(19, (543, 577, 60, 0, 0, 0, 0, 0, 0, 0))
2018-04-05 03:39:30.107071;(14, (981, 904, 367, 0, 0, 0, 0, 0, 0, 0))
2018-04-05 03:39:30.139987;(6, (445, 490, 12, 0, 0, 0, 0, 0, 0, 0))
2018-04-05 03:39:30.245742;(10, (913, 922, 428, 0, 0, 0, 0, 0, 0, 0))
2018-04-05 03:39:30.263235;(20, (1414, 1409, 832, 3, 0, 0, 0, 0, 0, 0))
2018-04-05 03:39:30.365534;(12, (577, 546, 39, 0, 0, 0, 0, 0, 0, 0))
2018-04-05 03:39:30.464297;(11, (681, 671, 138, 0, 0, 0, 0, 0, 0, 0))
2018-04-05 03:39:30.587054;(23, (623, 564, 367, 0, 0, 0, 0, 0, 0, 0))
2018-04-05 03:39:30.603660;(4, (547, 609, 153, 0, 0, 0, 0, 0, 0, 0))
2018-04-05 03:39:30.704219;(9, (404, 467, 4, 0, 0, 0, 0, 0, 0, 0))
2018-04-05 03:39:30.730094;(5, (1106, 1125, 635, 0, 0, 0, 0, 0, 0, 0))
2018-04-05 03:39:30.834056;(18, (684, 668, 150, 1, 0, 0, 0, 0, 0, 0))
2018-04-05 03:39:30.866175;(21, (461, 506, 61, 0, 0, 0, 0, 0, 0, 0))
2018-04-05 03:39:31.002869;(15, (840, 862, 369, 0, 0, 0, 0, 0, 0, 0))
2018-04-05 03:39:31.087260;(3, (758, 704, 160, 1, 0, 0, 0, 0, 0, 0))
2018-04-05 03:39:31.367967;(8, (715, 649, 123, 1, 0, 0, 0, 0, 0, 0))
2018-04-05 03:39:31.420031;(17, (387, 465, 3, 2, 0, 0, 0, 0, 0, 0))
2018-04-05 03:39:31.421321;(22, (1040, 1034, 452, 1, 0, 0, 0, 0, 0, 0))
2018-04-05 03:39:31.538678;(16, (484, 501, 8, 1, 0, 0, 0, 0, 0, 0))
2018-04-05 03:39:31.825431;(7, (1025, 961, 395, 0, 0, 0, 0, 0, 0, 0))
2018-04-05 03:39:32.006512;(13, (655, 705, 229, 2, 0, 0, 0, 0, 0, 0))
2018-04-05 03:39:59.777901;(1, (3701, 3340, 3176, 1588, 0, 0, 0, 0, 0, 0))
2018-04-05 03:40:00.046314;(19, (578, 617, 66, 0, 0, 0, 0, 0, 0, 0))
2018-04-05 03:40:00.256169;(10, (953, 966, 440, 0, 0, 0, 0, 0, 0, 0))
2018-04-05 03:40:00.471673;(11, (709, 705, 138, 0, 0, 0, 0, 0, 0, 0))
2018-04-05 03:40:00.592303;(23, (711, 652, 445, 0, 0, 0, 0, 0, 0, 0))
2018-04-05 03:40:00.874308;(21, (491, 540, 63, 0, 0, 0, 0, 0, 0, 0))
2018-04-05 03:40:01.095554;(3, (801, 753, 172, 1, 0, 0, 0, 0, 0, 0))
2018-04-05 03:40:01.122390;(14, (1025, 954, 385, 0, 0, 0, 0, 0, 0, 0))
2018-04-05 03:40:01.146635;(6, (473, 524, 12, 0, 0, 0, 0, 0, 0, 0))
2018-04-05 03:40:01.270619;(20, (1497, 1498, 886, 3, 0, 0, 0, 0, 0, 0))
2018-04-05 03:40:01.374255;(8, (755, 693, 135, 1, 0, 0, 0, 0, 0, 0))
2018-04-05 03:40:01.374732;(12, (617, 592, 51, 0, 0, 0, 0, 0, 0, 0))
2018-04-05 03:40:01.427926;(22, (1070, 1068, 452, 1, 0, 0, 0, 0, 0, 0))
2018-04-05 03:40:01.429299;(17, (415, 499, 3, 2, 0, 0, 0, 0, 0, 0))
2018-04-05 03:40:01.549842;(16, (512, 535, 8, 1, 0, 0, 0, 0, 0, 0))
2018-04-05 03:40:01.610708;(4, (586, 657, 165, 0, 0, 0, 0, 0, 0, 0))
2018-04-05 03:40:01.711597;(9, (434, 502, 4, 0, 0, 0, 0, 0, 0, 0))
2018-04-05 03:40:01.738231;(5, (1158, 1183, 659, 0, 0, 0, 0, 0, 0, 0))
2018-04-05 03:40:01.832304;(7, (1071, 1011, 413, 0, 0, 0, 0, 0, 0, 0))
2018-04-05 03:40:01.844057;(18, (767, 756, 204, 1, 0, 0, 0, 0, 0, 0))
2018-04-05 03:40:02.010807;(15, (946, 974, 447, 0, 0, 0, 0, 0, 0, 0))
2018-04-05 03:40:02.011911;(13, (710, 764, 252, 2, 0, 0, 0, 0, 0, 0))
2018-04-05 03:40:29.783057;(1, (3958, 3592, 3418, 1709, 0, 0, 0, 0, 0, 0))
2018-04-05 03:40:30.263434;(10, (993, 1011, 452, 0, 0, 0, 0, 0, 0, 0))
2018-04-05 03:40:30.597804;(23, (803, 741, 523, 0, 0, 0, 0, 0, 0, 0))
2018-04-05 03:40:30.882495;(21, (519, 573, 63, 0, 0, 0, 0, 0, 0, 0))
2018-04-05 03:40:31.055040;(19, (615, 658, 72, 0, 0, 0, 0, 0, 0, 0))
2018-04-05 03:40:31.105277;(3, (847, 799, 184, 1, 0, 0, 0, 0, 0, 0))
2018-04-05 03:40:31.129347;(14, (1077, 1005, 403, 0, 0, 0, 0, 0, 0, 0))
2018-04-05 03:40:31.153255;(6, (503, 559, 12, 0, 0, 0, 0, 0, 0, 0))
2018-04-05 03:40:31.281648;(20, (1583, 1586, 940, 3, 0, 0, 0, 0, 0, 0))
2018-04-05 03:40:31.382537;(8, (799, 738, 147, 1, 0, 0, 0, 0, 0, 0))
2018-04-05 03:40:31.383701;(12, (663, 639, 63, 0, 0, 0, 0, 0, 0, 0))
2018-04-05 03:40:31.436515;(22, (1101, 1103, 452, 1, 0, 0, 0, 0, 0, 0))
2018-04-05 03:40:31.437431;(17, (444, 534, 3, 2, 0, 0, 0, 0, 0, 0))
2018-04-05 03:40:31.478488;(11, (742, 740, 138, 0, 0, 0, 0, 0, 0, 0))
2018-04-05 03:40:31.560186;(16, (544, 570, 8, 1, 0, 0, 0, 0, 0, 0))
2018-04-05 03:40:31.620170;(4, (626, 702, 177, 0, 0, 0, 0, 0, 0, 0))
2018-04-05 03:40:31.718780;(9, (464, 537, 4, 0, 0, 0, 0, 0, 0, 0))
2018-04-05 03:40:31.747011;(5, (1215, 1241, 683, 0, 0, 0, 0, 0, 0, 0))
2018-04-05 03:40:31.838423;(7, (1120, 1062, 431, 0, 0, 0, 0, 0, 0, 0))
2018-04-05 03:40:31.850593;(18, (855, 845, 258, 1, 0, 0, 0, 0, 0, 0))
2018-04-05 03:40:32.018939;(15, (1054, 1087, 525, 0, 0, 0, 0, 0, 0, 0))
2018-04-05 03:40:32.020000;(13, (764, 823, 276, 2, 0, 0, 0, 0, 0, 0))
2018-04-05 03:41:00.799126;(1, (4217, 3840, 3656, 1828, 0, 0, 0, 0, 0, 0))
2018-04-05 03:41:01.062546;(19, (654, 705, 78, 0, 0, 0, 0, 0, 0, 0))
2018-04-05 03:41:01.113081;(3, (899, 853, 197, 4, 0, 0, 0, 0, 0, 0))
2018-04-05 03:41:01.141278;(14, (1139, 1076, 425, 0, 0, 0, 0, 0, 0, 0))
2018-04-05 03:41:01.162292;(6, (534, 593, 12, 0, 0, 0, 0, 0, 0, 0))
2018-04-05 03:41:01.270842;(10, (1046, 1067, 474, 0, 0, 0, 0, 0, 0, 0))
2018-04-05 03:41:01.302734;(20, (1686, 1698, 1005, 3, 0, 0, 0, 0, 0, 0))
2018-04-05 03:41:01.390444;(12, (707, 687, 73, 0, 0, 0, 0, 0, 0, 0))
2018-04-05 03:41:01.390844;(8, (848, 791, 162, 1, 0, 0, 0, 0, 0, 0))
2018-04-05 03:41:01.443737;(22, (1146, 1149, 462, 1, 0, 0, 0, 0, 0, 0))
2018-04-05 03:41:01.446372;(17, (473, 569, 3, 2, 0, 0, 0, 0, 0, 0))
2018-04-05 03:41:01.494315;(11, (784, 781, 142, 0, 0, 0, 0, 0, 0, 0))
2018-04-05 03:41:01.568116;(16, (571, 598, 8, 1, 0, 0, 0, 0, 0, 0))
2018-04-05 03:41:01.606447;(23, (876, 814, 582, 0, 0, 0, 0, 0, 0, 0))
2018-04-05 03:41:01.626842;(4, (664, 746, 189, 0, 0, 0, 0, 0, 0, 0))
2018-04-05 03:41:01.729752;(9, (492, 571, 4, 0, 0, 0, 0, 0, 0, 0))
2018-04-05 03:41:01.754148;(5, (1279, 1312, 717, 0, 0, 0, 0, 0, 0, 0))
2018-04-05 03:41:01.847419;(7, (1196, 1136, 465, 0, 0, 0, 0, 0, 0, 0))
2018-04-05 03:41:01.858059;(18, (938, 932, 298, 1, 0, 0, 0, 0, 0, 0))
2018-04-05 03:41:01.890712;(21, (546, 605, 63, 0, 0, 0, 0, 0, 0, 0))
2018-04-05 03:41:02.033383;(15, (1145, 1182, 585, 0, 0, 0, 0, 0, 0, 0))
2018-04-05 03:41:02.034560;(13, (817, 881, 300, 2, 0, 0, 0, 0, 0, 0))
2018-04-05 03:41:30.810441;(1, (4514, 4100, 3906, 1953, 0, 0, 0, 0, 0, 0))
2018-04-05 03:41:31.069223;(19, (694, 744, 78, 0, 0, 0, 0, 0, 0, 0))
2018-04-05 03:41:31.122990;(3, (954, 904, 205, 4, 0, 0, 0, 0, 0, 0))
2018-04-05 03:41:31.151588;(14, (1204, 1134, 438, 0, 0, 0, 0, 0, 0, 0))
2018-04-05 03:41:31.167015;(6, (565, 627, 12, 0, 0, 0, 0, 0, 0, 0))
2018-04-05 03:41:31.276458;(10, (1126, 1150, 509, 0, 0, 0, 0, 0, 0, 0))
2018-04-05 03:41:31.314026;(20, (1837, 1844, 1099, 3, 0, 0, 0, 0, 0, 0))
2018-04-05 03:41:31.395294;(8, (956, 894, 203, 1, 0, 0, 0, 0, 0, 0))
2018-04-05 03:41:31.397192;(12, (764, 747, 83, 0, 0, 0, 0, 0, 0, 0))
2018-04-05 03:41:31.450408;(22, (1227, 1224, 483, 1, 0, 0, 0, 0, 0, 0))
2018-04-05 03:41:31.451419;(17, (501, 603, 3, 2, 0, 0, 0, 0, 0, 0))
2018-04-05 03:41:31.498846;(11, (839, 829, 149, 0, 0, 0, 0, 0, 0, 0))
2018-04-05 03:41:31.573434;(16, (621, 649, 9, 1, 0, 0, 0, 0, 0, 0))
2018-04-05 03:41:31.617113;(23, (917, 849, 605, 0, 0, 0, 0, 0, 0, 0))
2018-04-05 03:41:31.632383;(4, (702, 791, 201, 0, 0, 0, 0, 0, 0, 0))
2018-04-05 03:41:31.734437;(9, (521, 605, 4, 0, 0, 0, 0, 0, 0, 0))
2018-04-05 03:41:31.758558;(5, (1368, 1404, 764, 0, 0, 0, 0, 0, 0, 0))
2018-04-05 03:41:31.851648;(7, (1329, 1253, 535, 0, 0, 0, 0, 0, 0, 0))
2018-04-05 03:41:31.865660;(18, (993, 984, 305, 1, 0, 0, 0, 0, 0, 0))
2018-04-05 03:41:31.894834;(21, (573, 637, 63, 0, 0, 0, 0, 0, 0, 0))
2018-04-05 03:41:32.043635;(13, (870, 939, 324, 2, 0, 0, 0, 0, 0, 0))
2018-04-05 03:41:32.046084;(15, (1201, 1241, 608, 0, 0, 0, 0, 0, 0, 0))
2018-04-05 03:42:00.813289;(1, (4773, 4356, 4152, 2076, 0, 0, 0, 0, 0, 0))
2018-04-05 03:42:01.071473;(19, (728, 780, 78, 0, 0, 0, 0, 0, 0, 0))
2018-04-05 03:42:01.153785;(14, (1241, 1169, 438, 0, 0, 0, 0, 0, 0, 0))
2018-04-05 03:42:01.170401;(6, (594, 661, 12, 0, 0, 0, 0, 0, 0, 0))
2018-04-05 03:42:01.279375;(10, (1167, 1194, 521, 0, 0, 0, 0, 0, 0, 0))
2018-04-05 03:42:01.316481;(20, (1994, 2004, 1223, 3, 0, 0, 0, 0, 0, 0))
2018-04-05 03:42:01.398034;(8, (1054, 992, 266, 1, 0, 0, 0, 0, 0, 0))
2018-04-05 03:42:01.502266;(11, (889, 876, 161, 0, 0, 0, 0, 0, 0, 0))
2018-04-05 03:42:01.620004;(23, (942, 871, 617, 0, 0, 0, 0, 0, 0, 0))
2018-04-05 03:42:01.635063;(4, (740, 835, 213, 0, 0, 0, 0, 0, 0, 0))
2018-04-05 03:42:01.737481;(9, (549, 639, 4, 0, 0, 0, 0, 0, 0, 0))
2018-04-05 03:42:01.868501;(18, (1028, 1020, 305, 1, 0, 0, 0, 0, 0, 0))
2018-04-05 03:42:01.897784;(21, (599, 669, 63, 0, 0, 0, 0, 0, 0, 0))
2018-04-05 03:42:02.049415;(15, (1241, 1287, 620, 0, 0, 0, 0, 0, 0, 0))
2018-04-05 03:42:02.125873;(3, (1001, 951, 217, 4, 0, 0, 0, 0, 0, 0))
2018-04-05 03:42:02.399559;(12, (800, 784, 83, 0, 0, 0, 0, 0, 0, 0))
2018-04-05 03:42:02.453051;(22, (1260, 1259, 483, 1, 0, 0, 0, 0, 0, 0))
2018-04-05 03:42:02.454740;(17, (530, 638, 3, 2, 0, 0, 0, 0, 0, 0))
2018-04-05 03:42:02.576998;(16, (655, 685, 9, 1, 0, 0, 0, 0, 0, 0))
2018-04-05 03:42:02.761103;(5, (1422, 1464, 790, 0, 0, 0, 0, 0, 0, 0))
2018-04-05 03:42:02.853975;(7, (1454, 1376, 624, 0, 0, 0, 0, 0, 0, 0))
2018-04-05 03:42:03.048440;(13, (922, 997, 348, 2, 0, 0, 0, 0, 0, 0))
2018-04-05 03:42:30.817542;(1, (5026, 4606, 4392, 2196, 0, 0, 0, 0, 0, 0))
2018-04-05 03:42:31.282206;(10, (1206, 1239, 533, 0, 0, 0, 0, 0, 0, 0))
2018-04-05 03:42:31.504677;(11, (930, 922, 173, 0, 0, 0, 0, 0, 0, 0))
2018-04-05 03:42:31.622067;(23, (967, 893, 629, 0, 0, 0, 0, 0, 0, 0))
2018-04-05 03:42:31.901082;(21, (625, 701, 63, 0, 0, 0, 0, 0, 0, 0))
2018-04-05 03:42:32.080327;(19, (757, 815, 78, 0, 0, 0, 0, 0, 0, 0))
2018-04-05 03:42:32.129100;(3, (1044, 997, 229, 4, 0, 0, 0, 0, 0, 0))
2018-04-05 03:42:32.158160;(14, (1271, 1201, 438, 0, 0, 0, 0, 0, 0, 0))
2018-04-05 03:42:32.174040;(6, (624, 696, 12, 0, 0, 0, 0, 0, 0, 0))
2018-04-05 03:42:32.319616;(20, (2143, 2158, 1343, 3, 0, 0, 0, 0, 0, 0))
2018-04-05 03:42:32.401166;(8, (1142, 1084, 326, 1, 0, 0, 0, 0, 0, 0))
2018-04-05 03:42:32.402339;(12, (830, 821, 83, 0, 0, 0, 0, 0, 0, 0))
2018-04-05 03:42:32.455715;(22, (1291, 1298, 483, 1, 0, 0, 0, 0, 0, 0))
2018-04-05 03:42:32.457744;(17, (558, 673, 3, 2, 0, 0, 0, 0, 0, 0))
2018-04-05 03:42:32.579663;(16, (684, 719, 9, 1, 0, 0, 0, 0, 0, 0))
2018-04-05 03:42:32.638338;(4, (780, 879, 225, 0, 0, 0, 0, 0, 0, 0))
2018-04-05 03:42:32.741630;(9, (578, 674, 4, 0, 0, 0, 0, 0, 0, 0))
2018-04-05 03:42:32.763860;(5, (1477, 1522, 814, 0, 0, 0, 0, 0, 0, 0))
2018-04-05 03:42:32.856691;(7, (1568, 1493, 709, 0, 0, 0, 0, 0, 0, 0))
2018-04-05 03:42:32.871479;(18, (1056, 1054, 305, 1, 0, 0, 0, 0, 0, 0))
2018-04-05 03:42:33.053708;(13, (975, 1056, 372, 2, 0, 0, 0, 0, 0, 0))
2018-04-05 03:42:33.055744;(15, (1282, 1335, 632, 0, 0, 0, 0, 0, 0, 0))
2018-04-05 03:43:00.820210;(1, (5284, 4863, 4634, 2317, 0, 0, 0, 0, 0, 0))
2018-04-05 03:43:01.285169;(10, (1245, 1283, 545, 0, 0, 0, 0, 0, 0, 0))
2018-04-05 03:43:01.507919;(11, (974, 969, 185, 0, 0, 0, 0, 0, 0, 0))
2018-04-05 03:43:01.625094;(23, (990, 915, 641, 0, 0, 0, 0, 0, 0, 0))
2018-04-05 03:43:01.903465;(21, (652, 733, 63, 0, 0, 0, 0, 0, 0, 0))
2018-04-05 03:43:02.082625;(19, (787, 849, 78, 0, 0, 0, 0, 0, 0, 0))
2018-04-05 03:43:02.131356;(3, (1087, 1043, 241, 4, 0, 0, 0, 0, 0, 0))
2018-04-05 03:43:02.161842;(14, (1301, 1234, 438, 0, 0, 0, 0, 0, 0, 0))
2018-04-05 03:43:02.181111;(6, (653, 730, 12, 0, 0, 0, 0, 0, 0, 0))
2018-04-05 03:43:02.322952;(20, (2297, 2317, 1467, 3, 0, 0, 0, 0, 0, 0))
2018-04-05 03:43:02.403894;(8, (1238, 1182, 391, 1, 0, 0, 0, 0, 0, 0))
2018-04-05 03:43:02.405784;(12, (863, 859, 83, 0, 0, 0, 0, 0, 0, 0))
2018-04-05 03:43:02.459861;(22, (1322, 1332, 483, 1, 0, 0, 0, 0, 0, 0))
2018-04-05 03:43:02.461602;(17, (586, 708, 3, 2, 0, 0, 0, 0, 0, 0))
2018-04-05 03:43:02.582249;(16, (716, 753, 9, 1, 0, 0, 0, 0, 0, 0))
2018-04-05 03:43:02.640848;(4, (818, 923, 237, 0, 0, 0, 0, 0, 0, 0))
2018-04-05 03:43:02.746476;(9, (606, 708, 4, 0, 0, 0, 0, 0, 0, 0))
2018-04-05 03:43:02.766376;(5, (1531, 1580, 838, 0, 0, 0, 0, 0, 0, 0))
2018-04-05 03:43:02.862395;(7, (1682, 1610, 794, 0, 0, 0, 0, 0, 0, 0))
2018-04-05 03:43:02.874830;(18, (1087, 1089, 305, 1, 0, 0, 0, 0, 0, 0))
2018-04-05 03:43:03.059564;(13, (1030, 1116, 398, 2, 0, 0, 0, 0, 0, 0))
2018-04-05 03:43:03.062683;(15, (1324, 1381, 644, 0, 0, 0, 0, 0, 0, 0))
2018-04-05 03:43:30.822140;(1, (5542, 5119, 4880, 2440, 0, 0, 0, 0, 0, 0))
2018-04-05 03:43:31.287706;(10, (1287, 1330, 559, 0, 0, 0, 0, 0, 0, 0))
2018-04-05 03:43:31.630070;(23, (1013, 937, 653, 0, 0, 0, 0, 0, 0, 0))
2018-04-05 03:43:32.085930;(19, (816, 884, 78, 0, 0, 0, 0, 0, 0, 0))
2018-04-05 03:43:32.134789;(3, (1130, 1090, 253, 4, 0, 0, 0, 0, 0, 0))
2018-04-05 03:43:32.165223;(14, (1330, 1266, 438, 0, 0, 0, 0, 0, 0, 0))
2018-04-05 03:43:32.185505;(6, (682, 765, 12, 0, 0, 0, 0, 0, 0, 0))
2018-04-05 03:43:32.326005;(20, (2450, 2473, 1589, 3, 0, 0, 0, 0, 0, 0))
2018-04-05 03:43:32.406584;(8, (1327, 1275, 452, 1, 0, 0, 0, 0, 0, 0))
2018-04-05 03:43:32.408220;(12, (893, 894, 83, 0, 0, 0, 0, 0, 0, 0))
2018-04-05 03:43:32.462892;(22, (1352, 1368, 483, 1, 0, 0, 0, 0, 0, 0))
2018-04-05 03:43:32.463902;(17, (617, 745, 3, 2, 0, 0, 0, 0, 0, 0))
2018-04-05 03:43:32.513900;(11, (1015, 1015, 197, 0, 0, 0, 0, 0, 0, 0))
2018-04-05 03:43:32.584747;(16, (744, 788, 9, 1, 0, 0, 0, 0, 0, 0))
2018-04-05 03:43:32.643199;(4, (856, 968, 249, 0, 0, 0, 0, 0, 0, 0))
2018-04-05 03:43:32.750052;(9, (635, 742, 4, 0, 0, 0, 0, 0, 0, 0))
2018-04-05 03:43:32.770217;(5, (1585, 1640, 864, 0, 0, 0, 0, 0, 0, 0))
2018-04-05 03:43:32.865821;(7, (1797, 1729, 881, 0, 0, 0, 0, 0, 0, 0))
2018-04-05 03:43:32.878875;(18, (1117, 1123, 305, 1, 0, 0, 0, 0, 0, 0))
2018-04-05 03:43:32.905797;(21, (678, 765, 63, 0, 0, 0, 0, 0, 0, 0))
2018-04-05 03:43:33.063148;(13, (1083, 1174, 422, 2, 0, 0, 0, 0, 0, 0))
2018-04-05 03:43:33.066401;(15, (1364, 1427, 656, 0, 0, 0, 0, 0, 0, 0))
2018-04-05 03:44:00.824187;(1, (5796, 5373, 5124, 2562, 0, 0, 0, 0, 0, 0))
2018-04-05 03:44:02.089646;(19, (844, 918, 78, 0, 0, 0, 0, 0, 0, 0))
2018-04-05 03:44:02.137358;(3, (1170, 1136, 265, 4, 0, 0, 0, 0, 0, 0))
2018-04-05 03:44:02.167667;(14, (1356, 1298, 438, 0, 0, 0, 0, 0, 0, 0))
2018-04-05 03:44:02.188138;(6, (713, 802, 12, 0, 0, 0, 0, 0, 0, 0))
2018-04-05 03:44:02.293956;(10, (1327, 1376, 573, 0, 0, 0, 0, 0, 0, 0))
2018-04-05 03:44:02.329883;(20, (2600, 2629, 1711, 3, 0, 0, 0, 0, 0, 0))
2018-04-05 03:44:02.410068;(8, (1413, 1367, 512, 1, 0, 0, 0, 0, 0, 0))
2018-04-05 03:44:02.410936;(12, (918, 926, 83, 0, 0, 0, 0, 0, 0, 0))
2018-04-05 03:44:02.465970;(22, (1380, 1403, 483, 1, 0, 0, 0, 0, 0, 0))
2018-04-05 03:44:02.466938;(17, (645, 779, 3, 2, 0, 0, 0, 0, 0, 0))
2018-04-05 03:44:02.516561;(11, (1055, 1061, 209, 0, 0, 0, 0, 0, 0, 0))
2018-04-05 03:44:02.588402;(16, (772, 822, 9, 1, 0, 0, 0, 0, 0, 0))
2018-04-05 03:44:02.632457;(23, (1037, 961, 667, 0, 0, 0, 0, 0, 0, 0))
2018-04-05 03:44:02.645546;(4, (894, 1013, 261, 0, 0, 0, 0, 0, 0, 0))
2018-04-05 03:44:02.754205;(9, (663, 776, 4, 0, 0, 0, 0, 0, 0, 0))
2018-04-05 03:44:02.773155;(5, (1639, 1700, 890, 0, 0, 0, 0, 0, 0, 0))
2018-04-05 03:44:02.869192;(7, (1907, 1845, 965, 0, 0, 0, 0, 0, 0, 0))
2018-04-05 03:44:02.882541;(18, (1145, 1157, 305, 1, 0, 0, 0, 0, 0, 0))
2018-04-05 03:44:02.908053;(21, (704, 797, 63, 0, 0, 0, 0, 0, 0, 0))
2018-04-05 03:44:03.066751;(13, (1135, 1232, 446, 2, 0, 0, 0, 0, 0, 0))
2018-04-05 03:44:03.069536;(15, (1404, 1473, 668, 0, 0, 0, 0, 0, 0, 0))
2018-04-05 03:44:30.826186;(1, (6028, 5603, 5344, 2672, 0, 0, 0, 0, 0, 0))
2018-04-05 03:44:32.091757;(19, (884, 960, 82, 0, 0, 0, 0, 0, 0, 0))
2018-04-05 03:44:32.171587;(14, (1404, 1344, 445, 0, 0, 0, 0, 0, 0, 0))
2018-04-05 03:44:32.190803;(6, (741, 836, 12, 0, 0, 0, 0, 0, 0, 0))
2018-04-05 03:44:32.301308;(10, (1377, 1428, 592, 0, 0, 0, 0, 0, 0, 0))
2018-04-05 03:44:32.332972;(20, (2727, 2765, 1801, 6, 0, 0, 0, 0, 0, 0))
2018-04-05 03:44:32.413532;(8, (1530, 1493, 571, 1, 0, 0, 0, 0, 0, 0))
2018-04-05 03:44:32.518764;(11, (1105, 1113, 223, 0, 0, 0, 0, 0, 0, 0))
2018-04-05 03:44:32.636167;(23, (1062, 983, 679, 0, 0, 0, 0, 0, 0, 0))
2018-04-05 03:44:32.911095;(21, (730, 829, 63, 0, 0, 0, 0, 0, 0, 0))
2018-04-05 03:44:33.073996;(15, (1444, 1519, 680, 0, 0, 0, 0, 0, 0, 0))
2018-04-05 03:44:33.139661;(3, (1215, 1185, 275, 7, 0, 0, 0, 0, 0, 0))
2018-04-05 03:44:33.419025;(12, (971, 978, 87, 0, 0, 0, 0, 0, 0, 0))
2018-04-05 03:44:33.468504;(22, (1426, 1444, 489, 1, 0, 0, 0, 0, 0, 0))
2018-04-05 03:44:33.470054;(17, (678, 821, 7, 4, 0, 0, 0, 0, 0, 0))
2018-04-05 03:44:33.590884;(16, (806, 856, 10, 2, 0, 0, 0, 0, 0, 0))
2018-04-05 03:44:33.649896;(4, (935, 1060, 273, 0, 0, 0, 0, 0, 0, 0))
2018-04-05 03:44:33.758188;(9, (691, 810, 4, 0, 0, 0, 0, 0, 0, 0))
2018-04-05 03:44:33.775681;(5, (1699, 1766, 922, 0, 0, 0, 0, 0, 0, 0))
2018-04-05 03:44:33.871350;(7, (2034, 1965, 1040, 0, 0, 0, 0, 0, 0, 0))
2018-04-05 03:44:33.885849;(18, (1184, 1199, 308, 1, 0, 0, 0, 0, 0, 0))
2018-04-05 03:44:34.072160;(13, (1187, 1290, 470, 2, 0, 0, 0, 0, 0, 0))
2018-04-05 03:45:01.828175;(1, (6332, 5885, 5616, 2808, 0, 0, 0, 0, 0, 0))
2018-04-05 03:45:02.095582;(19, (931, 1007, 82, 0, 0, 0, 0, 0, 0, 0))
2018-04-05 03:45:02.304730;(10, (1422, 1476, 607, 0, 0, 0, 0, 0, 0, 0))
2018-04-05 03:45:02.521997;(11, (1180, 1186, 242, 0, 0, 0, 0, 0, 0, 0))
2018-04-05 03:45:02.639751;(23, (1104, 1019, 704, 0, 0, 0, 0, 0, 0, 0))
2018-04-05 03:45:02.914329;(21, (757, 861, 63, 0, 0, 0, 0, 0, 0, 0))
2018-04-05 03:45:03.144386;(3, (1271, 1236, 280, 7, 0, 0, 0, 0, 0, 0))
2018-04-05 03:45:03.174835;(14, (1507, 1441, 484, 0, 0, 0, 0, 0, 0, 0))
2018-04-05 03:45:03.194587;(6, (770, 871, 12, 0, 0, 0, 0, 0, 0, 0))
2018-04-05 03:45:03.337176;(20, (2921, 2958, 1941, 6, 0, 0, 0, 0, 0, 0))
2018-04-05 03:45:03.417862;(8, (1615, 1567, 601, 1, 0, 0, 0, 0, 0, 0))
2018-04-05 03:45:03.422627;(12, (1028, 1032, 89, 0, 0, 0, 0, 0, 0, 0))
2018-04-05 03:45:03.470916;(22, (1469, 1480, 491, 1, 0, 0, 0, 0, 0, 0))
2018-04-05 03:45:03.473435;(17, (715, 867, 7, 4, 0, 0, 0, 0, 0, 0))
2018-04-05 03:45:03.596135;(16, (859, 909, 13, 2, 0, 0, 0, 0, 0, 0))
2018-04-05 03:45:03.653355;(4, (973, 1104, 285, 0, 0, 0, 0, 0, 0, 0))
2018-04-05 03:45:03.763219;(9, (719, 844, 4, 0, 0, 0, 0, 0, 0, 0))
2018-04-05 03:45:03.778462;(5, (1753, 1825, 946, 0, 0, 0, 0, 0, 0, 0))
2018-04-05 03:45:03.875129;(7, (2206, 2126, 1142, 0, 0, 0, 0, 0, 0, 0))
2018-04-05 03:45:03.890450;(18, (1233, 1249, 308, 1, 0, 0, 0, 0, 0, 0))
2018-04-05 03:45:04.074542;(13, (1240, 1348, 494, 2, 0, 0, 0, 0, 0, 0))
2018-04-05 03:45:04.077055;(15, (1502, 1579, 705, 0, 0, 0, 0, 0, 0, 0))
2018-04-05 03:45:31.830865;(1, (6587, 6137, 5858, 2929, 0, 0, 0, 0, 0, 0))
2018-04-05 03:45:32.307918;(10, (1461, 1520, 619, 0, 0, 0, 0, 0, 0, 0))
2018-04-05 03:45:32.524381;(11, (1225, 1233, 254, 0, 0, 0, 0, 0, 0, 0))
2018-04-05 03:45:32.643416;(23, (1140, 1053, 728, 0, 0, 0, 0, 0, 0, 0))
2018-04-05 03:45:32.916585;(21, (783, 893, 63, 0, 0, 0, 0, 0, 0, 0))
2018-04-05 03:45:33.098450;(19, (963, 1042, 82, 0, 0, 0, 0, 0, 0, 0))
2018-04-05 03:45:33.148334;(3, (1307, 1273, 280, 7, 0, 0, 0, 0, 0, 0))
2018-04-05 03:45:33.178578;(14, (1590, 1522, 532, 0, 0, 0, 0, 0, 0, 0))
2018-04-05 03:45:33.197926;(6, (798, 905, 12, 0, 0, 0, 0, 0, 0, 0))
2018-04-05 03:45:33.339958;(20, (3067, 3108, 2053, 6, 0, 0, 0, 0, 0, 0))
2018-04-05 03:45:33.421587;(8, (1660, 1612, 613, 1, 0, 0, 0, 0, 0, 0))
2018-04-05 03:45:33.426130;(12, (1062, 1067, 89, 0, 0, 0, 0, 0, 0, 0))
2018-04-05 03:45:33.473907;(22, (1501, 1515, 491, 1, 0, 0, 0, 0, 0, 0))
2018-04-05 03:45:33.475505;(17, (745, 901, 7, 4, 0, 0, 0, 0, 0, 0))
2018-04-05 03:45:33.599221;(16, (891, 944, 13, 2, 0, 0, 0, 0, 0, 0))
2018-04-05 03:45:33.655675;(4, (1013, 1148, 297, 0, 0, 0, 0, 0, 0, 0))
2018-04-05 03:45:33.766146;(9, (748, 879, 4, 0, 0, 0, 0, 0, 0, 0))
2018-04-05 03:45:33.781035;(5, (1806, 1883, 970, 0, 0, 0, 0, 0, 0, 0))
2018-04-05 03:45:33.879510;(7, (2325, 2247, 1225, 0, 0, 0, 0, 0, 0, 0))
2018-04-05 03:45:33.894412;(18, (1266, 1284, 308, 1, 0, 0, 0, 0, 0, 0))
2018-04-05 03:45:34.077941;(13, (1293, 1407, 518, 2, 0, 0, 0, 0, 0, 0))
2018-04-05 03:45:34.081767;(15, (1554, 1637, 729, 0, 0, 0, 0, 0, 0, 0))
2018-04-05 03:46:01.834596;(1, (6862, 6385, 6096, 3048, 0, 0, 0, 0, 0, 0))
2018-04-05 03:46:02.310349;(10, (1516, 1575, 639, 0, 0, 0, 0, 0, 0, 0))
2018-04-05 03:46:02.527168;(11, (1306, 1321, 276, 0, 0, 0, 0, 0, 0, 0))
2018-04-05 03:46:02.647113;(23, (1186, 1094, 756, 0, 0, 0, 0, 0, 0, 0))
2018-04-05 03:46:02.918960;(21, (809, 925, 63, 0, 0, 0, 0, 0, 0, 0))
2018-04-05 03:46:03.101632;(19, (1012, 1091, 85, 0, 0, 0, 0, 0, 0, 0))
2018-04-05 03:46:03.151467;(3, (1358, 1329, 282, 8, 0, 0, 0, 0, 0, 0))
2018-04-05 03:46:03.181991;(14, (1715, 1642, 585, 0, 0, 0, 0, 0, 0, 0))
2018-04-05 03:46:03.201210;(6, (827, 939, 12, 0, 0, 0, 0, 0, 0, 0))
2018-04-05 03:46:03.345422;(20, (3224, 3261, 2147, 6, 0, 0, 0, 0, 0, 0))
2018-04-05 03:46:03.426327;(8, (1758, 1699, 641, 2, 0, 0, 0, 0, 0, 0))
2018-04-05 03:46:03.430389;(12, (1116, 1113, 92, 0, 0, 0, 0, 0, 0, 0))
2018-04-05 03:46:03.476217;(22, (1557, 1560, 499, 1, 0, 0, 0, 0, 0, 0))
2018-04-05 03:46:03.478260;(17, (791, 948, 14, 7, 0, 0, 0, 0, 0, 0))
2018-04-05 03:46:03.604002;(16, (939, 992, 16, 2, 0, 0, 0, 0, 0, 0))
2018-04-05 03:46:03.659030;(4, (1051, 1192, 309, 0, 0, 0, 0, 0, 0, 0))
2018-04-05 03:46:03.770024;(9, (776, 913, 4, 0, 0, 0, 0, 0, 0, 0))
2018-04-05 03:46:03.783569;(5, (1869, 1952, 1002, 0, 0, 0, 0, 0, 0, 0))
2018-04-05 03:46:03.883248;(7, (2495, 2414, 1315, 0, 0, 0, 0, 0, 0, 0))
2018-04-05 03:46:03.898316;(18, (1323, 1336, 315, 1, 0, 0, 0, 0, 0, 0))
2018-04-05 03:46:04.081639;(13, (1345, 1465, 542, 2, 0, 0, 0, 0, 0, 0))
2018-04-05 03:46:04.085481;(15, (1614, 1702, 757, 0, 0, 0, 0, 0, 0, 0))
2018-04-05 03:46:31.836503;(1, (7136, 6647, 6348, 3174, 0, 0, 0, 0, 0, 0))
2018-04-05 03:46:33.104663;(19, (1048, 1126, 85, 0, 0, 0, 0, 0, 0, 0))
2018-04-05 03:46:33.154728;(3, (1392, 1364, 282, 8, 0, 0, 0, 0, 0, 0))
2018-04-05 03:46:33.185247;(14, (1777, 1701, 604, 0, 0, 0, 0, 0, 0, 0))
2018-04-05 03:46:33.205565;(6, (856, 977, 12, 0, 0, 0, 0, 0, 0, 0))
2018-04-05 03:46:33.313174;(10, (1569, 1631, 663, 0, 0, 0, 0, 0, 0, 0))
2018-04-05 03:46:33.351060;(20, (3333, 3373, 2220, 6, 0, 0, 0, 0, 0, 0))
2018-04-05 03:46:33.431041;(8, (1801, 1737, 644, 2, 0, 0, 0, 0, 0, 0))
2018-04-05 03:46:33.433503;(12, (1160, 1159, 92, 0, 0, 0, 0, 0, 0, 0))
2018-04-05 03:46:33.479542;(22, (1603, 1606, 511, 1, 0, 0, 0, 0, 0, 0))
2018-04-05 03:46:33.483096;(17, (826, 994, 14, 7, 0, 0, 0, 0, 0, 0))
2018-04-05 03:46:33.531424;(11, (1376, 1390, 301, 0, 0, 0, 0, 0, 0, 0))
2018-04-05 03:46:33.608227;(16, (981, 1036, 18, 2, 0, 0, 0, 0, 0, 0))
2018-04-05 03:46:33.650785;(23, (1256, 1163, 809, 0, 0, 0, 0, 0, 0, 0))
2018-04-05 03:46:33.662299;(4, (1089, 1236, 321, 0, 0, 0, 0, 0, 0, 0))
2018-04-05 03:46:33.772878;(9, (804, 947, 4, 0, 0, 0, 0, 0, 0, 0))
2018-04-05 03:46:33.786590;(5, (1939, 2027, 1042, 0, 0, 0, 0, 0, 0, 0))
2018-04-05 03:46:33.886699;(7, (2589, 2507, 1370, 0, 0, 0, 0, 0, 0, 0))
2018-04-05 03:46:33.900625;(18, (1401, 1410, 348, 1, 0, 0, 0, 0, 0, 0))
2018-04-05 03:46:33.921415;(21, (835, 957, 63, 0, 0, 0, 0, 0, 0, 0))
2018-04-05 03:46:34.089057;(15, (1701, 1795, 810, 0, 0, 0, 0, 0, 0, 0))
2018-04-05 03:46:35.085299;(13, (1399, 1527, 566, 2, 0, 0, 0, 0, 0, 0))
2018-04-05 03:47:01.838374;(1, (7421, 6905, 6596, 3298, 0, 0, 0, 0, 0, 0))
2018-04-05 03:47:03.106909;(19, (1090, 1174, 87, 3, 0, 0, 0, 0, 0, 0))
2018-04-05 03:47:03.190361;(14, (1833, 1752, 609, 0, 0, 0, 0, 0, 0, 0))
2018-04-05 03:47:03.315599;(10, (1634, 1702, 695, 0, 0, 0, 0, 0, 0, 0))
2018-04-05 03:47:03.358754;(20, (3394, 3435, 2237, 7, 0, 0, 0, 0, 0, 0))
2018-04-05 03:47:03.433801;(8, (1873, 1808, 666, 2, 0, 0, 0, 0, 0, 0))
2018-04-05 03:47:03.534343;(11, (1476, 1489, 347, 0, 0, 0, 0, 0, 0, 0))
2018-04-05 03:47:03.654409;(23, (1385, 1295, 908, 0, 0, 0, 0, 0, 0, 0))
2018-04-05 03:47:03.923628;(21, (861, 990, 63, 0, 0, 0, 0, 0, 0, 0))
2018-04-05 03:47:04.093052;(15, (1854, 1949, 911, 0, 0, 0, 0, 0, 0, 0))
2018-04-05 03:47:04.157910;(3, (1434, 1399, 282, 8, 0, 0, 0, 0, 0, 0))
2018-04-05 03:47:04.209146;(6, (901, 1023, 21, 0, 0, 0, 0, 0, 0, 0))
2018-04-05 03:47:04.438839;(12, (1209, 1202, 96, 0, 0, 0, 0, 0, 0, 0))
2018-04-05 03:47:04.482404;(22, (1665, 1663, 531, 1, 0, 0, 0, 0, 0, 0))
2018-04-05 03:47:04.486304;(17, (860, 1037, 14, 7, 0, 0, 0, 0, 0, 0))
2018-04-05 03:47:04.611194;(16, (1021, 1076, 19, 2, 0, 0, 0, 0, 0, 0))
2018-04-05 03:47:04.665792;(4, (1128, 1280, 333, 0, 0, 0, 0, 0, 0, 0))
2018-04-05 03:47:04.775816;(9, (832, 981, 4, 0, 0, 0, 0, 0, 0, 0))
2018-04-05 03:47:04.789632;(5, (2034, 2125, 1101, 0, 0, 0, 0, 0, 0, 0))
2018-04-05 03:47:04.890385;(7, (2680, 2602, 1403, 0, 0, 0, 0, 0, 0, 0))
2018-04-05 03:47:04.904408;(18, (1547, 1550, 437, 1, 0, 0, 0, 0, 0, 0))
2018-04-05 03:47:05.087979;(13, (1452, 1585, 590, 2, 0, 0, 0, 0, 0, 0))
2018-04-05 03:47:31.841540;(1, (7687, 7159, 6840, 3420, 0, 0, 0, 0, 0, 0))
2018-04-05 03:47:33.110503;(19, (1122, 1212, 87, 3, 0, 0, 0, 0, 0, 0))
2018-04-05 03:47:33.318996;(10, (1725, 1798, 754, 0, 0, 0, 0, 0, 0, 0))
2018-04-05 03:47:33.538076;(11, (1531, 1548, 371, 0, 0, 0, 0, 0, 0, 0))
2018-04-05 03:47:33.658030;(23, (1499, 1406, 1003, 0, 0, 0, 0, 0, 0, 0))
2018-04-05 03:47:33.925852;(21, (887, 1022, 63, 0, 0, 0, 0, 0, 0, 0))
2018-04-05 03:47:34.161501;(3, (1472, 1433, 282, 8, 0, 0, 0, 0, 0, 0))
2018-04-05 03:47:34.194160;(14, (1868, 1785, 609, 0, 0, 0, 0, 0, 0, 0))
2018-04-05 03:47:34.213779;(6, (932, 1063, 21, 0, 0, 0, 0, 0, 0, 0))
2018-04-05 03:47:34.362438;(20, (3453, 3495, 2258, 7, 0, 0, 0, 0, 0, 0))
2018-04-05 03:47:34.438952;(8, (1925, 1861, 681, 2, 0, 0, 0, 0, 0, 0))
2018-04-05 03:47:34.443761;(12, (1247, 1236, 96, 0, 0, 0, 0, 0, 0, 0))
2018-04-05 03:47:34.486416;(22, (1749, 1747, 578, 1, 0, 0, 0, 0, 0, 0))
2018-04-05 03:47:34.489429;(17, (891, 1075, 14, 7, 0, 0, 0, 0, 0, 0))
2018-04-05 03:47:34.614518;(16, (1051, 1111, 19, 2, 0, 0, 0, 0, 0, 0))
2018-04-05 03:47:34.669084;(4, (1166, 1324, 345, 0, 0, 0, 0, 0, 0, 0))
2018-04-05 03:47:34.778589;(9, (860, 1015, 4, 0, 0, 0, 0, 0, 0, 0))
2018-04-05 03:47:34.793085;(5, (2084, 2177, 1118, 0, 0, 0, 0, 0, 0, 0))
2018-04-05 03:47:34.894436;(7, (2745, 2669, 1427, 0, 0, 0, 0, 0, 0, 0))
2018-04-05 03:47:34.907289;(18, (1658, 1661, 511, 1, 0, 0, 0, 0, 0, 0))
2018-04-05 03:47:35.090606;(13, (1504, 1643, 614, 2, 0, 0, 0, 0, 0, 0))
2018-04-05 03:48:01.843463;(1, (7959, 7413, 7084, 3542, 0, 0, 0, 0, 0, 0))
2018-04-05 03:48:03.324767;(10, (1801, 1877, 797, 0, 0, 0, 0, 0, 0, 0))
2018-04-05 03:48:03.541615;(11, (1594, 1610, 397, 0, 0, 0, 0, 0, 0, 0))
2018-04-05 03:48:03.662191;(23, (1607, 1510, 1091, 0, 0, 0, 0, 0, 0, 0))
2018-04-05 03:48:03.929792;(21, (914, 1054, 63, 0, 0, 0, 0, 0, 0, 0))
2018-04-05 03:48:04.113819;(19, (1157, 1249, 87, 3, 0, 0, 0, 0, 0, 0))
2018-04-05 03:48:04.166600;(3, (1512, 1468, 282, 8, 0, 0, 0, 0, 0, 0))
2018-04-05 03:48:04.197433;(14, (1914, 1827, 616, 0, 0, 0, 0, 0, 0, 0))
2018-04-05 03:48:04.217065;(6, (962, 1102, 21, 0, 0, 0, 0, 0, 0, 0))
2018-04-05 03:48:04.366094;(20, (3537, 3587, 2297, 7, 0, 0, 0, 0, 0, 0))
2018-04-05 03:48:04.441782;(8, (1971, 1904, 685, 2, 0, 0, 0, 0, 0, 0))
2018-04-05 03:48:04.446999;(12, (1285, 1271, 96, 0, 0, 0, 0, 0, 0, 0))
2018-04-05 03:48:04.489411;(22, (1825, 1822, 614, 1, 0, 0, 0, 0, 0, 0))
2018-04-05 03:48:04.493529;(17, (925, 1114, 14, 7, 0, 0, 0, 0, 0, 0))
2018-04-05 03:48:04.617951;(16, (1083, 1146, 19, 2, 0, 0, 0, 0, 0, 0))
2018-04-05 03:48:04.671331;(4, (1204, 1368, 357, 0, 0, 0, 0, 0, 0, 0))
2018-04-05 03:48:04.781423;(9, (888, 1049, 4, 0, 0, 0, 0, 0, 0, 0))
2018-04-05 03:48:04.795415;(5, (2125, 2219, 1126, 0, 0, 0, 0, 0, 0, 0))
2018-04-05 03:48:04.897192;(7, (2821, 2749, 1455, 0, 0, 0, 0, 0, 0, 0))
2018-04-05 03:48:04.911283;(18, (1765, 1768, 580, 1, 0, 0, 0, 0, 0, 0))
2018-04-05 03:48:05.093277;(13, (1556, 1701, 638, 2, 0, 0, 0, 0, 0, 0))
2018-04-05 03:48:05.099013;(15, (2224, 2328, 1203, 0, 0, 0, 0, 0, 0, 0))
2018-04-05 03:48:31.845829;(1, (8228, 7665, 7326, 3663, 0, 0, 0, 0, 0, 0))
2018-04-05 03:48:33.327143;(10, (1837, 1910, 798, 0, 0, 0, 0, 0, 0, 0))
2018-04-05 03:48:33.546027;(11, (1660, 1682, 422, 0, 0, 0, 0, 0, 0, 0))
2018-04-05 03:48:33.665729;(23, (1677, 1574, 1141, 0, 0, 0, 0, 0, 0, 0))
2018-04-05 03:48:33.934478;(21, (940, 1086, 63, 0, 0, 0, 0, 0, 0, 0))
2018-04-05 03:48:34.116137;(19, (1193, 1285, 88, 3, 0, 0, 0, 0, 0, 0))
2018-04-05 03:48:34.169844;(3, (1555, 1511, 285, 8, 0, 0, 0, 0, 0, 0))
2018-04-05 03:48:34.199660;(14, (1959, 1870, 623, 0, 0, 0, 0, 0, 0, 0))
2018-04-05 03:48:34.220182;(6, (996, 1140, 21, 0, 0, 0, 0, 0, 0, 0))
2018-04-05 03:48:34.370315;(20, (3664, 3711, 2376, 7, 0, 0, 0, 0, 0, 0))
2018-04-05 03:48:34.445046;(8, (2042, 1975, 707, 2, 0, 0, 0, 0, 0, 0))
2018-04-05 03:48:34.450542;(12, (1318, 1304, 96, 0, 0, 0, 0, 0, 0, 0))
2018-04-05 03:48:34.492599;(22, (1873, 1874, 624, 1, 0, 0, 0, 0, 0, 0))
2018-04-05 03:48:34.495718;(17, (956, 1149, 14, 7, 0, 0, 0, 0, 0, 0))
2018-04-05 03:48:34.620667;(16, (1119, 1186, 20, 2, 0, 0, 0, 0, 0, 0))
2018-04-05 03:48:34.674406;(4, (1244, 1414, 369, 0, 0, 0, 0, 0, 0, 0))
2018-04-05 03:48:34.784318;(9, (918, 1083, 4, 0, 0, 0, 0, 0, 0, 0))
2018-04-05 03:48:34.798899;(5, (2170, 2267, 1139, 0, 0, 0, 0, 0, 0, 0))
2018-04-05 03:48:34.900646;(7, (2922, 2846, 1507, 0, 0, 0, 0, 0, 0, 0))
2018-04-05 03:48:34.914683;(18, (1846, 1849, 617, 1, 0, 0, 0, 0, 0, 0))
2018-04-05 03:48:35.095984;(13, (1610, 1760, 662, 2, 0, 0, 0, 0, 0, 0))
2018-04-05 03:48:35.102345;(15, (2313, 2421, 1259, 0, 0, 0, 0, 0, 0, 0))
2018-04-05 03:49:02.847803;(1, (8518, 7907, 7558, 3779, 0, 0, 0, 0, 0, 0))
2018-04-05 03:49:03.330381;(10, (1879, 1948, 801, 0, 0, 0, 0, 0, 0, 0))
2018-04-05 03:49:03.550106;(11, (1742, 1756, 439, 2, 0, 0, 0, 0, 0, 0))
2018-04-05 03:49:03.669483;(23, (1724, 1615, 1164, 0, 0, 0, 0, 0, 0, 0))
2018-04-05 03:49:04.119186;(19, (1252, 1345, 97, 4, 0, 0, 0, 0, 0, 0))
2018-04-05 03:49:04.172402;(3, (1623, 1565, 290, 8, 0, 0, 0, 0, 0, 0))
2018-04-05 03:49:04.203871;(14, (2066, 1959, 643, 0, 0, 0, 0, 0, 0, 0))
2018-04-05 03:49:04.223308;(6, (1029, 1175, 21, 0, 0, 0, 0, 0, 0, 0))
2018-04-05 03:49:04.374256;(20, (3864, 3905, 2485, 7, 0, 0, 0, 0, 0, 0))
2018-04-05 03:49:04.449536;(8, (2150, 2077, 735, 4, 0, 0, 0, 0, 0, 0))
2018-04-05 03:49:04.454616;(12, (1387, 1371, 102, 0, 0, 0, 0, 0, 0, 0))
2018-04-05 03:49:04.497334;(22, (1941, 1935, 633, 1, 0, 0, 0, 0, 0, 0))
2018-04-05 03:49:04.499328;(17, (995, 1197, 16, 9, 0, 0, 0, 0, 0, 0))
2018-04-05 03:49:04.623464;(16, (1154, 1214, 22, 2, 0, 0, 0, 0, 0, 0))
2018-04-05 03:49:04.676716;(4, (1282, 1458, 381, 0, 0, 0, 0, 0, 0, 0))
2018-04-05 03:49:04.787396;(9, (946, 1117, 4, 0, 0, 0, 0, 0, 0, 0))
2018-04-05 03:49:04.802425;(5, (2215, 2317, 1151, 0, 0, 0, 0, 0, 0, 0))
2018-04-05 03:49:04.903492;(7, (3086, 2993, 1579, 0, 0, 0, 0, 0, 0, 0))
2018-04-05 03:49:04.917296;(18, (1925, 1923, 635, 1, 0, 0, 0, 0, 0, 0))
2018-04-05 03:49:04.938166;(21, (966, 1118, 63, 0, 0, 0, 0, 0, 0, 0))
2018-04-05 03:49:05.106321;(15, (2393, 2506, 1300, 0, 0, 0, 0, 0, 0, 0))
2018-04-05 03:49:06.100364;(13, (1662, 1818, 686, 2, 0, 0, 0, 0, 0, 0))
2018-04-05 03:49:32.849774;(1, (8795, 8165, 7806, 3903, 0, 0, 0, 0, 0, 0))
2018-04-05 03:49:34.206628;(14, (2117, 2002, 650, 0, 0, 0, 0, 0, 0, 0))
2018-04-05 03:49:34.333422;(10, (1920, 1988, 805, 0, 0, 0, 0, 0, 0, 0))
2018-04-05 03:49:34.452519;(8, (2189, 2120, 736, 4, 0, 0, 0, 0, 0, 0))
2018-04-05 03:49:34.555555;(11, (1780, 1794, 439, 2, 0, 0, 0, 0, 0, 0))
2018-04-05 03:49:34.673108;(23, (1777, 1671, 1197, 0, 0, 0, 0, 0, 0, 0))
2018-04-05 03:49:34.941386;(21, (1004, 1157, 68, 0, 0, 0, 0, 0, 0, 0))
2018-04-05 03:49:35.174904;(3, (1661, 1601, 290, 8, 0, 0, 0, 0, 0, 0))
2018-04-05 03:49:35.227919;(6, (1066, 1215, 25, 0, 0, 0, 0, 0, 0, 0))
2018-04-05 03:49:35.381054;(20, (4028, 4068, 2607, 7, 0, 0, 0, 0, 0, 0))
2018-04-05 03:49:35.457062;(12, (1470, 1451, 141, 0, 0, 0, 0, 0, 0, 0))
2018-04-05 03:49:35.499720;(22, (1988, 1980, 641, 1, 0, 0, 0, 0, 0, 0))
2018-04-05 03:49:35.502217;(17, (1024, 1233, 16, 9, 0, 0, 0, 0, 0, 0))
2018-04-05 03:49:35.626507;(16, (1200, 1266, 22, 2, 0, 0, 0, 0, 0, 0))
2018-04-05 03:49:35.678899;(4, (1320, 1502, 393, 0, 0, 0, 0, 0, 0, 0))
2018-04-05 03:49:35.791241;(9, (974, 1151, 4, 0, 0, 0, 0, 0, 0, 0))
2018-04-05 03:49:35.805049;(5, (2269, 2371, 1168, 0, 0, 0, 0, 0, 0, 0))
2018-04-05 03:49:35.907760;(7, (3205, 3106, 1654, 0, 0, 0, 0, 0, 0, 0))
2018-04-05 03:49:35.920139;(18, (1988, 1980, 651, 1, 0, 0, 0, 0, 0, 0))
2018-04-05 03:49:36.103095;(13, (1716, 1878, 712, 2, 0, 0, 0, 0, 0, 0))
2018-04-05 03:49:36.107781;(15, (2473, 2593, 1333, 0, 0, 0, 0, 0, 0, 0))
