2018-04-05 07:46:38.802201;(9, (6166, 20, 0, 20, 20, 0, 0, 14, 21, 0, 33, 55, 0))
2018-04-05 07:46:38.803278;(1, (38, 3227, 0, 3227, 3223, 0, 0, 30, 234, 0, 3397, 3487, 0))
2018-04-05 07:46:38.842507;(5, (43, 2835, 0, 2835, 2817, 0, 0, 106, 213, 0, 2870, 3136, 0))
2018-04-05 07:46:38.937666;(12, (3951, 33, 0, 33, 31, 0, 0, 8, 25, 0, 75, 64, 0))
2018-04-05 07:46:38.999190;(6, (4579, 28, 0, 28, 27, 0, 0, 12, 11, 0, 30, 50, 0))
2018-04-05 07:46:39.063382;(15, (276, 447, 0, 447, 447, 0, 0, 2, 40, 0, 475, 489, 0))
2018-04-05 07:46:39.094680;(19, (5637, 22, 0, 22, 22, 0, 0, 4, 15, 0, 52, 41, 0))
2018-04-05 07:46:39.096152;(18, (4947, 25, 0, 25, 25, 0, 0, 0, 10, 0, 61, 35, 0))
2018-04-05 07:46:39.145919;(22, (1825, 71, 0, 71, 68, 0, 0, 21, 61, 0, 115, 150, 0))
2018-04-05 07:46:39.154917;(8, (3145, 42, 0, 42, 39, 0, 0, 22, 33, 0, 108, 94, 0))
2018-04-05 07:46:39.194307;(7, (2509, 52, 0, 52, 49, 0, 0, 20, 59, 0, 91, 128, 0))
2018-04-05 07:46:39.235618;(4, (4411, 32, 0, 32, 28, 0, 0, 34, 22, 0, 40, 84, 0))
2018-04-05 07:46:39.278806;(11, (4138, 30, 0, 30, 30, 0, 0, 5, 16, 0, 59, 51, 0))
2018-04-05 07:46:39.354071;(16, (6206, 20, 0, 20, 20, 0, 0, 7, 4, 0, 44, 31, 0))
2018-04-05 07:46:39.404740;(3, (3019, 41, 0, 41, 41, 0, 0, 16, 18, 0, 112, 75, 0))
2018-04-05 07:46:39.478490;(14, (2534, 52, 0, 52, 49, 0, 0, 32, 33, 0, 128, 114, 0))
2018-04-05 07:46:39.581789;(21, (39, 3205, 0, 3205, 3195, 0, 0, 83, 200, 0, 3231, 3478, 0))
2018-04-05 07:46:39.582804;(13, (5352, 33, 0, 33, 23, 0, 0, 55, 128, 0, 52, 206, 0))
2018-04-05 07:46:39.604267;(17, (4776, 26, 0, 26, 26, 0, 0, 6, 0, 0, 18, 32, 0))
2018-04-05 07:46:39.630766;(23, (2534, 52, 0, 52, 49, 0, 0, 25, 2, 0, 64, 76, 0))
2018-04-05 07:46:39.665358;(10, (3032, 47, 0, 47, 41, 0, 0, 46, 104, 0, 84, 191, 0))
2018-04-05 07:46:39.718643;(20, (1711, 79, 0, 79, 72, 0, 0, 59, 42, 0, 112, 173, 0))
2018-04-05 07:47:08.805621;(9, (0, 20, 0, 20, 20, 0, 0, 14, 21, 0, 33, 55, 0))
2018-04-05 07:47:08.807179;(1, (144, 3434, 0, 3434, 3428, 0, 0, 43, 275, 0, 3628, 3746, 0))
2018-04-05 07:47:08.847266;(5, (629, 2882, 0, 2882, 2864, 0, 0, 108, 213, 0, 2919, 3185, 0))
2018-04-05 07:47:08.941795;(12, (1642, 51, 0, 51, 49, 0, 0, 8, 25, 0, 98, 82, 0))
2018-04-05 07:47:09.003587;(6, (1556, 47, 0, 47, 46, 0, 0, 12, 11, 0, 51, 69, 0))
2018-04-05 07:47:09.067633;(15, (383, 524, 0, 524, 524, 0, 0, 3, 52, 0, 554, 579, 0))
2018-04-05 07:47:09.098962;(19, (1556, 41, 0, 41, 41, 0, 0, 6, 15, 0, 70, 62, 0))
2018-04-05 07:47:09.101605;(18, (1847, 41, 0, 41, 41, 0, 0, 0, 10, 0, 80, 51, 0))
2018-04-05 07:47:09.149371;(22, (214, 211, 0, 211, 206, 0, 0, 48, 94, 0, 258, 348, 0))
2018-04-05 07:47:09.158164;(8, (394, 120, 0, 120, 114, 0, 0, 34, 113, 0, 191, 261, 0))
2018-04-05 07:47:09.200569;(7, (642, 99, 0, 99, 95, 0, 0, 20, 83, 0, 144, 198, 0))
2018-04-05 07:47:09.241337;(4, (0, 32, 0, 32, 28, 0, 0, 34, 22, 0, 41, 84, 0))
2018-04-05 07:47:09.282494;(11, (953, 61, 0, 61, 61, 0, 0, 7, 46, 0, 93, 114, 0))
2018-04-05 07:47:09.363062;(16, (1556, 39, 0, 39, 39, 0, 0, 17, 4, 0, 62, 60, 0))
2018-04-05 07:47:09.408670;(3, (656, 87, 0, 87, 86, 0, 0, 17, 51, 0, 166, 154, 0))
2018-04-05 07:47:09.481259;(14, (758, 91, 0, 91, 88, 0, 0, 34, 33, 0, 175, 155, 0))
2018-04-05 07:47:09.584229;(21, (3695, 3214, 0, 3214, 3203, 0, 0, 88, 259, 0, 3240, 3550, 0))
2018-04-05 07:47:09.585749;(13, (0, 33, 0, 33, 23, 0, 0, 55, 128, 0, 54, 206, 0))
2018-04-05 07:47:09.607984;(17, (1740, 43, 0, 43, 43, 0, 0, 6, 0, 0, 35, 49, 0))
2018-04-05 07:47:09.634191;(23, (462, 116, 0, 116, 113, 0, 0, 26, 26, 0, 131, 165, 0))
2018-04-05 07:47:09.668337;(10, (2956, 57, 0, 57, 51, 0, 0, 46, 104, 0, 95, 201, 0))
2018-04-05 07:47:09.721563;(20, (222, 213, 0, 213, 205, 0, 0, 68, 92, 0, 245, 365, 0))
2018-04-05 07:47:38.809426;(9, (29562, 21, 0, 21, 21, 0, 0, 14, 21, 0, 35, 56, 0))
2018-04-05 07:47:38.810436;(1, (139, 3650, 0, 3650, 3640, 0, 0, 100, 516, 0, 3895, 4256, 0))
2018-04-05 07:47:38.851492;(5, (268, 2997, 0, 2997, 2974, 0, 0, 146, 280, 0, 3040, 3400, 0))
2018-04-05 07:47:38.945876;(12, (687, 95, 0, 95, 92, 0, 0, 18, 91, 0, 157, 201, 0))
2018-04-05 07:47:39.009034;(6, (1408, 68, 0, 68, 67, 0, 0, 20, 17, 0, 70, 104, 0))
2018-04-05 07:47:39.071597;(15, (169, 702, 0, 702, 698, 0, 0, 29, 209, 0, 735, 936, 0))
2018-04-05 07:47:39.103605;(19, (821, 80, 0, 80, 77, 0, 0, 29, 87, 0, 107, 193, 0))
2018-04-05 07:47:39.105619;(18, (236, 167, 0, 167, 166, 0, 0, 13, 57, 0, 223, 236, 0))
2018-04-05 07:47:39.152297;(22, (199, 365, 0, 365, 354, 0, 0, 96, 327, 0, 418, 777, 0))
2018-04-05 07:47:39.162220;(8, (324, 217, 0, 217, 205, 0, 0, 71, 340, 0, 302, 616, 0))
2018-04-05 07:47:39.203445;(7, (281, 210, 0, 210, 200, 0, 0, 52, 229, 0, 270, 481, 0))
2018-04-05 07:47:39.246955;(4, (29565, 33, 0, 33, 29, 0, 0, 34, 22, 0, 47, 85, 0))
2018-04-05 07:47:39.287944;(11, (509, 123, 0, 123, 119, 0, 0, 18, 178, 0, 164, 315, 0))
2018-04-05 07:47:39.371266;(16, (1019, 70, 0, 70, 68, 0, 0, 31, 32, 0, 89, 131, 0))
2018-04-05 07:47:39.414206;(3, (287, 196, 0, 196, 189, 0, 0, 44, 322, 0, 285, 555, 0))
2018-04-05 07:47:39.486514;(14, (248, 214, 0, 214, 207, 0, 0, 62, 150, 0, 329, 419, 0))
2018-04-05 07:47:39.589907;(21, (1056, 3243, 0, 3243, 3231, 0, 0, 106, 377, 0, 3256, 3714, 0))
2018-04-05 07:47:39.591089;(13, (29562, 34, 0, 34, 24, 0, 0, 55, 128, 0, 57, 207, 0))
2018-04-05 07:47:39.610839;(17, (365, 125, 0, 125, 124, 0, 0, 19, 81, 0, 115, 224, 0))
2018-04-05 07:47:39.639152;(23, (180, 282, 0, 282, 277, 0, 0, 54, 127, 0, 301, 458, 0))
2018-04-05 07:47:39.671829;(10, (416, 131, 0, 131, 122, 0, 0, 60, 212, 0, 174, 394, 0))
2018-04-05 07:47:39.723985;(20, (484, 278, 0, 278, 266, 0, 0, 89, 239, 0, 322, 594, 0))
2018-04-05 07:48:08.811564;(9, (0, 21, 0, 21, 21, 0, 0, 14, 21, 0, 35, 56, 0))
2018-04-05 07:48:08.813375;(1, (119, 3902, 0, 3902, 3887, 0, 0, 122, 924, 0, 4211, 4933, 0))
2018-04-05 07:48:08.855193;(5, (374, 3077, 0, 3077, 3053, 0, 0, 172, 300, 0, 3135, 3525, 0))
2018-04-05 07:48:08.951244;(12, (351, 179, 0, 179, 176, 0, 0, 32, 126, 0, 255, 334, 0))
2018-04-05 07:48:09.013838;(6, (1555, 88, 0, 88, 86, 0, 0, 32, 30, 0, 92, 148, 0))
2018-04-05 07:48:09.075998;(15, (225, 838, 0, 838, 829, 0, 0, 54, 339, 0, 880, 1222, 0))
2018-04-05 07:48:09.108944;(19, (379, 158, 0, 158, 155, 0, 0, 44, 131, 0, 194, 330, 0))
2018-04-05 07:48:09.110231;(18, (246, 294, 0, 294, 286, 0, 0, 76, 227, 0, 369, 589, 0))
2018-04-05 07:48:09.157023;(22, (154, 563, 1, 562, 545, 0, 0, 120, 622, 1, 626, 1287, 0))
2018-04-05 07:48:09.165742;(8, (1095, 245, 0, 245, 232, 0, 0, 81, 368, 0, 348, 681, 0))
2018-04-05 07:48:09.206466;(7, (428, 279, 0, 279, 269, 0, 0, 61, 317, 0, 355, 647, 0))
2018-04-05 07:48:09.249820;(4, (0, 33, 0, 33, 29, 0, 0, 34, 22, 0, 50, 85, 0))
2018-04-05 07:48:09.290879;(11, (820, 160, 0, 160, 155, 0, 0, 23, 220, 0, 205, 398, 0))
2018-04-05 07:48:09.375889;(16, (799, 108, 0, 108, 105, 0, 0, 38, 66, 0, 131, 209, 0))
2018-04-05 07:48:09.418270;(3, (123, 441, 0, 441, 428, 0, 0, 97, 541, 0, 545, 1066, 0))
2018-04-05 07:48:09.489556;(14, (257, 332, 0, 332, 322, 0, 0, 92, 349, 0, 453, 763, 0))
2018-04-05 07:48:09.594128;(21, (1094, 3270, 0, 3270, 3258, 0, 0, 119, 477, 0, 3273, 3854, 0))
2018-04-05 07:48:09.595533;(13, (0, 34, 0, 34, 24, 0, 0, 55, 128, 0, 61, 207, 0))
2018-04-05 07:48:09.615380;(17, (923, 157, 0, 157, 156, 0, 0, 24, 108, 0, 141, 288, 0))
2018-04-05 07:48:09.643283;(23, (278, 391, 0, 391, 383, 0, 0, 87, 190, 0, 420, 660, 0))
2018-04-05 07:48:09.674981;(10, (98, 441, 0, 441, 422, 0, 0, 141, 610, 0, 485, 1173, 0))
2018-04-05 07:48:09.728377;(20, (868, 312, 0, 312, 300, 0, 0, 89, 275, 0, 364, 664, 0))
2018-04-05 07:48:38.815131;(9, (0, 21, 0, 21, 21, 0, 0, 14, 21, 0, 35, 56, 0))
2018-04-05 07:48:38.816329;(1, (109, 4176, 0, 4176, 4158, 0, 0, 160, 1501, 0, 4517, 5819, 0))
2018-04-05 07:48:38.858622;(5, (501, 3137, 0, 3137, 3112, 0, 0, 183, 331, 0, 3198, 3626, 0))
2018-04-05 07:48:38.955426;(12, (985, 210, 0, 210, 206, 0, 0, 43, 146, 0, 286, 395, 0))
2018-04-05 07:48:39.019986;(6, (1739, 105, 0, 105, 103, 0, 0, 34, 35, 0, 110, 172, 0))
2018-04-05 07:48:39.079575;(15, (895, 874, 0, 874, 862, 0, 0, 64, 478, 0, 921, 1404, 0))
2018-04-05 07:48:39.112208;(19, (568, 210, 0, 210, 207, 0, 0, 66, 141, 0, 254, 414, 0))
2018-04-05 07:48:39.115271;(18, (642, 340, 0, 340, 332, 0, 0, 76, 260, 0, 419, 668, 0))
2018-04-05 07:48:39.160469;(22, (79, 939, 1, 938, 917, 0, 0, 133, 750, 1, 1006, 1800, 0))
2018-04-05 07:48:39.170203;(8, (454, 311, 0, 311, 297, 0, 0, 106, 467, 0, 427, 870, 0))
2018-04-05 07:48:39.209900;(7, (278, 386, 0, 386, 375, 0, 0, 72, 342, 0, 469, 789, 0))
2018-04-05 07:48:39.252091;(4, (0, 33, 0, 33, 29, 0, 0, 34, 22, 0, 51, 85, 0))
2018-04-05 07:48:39.293945;(11, (821, 197, 0, 197, 191, 0, 0, 31, 249, 0, 253, 471, 0))
2018-04-05 07:48:39.381408;(16, (896, 143, 0, 143, 138, 0, 0, 59, 85, 0, 163, 282, 0))
2018-04-05 07:48:39.422198;(3, (111, 707, 0, 707, 693, 0, 0, 119, 591, 0, 817, 1403, 0))
2018-04-05 07:48:39.495274;(14, (369, 416, 0, 416, 402, 0, 0, 128, 468, 0, 546, 998, 0))
2018-04-05 07:48:39.597776;(21, (1284, 3294, 0, 3294, 3281, 0, 0, 130, 602, 0, 3293, 4013, 0))
2018-04-05 07:48:39.598281;(13, (0, 34, 0, 34, 24, 0, 0, 55, 128, 0, 65, 207, 0))
2018-04-05 07:48:39.621301;(17, (1556, 176, 0, 176, 175, 0, 0, 25, 108, 0, 160, 308, 0))
2018-04-05 07:48:39.647293;(23, (4922, 397, 0, 397, 389, 0, 0, 87, 190, 0, 432, 666, 0))
2018-04-05 07:48:39.678302;(10, (63, 915, 0, 915, 889, 0, 0, 175, 857, 0, 962, 1921, 0))
2018-04-05 07:48:39.732169;(20, (1642, 330, 0, 330, 318, 0, 0, 89, 278, 0, 389, 685, 0))
2018-04-05 07:49:08.818358;(9, (0, 21, 0, 21, 21, 0, 0, 14, 21, 0, 35, 56, 0))
2018-04-05 07:49:08.819502;(1, (123, 4421, 0, 4421, 4397, 0, 0, 205, 2004, 0, 4810, 6606, 0))
2018-04-05 07:49:08.862472;(5, (469, 3200, 0, 3200, 3175, 0, 0, 188, 351, 0, 3265, 3714, 0))
2018-04-05 07:49:08.958736;(12, (1642, 228, 0, 228, 224, 0, 0, 43, 146, 0, 313, 413, 0))
2018-04-05 07:49:09.022974;(6, (1971, 121, 0, 121, 118, 0, 0, 37, 50, 0, 133, 205, 0))
2018-04-05 07:49:09.082964;(15, (1407, 897, 0, 897, 883, 0, 0, 73, 566, 0, 944, 1522, 0))
2018-04-05 07:49:09.117324;(19, (799, 247, 0, 247, 244, 0, 0, 78, 171, 0, 299, 493, 0))
2018-04-05 07:49:09.121238;(18, (527, 399, 0, 399, 388, 0, 0, 96, 361, 0, 486, 845, 0))
2018-04-05 07:49:09.165484;(22, (85, 1299, 1, 1298, 1263, 0, 0, 179, 1217, 1, 1369, 2659, 0))
2018-04-05 07:49:09.173896;(8, (1095, 340, 0, 340, 324, 0, 0, 119, 563, 0, 465, 1006, 0))
2018-04-05 07:49:09.213485;(7, (360, 469, 0, 469, 457, 0, 0, 79, 429, 0, 554, 965, 0))
2018-04-05 07:49:09.259447;(4, (0, 33, 0, 33, 29, 0, 0, 34, 22, 0, 53, 85, 0))
2018-04-05 07:49:09.297436;(11, (317, 290, 0, 290, 284, 0, 0, 44, 321, 0, 355, 649, 0))
2018-04-05 07:49:09.386152;(16, (1095, 172, 0, 172, 165, 0, 0, 75, 85, 0, 187, 325, 0))
2018-04-05 07:49:09.429350;(3, (152, 904, 0, 904, 887, 0, 0, 152, 784, 0, 1030, 1823, 0))
2018-04-05 07:49:09.499542;(14, (263, 534, 0, 534, 514, 0, 0, 194, 654, 0, 677, 1362, 0))
2018-04-05 07:49:09.602317;(21, (1847, 3310, 0, 3310, 3297, 0, 0, 138, 650, 0, 3312, 4085, 0))
2018-04-05 07:49:09.603194;(13, (0, 34, 0, 34, 24, 0, 0, 55, 128, 0, 68, 207, 0))
2018-04-05 07:49:09.626439;(17, (1407, 197, 0, 197, 196, 0, 0, 25, 108, 0, 181, 329, 0))
2018-04-05 07:49:09.650238;(23, (7390, 401, 0, 401, 393, 0, 0, 87, 190, 0, 439, 670, 0))
2018-04-05 07:49:09.683022;(10, (72, 1337, 0, 1337, 1296, 0, 0, 263, 1387, 0, 1383, 2946, 0))
2018-04-05 07:49:09.735246;(20, (642, 376, 0, 376, 364, 0, 0, 100, 305, 0, 444, 769, 0))
2018-04-05 07:49:38.821458;(9, (29572, 22, 0, 22, 22, 0, 0, 14, 21, 0, 37, 57, 0))
2018-04-05 07:49:38.825344;(1, (113, 4690, 0, 4690, 4656, 0, 0, 258, 2478, 0, 5116, 7392, 0))
2018-04-05 07:49:38.865632;(5, (527, 3257, 0, 3257, 3231, 0, 0, 200, 361, 0, 3329, 3792, 0))
2018-04-05 07:49:38.962843;(12, (896, 263, 0, 263, 257, 0, 0, 48, 201, 0, 357, 506, 0))
2018-04-05 07:49:39.027396;(6, (1737, 138, 0, 138, 135, 0, 0, 43, 53, 0, 155, 231, 0))
2018-04-05 07:49:39.086586;(15, (1642, 915, 0, 915, 901, 0, 0, 73, 567, 0, 969, 1541, 0))
2018-04-05 07:49:39.123692;(19, (238, 376, 0, 376, 368, 0, 0, 151, 230, 0, 442, 749, 0))
2018-04-05 07:49:39.125968;(18, (672, 444, 0, 444, 432, 0, 0, 104, 364, 0, 544, 900, 0))
2018-04-05 07:49:39.168983;(22, (76, 1689, 1, 1688, 1649, 0, 0, 225, 1388, 1, 1772, 3262, 0))
2018-04-05 07:49:39.177994;(8, (484, 404, 0, 404, 385, 0, 0, 143, 747, 0, 526, 1275, 0))
2018-04-05 07:49:39.218457;(7, (324, 561, 0, 561, 548, 0, 0, 91, 500, 0, 648, 1139, 0))
2018-04-05 07:49:39.262747;(4, (29540, 34, 0, 34, 30, 0, 0, 34, 22, 0, 55, 86, 0))
2018-04-05 07:49:39.300337;(11, (518, 349, 0, 349, 341, 0, 0, 57, 380, 0, 427, 778, 0))
2018-04-05 07:49:39.391894;(16, (924, 205, 0, 205, 197, 0, 0, 90, 134, 0, 225, 421, 0))
2018-04-05 07:49:39.434839;(3, (114, 1163, 0, 1163, 1145, 0, 0, 180, 825, 0, 1306, 2150, 0))
2018-04-05 07:49:39.504024;(14, (266, 652, 0, 652, 625, 0, 0, 244, 810, 0, 798, 1679, 0))
2018-04-05 07:49:39.605734;(21, (1845, 3326, 0, 3326, 3313, 0, 0, 144, 669, 0, 3331, 4126, 0))
2018-04-05 07:49:39.606128;(13, (29569, 35, 0, 35, 25, 0, 0, 55, 128, 0, 72, 208, 0))
2018-04-05 07:49:39.631006;(17, (1738, 214, 0, 214, 213, 0, 0, 26, 112, 0, 202, 351, 0))
2018-04-05 07:49:39.654045;(23, (5912, 406, 0, 406, 398, 0, 0, 87, 200, 0, 449, 685, 0))
2018-04-05 07:49:39.687210;(10, (70, 1762, 0, 1762, 1717, 0, 0, 320, 1703, 0, 1809, 3740, 0))
2018-04-05 07:49:39.739200;(20, (656, 422, 0, 422, 409, 0, 0, 116, 374, 0, 497, 899, 0))
2018-04-05 07:50:08.823712;(9, (0, 22, 0, 22, 22, 0, 0, 14, 21, 0, 37, 57, 0))
2018-04-05 07:50:08.828171;(1, (120, 4945, 0, 4945, 4902, 0, 0, 312, 2864, 0, 5410, 8078, 0))
2018-04-05 07:50:08.871040;(5, (629, 3304, 0, 3304, 3278, 0, 0, 200, 361, 0, 3379, 3839, 0))
2018-04-05 07:50:08.966966;(12, (821, 299, 0, 299, 293, 0, 0, 54, 224, 0, 401, 571, 0))
2018-04-05 07:50:09.030436;(6, (1847, 154, 0, 154, 151, 0, 0, 47, 53, 0, 174, 251, 0))
2018-04-05 07:50:09.089780;(15, (1232, 939, 0, 939, 925, 0, 0, 81, 624, 0, 991, 1630, 0))
2018-04-05 07:50:09.127679;(19, (509, 435, 0, 435, 426, 0, 0, 182, 301, 0, 509, 909, 0))
2018-04-05 07:50:09.129833;(18, (687, 490, 0, 490, 475, 0, 0, 113, 436, 0, 599, 1024, 0))
2018-04-05 07:50:09.172591;(22, (89, 2027, 1, 2026, 1980, 0, 0, 270, 1578, 1, 2123, 3828, 0))
2018-04-05 07:50:09.182312;(8, (844, 439, 0, 439, 420, 0, 0, 160, 869, 0, 569, 1449, 0))
2018-04-05 07:50:09.222229;(7, (510, 619, 0, 619, 606, 0, 0, 98, 539, 0, 714, 1243, 0))
2018-04-05 07:50:09.264592;(4, (0, 34, 0, 34, 30, 0, 0, 34, 22, 0, 55, 86, 0))
2018-04-05 07:50:09.304053;(11, (416, 422, 0, 422, 412, 0, 0, 63, 448, 0, 509, 923, 0))
2018-04-05 07:50:09.394479;(16, (1285, 228, 0, 228, 220, 0, 0, 91, 135, 0, 254, 446, 0))
2018-04-05 07:50:09.439248;(3, (191, 1323, 0, 1323, 1299, 0, 0, 209, 1059, 0, 1476, 2567, 0))
2018-04-05 07:50:09.610833;(21, (1738, 3344, 0, 3344, 3330, 0, 0, 151, 716, 0, 3350, 4197, 0))
2018-04-05 07:50:09.636098;(17, (1478, 234, 0, 234, 233, 0, 0, 29, 112, 0, 221, 374, 0))
2018-04-05 07:50:09.656435;(23, (4225, 413, 0, 413, 405, 0, 0, 87, 212, 0, 459, 704, 0))
2018-04-05 07:50:09.690978;(10, (73, 2169, 0, 2169, 2118, 0, 0, 358, 1946, 0, 2221, 4422, 0))
2018-04-05 07:50:38.829026;(9, (0, 22, 0, 22, 22, 0, 0, 14, 21, 0, 37, 57, 0))
2018-04-05 07:50:38.833300;(1, (124, 5191, 0, 5191, 5139, 0, 0, 346, 3343, 0, 5688, 8828, 0))
2018-04-05 07:50:38.874668;(5, (629, 3351, 0, 3351, 3325, 0, 0, 204, 363, 0, 3429, 3892, 0))
2018-04-05 07:50:38.970766;(12, (758, 339, 0, 339, 332, 0, 0, 75, 247, 0, 453, 654, 0))
2018-04-05 07:50:39.034549;(6, (1849, 170, 0, 170, 167, 0, 0, 56, 87, 0, 199, 310, 0))
2018-04-05 07:50:39.094677;(15, (1643, 959, 0, 959, 943, 0, 0, 90, 663, 0, 1013, 1696, 0))
2018-04-05 07:50:39.133384;(19, (1183, 460, 0, 460, 451, 0, 0, 184, 301, 0, 543, 936, 0))
2018-04-05 07:50:39.135996;(18, (1055, 522, 0, 522, 503, 0, 0, 127, 506, 0, 643, 1136, 0))
2018-04-05 07:50:39.185569;(8, (704, 482, 0, 482, 462, 0, 0, 163, 948, 0, 626, 1573, 0))
2018-04-05 07:50:39.226834;(7, (462, 684, 0, 684, 670, 0, 0, 101, 613, 0, 795, 1384, 0))
2018-04-05 07:50:39.266721;(4, (0, 34, 0, 34, 30, 0, 0, 34, 22, 0, 56, 86, 0))
2018-04-05 07:50:39.308561;(11, (388, 500, 0, 500, 488, 0, 0, 83, 506, 0, 587, 1077, 0))
2018-04-05 07:50:39.400121;(16, (953, 259, 0, 259, 251, 0, 0, 92, 163, 0, 294, 506, 0))
2018-04-05 07:50:39.442942;(3, (179, 1492, 0, 1492, 1464, 0, 0, 234, 1380, 0, 1654, 3078, 0))
2018-04-05 07:50:39.618402;(21, (1846, 3361, 0, 3361, 3346, 0, 0, 158, 733, 0, 3368, 4237, 0))
2018-04-05 07:50:39.641660;(17, (1019, 263, 0, 263, 262, 0, 0, 31, 126, 0, 245, 419, 0))
2018-04-05 07:50:39.658990;(23, (5911, 418, 0, 418, 410, 0, 0, 88, 218, 0, 466, 716, 0))
2018-04-05 07:50:39.694825;(10, (79, 2543, 0, 2543, 2489, 0, 0, 389, 2144, 0, 2606, 5022, 0))
2018-04-05 07:51:08.834959;(1, (120, 5441, 0, 5441, 5384, 0, 0, 387, 3710, 0, 5966, 9481, 0))
2018-04-05 07:51:09.038027;(6, (1739, 187, 0, 187, 184, 0, 0, 56, 87, 0, 218, 327, 0))
2018-04-05 07:51:09.311792;(11, (500, 559, 0, 559, 547, 0, 0, 87, 507, 0, 650, 1141, 0))
2018-04-05 07:51:09.624190;(21, (1970, 3377, 0, 3377, 3361, 0, 0, 160, 753, 0, 3384, 4274, 0))
2018-04-05 07:51:09.661427;(23, (7388, 422, 0, 422, 414, 0, 0, 88, 218, 0, 473, 720, 0))
2018-04-05 07:51:09.698603;(10, (76, 2933, 0, 2933, 2874, 0, 0, 412, 2343, 0, 2998, 5629, 0))
2018-04-05 07:51:09.834048;(9, (0, 22, 0, 22, 22, 0, 0, 14, 21, 0, 37, 57, 0))
2018-04-05 07:51:09.878440;(5, (657, 3397, 0, 3397, 3370, 0, 0, 214, 370, 0, 3481, 3954, 0))
2018-04-05 07:51:09.977524;(12, (1138, 365, 0, 365, 358, 0, 0, 75, 247, 0, 482, 680, 0))
2018-04-05 07:51:10.098178;(15, (1739, 976, 0, 976, 960, 0, 0, 94, 676, 0, 1034, 1730, 0))
2018-04-05 07:51:10.141164;(19, (798, 497, 0, 497, 488, 0, 0, 196, 366, 0, 592, 1050, 0))
2018-04-05 07:51:10.142533;(18, (410, 594, 0, 594, 575, 0, 0, 131, 532, 0, 722, 1238, 0))
2018-04-05 07:51:10.189048;(8, (1020, 514, 0, 514, 491, 0, 0, 173, 1044, 0, 674, 1708, 0))
2018-04-05 07:51:10.230248;(7, (484, 748, 0, 748, 731, 0, 0, 124, 642, 0, 852, 1497, 0))
2018-04-05 07:51:10.269930;(4, (0, 34, 0, 34, 30, 0, 0, 34, 22, 0, 56, 86, 0))
2018-04-05 07:51:10.403682;(16, (1232, 283, 0, 283, 275, 0, 0, 92, 163, 0, 322, 530, 0))
2018-04-05 07:51:10.447200;(3, (231, 1624, 0, 1624, 1592, 0, 0, 256, 1580, 0, 1800, 3428, 0))
2018-04-05 07:51:10.646096;(17, (1285, 286, 0, 286, 285, 0, 0, 39, 139, 0, 266, 463, 0))
2018-04-05 07:51:38.839667;(1, (141, 5654, 0, 5654, 5593, 0, 0, 420, 3907, 0, 6225, 9920, 0))
2018-04-05 07:51:39.317509;(11, (629, 607, 0, 607, 594, 0, 0, 92, 578, 0, 699, 1264, 0))
2018-04-05 07:51:39.628284;(21, (1971, 3392, 0, 3392, 3376, 0, 0, 161, 766, 0, 3399, 4303, 0))
2018-04-05 07:51:39.663149;(23, (1408, 444, 0, 444, 435, 0, 0, 96, 229, 0, 499, 760, 0))
2018-04-05 07:51:39.702326;(10, (172, 3104, 0, 3104, 3045, 0, 0, 417, 2454, 0, 3171, 5916, 0))
2018-04-05 07:51:39.839105;(9, (0, 22, 0, 22, 22, 0, 0, 14, 21, 0, 37, 57, 0))
2018-04-05 07:51:39.882666;(5, (476, 3461, 0, 3461, 3432, 0, 0, 226, 404, 0, 3547, 4062, 0))
2018-04-05 07:51:39.979372;(12, (844, 402, 0, 402, 393, 0, 0, 94, 312, 0, 527, 799, 0))
2018-04-05 07:51:40.041403;(6, (895, 221, 0, 221, 217, 0, 0, 71, 93, 0, 257, 381, 0))
2018-04-05 07:51:40.101646;(15, (1970, 991, 0, 991, 975, 0, 0, 95, 696, 0, 1051, 1766, 0))
2018-04-05 07:51:40.146339;(19, (579, 554, 0, 554, 539, 0, 0, 249, 447, 0, 652, 1235, 0))
2018-04-05 07:51:40.147106;(18, (616, 643, 0, 643, 623, 0, 0, 137, 579, 0, 787, 1339, 0))
2018-04-05 07:51:40.191544;(8, (454, 587, 0, 587, 556, 0, 0, 212, 1263, 0, 771, 2031, 0))
2018-04-05 07:51:40.235261;(7, (410, 822, 0, 822, 803, 0, 0, 130, 701, 0, 936, 1634, 0))
2018-04-05 07:51:40.273990;(4, (0, 34, 0, 34, 30, 0, 0, 34, 22, 0, 56, 86, 0))
2018-04-05 07:51:40.406462;(16, (1971, 298, 0, 298, 290, 0, 0, 92, 163, 0, 349, 545, 0))
2018-04-05 07:51:40.454615;(3, (159, 1810, 0, 1810, 1777, 0, 0, 273, 1699, 0, 2006, 3749, 0))
2018-04-05 07:51:40.650452;(17, (1232, 310, 0, 310, 309, 0, 0, 40, 139, 0, 286, 488, 0))
2018-04-05 07:52:08.845248;(1, (118, 5913, 0, 5913, 5843, 0, 0, 473, 4234, 0, 6522, 10550, 0))
2018-04-05 07:52:09.322122;(11, (615, 656, 0, 656, 642, 0, 0, 101, 604, 0, 755, 1347, 0))
2018-04-05 07:52:09.633688;(21, (1555, 3411, 0, 3411, 3395, 0, 0, 175, 797, 0, 3415, 4367, 0))
2018-04-05 07:52:09.843287;(9, (0, 22, 0, 22, 22, 0, 0, 14, 21, 0, 37, 57, 0))
2018-04-05 07:52:09.886045;(5, (579, 3517, 0, 3517, 3483, 0, 0, 245, 497, 0, 3606, 4225, 0))
2018-04-05 07:52:09.984031;(12, (383, 479, 0, 479, 470, 0, 0, 107, 377, 0, 618, 954, 0))
2018-04-05 07:52:10.046783;(6, (1137, 247, 0, 247, 243, 0, 0, 91, 101, 0, 294, 435, 0))
2018-04-05 07:52:10.105049;(15, (360, 1074, 0, 1074, 1057, 0, 0, 115, 715, 0, 1139, 1887, 0))
2018-04-05 07:52:10.155029;(19, (238, 679, 0, 679, 663, 0, 0, 261, 537, 0, 788, 1461, 0))
2018-04-05 07:52:10.159939;(18, (360, 728, 0, 728, 705, 0, 0, 155, 723, 0, 872, 1583, 0))
2018-04-05 07:52:10.197733;(8, (568, 641, 0, 641, 608, 0, 0, 227, 1317, 0, 841, 2152, 0))
2018-04-05 07:52:10.238389;(7, (484, 885, 0, 885, 864, 0, 0, 134, 784, 0, 1009, 1782, 0))
2018-04-05 07:52:10.275862;(4, (0, 34, 0, 34, 30, 0, 0, 34, 22, 0, 57, 86, 0))
2018-04-05 07:52:10.412147;(16, (895, 331, 0, 331, 323, 0, 0, 93, 197, 0, 384, 613, 0))
2018-04-05 07:52:10.458880;(3, (167, 1990, 0, 1990, 1953, 0, 0, 285, 1875, 0, 2193, 4113, 0))
2018-04-05 07:52:10.653844;(17, (1137, 336, 0, 336, 335, 0, 0, 40, 165, 0, 312, 540, 0))
2018-04-05 07:52:10.667994;(23, (335, 535, 0, 535, 523, 0, 0, 116, 357, 0, 583, 996, 0))
2018-04-05 07:52:10.706309;(10, (567, 3156, 0, 3156, 3097, 0, 0, 417, 2454, 0, 3230, 5968, 0))
2018-04-05 07:52:38.847192;(1, (122, 6162, 0, 6162, 6084, 0, 0, 542, 4542, 0, 6795, 11168, 0))
2018-04-05 07:52:39.846487;(9, (0, 22, 0, 22, 22, 0, 0, 14, 21, 0, 38, 57, 0))
2018-04-05 07:52:39.890247;(5, (642, 3563, 0, 3563, 3529, 0, 0, 248, 518, 0, 3653, 4295, 0))
2018-04-05 07:52:39.987628;(12, (671, 524, 0, 524, 514, 0, 0, 113, 415, 0, 673, 1042, 0))
2018-04-05 07:52:40.053908;(6, (1970, 262, 0, 262, 258, 0, 0, 96, 101, 0, 313, 455, 0))
2018-04-05 07:52:40.108398;(15, (325, 1169, 0, 1169, 1148, 0, 0, 133, 809, 0, 1235, 2090, 0))
2018-04-05 07:52:40.159421;(19, (591, 729, 0, 729, 713, 0, 0, 273, 585, 0, 848, 1571, 0))
2018-04-05 07:52:40.163892;(18, (434, 797, 0, 797, 773, 0, 0, 166, 784, 0, 954, 1723, 0))
2018-04-05 07:52:40.201765;(8, (257, 758, 0, 758, 723, 0, 0, 267, 1481, 0, 970, 2471, 0))
2018-04-05 07:52:40.242863;(7, (657, 930, 0, 930, 909, 0, 0, 134, 807, 0, 1063, 1850, 0))
2018-04-05 07:52:40.277617;(4, (0, 34, 0, 34, 30, 0, 0, 34, 22, 0, 58, 86, 0))
2018-04-05 07:52:40.326355;(11, (518, 715, 0, 715, 699, 0, 0, 106, 666, 0, 826, 1471, 0))
2018-04-05 07:52:40.417040;(16, (1182, 356, 0, 356, 348, 0, 0, 93, 197, 0, 412, 638, 0))
2018-04-05 07:52:40.462052;(3, (404, 2065, 0, 2065, 2026, 0, 0, 295, 1956, 0, 2275, 4277, 0))
2018-04-05 07:52:40.642730;(21, (1846, 3427, 0, 3427, 3411, 0, 0, 177, 808, 0, 3431, 4396, 0))
2018-04-05 07:52:40.657217;(17, (1971, 351, 0, 351, 350, 0, 0, 41, 165, 0, 322, 556, 0))
2018-04-05 07:52:40.670338;(23, (364, 616, 0, 616, 604, 0, 0, 126, 377, 0, 666, 1107, 0))
2018-04-05 07:52:40.710360;(10, (527, 3214, 0, 3214, 3153, 0, 0, 427, 2472, 0, 3291, 6052, 0))
2018-04-05 07:53:08.850505;(1, (129, 6397, 0, 6397, 6312, 0, 0, 598, 4932, 0, 7079, 11842, 0))
2018-04-05 07:53:09.849715;(9, (0, 22, 0, 22, 22, 0, 0, 14, 21, 0, 38, 57, 0))
2018-04-05 07:53:09.894011;(5, (672, 3608, 0, 3608, 3573, 0, 0, 256, 549, 0, 3700, 4378, 0))
2018-04-05 07:53:09.990634;(12, (1019, 554, 0, 554, 543, 0, 0, 117, 429, 0, 724, 1089, 0))
2018-04-05 07:53:10.058384;(6, (1971, 277, 0, 277, 273, 0, 0, 97, 101, 0, 332, 471, 0))
2018-04-05 07:53:10.111874;(15, (220, 1308, 0, 1308, 1282, 0, 0, 161, 999, 0, 1375, 2442, 0))
2018-04-05 07:53:10.162338;(19, (687, 775, 0, 775, 756, 0, 0, 302, 661, 0, 903, 1719, 0))
2018-04-05 07:53:10.167267;(18, (257, 915, 0, 915, 888, 0, 0, 206, 873, 0, 1087, 1967, 0))
2018-04-05 07:53:10.205451;(8, (509, 820, 0, 820, 781, 0, 0, 299, 1616, 0, 1053, 2696, 0))
2018-04-05 07:53:10.246738;(7, (252, 1051, 0, 1051, 1026, 0, 0, 144, 961, 0, 1200, 2131, 0))
2018-04-05 07:53:10.279455;(4, (0, 34, 0, 34, 30, 0, 0, 34, 22, 0, 59, 86, 0))
2018-04-05 07:53:10.330916;(11, (642, 761, 0, 761, 745, 0, 0, 122, 744, 0, 888, 1611, 0))
2018-04-05 07:53:10.419697;(16, (820, 394, 0, 394, 384, 0, 0, 110, 266, 0, 450, 760, 0))
2018-04-05 07:53:10.466189;(3, (208, 2210, 0, 2210, 2168, 0, 0, 315, 2168, 0, 2433, 4651, 0))
2018-04-05 07:53:10.649069;(21, (1847, 3444, 0, 3444, 3427, 0, 0, 188, 857, 0, 3446, 4472, 0))
2018-04-05 07:53:10.662378;(17, (1344, 373, 0, 373, 372, 0, 0, 41, 165, 0, 344, 578, 0))
2018-04-05 07:53:10.673808;(23, (236, 742, 0, 742, 729, 0, 0, 160, 455, 0, 798, 1344, 0))
2018-04-05 07:53:10.716033;(10, (484, 3276, 0, 3276, 3214, 0, 0, 434, 2558, 0, 3370, 6206, 0))
2018-04-05 07:53:38.853925;(1, (113, 6668, 0, 6668, 6571, 0, 0, 692, 5241, 0, 7400, 12504, 0))
2018-04-05 07:53:39.897299;(5, (557, 3662, 0, 3662, 3626, 0, 0, 259, 565, 0, 3762, 4450, 0))
2018-04-05 07:53:39.995176;(12, (501, 613, 0, 613, 602, 0, 0, 123, 470, 0, 790, 1195, 0))
2018-04-05 07:53:40.062907;(6, (1971, 292, 0, 292, 288, 0, 0, 97, 101, 0, 351, 486, 0))
2018-04-05 07:53:40.115819;(15, (591, 1358, 0, 1358, 1332, 0, 0, 165, 1015, 0, 1429, 2512, 0))
2018-04-05 07:53:40.167061;(19, (383, 853, 0, 853, 833, 0, 0, 341, 712, 0, 986, 1886, 0))
2018-04-05 07:53:40.171283;(18, (1182, 940, 0, 940, 913, 0, 0, 209, 891, 0, 1125, 2013, 0))
2018-04-05 07:53:40.209821;(8, (225, 960, 0, 960, 912, 0, 0, 388, 1882, 0, 1205, 3182, 0))
2018-04-05 07:53:40.250407;(7, (248, 1171, 0, 1171, 1145, 0, 0, 154, 1062, 0, 1337, 2361, 0))
2018-04-05 07:53:40.282178;(4, (0, 34, 0, 34, 30, 0, 0, 34, 22, 0, 63, 86, 0))
2018-04-05 07:53:40.334650;(11, (441, 833, 0, 833, 812, 0, 0, 131, 888, 0, 971, 1831, 0))
2018-04-05 07:53:40.423809;(16, (476, 457, 0, 457, 446, 0, 0, 122, 341, 0, 519, 909, 0))
2018-04-05 07:53:40.470450;(3, (336, 2303, 0, 2303, 2256, 0, 0, 335, 2394, 0, 2529, 4985, 0))
2018-04-05 07:53:40.653257;(21, (895, 3477, 0, 3477, 3460, 0, 0, 202, 1019, 0, 3461, 4681, 0))
2018-04-05 07:53:40.670541;(17, (1556, 392, 0, 392, 391, 0, 0, 41, 165, 0, 363, 597, 0))
2018-04-05 07:53:40.679824;(23, (820, 778, 0, 778, 765, 0, 0, 163, 480, 0, 839, 1408, 0))
2018-04-05 07:53:40.719239;(10, (671, 3320, 0, 3320, 3258, 0, 0, 435, 2558, 0, 3417, 6251, 0))
2018-04-05 07:54:08.857128;(1, (134, 6896, 0, 6896, 6790, 0, 0, 737, 5514, 0, 7672, 13041, 0))
2018-04-05 07:54:09.901575;(5, (629, 3712, 0, 3712, 3673, 0, 0, 276, 597, 0, 3815, 4546, 0))
2018-04-05 07:54:09.999534;(12, (469, 677, 0, 677, 665, 0, 0, 129, 532, 0, 868, 1326, 0))
2018-04-05 07:54:10.067370;(6, (1847, 308, 0, 308, 304, 0, 0, 102, 113, 0, 366, 519, 0))
2018-04-05 07:54:10.121275;(15, (389, 1434, 0, 1434, 1408, 0, 0, 170, 1069, 0, 1507, 2647, 0))
2018-04-05 07:54:10.170885;(19, (374, 936, 0, 936, 912, 0, 0, 376, 807, 0, 1071, 2095, 0))
2018-04-05 07:54:10.175339;(18, (671, 985, 0, 985, 957, 0, 0, 215, 919, 0, 1188, 2091, 0))
2018-04-05 07:54:10.214198;(8, (360, 1052, 0, 1052, 994, 0, 0, 440, 2158, 0, 1320, 3592, 0))
2018-04-05 07:54:10.253420;(7, (301, 1272, 0, 1272, 1243, 0, 0, 165, 1191, 0, 1454, 2599, 0))
2018-04-05 07:54:10.285874;(4, (29572, 35, 0, 35, 31, 0, 0, 34, 22, 0, 65, 87, 0))
2018-04-05 07:54:10.338001;(11, (527, 892, 0, 892, 868, 0, 0, 144, 948, 0, 1038, 1960, 0))
2018-04-05 07:54:10.428618;(16, (547, 513, 0, 513, 500, 0, 0, 129, 422, 0, 580, 1051, 0))
2018-04-05 07:54:10.475918;(3, (220, 2446, 0, 2446, 2390, 0, 0, 366, 2728, 0, 2689, 5484, 0))
2018-04-05 07:54:10.661517;(21, (1477, 3498, 0, 3498, 3480, 0, 0, 212, 1077, 0, 3478, 4769, 0))
2018-04-05 07:54:10.674930;(17, (1556, 411, 0, 411, 410, 0, 0, 42, 171, 0, 382, 623, 0))
2018-04-05 07:54:10.683337;(23, (461, 843, 0, 843, 829, 0, 0, 181, 531, 0, 908, 1541, 0))
2018-04-05 07:54:10.722503;(10, (193, 3476, 0, 3476, 3411, 0, 0, 461, 2687, 0, 3577, 6559, 0))
2018-04-05 07:54:38.859649;(1, (115, 7161, 0, 7161, 7045, 0, 0, 776, 5911, 0, 7954, 13732, 0))
2018-04-05 07:54:39.905154;(5, (394, 3789, 0, 3789, 3748, 0, 0, 282, 636, 0, 3895, 4666, 0))
2018-04-05 07:54:40.005251;(12, (351, 761, 0, 761, 749, 0, 0, 132, 583, 0, 958, 1464, 0))
2018-04-05 07:54:40.073224;(6, (1971, 323, 0, 323, 319, 0, 0, 104, 113, 0, 383, 536, 0))
2018-04-05 07:54:40.127350;(15, (347, 1519, 0, 1519, 1493, 0, 0, 177, 1116, 0, 1595, 2786, 0))
2018-04-05 07:54:40.174748;(19, (250, 1054, 0, 1054, 1030, 0, 0, 389, 880, 0, 1184, 2299, 0))
2018-04-05 07:54:40.182123;(18, (528, 1041, 0, 1041, 1013, 0, 0, 215, 919, 0, 1253, 2147, 0))
2018-04-05 07:54:40.218563;(8, (1285, 1075, 0, 1075, 1017, 0, 0, 447, 2158, 0, 1349, 3622, 0))
2018-04-05 07:54:40.255962;(7, (181, 1437, 0, 1437, 1406, 0, 0, 173, 1247, 0, 1628, 2826, 0))
2018-04-05 07:54:40.287879;(4, (0, 35, 0, 35, 31, 0, 0, 34, 22, 0, 67, 87, 0))
2018-04-05 07:54:40.343761;(11, (1285, 917, 0, 917, 891, 0, 0, 156, 960, 0, 1063, 2007, 0))
2018-04-05 07:54:40.433575;(16, (1556, 532, 0, 532, 519, 0, 0, 129, 422, 0, 607, 1070, 0))
2018-04-05 07:54:40.479388;(3, (984, 2476, 0, 2476, 2420, 0, 0, 368, 2728, 0, 2725, 5516, 0))
2018-04-05 07:54:40.665518;(21, (1643, 3518, 0, 3518, 3498, 0, 0, 220, 1116, 0, 3493, 4834, 0))
2018-04-05 07:54:40.678573;(17, (1739, 428, 0, 428, 427, 0, 0, 43, 171, 0, 400, 641, 0))
2018-04-05 07:54:40.686075;(23, (461, 907, 0, 907, 893, 0, 0, 181, 531, 0, 974, 1605, 0))
2018-04-05 07:54:40.725916;(10, (476, 3544, 0, 3544, 3473, 0, 0, 496, 2740, 0, 3646, 6709, 0))
2018-04-05 07:55:08.862153;(1, (111, 7429, 0, 7429, 7309, 0, 0, 809, 6268, 0, 8243, 14386, 0))
2018-04-05 07:55:09.908181;(5, (379, 3867, 0, 3867, 3826, 0, 0, 285, 646, 0, 3972, 4757, 0))
2018-04-05 07:55:10.009989;(12, (528, 819, 0, 819, 805, 0, 0, 149, 623, 0, 1019, 1577, 0))
2018-04-05 07:55:10.076963;(6, (1971, 338, 0, 338, 334, 0, 0, 104, 113, 0, 399, 551, 0))
2018-04-05 07:55:10.133531;(15, (389, 1595, 0, 1595, 1569, 0, 0, 180, 1137, 0, 1672, 2886, 0))
2018-04-05 07:55:10.178424;(19, (434, 1122, 0, 1122, 1098, 0, 0, 406, 893, 0, 1256, 2397, 0))
2018-04-05 07:55:10.186506;(18, (642, 1087, 0, 1087, 1059, 0, 0, 215, 919, 0, 1306, 2193, 0))
2018-04-05 07:55:10.222722;(8, (434, 1147, 0, 1147, 1085, 0, 0, 477, 2242, 0, 1432, 3804, 0))
2018-04-05 07:55:10.261026;(7, (422, 1508, 0, 1508, 1476, 0, 0, 178, 1274, 0, 1703, 2928, 0))
2018-04-05 07:55:10.289972;(4, (0, 35, 0, 35, 31, 0, 0, 34, 22, 0, 67, 87, 0))
2018-04-05 07:55:10.351633;(11, (738, 957, 0, 957, 931, 0, 0, 156, 960, 0, 1105, 2047, 0))
2018-04-05 07:55:10.438044;(16, (1556, 551, 0, 551, 538, 0, 0, 129, 426, 0, 631, 1093, 0))
2018-04-05 07:55:10.482656;(3, (236, 2607, 0, 2607, 2545, 0, 0, 407, 2890, 0, 2853, 5842, 0))
2018-04-05 07:55:10.670718;(21, (1848, 3534, 0, 3534, 3514, 0, 0, 220, 1116, 0, 3509, 4850, 0))
2018-04-05 07:55:10.683677;(17, (1642, 446, 0, 446, 445, 0, 0, 43, 171, 0, 416, 659, 0))
2018-04-05 07:55:10.687753;(23, (492, 967, 0, 967, 953, 0, 0, 189, 565, 0, 1036, 1707, 0))
2018-04-05 07:55:10.731181;(10, (250, 3669, 0, 3669, 3591, 0, 0, 527, 2852, 0, 3775, 6970, 0))
2018-04-05 07:55:38.865275;(1, (124, 7677, 0, 7677, 7547, 0, 0, 862, 6638, 0, 8520, 15047, 0))
2018-04-05 07:55:39.911178;(5, (379, 3946, 0, 3946, 3904, 0, 0, 292, 707, 0, 4050, 4903, 0))
2018-04-05 07:55:40.014166;(12, (492, 879, 0, 879, 865, 0, 0, 164, 637, 0, 1077, 1666, 0))
2018-04-05 07:55:40.080315;(6, (1642, 358, 0, 358, 352, 0, 0, 111, 142, 0, 423, 605, 0))
2018-04-05 07:55:40.139227;(15, (389, 1671, 0, 1671, 1645, 0, 0, 181, 1157, 0, 1752, 2983, 0))
2018-04-05 07:55:40.182759;(19, (1095, 1149, 0, 1149, 1125, 0, 0, 408, 908, 0, 1288, 2441, 0))
2018-04-05 07:55:40.190527;(18, (656, 1132, 0, 1132, 1104, 0, 0, 217, 919, 0, 1360, 2240, 0))
2018-04-05 07:55:40.226451;(8, (250, 1274, 0, 1274, 1203, 0, 0, 544, 2434, 0, 1562, 4181, 0))
2018-04-05 07:55:40.264091;(7, (509, 1567, 0, 1567, 1534, 0, 0, 179, 1320, 0, 1767, 3033, 0))
2018-04-05 07:55:40.292221;(4, (0, 35, 0, 35, 31, 0, 0, 34, 22, 0, 68, 87, 0))
2018-04-05 07:55:40.358701;(11, (324, 1050, 0, 1050, 1022, 0, 0, 159, 1059, 0, 1199, 2240, 0))
2018-04-05 07:55:40.441896;(16, (1642, 569, 0, 569, 556, 0, 0, 130, 440, 0, 649, 1126, 0))
2018-04-05 07:55:40.486990;(3, (416, 2683, 0, 2683, 2616, 0, 0, 434, 3030, 0, 2935, 6080, 0))
2018-04-05 07:55:40.674704;(21, (1285, 3558, 0, 3558, 3537, 0, 0, 224, 1167, 0, 3531, 4928, 0))
2018-04-05 07:55:40.690465;(17, (1739, 463, 0, 463, 462, 0, 0, 43, 171, 0, 436, 676, 0))
2018-04-05 07:55:40.691541;(23, (484, 1028, 0, 1028, 1014, 0, 0, 193, 565, 0, 1099, 1772, 0))
2018-04-05 07:55:40.735240;(10, (259, 3784, 0, 3784, 3705, 0, 0, 545, 2941, 0, 3897, 7191, 0))
2018-04-05 07:56:08.867112;(1, (149, 7883, 0, 7883, 7745, 0, 0, 900, 6919, 0, 8776, 15564, 0))
2018-04-05 07:56:09.914841;(5, (476, 4011, 0, 4011, 3966, 0, 0, 304, 745, 0, 4115, 5015, 0))
2018-04-05 07:56:10.017818;(12, (629, 927, 0, 927, 912, 0, 0, 172, 724, 0, 1137, 1808, 0))
2018-04-05 07:56:10.083607;(6, (2274, 377, 0, 377, 365, 0, 0, 161, 154, 0, 432, 680, 0))
2018-04-05 07:56:10.145375;(15, (171, 1844, 0, 1844, 1817, 0, 0, 189, 1239, 0, 1936, 3245, 0))
2018-04-05 07:56:10.186103;(19, (1056, 1179, 0, 1179, 1153, 0, 0, 419, 947, 0, 1333, 2519, 0))
2018-04-05 07:56:10.194596;(18, (225, 1266, 0, 1266, 1235, 0, 0, 246, 1034, 0, 1515, 2515, 0))
2018-04-05 07:56:10.230244;(8, (821, 1312, 0, 1312, 1239, 0, 0, 552, 2561, 0, 1627, 4352, 0))
2018-04-05 07:56:10.266653;(7, (509, 1625, 0, 1625, 1592, 0, 0, 184, 1362, 0, 1833, 3138, 0))
2018-04-05 07:56:10.294676;(4, (0, 35, 0, 35, 31, 0, 0, 34, 22, 0, 70, 87, 0))
2018-04-05 07:56:10.364725;(11, (434, 1119, 0, 1119, 1090, 0, 0, 172, 1169, 0, 1265, 2431, 0))
2018-04-05 07:56:10.445098;(16, (501, 629, 0, 629, 615, 0, 0, 147, 517, 0, 719, 1279, 0))
2018-04-05 07:56:10.492293;(3, (276, 2795, 0, 2795, 2723, 0, 0, 485, 3220, 0, 3066, 6428, 0))
2018-04-05 07:56:10.680827;(21, (1556, 3578, 0, 3578, 3556, 0, 0, 227, 1200, 0, 3550, 4983, 0))
2018-04-05 07:56:10.693892;(17, (1556, 482, 0, 482, 481, 0, 0, 44, 171, 0, 450, 696, 0))
2018-04-05 07:56:10.695014;(23, (182, 1192, 0, 1192, 1176, 0, 0, 221, 677, 0, 1269, 2074, 0))
2018-04-05 07:56:10.738832;(10, (171, 3958, 0, 3958, 3877, 0, 0, 567, 3070, 0, 4081, 7514, 0))
2018-04-05 07:56:38.870648;(1, (115, 8149, 0, 8149, 8000, 0, 0, 931, 7457, 0, 9069, 16388, 0))
2018-04-05 07:56:39.918768;(5, (629, 4060, 0, 4060, 4013, 0, 0, 327, 832, 0, 4164, 5172, 0))
2018-04-05 07:56:40.022335;(12, (365, 1009, 0, 1009, 993, 0, 0, 190, 736, 0, 1230, 1919, 0))
2018-04-05 07:56:40.085719;(6, (5914, 382, 0, 382, 370, 0, 0, 163, 168, 0, 435, 701, 0))
2018-04-05 07:56:40.149942;(15, (208, 1988, 0, 1988, 1959, 0, 0, 206, 1339, 0, 2086, 3504, 0))
2018-04-05 07:56:40.190788;(19, (246, 1300, 0, 1300, 1273, 0, 0, 439, 1008, 0, 1457, 2720, 0))
2018-04-05 07:56:40.198574;(18, (281, 1373, 0, 1373, 1340, 0, 0, 263, 1061, 0, 1634, 2664, 0))
2018-04-05 07:56:40.235185;(8, (869, 1350, 0, 1350, 1273, 0, 0, 576, 2663, 0, 1662, 4512, 0))
2018-04-05 07:56:40.270595;(7, (547, 1679, 0, 1679, 1646, 0, 0, 188, 1380, 0, 1899, 3214, 0))
2018-04-05 07:56:40.297769;(4, (0, 35, 0, 35, 31, 0, 0, 34, 22, 0, 71, 87, 0))
2018-04-05 07:56:40.369420;(11, (869, 1155, 0, 1155, 1124, 0, 0, 184, 1202, 0, 1305, 2510, 0))
2018-04-05 07:56:40.449955;(16, (1232, 656, 0, 656, 639, 0, 0, 172, 561, 0, 748, 1372, 0))
2018-04-05 07:56:40.497736;(3, (121, 3047, 0, 3047, 2966, 0, 0, 547, 3417, 0, 3325, 6930, 0))
2018-04-05 07:56:40.688168;(21, (1555, 3599, 0, 3599, 3575, 0, 0, 239, 1280, 0, 3567, 5094, 0))
2018-04-05 07:56:40.697912;(23, (242, 1318, 0, 1318, 1298, 0, 0, 254, 745, 0, 1397, 2297, 0))
2018-04-05 07:56:40.700995;(17, (1556, 501, 0, 501, 500, 0, 0, 46, 183, 0, 468, 729, 0))
2018-04-05 07:56:40.745029;(10, (98, 4270, 0, 4270, 4178, 0, 0, 647, 3433, 0, 4396, 8258, 0))
2018-04-05 07:57:09.873561;(1, (136, 8370, 0, 8370, 8216, 0, 0, 976, 7902, 0, 9338, 17094, 0))
2018-04-05 07:57:09.923284;(5, (1344, 4082, 0, 4082, 4035, 0, 0, 327, 834, 0, 4190, 5196, 0))
2018-04-05 07:57:10.026946;(12, (284, 1116, 0, 1116, 1097, 0, 0, 234, 863, 0, 1355, 2194, 0))
2018-04-05 07:57:10.087795;(6, (4928, 388, 0, 388, 376, 0, 0, 163, 168, 0, 436, 707, 0))
2018-04-05 07:57:10.162176;(15, (844, 2023, 0, 2023, 1994, 0, 0, 210, 1344, 0, 2131, 3548, 0))
2018-04-05 07:57:10.195457;(19, (234, 1433, 0, 1433, 1399, 0, 0, 522, 1143, 0, 1602, 3064, 0))
2018-04-05 07:57:10.203581;(18, (422, 1445, 0, 1445, 1410, 0, 0, 276, 1129, 0, 1715, 2815, 0))
2018-04-05 07:57:10.238654;(8, (869, 1387, 0, 1387, 1307, 0, 0, 587, 2789, 0, 1706, 4683, 0))
2018-04-05 07:57:10.273859;(7, (518, 1736, 0, 1736, 1703, 0, 0, 193, 1471, 0, 1968, 3367, 0))
2018-04-05 07:57:10.299712;(4, (0, 35, 0, 35, 31, 0, 0, 34, 22, 0, 73, 87, 0))
2018-04-05 07:57:10.372762;(11, (821, 1192, 0, 1192, 1160, 0, 0, 186, 1222, 0, 1353, 2568, 0))
2018-04-05 07:57:10.452433;(16, (1056, 687, 0, 687, 667, 0, 0, 184, 671, 0, 786, 1522, 0))
2018-04-05 07:57:10.502225;(3, (122, 3298, 0, 3298, 3208, 0, 0, 613, 3775, 0, 3590, 7596, 0))
2018-04-05 07:57:10.692055;(21, (1555, 3619, 0, 3619, 3594, 0, 0, 245, 1289, 0, 3585, 5128, 0))
2018-04-05 07:57:10.703800;(23, (356, 1402, 0, 1402, 1381, 0, 0, 292, 812, 0, 1488, 2485, 0))
2018-04-05 07:57:10.705836;(17, (2112, 515, 0, 515, 514, 0, 0, 51, 183, 0, 480, 748, 0))
2018-04-05 07:57:10.749842;(10, (82, 4629, 0, 4629, 4535, 0, 0, 689, 3650, 0, 4761, 8874, 0))
2018-04-05 07:57:39.875780;(1, (118, 8622, 0, 8622, 8465, 0, 0, 1004, 8237, 0, 9631, 17706, 0))
2018-04-05 07:57:39.927815;(5, (579, 4133, 0, 4133, 4086, 0, 0, 327, 834, 0, 4244, 5247, 0))
2018-04-05 07:57:40.091485;(6, (1478, 408, 0, 408, 396, 0, 0, 166, 182, 0, 457, 744, 0))
2018-04-05 07:57:40.201024;(19, (201, 1585, 0, 1585, 1546, 0, 0, 564, 1222, 0, 1758, 3332, 0))
2018-04-05 07:57:40.206575;(18, (404, 1521, 0, 1521, 1483, 0, 0, 312, 1200, 0, 1807, 2995, 0))
2018-04-05 07:57:40.241712;(8, (1137, 1414, 0, 1414, 1333, 0, 0, 596, 2807, 0, 1743, 4736, 0))
2018-04-05 07:57:40.377458;(11, (629, 1239, 0, 1239, 1207, 0, 0, 192, 1273, 0, 1407, 2672, 0))
2018-04-05 07:57:40.455924;(16, (720, 730, 0, 730, 708, 0, 0, 204, 717, 0, 841, 1629, 0))
2018-04-05 07:57:40.505623;(3, (104, 3585, 0, 3585, 3492, 0, 0, 644, 3924, 0, 3889, 8060, 0))
2018-04-05 07:57:40.697171;(21, (1847, 3635, 0, 3635, 3610, 0, 0, 248, 1299, 0, 3601, 5157, 0))
2018-04-05 07:57:40.706941;(23, (527, 1461, 0, 1461, 1437, 0, 0, 332, 895, 0, 1546, 2664, 0))
2018-04-05 07:57:40.754697;(10, (82, 4998, 0, 4998, 4895, 0, 0, 747, 3956, 0, 5140, 9598, 0))
2018-04-05 07:57:41.030498;(12, (276, 1228, 0, 1228, 1204, 0, 0, 283, 1002, 0, 1480, 2489, 0))
2018-04-05 07:57:41.165877;(15, (1971, 2039, 0, 2039, 2009, 0, 0, 215, 1369, 0, 2153, 3593, 0))
2018-04-05 07:57:41.302827;(4, (0, 35, 0, 35, 31, 0, 0, 34, 22, 0, 74, 87, 0))
2018-04-05 07:57:41.713389;(17, (1137, 541, 0, 541, 540, 0, 0, 55, 183, 0, 503, 778, 0))
2018-04-05 07:58:09.881129;(1, (113, 8885, 0, 8885, 8724, 0, 0, 1050, 8630, 0, 9915, 18404, 0))
2018-04-05 07:58:10.095345;(6, (1971, 423, 0, 423, 411, 0, 0, 169, 182, 0, 474, 762, 0))
2018-04-05 07:58:10.382535;(11, (869, 1273, 0, 1273, 1241, 0, 0, 194, 1312, 0, 1451, 2747, 0))
2018-04-05 07:58:10.700800;(21, (1970, 3651, 0, 3651, 3625, 0, 0, 259, 1316, 0, 3617, 5200, 0))
2018-04-05 07:58:10.712996;(23, (1285, 1484, 0, 1484, 1460, 0, 0, 333, 902, 0, 1572, 2695, 0))
2018-04-05 07:58:10.759173;(10, (79, 5389, 0, 5389, 5265, 0, 0, 883, 4486, 0, 5536, 10634, 0))
2018-04-05 07:58:10.934066;(5, (657, 4178, 0, 4178, 4131, 0, 0, 331, 834, 0, 4290, 5296, 0))
2018-04-05 07:58:11.035139;(12, (197, 1380, 0, 1380, 1354, 0, 0, 317, 1062, 0, 1642, 2733, 0))
2018-04-05 07:58:11.170165;(15, (739, 2081, 0, 2081, 2049, 0, 0, 223, 1398, 0, 2193, 3670, 0))
2018-04-05 07:58:11.205917;(19, (160, 1773, 0, 1773, 1730, 0, 0, 613, 1297, 0, 1953, 3640, 0))
2018-04-05 07:58:11.211239;(18, (1019, 1550, 0, 1550, 1512, 0, 0, 319, 1228, 0, 1840, 3059, 0))
2018-04-05 07:58:11.248997;(8, (1182, 1440, 0, 1440, 1358, 0, 0, 605, 2826, 0, 1782, 4789, 0))
2018-04-05 07:58:11.305491;(4, (0, 35, 0, 35, 31, 0, 0, 34, 22, 0, 74, 87, 0))
2018-04-05 07:58:11.459344;(16, (924, 764, 0, 764, 740, 0, 0, 208, 765, 0, 886, 1713, 0))
2018-04-05 07:58:11.509544;(3, (88, 3928, 0, 3928, 3826, 0, 0, 751, 4190, 0, 4236, 8767, 0))
2018-04-05 07:58:11.717674;(17, (1136, 567, 0, 567, 566, 0, 0, 66, 210, 0, 526, 842, 0))
2018-04-05 07:58:39.882891;(1, (122, 9131, 1, 9130, 8966, 0, 0, 1087, 8994, 1, 10195, 19047, 0))
2018-04-05 07:58:40.387565;(11, (798, 1310, 0, 1310, 1278, 0, 0, 198, 1388, 0, 1496, 2864, 0))
2018-04-05 07:58:40.705141;(21, (1847, 3667, 0, 3667, 3641, 0, 0, 260, 1323, 0, 3633, 5224, 0))
2018-04-05 07:58:40.714673;(23, (212, 1630, 0, 1630, 1599, 0, 0, 399, 1025, 0, 1723, 3023, 0))
2018-04-05 07:58:40.765350;(10, (121, 5639, 0, 5639, 5509, 0, 0, 931, 4701, 0, 5792, 11141, 0))
2018-04-05 07:58:40.938121;(5, (616, 4227, 0, 4227, 4179, 0, 0, 339, 846, 0, 4340, 5364, 0))
2018-04-05 07:58:41.039262;(12, (252, 1501, 0, 1501, 1471, 0, 0, 357, 1243, 0, 1784, 3071, 0))
2018-04-05 07:58:41.099116;(6, (1739, 440, 0, 440, 428, 0, 0, 173, 196, 0, 492, 797, 0))
2018-04-05 07:58:41.174035;(15, (192, 2240, 0, 2240, 2203, 0, 0, 263, 1514, 0, 2356, 3980, 0))
2018-04-05 07:58:41.209089;(19, (325, 1868, 0, 1868, 1821, 0, 0, 645, 1379, 0, 2045, 3845, 0))
2018-04-05 07:58:41.214908;(18, (204, 1701, 0, 1701, 1657, 0, 0, 378, 1414, 0, 1998, 3449, 0))
2018-04-05 07:58:41.252056;(8, (321, 1538, 0, 1538, 1450, 0, 0, 643, 3057, 0, 1880, 5150, 0))
2018-04-05 07:58:41.307918;(4, (0, 35, 0, 35, 31, 0, 0, 34, 22, 0, 74, 87, 0))
2018-04-05 07:58:41.462280;(16, (896, 798, 0, 798, 773, 0, 0, 215, 829, 0, 926, 1817, 0))
2018-04-05 07:58:41.513893;(3, (189, 4087, 0, 4087, 3982, 0, 0, 779, 4312, 0, 4411, 9073, 0))
2018-04-05 07:58:41.722593;(17, (1556, 586, 0, 586, 585, 0, 0, 66, 210, 0, 543, 861, 0))
2018-04-05 07:59:09.885194;(1, (130, 9366, 1, 9365, 9193, 0, 0, 1125, 9413, 1, 10481, 19731, 0))
2018-04-05 07:59:10.391133;(11, (1478, 1330, 0, 1330, 1298, 0, 0, 199, 1393, 0, 1528, 2890, 0))
2018-04-05 07:59:10.709513;(21, (1970, 3682, 0, 3682, 3656, 0, 0, 269, 1365, 0, 3651, 5290, 0))
2018-04-05 07:59:10.717477;(23, (501, 1689, 0, 1689, 1658, 0, 0, 421, 1065, 0, 1783, 3144, 0))
2018-04-05 07:59:10.769626;(10, (95, 5954, 0, 5954, 5820, 0, 0, 960, 4868, 0, 6112, 11648, 0))
2018-04-05 07:59:10.942295;(5, (657, 4272, 0, 4272, 4224, 0, 0, 344, 846, 0, 4391, 5414, 0))
2018-04-05 07:59:11.043643;(12, (352, 1588, 0, 1588, 1555, 0, 0, 377, 1364, 0, 1879, 3296, 0))
2018-04-05 07:59:11.103569;(6, (1971, 455, 0, 455, 443, 0, 0, 176, 197, 0, 512, 816, 0))
2018-04-05 07:59:11.178124;(15, (369, 2328, 0, 2328, 2283, 0, 0, 319, 1598, 0, 2433, 4200, 0))
2018-04-05 07:59:11.212511;(19, (231, 1999, 0, 1999, 1949, 0, 0, 680, 1482, 0, 2190, 4111, 0))
2018-04-05 07:59:11.218549;(18, (739, 1742, 0, 1742, 1697, 0, 0, 384, 1434, 0, 2057, 3515, 0))
2018-04-05 07:59:11.255364;(8, (1095, 1568, 0, 1568, 1477, 0, 0, 658, 3143, 0, 1912, 5278, 0))
2018-04-05 07:59:11.310107;(4, (0, 35, 0, 35, 31, 0, 0, 34, 22, 0, 74, 87, 0))
2018-04-05 07:59:11.465095;(16, (1556, 817, 0, 817, 792, 0, 0, 216, 856, 0, 949, 1864, 0))
2018-04-05 07:59:11.518520;(3, (183, 4254, 0, 4254, 4143, 0, 0, 812, 4510, 0, 4592, 9465, 0))
2018-04-05 07:59:11.726391;(17, (1137, 612, 0, 612, 611, 0, 0, 73, 223, 0, 565, 907, 0))
2018-04-05 07:59:39.888215;(1, (134, 9595, 1, 9594, 9412, 0, 0, 1170, 9832, 1, 10744, 20414, 0))
2018-04-05 07:59:40.773213;(10, (83, 6311, 0, 6311, 6172, 0, 0, 1004, 5062, 0, 6477, 12238, 0))
2018-04-05 07:59:40.946641;(5, (657, 4317, 0, 4317, 4269, 0, 0, 346, 846, 0, 4440, 5461, 0))
2018-04-05 07:59:41.049294;(12, (311, 1683, 0, 1683, 1650, 0, 0, 386, 1389, 0, 1985, 3425, 0))
2018-04-05 07:59:41.107271;(6, (1971, 470, 0, 470, 458, 0, 0, 176, 197, 0, 530, 831, 0))
2018-04-05 07:59:41.181576;(15, (1477, 2350, 0, 2350, 2303, 0, 0, 331, 1656, 0, 2450, 4290, 0))
2018-04-05 07:59:41.217128;(19, (236, 2132, 0, 2132, 2074, 0, 0, 736, 1623, 0, 2323, 4434, 0))
2018-04-05 07:59:41.222013;(18, (985, 1772, 0, 1772, 1727, 0, 0, 386, 1441, 0, 2094, 3554, 0))
2018-04-05 07:59:41.258658;(8, (923, 1600, 0, 1600, 1509, 0, 0, 667, 3174, 0, 1954, 5350, 0))
2018-04-05 07:59:41.315296;(4, (0, 35, 0, 35, 31, 0, 0, 34, 22, 0, 75, 87, 0))
2018-04-05 07:59:41.396214;(11, (1284, 1353, 0, 1353, 1321, 0, 0, 202, 1404, 0, 1557, 2927, 0))
2018-04-05 07:59:41.467909;(16, (2110, 832, 0, 832, 806, 0, 0, 220, 873, 0, 974, 1899, 0))
2018-04-05 07:59:41.523270;(3, (123, 4497, 0, 4497, 4383, 0, 0, 846, 4664, 0, 4848, 9893, 0))
2018-04-05 07:59:41.714027;(21, (1847, 3698, 0, 3698, 3672, 0, 0, 278, 1365, 0, 3670, 5315, 0))
2018-04-05 07:59:41.721854;(23, (1285, 1712, 0, 1712, 1681, 0, 0, 422, 1106, 0, 1811, 3209, 0))
2018-04-05 07:59:41.729972;(17, (1558, 631, 0, 631, 630, 0, 0, 78, 223, 0, 584, 931, 0))
2018-04-05 08:00:09.895627;(1, (137, 9820, 1, 9819, 9627, 0, 0, 1231, 10155, 1, 11035, 21013, 0))
2018-04-05 08:00:10.950625;(5, (268, 4434, 0, 4434, 4379, 0, 0, 384, 929, 0, 4560, 5692, 0))
2018-04-05 08:00:11.053173;(12, (441, 1751, 0, 1751, 1717, 0, 0, 401, 1505, 0, 2066, 3623, 0))
2018-04-05 08:00:11.111609;(6, (1556, 490, 0, 490, 477, 0, 0, 185, 229, 0, 550, 891, 0))
2018-04-05 08:00:11.186423;(15, (603, 2406, 0, 2406, 2352, 0, 0, 368, 1742, 0, 2501, 4462, 0))
2018-04-05 08:00:11.219725;(19, (434, 2199, 0, 2199, 2142, 0, 0, 766, 1683, 0, 2396, 4591, 0))
2018-04-05 08:00:11.225762;(18, (477, 1836, 0, 1836, 1789, 0, 0, 397, 1537, 0, 2169, 3723, 0))
2018-04-05 08:00:11.262452;(8, (476, 1667, 0, 1667, 1571, 0, 0, 702, 3305, 0, 2041, 5578, 0))
2018-04-05 08:00:11.321402;(4, (0, 35, 0, 35, 31, 0, 0, 34, 22, 0, 75, 87, 0))
2018-04-05 08:00:11.399374;(11, (591, 1404, 0, 1404, 1371, 0, 0, 209, 1443, 0, 1615, 3023, 0))
2018-04-05 08:00:11.470136;(16, (1971, 847, 0, 847, 821, 0, 0, 220, 881, 0, 994, 1922, 0))
2018-04-05 08:00:11.529225;(3, (183, 4672, 0, 4672, 4544, 0, 0, 875, 4985, 0, 5040, 10404, 0))
2018-04-05 08:00:11.719314;(21, (869, 3733, 0, 3733, 3706, 0, 0, 287, 1439, 0, 3707, 5432, 0))
2018-04-05 08:00:11.723597;(23, (394, 1790, 0, 1790, 1756, 0, 0, 456, 1190, 0, 1891, 3402, 0))
2018-04-05 08:00:11.735285;(17, (1642, 649, 0, 649, 648, 0, 0, 78, 223, 0, 598, 949, 0))
2018-04-05 08:00:11.777436;(10, (236, 6440, 0, 6440, 6297, 0, 0, 1043, 5201, 0, 6621, 12541, 0))
2018-04-05 08:00:39.897838;(1, (145, 10029, 1, 10028, 9830, 0, 0, 1252, 10410, 1, 11282, 21492, 0))
2018-04-05 08:00:40.954057;(5, (257, 4550, 0, 4550, 4494, 0, 0, 421, 961, 0, 4694, 5876, 0))
2018-04-05 08:00:41.058548;(12, (1137, 1781, 0, 1781, 1743, 0, 0, 418, 1574, 0, 2111, 3735, 0))
2018-04-05 08:00:41.115280;(6, (1850, 506, 0, 506, 493, 0, 0, 188, 229, 0, 571, 910, 0))
2018-04-05 08:00:41.191085;(15, (263, 2519, 0, 2519, 2464, 0, 0, 378, 1779, 0, 2619, 4621, 0))
2018-04-05 08:00:41.222238;(19, (896, 2235, 0, 2235, 2175, 0, 0, 780, 1749, 0, 2427, 4704, 0))
2018-04-05 08:00:41.229850;(18, (343, 1923, 0, 1923, 1875, 0, 0, 400, 1580, 0, 2272, 3855, 0))
2018-04-05 08:00:41.269884;(8, (798, 1709, 0, 1709, 1608, 0, 0, 730, 3406, 0, 2102, 5744, 0))
2018-04-05 08:00:41.325819;(4, (29559, 36, 0, 36, 32, 0, 0, 34, 22, 0, 75, 88, 0))
2018-04-05 08:00:41.402485;(11, (1408, 1425, 0, 1425, 1392, 0, 0, 216, 1459, 0, 1640, 3067, 0))
2018-04-05 08:00:41.473412;(16, (1645, 866, 0, 866, 839, 0, 0, 221, 905, 0, 1014, 1965, 0))
2018-04-05 08:00:41.533496;(3, (137, 4896, 0, 4896, 4759, 0, 0, 937, 5346, 0, 5276, 11042, 0))
2018-04-05 08:00:41.725225;(21, (557, 3786, 0, 3786, 3759, 0, 0, 289, 1450, 0, 3764, 5498, 0))
2018-04-05 08:00:41.727046;(23, (286, 1895, 0, 1895, 1859, 0, 0, 480, 1248, 0, 1997, 3587, 0))
2018-04-05 08:00:41.739386;(17, (1739, 666, 0, 666, 665, 0, 0, 87, 223, 0, 613, 975, 0))
2018-04-05 08:00:41.780217;(10, (127, 6679, 0, 6679, 6529, 0, 0, 1094, 5461, 0, 6846, 13084, 0))
2018-04-05 08:01:09.903079;(1, (119, 10286, 1, 10285, 10077, 0, 0, 1296, 10858, 1, 11593, 22231, 0))
2018-04-05 08:01:10.957381;(5, (591, 4602, 0, 4602, 4544, 0, 0, 443, 1038, 0, 4743, 6025, 0))
2018-04-05 08:01:11.062688;(12, (687, 1828, 0, 1828, 1786, 0, 0, 446, 1684, 0, 2158, 3916, 0))
2018-04-05 08:01:11.121074;(6, (1478, 526, 0, 526, 513, 0, 0, 191, 229, 0, 595, 933, 0))
2018-04-05 08:01:11.197850;(15, (150, 2719, 0, 2719, 2660, 0, 0, 399, 1960, 0, 2822, 5019, 0))
2018-04-05 08:01:11.226101;(19, (616, 2289, 0, 2289, 2223, 0, 0, 823, 1826, 0, 2482, 4872, 0))
2018-04-05 08:01:11.233740;(18, (214, 2062, 0, 2062, 2013, 0, 0, 431, 1683, 0, 2431, 4127, 0))
2018-04-05 08:01:11.273579;(8, (501, 1772, 0, 1772, 1667, 0, 0, 761, 3642, 0, 2178, 6070, 0))
2018-04-05 08:01:11.327917;(4, (0, 36, 0, 36, 32, 0, 0, 34, 22, 0, 76, 88, 0))
2018-04-05 08:01:11.407858;(11, (374, 1506, 0, 1506, 1471, 0, 0, 221, 1536, 0, 1729, 3228, 0))
2018-04-05 08:01:11.479156;(16, (844, 902, 0, 902, 874, 0, 0, 228, 990, 0, 1046, 2092, 0))
2018-04-05 08:01:11.541041;(3, (119, 5156, 0, 5156, 5006, 0, 0, 1028, 5940, 0, 5534, 11974, 0))
2018-04-05 08:01:11.730080;(21, (1181, 3813, 0, 3813, 3784, 0, 0, 303, 1508, 0, 3792, 5595, 0))
2018-04-05 08:01:11.731260;(23, (176, 2069, 0, 2069, 2026, 0, 0, 540, 1378, 0, 2177, 3944, 0))
2018-04-05 08:01:11.745887;(17, (1407, 687, 0, 687, 686, 0, 0, 87, 223, 0, 637, 996, 0))
2018-04-05 08:01:11.783645;(10, (107, 6961, 0, 6961, 6804, 0, 0, 1138, 5696, 0, 7134, 13638, 0))
2018-04-05 08:01:39.907059;(1, (113, 10555, 1, 10554, 10338, 0, 0, 1320, 11342, 1, 11896, 23000, 0))
2018-04-05 08:01:40.961621;(5, (616, 4652, 0, 4652, 4592, 0, 0, 472, 1069, 0, 4800, 6133, 0))
2018-04-05 08:01:41.069413;(12, (447, 1895, 0, 1895, 1852, 0, 0, 467, 1725, 0, 2233, 4044, 0))
2018-04-05 08:01:41.126264;(6, (1285, 549, 0, 549, 536, 0, 0, 198, 249, 0, 615, 983, 0))
2018-04-05 08:01:41.202296;(15, (107, 3001, 0, 3001, 2936, 0, 0, 439, 2124, 0, 3106, 5499, 0))
2018-04-05 08:01:41.231414;(19, (1094, 2318, 0, 2318, 2250, 0, 0, 835, 1875, 0, 2511, 4960, 0))
2018-04-05 08:01:41.237726;(18, (143, 2271, 0, 2271, 2219, 0, 0, 495, 1743, 0, 2647, 4457, 0))
2018-04-05 08:01:41.277624;(8, (657, 1825, 0, 1825, 1712, 0, 0, 806, 3758, 0, 2236, 6276, 0))
2018-04-05 08:01:41.331266;(4, (0, 36, 0, 36, 32, 0, 0, 34, 22, 0, 78, 88, 0))
2018-04-05 08:01:41.412280;(11, (298, 1612, 0, 1612, 1570, 0, 0, 272, 1694, 0, 1832, 3536, 0))
2018-04-05 08:01:41.483544;(16, (1407, 925, 0, 925, 895, 0, 0, 231, 1035, 0, 1068, 2161, 0))
2018-04-05 08:01:41.547871;(3, (236, 5286, 0, 5286, 5131, 0, 0, 1063, 6058, 0, 5675, 12252, 0))
2018-04-05 08:01:41.733487;(21, (1094, 3843, 0, 3843, 3811, 0, 0, 325, 1562, 0, 3807, 5698, 0))
2018-04-05 08:01:41.735874;(23, (119, 2322, 0, 2322, 2273, 0, 0, 633, 1560, 0, 2432, 4466, 0))
2018-04-05 08:01:41.749272;(17, (1344, 709, 0, 709, 708, 0, 0, 87, 223, 0, 654, 1018, 0))
2018-04-05 08:01:41.787069;(10, (140, 7175, 0, 7175, 7015, 0, 0, 1179, 5827, 0, 7353, 14021, 0))
2018-04-05 08:02:09.909869;(1, (130, 10796, 1, 10795, 10565, 0, 0, 1380, 11810, 1, 12201, 23755, 0))
2018-04-05 08:02:10.970641;(5, (311, 4750, 0, 4750, 4687, 0, 0, 493, 1219, 0, 4906, 6399, 0))
2018-04-05 08:02:11.074513;(12, (821, 1931, 0, 1931, 1888, 0, 0, 469, 1745, 0, 2281, 4102, 0))
2018-04-05 08:02:11.132172;(6, (778, 588, 0, 588, 574, 0, 0, 219, 283, 0, 650, 1076, 0))
2018-04-05 08:02:11.206827;(15, (259, 3115, 0, 3115, 3050, 0, 0, 442, 2168, 0, 3230, 5660, 0))
2018-04-05 08:02:11.234987;(19, (1285, 2341, 0, 2341, 2273, 0, 0, 841, 1894, 0, 2548, 5008, 0))
2018-04-05 08:02:11.281287;(8, (212, 1973, 0, 1973, 1851, 0, 0, 844, 4004, 0, 2409, 6699, 0))
2018-04-05 08:02:11.335181;(4, (0, 36, 0, 36, 32, 0, 0, 34, 22, 0, 83, 88, 0))
2018-04-05 08:02:11.416250;(11, (286, 1719, 0, 1719, 1673, 0, 0, 302, 1863, 0, 1942, 3838, 0))
2018-04-05 08:02:11.486554;(16, (1232, 949, 0, 949, 919, 0, 0, 237, 1048, 0, 1104, 2204, 0))
2018-04-05 08:02:11.553378;(3, (411, 5363, 0, 5363, 5203, 0, 0, 1077, 6283, 0, 5767, 12563, 0))
2018-04-05 08:02:11.736941;(21, (821, 3881, 0, 3881, 3847, 0, 0, 335, 1643, 0, 3838, 5825, 0))
2018-04-05 08:02:11.738299;(23, (301, 2421, 0, 2421, 2371, 0, 0, 653, 1560, 0, 2542, 4584, 0))
2018-04-05 08:02:11.753053;(17, (1556, 728, 0, 728, 727, 0, 0, 91, 237, 0, 673, 1055, 0))
2018-04-05 08:02:11.791035;(10, (434, 7248, 0, 7248, 7083, 0, 0, 1197, 6000, 0, 7429, 14280, 0))
2018-04-05 08:02:39.915114;(1, (118, 11055, 1, 11054, 10814, 0, 0, 1419, 12262, 1, 12509, 24495, 0))
2018-04-05 08:02:40.974699;(5, (799, 4787, 0, 4787, 4724, 0, 0, 498, 1228, 0, 4947, 6450, 0))
2018-04-05 08:02:41.077617;(12, (1182, 1956, 0, 1956, 1913, 0, 0, 473, 1761, 0, 2318, 4147, 0))
2018-04-05 08:02:41.137458;(6, (895, 623, 0, 623, 607, 0, 0, 245, 296, 0, 680, 1148, 0))
2018-04-05 08:02:41.211527;(15, (137, 3339, 0, 3339, 3265, 0, 0, 490, 2476, 0, 3457, 6231, 0))
2018-04-05 08:02:41.240019;(19, (1095, 2369, 0, 2369, 2300, 0, 0, 848, 1919, 0, 2580, 5067, 0))
2018-04-05 08:02:41.285353;(8, (248, 2103, 0, 2103, 1970, 0, 0, 896, 4269, 0, 2548, 7135, 0))
2018-04-05 08:02:41.338435;(4, (0, 36, 0, 36, 32, 0, 0, 34, 22, 0, 84, 88, 0))
2018-04-05 08:02:41.420141;(11, (339, 1806, 0, 1806, 1760, 0, 0, 307, 1915, 0, 2041, 3982, 0))
2018-04-05 08:02:41.491556;(16, (528, 1006, 0, 1006, 975, 0, 0, 241, 1108, 0, 1163, 2324, 0))
2018-04-05 08:02:41.559650;(3, (254, 5480, 0, 5480, 5319, 0, 0, 1099, 6450, 0, 5896, 12868, 0))
2018-04-05 08:02:41.741591;(21, (1846, 3899, 0, 3899, 3863, 0, 0, 346, 1688, 0, 3856, 5897, 0))
2018-04-05 08:02:41.741795;(23, (140, 2640, 0, 2640, 2581, 0, 0, 747, 1745, 0, 2767, 5073, 0))
2018-04-05 08:02:41.757124;(17, (1556, 747, 0, 747, 746, 0, 0, 91, 237, 0, 691, 1074, 0))
2018-04-05 08:02:41.794966;(10, (369, 7328, 0, 7328, 7163, 0, 0, 1201, 6033, 0, 7514, 14397, 0))
