2018-04-08 07:15:01.700192;(6, (8711, 15, 0, 15, 14, 0, 0, 8, 0, 0, 26, 22, 0))
2018-04-08 07:15:01.714902;(22, (8119, 17, 0, 17, 15, 0, 0, 15, 42, 0, 58, 72, 0))
2018-04-08 07:15:01.813915;(4, (4497, 27, 0, 27, 27, 0, 0, 0, 0, 0, 34, 27, 0))
2018-04-08 07:15:01.834572;(17, (8093, 15, 0, 15, 15, 0, 0, 1, 11, 0, 9, 27, 0))
2018-04-08 07:15:01.876104;(15, (2310, 54, 0, 54, 53, 0, 0, 1, 35, 0, 91, 89, 0))
2018-04-08 07:15:01.894104;(21, (10249, 12, 0, 12, 12, 0, 0, 1, 13, 0, 35, 26, 0))
2018-04-08 07:15:01.920326;(16, (10214, 15, 0, 15, 12, 0, 0, 2, 67, 0, 39, 81, 0))
2018-04-08 07:15:01.935002;(18, (2776, 44, 0, 44, 44, 0, 0, 2, 0, 0, 76, 46, 0))
2018-04-08 07:15:02.019311;(9, (6392, 19, 0, 19, 19, 0, 0, 2, 2, 0, 16, 23, 0))
2018-04-08 07:15:02.062931;(8, (5096, 29, 0, 29, 24, 0, 0, 37, 29, 0, 75, 90, 0))
2018-04-08 07:15:02.117587;(13, (3120, 39, 0, 39, 39, 0, 0, 7, 10, 0, 53, 56, 0))
2018-04-08 07:15:02.160727;(3, (7672, 18, 0, 18, 16, 0, 0, 9, 31, 0, 58, 56, 0))
2018-04-08 07:15:02.185465;(23, (7662, 17, 0, 17, 16, 0, 0, 2, 23, 0, 46, 41, 0))
2018-04-08 07:15:02.239893;(12, (5324, 23, 0, 23, 23, 0, 0, 2, 12, 0, 47, 37, 0))
2018-04-08 07:15:02.266457;(1, (2523, 49, 0, 49, 49, 0, 0, 0, 62, 0, 219, 111, 0))
2018-04-08 07:15:02.294543;(10, (5069, 25, 0, 25, 24, 0, 0, 5, 34, 0, 56, 63, 0))
2018-04-08 07:15:02.365351;(14, (3617, 35, 0, 35, 34, 0, 0, 16, 1, 0, 78, 51, 0))
2018-04-08 07:15:02.406574;(11, (8767, 15, 0, 15, 14, 0, 0, 2, 18, 0, 33, 34, 0))
2018-04-08 07:15:02.420150;(7, (2725, 45, 0, 45, 45, 0, 0, 0, 11, 0, 83, 56, 0))
2018-04-08 07:15:02.439143;(5, (7168, 17, 0, 17, 17, 0, 0, 3, 5, 0, 38, 25, 0))
2018-04-08 07:15:02.475663;(19, (6774, 19, 0, 19, 18, 0, 0, 4, 42, 0, 34, 64, 0))
2018-04-08 07:15:02.595257;(20, (1537, 80, 0, 80, 80, 0, 0, 12, 12, 0, 105, 104, 0))
2018-04-08 07:15:31.702998;(6, (2464, 27, 0, 27, 26, 0, 0, 8, 0, 0, 39, 34, 0))
2018-04-08 07:15:31.718126;(22, (2958, 27, 0, 27, 25, 0, 0, 15, 42, 0, 74, 82, 0))
2018-04-08 07:15:31.817782;(4, (821, 64, 0, 64, 63, 0, 0, 7, 21, 0, 75, 91, 0))
2018-04-08 07:15:31.837095;(17, (2687, 26, 0, 26, 26, 0, 0, 1, 11, 0, 20, 38, 0))
2018-04-08 07:15:31.879847;(15, (227, 185, 0, 185, 183, 0, 0, 13, 61, 0, 231, 257, 0))
2018-04-08 07:15:31.897055;(21, (4927, 18, 0, 18, 18, 0, 0, 1, 13, 0, 46, 32, 0))
2018-04-08 07:15:31.924295;(16, (2463, 27, 0, 27, 24, 0, 0, 2, 67, 0, 55, 93, 0))
2018-04-08 07:15:31.938159;(18, (383, 121, 0, 121, 121, 0, 0, 6, 0, 0, 157, 127, 0))
2018-04-08 07:15:32.023337;(9, (1970, 34, 0, 34, 34, 0, 0, 2, 2, 0, 30, 38, 0))
2018-04-08 07:15:32.066981;(8, (2687, 40, 0, 40, 35, 0, 0, 37, 29, 0, 95, 101, 0))
2018-04-08 07:15:32.120564;(13, (484, 102, 0, 102, 100, 0, 0, 33, 61, 0, 111, 194, 0))
2018-04-08 07:15:32.169872;(3, (2463, 30, 0, 30, 28, 0, 0, 9, 32, 0, 76, 69, 0))
2018-04-08 07:15:32.188292;(23, (1285, 40, 0, 40, 39, 0, 0, 2, 23, 0, 73, 64, 0))
2018-04-08 07:15:32.244389;(12, (2462, 35, 0, 35, 35, 0, 0, 2, 12, 0, 63, 49, 0))
2018-04-08 07:15:32.268289;(1, (165, 228, 0, 228, 227, 0, 0, 7, 175, 0, 430, 409, 0))
2018-04-08 07:15:32.297659;(10, (2463, 37, 0, 37, 36, 0, 0, 5, 34, 0, 73, 75, 0))
2018-04-08 07:15:32.369441;(14, (1055, 63, 0, 63, 62, 0, 0, 16, 1, 0, 113, 79, 0))
2018-04-08 07:15:32.409054;(11, (3695, 23, 0, 23, 22, 0, 0, 2, 18, 0, 44, 42, 0))
2018-04-08 07:15:32.422741;(7, (434, 114, 0, 114, 113, 0, 0, 1, 32, 0, 157, 146, 0))
2018-04-08 07:15:32.442696;(5, (2463, 29, 0, 29, 29, 0, 0, 4, 5, 0, 54, 38, 0))
2018-04-08 07:15:32.478701;(19, (3284, 28, 0, 28, 27, 0, 0, 4, 42, 0, 48, 73, 0))
2018-04-08 07:15:32.598835;(20, (263, 192, 0, 192, 192, 0, 0, 23, 24, 0, 219, 239, 0))
2018-04-08 07:16:01.721618;(22, (1344, 51, 0, 51, 47, 0, 0, 25, 100, 0, 105, 172, 0))
2018-04-08 07:16:01.821562;(4, (924, 96, 0, 96, 95, 0, 0, 7, 21, 0, 108, 123, 0))
2018-04-08 07:16:01.841584;(17, (2111, 40, 0, 40, 40, 0, 0, 1, 11, 0, 32, 52, 0))
2018-04-08 07:16:01.883970;(15, (169, 362, 0, 362, 358, 0, 0, 41, 124, 0, 410, 523, 0))
2018-04-08 07:16:01.904887;(21, (2956, 28, 0, 28, 28, 0, 0, 1, 13, 0, 57, 42, 0))
2018-04-08 07:16:01.927343;(16, (2274, 40, 0, 40, 37, 0, 0, 5, 67, 0, 73, 109, 0))
2018-04-08 07:16:01.941832;(18, (257, 237, 0, 237, 236, 0, 0, 31, 123, 0, 269, 390, 0))
2018-04-08 07:16:02.027664;(9, (2687, 45, 0, 45, 45, 0, 0, 2, 2, 0, 42, 49, 0))
2018-04-08 07:16:02.071115;(8, (1558, 59, 0, 59, 54, 0, 0, 39, 40, 0, 118, 133, 0))
2018-04-08 07:16:02.123360;(13, (518, 160, 0, 160, 157, 0, 0, 58, 103, 0, 164, 318, 0))
2018-04-08 07:16:02.173864;(3, (1739, 48, 0, 48, 45, 0, 0, 13, 51, 0, 102, 109, 0))
2018-04-08 07:16:02.193399;(23, (1055, 68, 0, 68, 67, 0, 0, 5, 23, 0, 102, 95, 0))
2018-04-08 07:16:02.249814;(12, (2461, 47, 0, 47, 47, 0, 0, 3, 12, 0, 78, 62, 0))
2018-04-08 07:16:02.271770;(1, (149, 430, 0, 430, 425, 0, 0, 34, 300, 0, 654, 759, 0))
2018-04-08 07:16:02.301104;(10, (1642, 56, 0, 56, 54, 0, 0, 9, 78, 0, 91, 141, 0))
2018-04-08 07:16:02.373968;(14, (738, 107, 0, 107, 102, 0, 0, 24, 94, 0, 156, 220, 0))
2018-04-08 07:16:02.411775;(11, (2955, 33, 0, 33, 32, 0, 0, 4, 19, 0, 58, 55, 0))
2018-04-08 07:16:02.425611;(7, (394, 196, 0, 196, 188, 0, 0, 27, 198, 0, 248, 413, 0))
2018-04-08 07:16:02.447056;(5, (2956, 39, 0, 39, 39, 0, 0, 4, 5, 0, 65, 48, 0))
2018-04-08 07:16:02.483081;(19, (1407, 50, 0, 50, 48, 0, 0, 17, 66, 0, 71, 131, 0))
2018-04-08 07:16:02.602551;(20, (266, 305, 0, 305, 303, 0, 0, 47, 126, 0, 323, 476, 0))
2018-04-08 07:16:31.725805;(22, (1477, 71, 0, 71, 67, 0, 0, 25, 100, 0, 137, 192, 0))
2018-04-08 07:16:31.824386;(4, (758, 136, 0, 136, 134, 0, 0, 14, 35, 0, 150, 183, 0))
2018-04-08 07:16:31.845666;(17, (1847, 56, 0, 56, 56, 0, 0, 1, 11, 0, 47, 68, 0))
2018-04-08 07:16:31.888233;(15, (416, 435, 0, 435, 429, 0, 0, 53, 182, 0, 497, 664, 0))
2018-04-08 07:16:31.913039;(21, (821, 64, 0, 64, 64, 0, 0, 3, 13, 0, 98, 80, 0))
2018-04-08 07:16:31.932729;(16, (1231, 66, 0, 66, 61, 0, 0, 22, 101, 0, 108, 184, 0))
2018-04-08 07:16:31.945676;(18, (234, 364, 0, 364, 362, 0, 0, 39, 161, 0, 399, 562, 0))
2018-04-08 07:16:32.033382;(9, (1847, 61, 0, 61, 61, 0, 0, 2, 2, 0, 58, 65, 0))
2018-04-08 07:16:32.074643;(8, (1642, 77, 0, 77, 72, 0, 0, 39, 40, 0, 150, 151, 0))
2018-04-08 07:16:32.127768;(13, (778, 199, 0, 199, 195, 0, 0, 70, 112, 0, 202, 377, 0))
2018-04-08 07:16:32.177713;(3, (1739, 65, 0, 65, 62, 0, 0, 18, 52, 0, 133, 132, 0))
2018-04-08 07:16:32.198280;(23, (212, 208, 0, 208, 206, 0, 0, 7, 45, 0, 249, 258, 0))
2018-04-08 07:16:32.253675;(12, (1970, 62, 0, 62, 62, 0, 0, 3, 18, 0, 102, 83, 0))
2018-04-08 07:16:32.274132;(1, (144, 636, 0, 636, 629, 0, 0, 41, 500, 0, 900, 1170, 0))
2018-04-08 07:16:32.305574;(10, (1230, 80, 0, 80, 78, 0, 0, 9, 89, 0, 123, 176, 0))
2018-04-08 07:16:32.377743;(14, (798, 144, 0, 144, 139, 0, 0, 24, 94, 0, 211, 257, 0))
2018-04-08 07:16:32.415020;(11, (2464, 45, 0, 45, 44, 0, 0, 4, 25, 0, 78, 73, 0))
2018-04-08 07:16:32.428105;(7, (428, 265, 0, 265, 257, 0, 0, 27, 198, 0, 332, 482, 0))
2018-04-08 07:16:32.450317;(5, (2687, 50, 0, 50, 50, 0, 0, 5, 5, 0, 81, 60, 0))
2018-04-08 07:16:32.488288;(19, (1739, 67, 0, 67, 65, 0, 0, 22, 66, 0, 94, 153, 0))
2018-04-08 07:16:32.607128;(20, (254, 421, 0, 421, 419, 0, 0, 47, 126, 0, 451, 592, 0))
2018-04-08 07:17:01.730811;(22, (2463, 83, 0, 83, 79, 0, 0, 25, 100, 0, 153, 204, 0))
2018-04-08 07:17:01.827748;(4, (924, 168, 0, 168, 166, 0, 0, 14, 35, 0, 180, 215, 0))
2018-04-08 07:17:01.849704;(17, (2687, 67, 0, 67, 67, 0, 0, 1, 11, 0, 58, 79, 0))
2018-04-08 07:17:01.893972;(15, (985, 465, 0, 465, 459, 0, 0, 53, 182, 0, 531, 694, 0))
2018-04-08 07:17:01.919613;(21, (2953, 74, 0, 74, 74, 0, 0, 3, 13, 0, 110, 90, 0))
2018-04-08 07:17:01.935874;(16, (2956, 76, 0, 76, 71, 0, 0, 32, 101, 0, 123, 204, 0))
2018-04-08 07:17:01.949483;(18, (321, 456, 0, 456, 454, 0, 0, 39, 161, 0, 492, 654, 0))
2018-04-08 07:17:02.037478;(9, (2959, 71, 0, 71, 71, 0, 0, 2, 2, 0, 71, 75, 0))
2018-04-08 07:17:02.130523;(13, (591, 249, 0, 249, 245, 0, 0, 70, 112, 0, 254, 427, 0))
2018-04-08 07:17:02.181976;(3, (2687, 76, 0, 76, 73, 0, 0, 18, 52, 0, 153, 143, 0))
2018-04-08 07:17:02.200035;(23, (246, 328, 0, 328, 326, 0, 0, 7, 45, 0, 371, 378, 0))
2018-04-08 07:17:02.256521;(12, (2956, 72, 0, 72, 72, 0, 0, 3, 18, 0, 117, 93, 0))
2018-04-08 07:17:02.276106;(1, (146, 838, 0, 838, 831, 0, 0, 44, 642, 0, 1105, 1517, 0))
2018-04-08 07:17:02.309509;(10, (2687, 91, 0, 91, 89, 0, 0, 9, 89, 0, 136, 187, 0))
2018-04-08 07:17:02.381514;(14, (953, 175, 0, 175, 170, 0, 0, 24, 94, 0, 249, 288, 0))
2018-04-08 07:17:02.418540;(11, (2955, 55, 0, 55, 54, 0, 0, 4, 25, 0, 92, 83, 0))
2018-04-08 07:17:02.430855;(7, (416, 336, 0, 336, 328, 0, 0, 27, 198, 0, 409, 553, 0))
2018-04-08 07:17:02.453699;(5, (2956, 60, 0, 60, 60, 0, 0, 5, 5, 0, 92, 70, 0))
2018-04-08 07:17:02.495754;(19, (2686, 78, 0, 78, 76, 0, 0, 22, 66, 0, 108, 164, 0))
2018-04-08 07:17:02.610781;(20, (225, 552, 0, 552, 550, 0, 0, 49, 126, 0, 587, 725, 0))
2018-04-08 07:17:31.733430;(22, (2956, 93, 0, 93, 89, 0, 0, 25, 100, 0, 165, 214, 0))
2018-04-08 07:17:31.830576;(4, (923, 200, 0, 200, 198, 0, 0, 14, 35, 0, 212, 247, 0))
2018-04-08 07:17:31.854407;(17, (2956, 77, 0, 77, 77, 0, 0, 1, 11, 0, 68, 89, 0))
2018-04-08 07:17:31.897296;(15, (985, 495, 0, 495, 489, 0, 0, 53, 182, 0, 563, 724, 0))
2018-04-08 07:17:31.925585;(21, (2956, 84, 0, 84, 84, 0, 0, 3, 13, 0, 122, 100, 0))
2018-04-08 07:17:31.940952;(16, (2956, 86, 0, 86, 81, 0, 0, 42, 101, 0, 133, 224, 0))
2018-04-08 07:17:31.952266;(18, (324, 547, 0, 547, 545, 0, 0, 39, 161, 0, 584, 745, 0))
2018-04-08 07:17:32.041342;(9, (2955, 81, 0, 81, 81, 0, 0, 2, 2, 0, 83, 85, 0))
2018-04-08 07:17:32.134457;(13, (579, 300, 0, 300, 296, 0, 0, 71, 112, 0, 306, 479, 0))
2018-04-08 07:17:32.185910;(3, (2688, 87, 0, 87, 84, 0, 0, 18, 52, 0, 164, 154, 0))
2018-04-08 07:17:32.202176;(23, (246, 448, 0, 448, 446, 0, 0, 7, 45, 0, 492, 498, 0))
2018-04-08 07:17:32.274765;(12, (2956, 82, 0, 82, 82, 0, 0, 3, 18, 0, 128, 103, 0))
2018-04-08 07:17:32.278495;(1, (146, 1039, 0, 1039, 1032, 0, 0, 46, 796, 0, 1306, 1874, 0))
2018-04-08 07:17:32.314844;(10, (2956, 101, 0, 101, 99, 0, 0, 9, 89, 0, 148, 197, 0))
2018-04-08 07:17:32.386111;(14, (984, 205, 0, 205, 200, 0, 0, 24, 94, 0, 280, 318, 0))
2018-04-08 07:17:32.422191;(11, (2956, 65, 0, 65, 64, 0, 0, 4, 25, 0, 102, 93, 0))
2018-04-08 07:17:32.434539;(7, (422, 406, 0, 406, 398, 0, 0, 27, 198, 0, 481, 623, 0))
2018-04-08 07:17:32.456554;(5, (2957, 70, 0, 70, 70, 0, 0, 5, 5, 0, 103, 80, 0))
2018-04-08 07:17:32.499498;(19, (2687, 89, 0, 89, 87, 0, 0, 22, 66, 0, 119, 175, 0))
2018-04-08 07:17:32.614739;(20, (223, 684, 0, 684, 682, 0, 0, 50, 126, 0, 721, 858, 0))
2018-04-08 07:18:01.736140;(22, (656, 138, 0, 138, 134, 0, 0, 34, 156, 0, 210, 324, 0))
2018-04-08 07:18:01.833997;(4, (953, 231, 0, 231, 229, 0, 0, 14, 35, 0, 243, 278, 0))
2018-04-08 07:18:01.858364;(17, (1642, 96, 0, 96, 95, 0, 0, 9, 23, 0, 84, 127, 0))
2018-04-08 07:18:01.901853;(15, (603, 545, 0, 545, 538, 0, 0, 56, 218, 0, 617, 812, 0))
2018-04-08 07:18:01.929316;(21, (2687, 95, 0, 95, 95, 0, 0, 3, 13, 0, 132, 111, 0))
2018-04-08 07:18:01.943773;(16, (1642, 106, 0, 106, 99, 0, 0, 63, 130, 0, 154, 292, 0))
2018-04-08 07:18:01.955425;(18, (284, 652, 0, 652, 649, 0, 0, 49, 262, 0, 690, 960, 0))
2018-04-08 07:18:02.044701;(9, (2956, 91, 0, 91, 91, 0, 0, 2, 2, 0, 93, 95, 0))
2018-04-08 07:18:02.140293;(13, (579, 351, 0, 351, 347, 0, 0, 74, 112, 0, 356, 533, 0))
2018-04-08 07:18:02.189475;(3, (1182, 113, 0, 113, 109, 0, 0, 22, 95, 0, 201, 226, 0))
2018-04-08 07:18:02.204012;(23, (252, 567, 0, 567, 563, 0, 0, 36, 59, 0, 612, 658, 0))
2018-04-08 07:18:02.267067;(12, (1970, 97, 0, 97, 97, 0, 0, 3, 31, 0, 151, 131, 0))
2018-04-08 07:18:02.280339;(1, (153, 1235, 0, 1235, 1224, 0, 0, 72, 959, 0, 1523, 2255, 0))
2018-04-08 07:18:02.317752;(10, (1478, 122, 0, 122, 119, 0, 0, 19, 120, 0, 172, 258, 0))
2018-04-08 07:18:02.390182;(14, (671, 249, 0, 249, 244, 0, 0, 27, 146, 0, 333, 417, 0))
2018-04-08 07:18:02.425556;(11, (2110, 81, 0, 81, 78, 0, 0, 16, 62, 0, 123, 156, 0))
2018-04-08 07:18:02.438573;(7, (332, 498, 0, 498, 487, 0, 0, 37, 336, 0, 571, 860, 0))
2018-04-08 07:18:02.459242;(5, (2464, 82, 0, 82, 82, 0, 0, 5, 5, 0, 115, 92, 0))
2018-04-08 07:18:02.503227;(19, (1642, 108, 0, 108, 105, 0, 0, 28, 77, 0, 144, 210, 0))
2018-04-08 07:18:02.618046;(20, (190, 843, 0, 843, 837, 0, 0, 77, 314, 0, 879, 1228, 0))
2018-04-08 07:18:31.861208;(17, (1407, 117, 0, 117, 116, 0, 0, 13, 23, 0, 104, 152, 0))
2018-04-08 07:18:31.907552;(15, (557, 600, 0, 600, 591, 0, 0, 66, 299, 0, 679, 956, 0))
2018-04-08 07:18:31.934898;(21, (273, 204, 0, 204, 203, 0, 0, 16, 49, 0, 252, 268, 0))
2018-04-08 07:18:31.959972;(18, (301, 751, 0, 751, 747, 0, 0, 54, 321, 0, 808, 1122, 0))
2018-04-08 07:18:32.050717;(9, (1408, 113, 0, 113, 112, 0, 0, 9, 26, 0, 118, 147, 0))
2018-04-08 07:18:32.143346;(13, (384, 428, 0, 428, 424, 0, 0, 92, 127, 0, 444, 643, 0))
2018-04-08 07:18:32.193056;(3, (558, 168, 0, 168, 162, 0, 0, 37, 270, 0, 277, 469, 0))
2018-04-08 07:18:32.207457;(23, (227, 699, 0, 699, 693, 0, 0, 60, 101, 0, 754, 854, 0))
2018-04-08 07:18:32.269827;(12, (953, 129, 0, 129, 128, 0, 0, 14, 65, 0, 191, 207, 0))
2018-04-08 07:18:32.283525;(1, (142, 1447, 0, 1447, 1431, 0, 0, 112, 1168, 0, 1809, 2711, 0))
2018-04-08 07:18:32.322014;(10, (416, 195, 0, 195, 190, 0, 0, 51, 191, 0, 255, 432, 0))
2018-04-08 07:18:32.394265;(14, (568, 301, 0, 301, 296, 0, 0, 36, 221, 0, 402, 553, 0))
2018-04-08 07:18:32.429246;(11, (895, 115, 0, 115, 111, 0, 0, 19, 122, 0, 168, 252, 0))
2018-04-08 07:18:32.445021;(7, (374, 579, 0, 579, 566, 0, 0, 46, 392, 0, 671, 1004, 0))
2018-04-08 07:18:32.507296;(19, (1057, 139, 0, 139, 133, 0, 0, 53, 118, 0, 185, 304, 0))
2018-04-08 07:19:01.863920;(17, (2465, 129, 0, 129, 128, 0, 0, 13, 23, 0, 116, 164, 0))
2018-04-08 07:19:01.938909;(21, (2111, 219, 0, 219, 217, 0, 0, 17, 71, 0, 274, 305, 0))
2018-04-08 07:19:01.963164;(18, (1286, 776, 0, 776, 770, 0, 0, 59, 386, 0, 840, 1215, 0))
2018-04-08 07:19:02.147381;(13, (591, 478, 0, 478, 474, 0, 0, 100, 133, 0, 497, 707, 0))
2018-04-08 07:19:02.195895;(3, (1286, 191, 0, 191, 185, 0, 0, 37, 270, 0, 315, 492, 0))
2018-04-08 07:19:02.210440;(23, (1136, 727, 0, 727, 719, 0, 0, 68, 143, 0, 780, 930, 0))
2018-04-08 07:19:02.273985;(12, (1020, 158, 0, 158, 157, 0, 0, 14, 65, 0, 229, 236, 0))
2018-04-08 07:19:02.286355;(1, (146, 1650, 0, 1650, 1633, 0, 0, 124, 1263, 0, 2040, 3020, 0))
2018-04-08 07:19:02.325214;(10, (1230, 219, 0, 219, 214, 0, 0, 55, 191, 0, 285, 460, 0))
2018-04-08 07:19:02.397097;(14, (1739, 318, 0, 318, 313, 0, 0, 36, 233, 0, 428, 582, 0))
2018-04-08 07:19:02.438329;(11, (2687, 126, 0, 126, 122, 0, 0, 19, 122, 0, 189, 263, 0))
2018-04-08 07:19:02.447526;(7, (332, 668, 0, 668, 655, 0, 0, 46, 392, 0, 769, 1093, 0))
2018-04-08 07:19:02.511345;(19, (2464, 151, 0, 151, 145, 0, 0, 53, 118, 0, 205, 316, 0))
2018-04-08 07:19:31.942684;(21, (2956, 229, 0, 229, 227, 0, 0, 17, 71, 0, 286, 315, 0))
2018-04-08 07:19:31.966759;(18, (616, 825, 0, 825, 818, 0, 0, 65, 443, 0, 898, 1326, 0))
2018-04-08 07:19:32.290545;(1, (147, 1852, 0, 1852, 1833, 0, 0, 151, 1362, 0, 2285, 3346, 0))
2018-04-08 07:19:32.330555;(10, (642, 265, 0, 265, 260, 0, 0, 65, 227, 0, 338, 552, 0))
2018-04-08 07:19:32.399903;(14, (896, 352, 0, 352, 346, 0, 0, 40, 312, 0, 474, 698, 0))
2018-04-08 07:19:32.442404;(11, (1343, 149, 0, 149, 144, 0, 0, 24, 149, 0, 223, 317, 0))
2018-04-08 07:19:32.866954;(17, (1643, 147, 0, 147, 146, 0, 0, 18, 48, 0, 132, 212, 0))
2018-04-08 07:19:33.150373;(13, (557, 532, 0, 532, 527, 0, 0, 115, 143, 0, 549, 785, 0))
2018-04-08 07:19:33.198933;(3, (448, 259, 0, 259, 251, 0, 0, 46, 346, 0, 396, 643, 0))
2018-04-08 07:19:33.279487;(12, (821, 195, 0, 195, 193, 0, 0, 21, 111, 0, 286, 325, 0))
2018-04-08 07:19:33.453245;(7, (347, 756, 0, 756, 740, 0, 0, 61, 512, 0, 873, 1313, 0))
2018-04-08 07:19:33.515140;(19, (1136, 177, 0, 177, 171, 0, 0, 59, 154, 0, 238, 384, 0))
2018-04-08 07:20:01.946691;(21, (2956, 239, 0, 239, 237, 0, 0, 18, 71, 0, 300, 326, 0))
2018-04-08 07:20:02.294435;(1, (143, 2060, 0, 2060, 2039, 0, 0, 165, 1540, 0, 2542, 3744, 0))
2018-04-08 07:20:02.334017;(10, (1284, 288, 0, 288, 283, 0, 0, 66, 260, 0, 361, 609, 0))
2018-04-08 07:20:02.402815;(14, (869, 386, 0, 386, 380, 0, 0, 44, 317, 0, 519, 741, 0))
2018-04-08 07:20:02.446080;(11, (1739, 166, 0, 166, 161, 0, 0, 24, 149, 0, 244, 334, 0))
2018-04-08 07:20:02.870557;(17, (1407, 169, 0, 169, 167, 0, 0, 32, 72, 0, 154, 271, 0))
2018-04-08 07:20:02.972026;(18, (484, 886, 0, 886, 879, 0, 0, 65, 467, 0, 967, 1411, 0))
2018-04-08 07:20:03.157474;(13, (591, 582, 0, 582, 577, 0, 0, 115, 143, 0, 601, 835, 0))
2018-04-08 07:20:03.202367;(3, (156, 452, 0, 452, 440, 0, 0, 67, 518, 0, 588, 1025, 0))
2018-04-08 07:20:03.284050;(12, (1408, 217, 0, 217, 214, 0, 0, 29, 118, 0, 315, 361, 0))
2018-04-08 07:20:03.455653;(7, (435, 827, 0, 827, 808, 0, 0, 67, 631, 0, 956, 1506, 0))
2018-04-08 07:20:03.519309;(19, (953, 208, 0, 208, 202, 0, 0, 65, 166, 0, 271, 433, 0))
2018-04-08 07:20:32.296214;(1, (156, 2250, 0, 2250, 2228, 0, 0, 179, 1682, 0, 2759, 4089, 0))
2018-04-08 07:20:32.337904;(10, (2273, 301, 0, 301, 296, 0, 0, 67, 272, 0, 378, 635, 0))
2018-04-08 07:20:32.874142;(17, (1739, 188, 0, 188, 184, 0, 0, 53, 85, 0, 172, 322, 0))
2018-04-08 07:20:32.950267;(21, (2956, 249, 0, 249, 247, 0, 0, 18, 71, 0, 311, 336, 0))
2018-04-08 07:20:32.976242;(18, (568, 939, 0, 939, 931, 0, 0, 75, 470, 0, 1026, 1476, 0))
2018-04-08 07:20:33.161764;(13, (579, 633, 0, 633, 628, 0, 0, 117, 144, 0, 653, 889, 0))
2018-04-08 07:20:33.205248;(3, (192, 610, 0, 610, 594, 0, 0, 80, 651, 0, 756, 1325, 0))
2018-04-08 07:20:33.286749;(12, (2464, 229, 0, 229, 226, 0, 0, 29, 118, 0, 332, 373, 0))
2018-04-08 07:20:33.410233;(14, (1407, 407, 0, 407, 401, 0, 0, 50, 320, 0, 545, 771, 0))
2018-04-08 07:20:33.448778;(11, (2274, 179, 0, 179, 174, 0, 0, 24, 149, 0, 261, 347, 0))
2018-04-08 07:20:33.458849;(7, (462, 894, 0, 894, 872, 0, 0, 80, 760, 0, 1033, 1712, 0))
2018-04-08 07:20:33.522955;(19, (1232, 234, 0, 234, 226, 0, 0, 84, 204, 0, 304, 514, 0))
2018-04-08 07:21:02.298332;(1, (149, 2459, 0, 2459, 2426, 0, 0, 249, 2104, 0, 3014, 4779, 0))
2018-04-08 07:21:02.877156;(17, (9857, 191, 0, 191, 187, 0, 0, 53, 85, 0, 177, 325, 0))
2018-04-08 07:21:02.954449;(21, (2955, 259, 0, 259, 257, 0, 0, 18, 71, 0, 322, 346, 0))
2018-04-08 07:21:02.981986;(18, (428, 1010, 0, 1010, 1000, 0, 0, 90, 565, 0, 1106, 1655, 0))
2018-04-08 07:21:03.165783;(13, (557, 686, 0, 686, 681, 0, 0, 127, 157, 0, 708, 965, 0))
2018-04-08 07:21:03.209514;(3, (454, 678, 0, 678, 659, 0, 0, 103, 710, 0, 839, 1472, 0))
2018-04-08 07:21:03.290161;(12, (284, 337, 0, 337, 330, 0, 0, 57, 212, 0, 457, 599, 0))
2018-04-08 07:21:03.342606;(10, (199, 451, 0, 451, 444, 0, 0, 100, 317, 0, 537, 861, 0))
2018-04-08 07:21:03.412680;(14, (175, 578, 0, 578, 569, 0, 0, 62, 483, 0, 736, 1114, 0))
2018-04-08 07:21:03.451579;(11, (537, 236, 0, 236, 229, 0, 0, 40, 218, 0, 328, 487, 0))
2018-04-08 07:21:03.462347;(7, (985, 931, 0, 931, 902, 0, 0, 124, 817, 0, 1078, 1843, 0))
2018-04-08 07:21:03.529980;(19, (1343, 258, 0, 258, 248, 0, 0, 97, 238, 0, 341, 583, 0))
2018-04-08 07:21:32.301158;(1, (157, 2649, 0, 2649, 2613, 0, 0, 274, 2427, 0, 3221, 5314, 0))
2018-04-08 07:21:32.879475;(17, (29560, 192, 0, 192, 188, 0, 0, 53, 85, 0, 178, 326, 0))
2018-04-08 07:21:32.957443;(21, (2955, 269, 0, 269, 267, 0, 0, 18, 71, 0, 333, 356, 0))
2018-04-08 07:21:32.987523;(18, (2687, 1021, 0, 1021, 1011, 0, 0, 90, 565, 0, 1127, 1666, 0))
2018-04-08 07:21:33.168833;(13, (591, 736, 0, 736, 731, 0, 0, 140, 196, 0, 759, 1067, 0))
2018-04-08 07:21:33.212413;(3, (953, 709, 0, 709, 690, 0, 0, 103, 710, 0, 884, 1503, 0))
2018-04-08 07:21:33.293049;(12, (1478, 357, 0, 357, 350, 0, 0, 57, 212, 0, 486, 619, 0))
2018-04-08 07:21:33.346785;(10, (579, 502, 0, 502, 495, 0, 0, 100, 317, 0, 594, 912, 0))
2018-04-08 07:21:33.418745;(14, (1478, 598, 0, 598, 589, 0, 0, 62, 483, 0, 766, 1134, 0))
2018-04-08 07:21:33.454695;(11, (821, 272, 0, 272, 265, 0, 0, 40, 239, 0, 372, 544, 0))
2018-04-08 07:21:33.466213;(7, (1095, 959, 0, 959, 929, 0, 0, 125, 838, 0, 1121, 1892, 0))
2018-04-08 07:21:33.532715;(19, (2462, 270, 0, 270, 260, 0, 0, 97, 238, 0, 362, 595, 0))
2018-04-08 07:22:02.303632;(1, (157, 2839, 0, 2839, 2801, 0, 0, 291, 2479, 0, 3419, 5571, 0))
2018-04-08 07:22:02.883101;(17, (0, 192, 0, 192, 188, 0, 0, 53, 85, 0, 179, 326, 0))
2018-04-08 07:22:02.961094;(21, (2956, 279, 0, 279, 277, 0, 0, 18, 71, 0, 345, 366, 0))
2018-04-08 07:22:02.990309;(18, (2956, 1031, 0, 1031, 1021, 0, 0, 90, 565, 0, 1142, 1676, 0))
2018-04-08 07:22:03.171677;(13, (518, 793, 0, 793, 788, 0, 0, 154, 196, 0, 812, 1138, 0))
2018-04-08 07:22:03.217047;(3, (953, 740, 0, 740, 721, 0, 0, 103, 710, 0, 919, 1534, 0))
2018-04-08 07:22:03.297450;(12, (953, 388, 0, 388, 381, 0, 0, 57, 212, 0, 521, 650, 0))
2018-04-08 07:22:03.351663;(10, (953, 533, 0, 533, 526, 0, 0, 100, 317, 0, 627, 943, 0))
2018-04-08 07:22:03.422423;(14, (2687, 609, 0, 609, 600, 0, 0, 62, 483, 0, 783, 1145, 0))
2018-04-08 07:22:03.461233;(11, (2956, 282, 0, 282, 275, 0, 0, 40, 239, 0, 387, 554, 0))
2018-04-08 07:22:03.469849;(7, (2688, 970, 0, 970, 940, 0, 0, 125, 838, 0, 1135, 1903, 0))
2018-04-08 07:22:03.537455;(19, (2956, 280, 0, 280, 270, 0, 0, 97, 238, 0, 378, 605, 0))
2018-04-08 07:22:32.307197;(1, (155, 3029, 0, 3029, 2991, 0, 0, 293, 2488, 0, 3612, 5772, 0))
2018-04-08 07:22:32.888676;(17, (29570, 193, 0, 193, 189, 0, 0, 53, 85, 0, 179, 327, 0))
2018-04-08 07:22:32.965779;(21, (2685, 290, 0, 290, 288, 0, 0, 18, 71, 0, 356, 377, 0))
2018-04-08 07:22:32.994096;(18, (2957, 1041, 0, 1041, 1031, 0, 0, 90, 565, 0, 1155, 1686, 0))
2018-04-08 07:22:33.178516;(13, (591, 843, 0, 843, 838, 0, 0, 158, 196, 0, 863, 1192, 0))
2018-04-08 07:22:33.221091;(3, (985, 770, 0, 770, 751, 0, 0, 103, 710, 0, 951, 1564, 0))
2018-04-08 07:22:33.300543;(12, (985, 418, 0, 418, 411, 0, 0, 57, 212, 0, 553, 680, 0))
2018-04-08 07:22:33.355212;(10, (985, 563, 0, 563, 556, 0, 0, 100, 317, 0, 660, 973, 0))
2018-04-08 07:22:33.425788;(14, (2687, 620, 0, 620, 611, 0, 0, 62, 483, 0, 795, 1156, 0))
2018-04-08 07:22:33.465498;(11, (2955, 292, 0, 292, 285, 0, 0, 40, 239, 0, 399, 564, 0))
2018-04-08 07:22:33.473224;(7, (2957, 980, 0, 980, 950, 0, 0, 125, 838, 0, 1148, 1913, 0))
2018-04-08 07:22:33.540260;(19, (2956, 290, 0, 290, 280, 0, 0, 97, 238, 0, 388, 615, 0))
2018-04-08 07:23:02.311802;(1, (155, 3219, 0, 3219, 3181, 0, 0, 296, 2494, 0, 3804, 5971, 0))
2018-04-08 07:23:02.891026;(17, (0, 193, 0, 193, 189, 0, 0, 53, 85, 0, 180, 327, 0))
2018-04-08 07:23:02.968914;(21, (2957, 300, 0, 300, 298, 0, 0, 18, 71, 0, 367, 387, 0))
2018-04-08 07:23:02.999279;(18, (2688, 1052, 0, 1052, 1042, 0, 0, 90, 565, 0, 1169, 1697, 0))
2018-04-08 07:23:03.182951;(13, (579, 894, 0, 894, 889, 0, 0, 161, 196, 0, 913, 1246, 0))
2018-04-08 07:23:03.225350;(3, (953, 801, 0, 801, 782, 0, 0, 103, 710, 0, 987, 1595, 0))
2018-04-08 07:23:03.307079;(12, (985, 448, 0, 448, 441, 0, 0, 57, 212, 0, 588, 710, 0))
2018-04-08 07:23:03.358620;(10, (985, 593, 0, 593, 586, 0, 0, 100, 317, 0, 691, 1003, 0))
2018-04-08 07:23:03.428657;(14, (2687, 631, 0, 631, 622, 0, 0, 62, 483, 0, 811, 1167, 0))
2018-04-08 07:23:03.469090;(11, (2687, 303, 0, 303, 296, 0, 0, 40, 239, 0, 412, 575, 0))
2018-04-08 07:23:03.475670;(7, (2465, 992, 0, 992, 962, 0, 0, 125, 838, 0, 1163, 1925, 0))
2018-04-08 07:23:03.543098;(19, (2687, 301, 0, 301, 291, 0, 0, 97, 238, 0, 401, 626, 0))
2018-04-08 07:23:32.315748;(1, (160, 3406, 0, 3406, 3365, 0, 0, 316, 2581, 0, 4024, 6262, 0))
2018-04-08 07:23:32.894192;(17, (0, 193, 0, 193, 189, 0, 0, 53, 85, 0, 182, 327, 0))
2018-04-08 07:23:32.972080;(21, (777, 338, 0, 338, 336, 0, 0, 19, 71, 0, 408, 426, 0))
2018-04-08 07:23:33.003583;(18, (1182, 1082, 0, 1082, 1067, 0, 0, 123, 654, 0, 1205, 1844, 0))
2018-04-08 07:23:33.186997;(13, (1095, 922, 0, 922, 916, 0, 0, 176, 206, 0, 945, 1298, 0))
2018-04-08 07:23:33.229482;(3, (568, 856, 0, 856, 834, 0, 0, 119, 808, 0, 1053, 1761, 0))
2018-04-08 07:23:33.310265;(12, (954, 480, 0, 480, 472, 0, 0, 62, 238, 0, 628, 772, 0))
2018-04-08 07:23:33.362484;(10, (369, 674, 0, 674, 666, 0, 0, 109, 423, 0, 770, 1198, 0))
2018-04-08 07:23:33.432509;(14, (547, 690, 0, 690, 676, 0, 0, 82, 659, 0, 888, 1417, 0))
2018-04-08 07:23:33.472612;(11, (547, 358, 0, 358, 350, 0, 0, 51, 339, 0, 474, 740, 0))
2018-04-08 07:23:33.478793;(7, (1094, 1020, 0, 1020, 989, 0, 0, 132, 871, 0, 1199, 1992, 0))
2018-04-08 07:23:33.547824;(19, (1285, 325, 0, 325, 314, 0, 0, 111, 272, 0, 438, 697, 0))
2018-04-08 07:24:02.319143;(1, (150, 3603, 0, 3603, 3561, 0, 0, 328, 2612, 0, 4256, 6501, 0))
2018-04-08 07:24:02.898185;(17, (0, 193, 0, 193, 189, 0, 0, 53, 85, 0, 184, 327, 0))
2018-04-08 07:24:02.974849;(21, (1182, 363, 0, 363, 361, 0, 0, 21, 71, 0, 436, 453, 0))
2018-04-08 07:24:03.007304;(18, (284, 1187, 0, 1187, 1171, 0, 0, 137, 736, 0, 1320, 2044, 0))
2018-04-08 07:24:03.190785;(13, (704, 964, 0, 964, 958, 0, 0, 191, 206, 0, 986, 1355, 0))
2018-04-08 07:24:03.233198;(3, (2464, 868, 0, 868, 846, 0, 0, 119, 808, 0, 1082, 1773, 0))
2018-04-08 07:24:03.313728;(12, (1019, 510, 0, 510, 501, 0, 0, 64, 259, 0, 666, 824, 0))
2018-04-08 07:24:03.365302;(10, (547, 730, 0, 730, 720, 0, 0, 122, 458, 0, 829, 1300, 0))
2018-04-08 07:24:03.435590;(14, (287, 795, 0, 795, 779, 0, 0, 97, 779, 0, 1001, 1655, 0))
2018-04-08 07:24:03.475618;(11, (1642, 376, 0, 376, 368, 0, 0, 51, 343, 0, 504, 762, 0))
2018-04-08 07:24:03.483358;(7, (422, 1090, 0, 1090, 1059, 0, 0, 133, 885, 0, 1282, 2077, 0))
2018-04-08 07:24:03.553819;(19, (924, 357, 0, 357, 346, 0, 0, 111, 272, 0, 481, 729, 0))
2018-04-08 07:24:32.321805;(1, (157, 3797, 0, 3797, 3749, 0, 0, 363, 2715, 0, 4485, 6827, 0))
2018-04-08 07:24:32.901926;(17, (29566, 194, 0, 194, 190, 0, 0, 53, 85, 0, 185, 328, 0))
2018-04-08 07:24:32.977757;(21, (2687, 374, 0, 374, 372, 0, 0, 21, 71, 0, 447, 464, 0))
2018-04-08 07:24:33.010453;(18, (1848, 1204, 0, 1204, 1187, 0, 0, 140, 765, 0, 1334, 2092, 0))
2018-04-08 07:24:33.194556;(13, (528, 1023, 0, 1023, 1014, 0, 0, 231, 239, 0, 1041, 1484, 0))
2018-04-08 07:24:33.238098;(3, (2688, 879, 0, 879, 857, 0, 0, 119, 808, 0, 1109, 1784, 0))
2018-04-08 07:24:33.318059;(12, (821, 546, 0, 546, 537, 0, 0, 66, 271, 0, 709, 874, 0))
2018-04-08 07:24:33.369621;(10, (492, 790, 0, 790, 780, 0, 0, 122, 458, 0, 891, 1360, 0))
2018-04-08 07:24:33.439058;(14, (739, 836, 0, 836, 819, 0, 0, 112, 851, 0, 1046, 1782, 0))
2018-04-08 07:24:33.479322;(11, (2273, 389, 0, 389, 381, 0, 0, 51, 343, 0, 534, 775, 0))
2018-04-08 07:24:33.486864;(7, (189, 1247, 0, 1247, 1215, 0, 0, 139, 915, 0, 1453, 2269, 0))
2018-04-08 07:24:33.559544;(19, (352, 442, 0, 442, 430, 0, 0, 129, 293, 0, 574, 852, 0))
2018-04-08 07:25:02.905261;(17, (0, 194, 0, 194, 190, 0, 0, 53, 85, 0, 187, 328, 0))
2018-04-08 07:25:02.981368;(21, (2685, 385, 0, 385, 383, 0, 0, 21, 71, 0, 462, 475, 0))
2018-04-08 07:25:03.014332;(18, (1478, 1224, 0, 1224, 1207, 0, 0, 142, 778, 0, 1360, 2127, 0))
2018-04-08 07:25:03.197558;(13, (568, 1075, 0, 1075, 1066, 0, 0, 235, 239, 0, 1095, 1540, 0))
2018-04-08 07:25:03.242108;(3, (399, 955, 0, 955, 931, 0, 0, 125, 961, 0, 1197, 2017, 0))
2018-04-08 07:25:03.321093;(12, (389, 624, 0, 624, 613, 0, 0, 88, 410, 0, 796, 1111, 0))
2018-04-08 07:25:03.323773;(1, (153, 3998, 0, 3998, 3942, 0, 0, 405, 2933, 0, 4732, 7280, 0))
2018-04-08 07:25:03.375455;(10, (138, 1006, 0, 1006, 994, 0, 0, 160, 623, 0, 1109, 1777, 0))
2018-04-08 07:25:03.442219;(14, (238, 966, 0, 966, 943, 0, 0, 144, 1057, 0, 1178, 2144, 0))
2018-04-08 07:25:03.483771;(11, (720, 433, 0, 433, 422, 0, 0, 70, 440, 0, 594, 932, 0))
2018-04-08 07:25:03.490318;(7, (311, 1350, 0, 1350, 1310, 0, 0, 173, 1071, 0, 1569, 2554, 0))
2018-04-08 07:25:03.566934;(19, (557, 499, 0, 499, 483, 0, 0, 159, 368, 0, 639, 1010, 0))
2018-04-08 07:25:32.907846;(17, (0, 194, 0, 194, 190, 0, 0, 53, 85, 0, 191, 328, 0))
2018-04-08 07:25:32.984077;(21, (2956, 395, 0, 395, 393, 0, 0, 21, 71, 0, 479, 485, 0))
2018-04-08 07:25:33.019166;(18, (985, 1255, 0, 1255, 1237, 0, 0, 151, 819, 0, 1396, 2207, 0))
2018-04-08 07:25:33.201536;(13, (147, 1282, 0, 1282, 1267, 0, 0, 327, 332, 0, 1322, 1926, 0))
2018-04-08 07:25:33.245978;(3, (314, 1050, 0, 1050, 1025, 0, 0, 136, 1020, 0, 1313, 2181, 0))
2018-04-08 07:25:33.323871;(12, (656, 670, 0, 670, 658, 0, 0, 95, 457, 0, 852, 1210, 0))
2018-04-08 07:25:33.326369;(1, (153, 4212, 0, 4212, 4135, 0, 0, 511, 3320, 0, 5001, 7966, 0))
2018-04-08 07:25:33.378412;(10, (100, 1309, 0, 1309, 1287, 0, 0, 221, 868, 0, 1421, 2376, 0))
2018-04-08 07:25:33.446888;(14, (220, 1109, 0, 1109, 1077, 0, 0, 207, 1254, 0, 1342, 2538, 0))
2018-04-08 07:25:33.487794;(11, (518, 492, 0, 492, 479, 0, 0, 83, 545, 0, 662, 1107, 0))
2018-04-08 07:25:33.497632;(7, (895, 1383, 0, 1383, 1343, 0, 0, 180, 1083, 0, 1613, 2606, 0))
2018-04-08 07:25:33.571403;(19, (537, 556, 0, 556, 538, 0, 0, 178, 415, 0, 710, 1131, 0))
2018-04-08 07:26:02.986660;(21, (2957, 405, 0, 405, 403, 0, 0, 21, 71, 0, 491, 495, 0))
2018-04-08 07:26:03.022940;(18, (1478, 1275, 0, 1275, 1257, 0, 0, 151, 831, 0, 1425, 2239, 0))
2018-04-08 07:26:03.328063;(1, (155, 4410, 0, 4410, 4325, 0, 0, 561, 3530, 0, 5239, 8416, 0))
2018-04-08 07:26:03.382430;(10, (369, 1394, 0, 1394, 1367, 0, 0, 238, 1041, 0, 1510, 2646, 0))
2018-04-08 07:26:03.449836;(14, (615, 1159, 0, 1159, 1125, 0, 0, 228, 1321, 0, 1402, 2674, 0))
2018-04-08 07:26:03.493113;(11, (2111, 506, 0, 506, 493, 0, 0, 83, 545, 0, 679, 1121, 0))
2018-04-08 07:26:03.576151;(19, (332, 646, 0, 646, 627, 0, 0, 204, 459, 0, 805, 1290, 0))
2018-04-08 07:26:03.910882;(17, (0, 194, 0, 194, 190, 0, 0, 53, 85, 0, 194, 328, 0))
2018-04-08 07:26:04.204865;(13, (360, 1368, 0, 1368, 1349, 0, 0, 371, 371, 0, 1404, 2091, 0))
2018-04-08 07:26:04.250432;(3, (223, 1184, 0, 1184, 1157, 0, 0, 152, 1232, 0, 1447, 2541, 0))
2018-04-08 07:26:04.326865;(12, (629, 717, 0, 717, 705, 0, 0, 101, 468, 0, 906, 1274, 0))
2018-04-08 07:26:04.502158;(7, (336, 1475, 0, 1475, 1431, 0, 0, 190, 1193, 0, 1713, 2814, 0))
2018-04-08 07:26:32.990147;(21, (2956, 415, 0, 415, 413, 0, 0, 21, 71, 0, 503, 505, 0))
2018-04-08 07:26:33.331182;(1, (152, 4608, 0, 4608, 4519, 0, 0, 595, 3583, 0, 5478, 8697, 0))
2018-04-08 07:26:33.385914;(10, (501, 1454, 0, 1454, 1426, 0, 0, 242, 1055, 0, 1577, 2723, 0))
2018-04-08 07:26:33.452648;(14, (468, 1228, 0, 1228, 1188, 0, 0, 262, 1462, 0, 1486, 2912, 0))
2018-04-08 07:26:33.496830;(11, (1055, 537, 0, 537, 521, 0, 0, 92, 664, 0, 723, 1277, 0))
2018-04-08 07:26:33.583169;(19, (501, 707, 0, 707, 686, 0, 0, 223, 492, 0, 879, 1401, 0))
2018-04-08 07:26:33.915000;(17, (0, 194, 0, 194, 190, 0, 0, 53, 85, 0, 197, 328, 0))
2018-04-08 07:26:34.027184;(18, (324, 1367, 0, 1367, 1348, 0, 0, 183, 889, 0, 1522, 2420, 0))
2018-04-08 07:26:34.207903;(13, (501, 1427, 0, 1427, 1408, 0, 0, 383, 382, 0, 1465, 2173, 0))
2018-04-08 07:26:34.255239;(3, (222, 1322, 0, 1322, 1290, 0, 0, 181, 1356, 0, 1606, 2827, 0))
2018-04-08 07:26:34.330720;(12, (434, 785, 0, 785, 773, 0, 0, 106, 513, 0, 974, 1392, 0))
2018-04-08 07:26:34.505806;(7, (528, 1531, 0, 1531, 1487, 0, 0, 208, 1224, 0, 1785, 2919, 0))
2018-04-08 07:27:02.994106;(21, (2955, 425, 0, 425, 423, 0, 0, 21, 71, 0, 514, 515, 0))
2018-04-08 07:27:03.334665;(1, (167, 4788, 0, 4788, 4695, 0, 0, 616, 3685, 0, 5684, 8996, 0))
2018-04-08 07:27:03.389005;(10, (603, 1503, 0, 1503, 1475, 0, 0, 242, 1082, 0, 1628, 2799, 0))
2018-04-08 07:27:03.455192;(14, (1343, 1250, 0, 1250, 1210, 0, 0, 262, 1479, 0, 1525, 2951, 0))
2018-04-08 07:27:03.500029;(11, (1094, 565, 0, 565, 548, 0, 0, 100, 725, 0, 759, 1373, 0))
2018-04-08 07:27:03.920039;(17, (0, 194, 0, 194, 190, 0, 0, 53, 85, 0, 198, 328, 0))
2018-04-08 07:27:04.031362;(18, (501, 1429, 0, 1429, 1407, 0, 0, 205, 978, 0, 1586, 2590, 0))
2018-04-08 07:27:04.211765;(13, (528, 1483, 0, 1483, 1464, 0, 0, 386, 382, 0, 1521, 2232, 0))
2018-04-08 07:27:04.258962;(3, (252, 1442, 0, 1442, 1407, 0, 0, 198, 1454, 0, 1736, 3059, 0))
2018-04-08 07:27:04.336309;(12, (739, 825, 0, 825, 813, 0, 0, 108, 561, 0, 1021, 1482, 0))
2018-04-08 07:27:04.509739;(7, (1137, 1557, 0, 1557, 1513, 0, 0, 209, 1237, 0, 1820, 2959, 0))
2018-04-08 07:27:04.590453;(19, (509, 767, 0, 767, 744, 0, 0, 241, 599, 0, 946, 1584, 0))
2018-04-08 07:27:32.998760;(21, (2955, 435, 0, 435, 433, 0, 0, 23, 72, 0, 527, 528, 0))
2018-04-08 07:27:33.341057;(1, (149, 4990, 0, 4990, 4892, 0, 0, 652, 3785, 0, 5918, 9329, 0))
2018-04-08 07:27:33.392030;(10, (1407, 1524, 0, 1524, 1496, 0, 0, 242, 1082, 0, 1653, 2820, 0))
2018-04-08 07:27:33.460421;(14, (820, 1289, 0, 1289, 1246, 0, 0, 270, 1585, 0, 1572, 3101, 0))
2018-04-08 07:27:33.505329;(11, (501, 630, 0, 630, 607, 0, 0, 114, 857, 0, 835, 1578, 0))
2018-04-08 07:27:33.922799;(17, (0, 194, 0, 194, 190, 0, 0, 53, 85, 0, 200, 328, 0))
2018-04-08 07:27:34.038288;(18, (953, 1460, 0, 1460, 1438, 0, 0, 209, 980, 0, 1628, 2627, 0))
2018-04-08 07:27:34.214676;(13, (492, 1543, 0, 1543, 1524, 0, 0, 392, 393, 0, 1583, 2309, 0))
2018-04-08 07:27:34.262206;(3, (778, 1480, 0, 1480, 1445, 0, 0, 198, 1463, 0, 1789, 3106, 0))
2018-04-08 07:27:34.342283;(12, (1019, 854, 0, 854, 842, 0, 0, 118, 573, 0, 1062, 1533, 0))
2018-04-08 07:27:34.514554;(7, (422, 1627, 0, 1627, 1583, 0, 0, 221, 1268, 0, 1902, 3072, 0))
2018-04-08 07:27:34.595521;(19, (469, 832, 0, 832, 807, 0, 0, 266, 621, 0, 1025, 1694, 0))
2018-04-08 07:28:03.001857;(21, (2956, 445, 0, 445, 443, 0, 0, 23, 72, 0, 539, 538, 0))
2018-04-08 07:28:03.343859;(1, (156, 5182, 0, 5182, 5081, 0, 0, 660, 4008, 0, 6129, 9749, 0))
2018-04-08 07:28:03.395172;(10, (1476, 1544, 0, 1544, 1516, 0, 0, 242, 1082, 0, 1675, 2840, 0))
2018-04-08 07:28:03.463254;(14, (820, 1326, 0, 1326, 1282, 0, 0, 272, 1637, 0, 1618, 3191, 0))
2018-04-08 07:28:03.927292;(17, (29571, 195, 0, 195, 191, 0, 0, 53, 85, 0, 201, 329, 0))
2018-04-08 07:28:04.042132;(18, (1409, 1481, 0, 1481, 1459, 0, 0, 209, 996, 0, 1655, 2664, 0))
2018-04-08 07:28:04.217692;(13, (492, 1603, 0, 1603, 1584, 0, 0, 393, 411, 0, 1642, 2388, 0))
2018-04-08 07:28:04.266254;(3, (2687, 1491, 0, 1491, 1456, 0, 0, 198, 1463, 0, 1813, 3117, 0))
2018-04-08 07:28:04.346026;(12, (1285, 877, 0, 877, 865, 0, 0, 118, 573, 0, 1095, 1556, 0))
2018-04-08 07:28:04.509044;(11, (579, 681, 0, 681, 658, 0, 0, 114, 857, 0, 901, 1629, 0))
2018-04-08 07:28:04.518027;(7, (476, 1689, 0, 1689, 1645, 0, 0, 221, 1268, 0, 1973, 3134, 0))
2018-04-08 07:28:04.599901;(19, (704, 874, 0, 874, 849, 0, 0, 266, 621, 0, 1076, 1736, 0))
2018-04-08 07:28:33.347123;(1, (159, 5368, 0, 5368, 5266, 0, 0, 665, 4126, 0, 6322, 10057, 0))
2018-04-08 07:28:33.933135;(17, (0, 195, 0, 195, 191, 0, 0, 53, 85, 0, 201, 329, 0))
2018-04-08 07:28:34.007372;(21, (2685, 456, 0, 456, 454, 0, 0, 23, 72, 0, 550, 549, 0))
2018-04-08 07:28:34.046795;(18, (2688, 1492, 0, 1492, 1470, 0, 0, 209, 996, 0, 1670, 2675, 0))
2018-04-08 07:28:34.222572;(13, (509, 1661, 0, 1661, 1642, 0, 0, 394, 427, 0, 1698, 2463, 0))
2018-04-08 07:28:34.277892;(3, (2956, 1501, 0, 1501, 1466, 0, 0, 198, 1463, 0, 1828, 3127, 0))
2018-04-08 07:28:34.350237;(12, (985, 907, 0, 907, 895, 0, 0, 118, 573, 0, 1131, 1586, 0))
2018-04-08 07:28:34.399191;(10, (1738, 1561, 0, 1561, 1533, 0, 0, 243, 1094, 0, 1692, 2870, 0))
2018-04-08 07:28:34.467147;(14, (2463, 1338, 0, 1338, 1294, 0, 0, 272, 1637, 0, 1632, 3203, 0))
2018-04-08 07:28:34.513313;(11, (579, 732, 0, 732, 709, 0, 0, 114, 857, 0, 956, 1680, 0))
2018-04-08 07:28:34.522307;(7, (422, 1759, 0, 1759, 1715, 0, 0, 221, 1268, 0, 2047, 3204, 0))
2018-04-08 07:28:34.603925;(19, (580, 925, 0, 925, 900, 0, 0, 266, 621, 0, 1129, 1787, 0))
2018-04-08 07:29:03.355366;(1, (155, 5559, 0, 5559, 5456, 0, 0, 678, 4183, 0, 6526, 10317, 0))
2018-04-08 07:29:03.941304;(17, (0, 195, 0, 195, 191, 0, 0, 53, 85, 0, 202, 329, 0))
2018-04-08 07:29:04.014331;(21, (2955, 466, 0, 466, 464, 0, 0, 23, 72, 0, 561, 559, 0))
2018-04-08 07:29:04.057325;(18, (2687, 1503, 0, 1503, 1481, 0, 0, 209, 996, 0, 1684, 2686, 0))
2018-04-08 07:29:04.232370;(13, (492, 1722, 0, 1722, 1702, 0, 0, 396, 445, 0, 1759, 2543, 0))
2018-04-08 07:29:04.285282;(3, (2687, 1512, 0, 1512, 1477, 0, 0, 198, 1463, 0, 1844, 3138, 0))
2018-04-08 07:29:04.357320;(12, (985, 937, 0, 937, 925, 0, 0, 118, 573, 0, 1166, 1616, 0))
2018-04-08 07:29:04.407089;(10, (1407, 1582, 0, 1582, 1554, 0, 0, 243, 1094, 0, 1715, 2891, 0))
2018-04-08 07:29:04.476362;(14, (2954, 1348, 0, 1348, 1304, 0, 0, 272, 1637, 0, 1649, 3213, 0))
2018-04-08 07:29:04.521978;(11, (579, 783, 0, 783, 760, 0, 0, 114, 857, 0, 1009, 1731, 0))
2018-04-08 07:29:04.529144;(7, (416, 1830, 0, 1830, 1786, 0, 0, 222, 1268, 0, 2120, 3276, 0))
2018-04-08 07:29:04.613835;(19, (579, 976, 0, 976, 951, 0, 0, 266, 622, 0, 1182, 1839, 0))
2018-04-08 07:29:33.362908;(1, (156, 5749, 0, 5749, 5645, 0, 0, 690, 4245, 0, 6728, 10580, 0))
2018-04-08 07:29:33.946639;(17, (0, 195, 0, 195, 191, 0, 0, 53, 85, 0, 202, 329, 0))
2018-04-08 07:29:34.022147;(21, (2956, 476, 0, 476, 474, 0, 0, 23, 72, 0, 572, 569, 0))
2018-04-08 07:29:34.066904;(18, (2956, 1513, 0, 1513, 1491, 0, 0, 209, 996, 0, 1699, 2696, 0))
2018-04-08 07:29:34.241176;(13, (501, 1781, 0, 1781, 1761, 0, 0, 397, 456, 0, 1819, 2614, 0))
2018-04-08 07:29:34.292217;(3, (2685, 1523, 0, 1523, 1488, 0, 0, 198, 1463, 0, 1857, 3149, 0))
2018-04-08 07:29:34.365114;(12, (1137, 963, 0, 963, 951, 0, 0, 118, 573, 0, 1198, 1642, 0))
2018-04-08 07:29:34.418816;(10, (1555, 1601, 0, 1601, 1573, 0, 0, 243, 1094, 0, 1735, 2910, 0))
2018-04-08 07:29:34.483831;(14, (1848, 1364, 0, 1364, 1320, 0, 0, 272, 1641, 0, 1663, 3233, 0))
2018-04-08 07:29:34.531666;(11, (579, 834, 0, 834, 811, 0, 0, 117, 857, 0, 1063, 1785, 0))
2018-04-08 07:29:34.538349;(7, (441, 1897, 0, 1897, 1853, 0, 0, 224, 1268, 0, 2189, 3345, 0))
2018-04-08 07:29:34.622172;(19, (642, 1022, 0, 1022, 997, 0, 0, 266, 622, 0, 1229, 1885, 0))
2018-04-08 07:30:03.370311;(1, (158, 5938, 0, 5938, 5832, 0, 0, 701, 4310, 0, 6927, 10843, 0))
2018-04-08 07:30:03.957749;(17, (0, 195, 0, 195, 191, 0, 0, 53, 85, 0, 202, 329, 0))
2018-04-08 07:30:04.030565;(21, (2956, 486, 0, 486, 484, 0, 0, 23, 72, 0, 582, 579, 0))
2018-04-08 07:30:04.074851;(18, (2688, 1524, 0, 1524, 1502, 0, 0, 209, 996, 0, 1710, 2707, 0))
2018-04-08 07:30:04.250723;(13, (509, 1840, 0, 1840, 1819, 0, 0, 405, 481, 0, 1878, 2705, 0))
2018-04-08 07:30:04.299534;(3, (2955, 1533, 0, 1533, 1498, 0, 0, 198, 1463, 0, 1868, 3159, 0))
2018-04-08 07:30:04.371666;(12, (2956, 973, 0, 973, 961, 0, 0, 118, 573, 0, 1209, 1652, 0))
2018-04-08 07:30:04.426878;(10, (1555, 1620, 0, 1620, 1592, 0, 0, 243, 1094, 0, 1754, 2929, 0))
2018-04-08 07:30:04.493252;(14, (2687, 1375, 0, 1375, 1331, 0, 0, 272, 1641, 0, 1673, 3244, 0))
2018-04-08 07:30:04.538768;(11, (591, 884, 0, 884, 861, 0, 0, 117, 857, 0, 1114, 1835, 0))
2018-04-08 07:30:04.546601;(7, (591, 1947, 0, 1947, 1903, 0, 0, 224, 1268, 0, 2240, 3395, 0))
2018-04-08 07:30:04.630113;(19, (986, 1052, 0, 1052, 1027, 0, 0, 266, 622, 0, 1260, 1915, 0))
2018-04-08 07:30:33.376674;(1, (160, 6122, 0, 6122, 6016, 0, 0, 719, 4351, 0, 7131, 11086, 0))
2018-04-08 07:30:33.963295;(17, (0, 195, 0, 195, 191, 0, 0, 53, 85, 0, 203, 329, 0))
2018-04-08 07:30:34.038845;(21, (2956, 496, 0, 496, 494, 0, 0, 23, 72, 0, 594, 589, 0))
2018-04-08 07:30:34.083600;(18, (1137, 1550, 0, 1550, 1528, 0, 0, 213, 1038, 0, 1737, 2779, 0))
2018-04-08 07:30:34.261608;(13, (528, 1896, 0, 1896, 1875, 0, 0, 408, 481, 0, 1935, 2764, 0))
2018-04-08 07:30:34.307621;(3, (1847, 1550, 0, 1550, 1514, 0, 0, 199, 1486, 0, 1896, 3199, 0))
2018-04-08 07:30:34.378727;(12, (704, 1017, 0, 1017, 1003, 0, 0, 127, 692, 0, 1259, 1822, 0))
2018-04-08 07:30:34.435538;(10, (869, 1656, 0, 1656, 1626, 0, 0, 252, 1133, 0, 1784, 3011, 0))
2018-04-08 07:30:34.501151;(14, (1019, 1404, 0, 1404, 1360, 0, 0, 275, 1664, 0, 1717, 3299, 0))
2018-04-08 07:30:34.546505;(11, (416, 955, 0, 955, 932, 0, 0, 117, 923, 0, 1181, 1972, 0))
2018-04-08 07:30:34.553515;(7, (393, 2024, 0, 2024, 1978, 0, 0, 228, 1329, 0, 2322, 3535, 0))
2018-04-08 07:30:34.637336;(19, (537, 1107, 0, 1107, 1082, 0, 0, 281, 647, 0, 1321, 2010, 0))
2018-04-08 07:31:03.379395;(1, (146, 6326, 0, 6326, 6217, 0, 0, 747, 4529, 0, 7347, 11493, 0))
2018-04-08 07:31:03.966959;(17, (0, 195, 0, 195, 191, 0, 0, 53, 85, 0, 203, 329, 0))
2018-04-08 07:31:04.042517;(21, (2687, 507, 0, 507, 505, 0, 0, 23, 72, 0, 604, 600, 0))
2018-04-08 07:31:04.087626;(18, (923, 1584, 0, 1584, 1560, 0, 0, 219, 1086, 0, 1774, 2865, 0))
2018-04-08 07:31:04.266192;(13, (579, 1947, 0, 1947, 1926, 0, 0, 408, 481, 0, 1986, 2815, 0))
2018-04-08 07:31:04.310870;(3, (501, 1609, 0, 1609, 1573, 0, 0, 199, 1500, 0, 1967, 3272, 0))
2018-04-08 07:31:04.382823;(12, (895, 1050, 0, 1050, 1036, 0, 0, 127, 705, 0, 1301, 1868, 0))
2018-04-08 07:31:04.438776;(10, (1093, 1687, 0, 1687, 1653, 0, 0, 264, 1204, 0, 1814, 3121, 0))
2018-04-08 07:31:04.505318;(14, (1970, 1421, 0, 1421, 1375, 0, 0, 278, 1706, 0, 1742, 3359, 0))
2018-04-08 07:31:04.549759;(11, (1284, 978, 0, 978, 955, 0, 0, 121, 923, 0, 1211, 1999, 0))
2018-04-08 07:31:04.557742;(7, (404, 2097, 0, 2097, 2051, 0, 0, 228, 1339, 0, 2401, 3618, 0))
2018-04-08 07:31:04.641134;(19, (557, 1160, 0, 1160, 1135, 0, 0, 282, 648, 0, 1377, 2065, 0))
