2018-04-15 06:30:52.149873;(2, 2463, 4926, 9852, 19704)
2018-04-15 06:30:52.149973;(2, 2646, 5292, 10584, 21168)
2018-04-15 06:30:52.150230;(2, 2944, 5888, 11776, 23552)
2018-04-15 06:30:52.150388;(2, 2684, 5368, 10736, 21472)
2018-04-15 06:30:52.150538;(2, 2515, 5030, 10060, 20120)
2018-04-15 06:30:52.150142;(2, 2806, 5612, 11224, 22448)
2018-04-15 06:30:52.150309;(2, 2119, 4238, 8476, 16952)
2018-04-15 06:30:52.150672;(2, 2172, 4344, 8688, 17376)
2018-04-15 06:30:52.150466;(2, 2177, 4354, 8708, 17416)
2018-04-15 06:30:52.150800;(2, 2963, 5926, 11852, 23704)
2018-04-15 06:30:52.666485;(3, 2575, 5150, 10300, 20600)
2018-04-15 06:30:52.666641;(3, 2966, 5932, 11864, 23728)
2018-04-15 06:30:52.666868;(3, 2404, 4808, 9616, 19232)
2018-04-15 06:30:52.667156;(3, 2706, 5412, 10824, 21648)
2018-04-15 06:30:52.667638;(3, 2438, 4876, 9752, 19504)
2018-04-15 06:30:52.668016;(3, 2548, 5096, 10192, 20384)
2018-04-15 06:30:52.667065;(3, 2535, 5070, 10140, 20280)
2018-04-15 06:30:52.668210;(3, 2052, 4104, 8208, 16416)
2018-04-15 06:30:52.667446;(3, 2239, 4478, 8956, 17912)
2018-04-15 06:30:52.667829;(3, 2876, 5752, 11504, 23008)
2018-04-15 06:30:53.540470;(4, 2981, 5962, 11924, 23848)
2018-04-15 06:30:53.540755;(4, 2884, 5768, 11536, 23072)
2018-04-15 06:30:53.541145;(4, 2073, 4146, 8292, 16584)
2018-04-15 06:30:53.541029;(4, 2413, 4826, 9652, 19304)
2018-04-15 06:30:54.162728;(6, 2974, 5948, 11896, 23792)
2018-04-15 06:30:54.162865;(6, 2567, 5134, 10268, 20536)
2018-04-15 06:30:54.163164;(6, 2686, 5372, 10744, 21488)
2018-04-15 06:30:54.163319;(6, 2001, 4002, 8004, 16008)
2018-04-15 06:30:54.163519;(6, 2299, 4598, 9196, 18392)
2018-04-15 06:30:54.163461;(6, 2846, 5692, 11384, 22768)
2018-04-15 06:30:54.163010;(6, 2850, 5700, 11400, 22800)
2018-04-15 06:30:55.141069;(7, 2643, 5286, 10572, 21144)
2018-04-15 06:30:55.141455;(7, 2518, 5036, 10072, 20144)
2018-04-15 06:30:55.141584;(7, 2968, 5936, 11872, 23744)
2018-04-15 06:30:55.142160;(7, 2759, 5518, 11036, 22072)
2018-04-15 06:30:55.142890;(7, 2402, 4804, 9608, 19216)
2018-04-15 06:30:55.142012;(7, 2197, 4394, 8788, 17576)
2018-04-15 06:30:55.144206;(7, 2344, 4688, 9376, 18752)
2018-04-15 06:30:55.143425;(7, 2319, 4638, 9276, 18552)
2018-04-15 06:30:55.144517;(7, 2097, 4194, 8388, 16776)
2018-04-15 06:30:55.142288;(7, 2307, 4614, 9228, 18456)
2018-04-15 06:30:55.164158;(6, 2398, 4796, 9592, 19184)
2018-04-15 06:30:55.164278;(6, 2327, 4654, 9308, 18616)
2018-04-15 06:30:55.164615;(6, 2802, 5604, 11208, 22416)
2018-04-15 06:30:55.889148;(8, 2439, 4878, 9756, 19512)
2018-04-15 06:30:55.889347;(8, 2248, 4496, 8992, 17984)
2018-04-15 06:30:55.889809;(8, 2503, 5006, 10012, 20024)
2018-04-15 06:30:55.890142;(8, 2537, 5074, 10148, 20296)
2018-04-15 06:30:55.890433;(8, 2005, 4010, 8020, 16040)
2018-04-15 06:30:55.890764;(8, 2684, 5368, 10736, 21472)
2018-04-15 06:30:55.890286;(8, 2521, 5042, 10084, 20168)
2018-04-15 06:30:55.891008;(8, 2357, 4714, 9428, 18856)
2018-04-15 06:30:55.889591;(8, 2112, 4224, 8448, 16896)
2018-04-15 06:30:55.889968;(8, 2791, 5582, 11164, 22328)
2018-04-15 06:30:56.540563;(4, 2977, 5954, 11908, 23816)
2018-04-15 06:30:56.975196;(10, 2597, 5194, 10388, 20776)
2018-04-15 06:30:56.975295;(10, 2010, 4020, 8040, 16080)
2018-04-15 06:30:57.975777;(10, 2471, 4942, 9884, 19768)
2018-04-15 06:30:57.976021;(10, 2693, 5386, 10772, 21544)
2018-04-15 06:30:57.976172;(10, 2748, 5496, 10992, 21984)
2018-04-15 06:30:58.654901;(13, 2857, 5714, 11428, 22856)
2018-04-15 06:30:58.654985;(13, 2686, 5372, 10744, 21488)
2018-04-15 06:30:58.655134;(13, 2635, 5270, 10540, 21080)
2018-04-15 06:30:58.655277;(13, 2994, 5988, 11976, 23952)
2018-04-15 06:30:59.541567;(4, 2999, 5998, 11996, 23992)
2018-04-15 06:30:59.541755;(4, 2202, 4404, 8808, 17616)
2018-04-15 06:30:59.542109;(4, 2784, 5568, 11136, 22272)
2018-04-15 06:30:59.541926;(4, 2090, 4180, 8360, 16720)
2018-04-15 06:30:59.542406;(4, 2387, 4774, 9548, 19096)
2018-04-15 06:30:59.655191;(13, 2467, 4934, 9868, 19736)
2018-04-15 06:30:59.655337;(13, 2795, 5590, 11180, 22360)
2018-04-15 06:30:59.655470;(13, 2124, 4248, 8496, 16992)
2018-04-15 06:30:59.862167;(9, 2364, 4728, 9456, 18912)
2018-04-15 06:30:59.862312;(9, 2364, 4728, 9456, 18912)
2018-04-15 06:30:59.862438;(9, 2713, 5426, 10852, 21704)
2018-04-15 06:30:59.862712;(9, 2372, 4744, 9488, 18976)
2018-04-15 06:30:59.862954;(9, 2334, 4668, 9336, 18672)
2018-04-15 06:30:59.863194;(9, 2484, 4968, 9936, 19872)
2018-04-15 06:30:59.862562;(9, 2796, 5592, 11184, 22368)
2018-04-15 06:30:59.863082;(9, 2061, 4122, 8244, 16488)
2018-04-15 06:30:59.862832;(9, 2470, 4940, 9880, 19760)
2018-04-15 06:30:59.950877;(14, 2479, 4958, 9916, 19832)
2018-04-15 06:30:59.951086;(14, 2483, 4966, 9932, 19864)
2018-04-15 06:31:00.057467;(15, 2425, 4850, 9700, 19400)
2018-04-15 06:31:00.057639;(15, 2586, 5172, 10344, 20688)
2018-04-15 06:31:00.818488;(17, 2463, 4926, 9852, 19704)
2018-04-15 06:31:00.818572;(17, 2389, 4778, 9556, 19112)
2018-04-15 06:31:00.818757;(17, 2612, 5224, 10448, 20896)
2018-04-15 06:31:00.818989;(17, 2199, 4398, 8796, 17592)
2018-04-15 06:31:00.819276;(17, 2508, 5016, 10032, 20064)
2018-04-15 06:31:00.819521;(17, 2688, 5376, 10752, 21504)
2018-04-15 06:31:00.818880;(17, 2408, 4816, 9632, 19264)
2018-04-15 06:31:00.819401;(17, 2780, 5560, 11120, 22240)
2018-04-15 06:31:00.819102;(17, 2778, 5556, 11112, 22224)
2018-04-15 06:31:00.819701;(17, 2004, 4008, 8016, 16032)
2018-04-15 06:31:00.862462;(9, 2761, 5522, 11044, 22088)
2018-04-15 06:31:01.951383;(14, 2837, 5674, 11348, 22696)
2018-04-15 06:31:01.951565;(14, 2578, 5156, 10312, 20624)
2018-04-15 06:31:02.057577;(15, 2884, 5768, 11536, 23072)
2018-04-15 06:31:02.951729;(14, 2605, 5210, 10420, 20840)
2018-04-15 06:31:02.951875;(14, 2308, 4616, 9232, 18464)
2018-04-15 06:31:02.952006;(14, 2810, 5620, 11240, 22480)
2018-04-15 06:31:02.959633;(23, 2455, 4910, 9820, 19640)
2018-04-15 06:31:02.959719;(23, 2076, 4152, 8304, 16608)
2018-04-15 06:31:03.057964;(15, 2595, 5190, 10380, 20760)
2018-04-15 06:31:03.367451;(22, 2609, 5218, 10436, 20872)
2018-04-15 06:31:03.367755;(22, 2615, 5230, 10460, 20920)
2018-04-15 06:31:03.367834;(22, 2501, 5002, 10004, 20008)
2018-04-15 06:31:03.470290;(5, 2241, 4482, 8964, 17928)
2018-04-15 06:31:03.470437;(5, 2471, 4942, 9884, 19768)
2018-04-15 06:31:03.470711;(5, 2015, 4030, 8060, 16120)
2018-04-15 06:31:03.470972;(5, 2737, 5474, 10948, 21896)
2018-04-15 06:31:03.471464;(5, 2069, 4138, 8276, 16552)
2018-04-15 06:31:03.471784;(5, 2274, 4548, 9096, 18192)
2018-04-15 06:31:03.470844;(5, 2802, 5604, 11208, 22416)
2018-04-15 06:31:03.471670;(5, 2520, 5040, 10080, 20160)
2018-04-15 06:31:03.470570;(5, 2314, 4628, 9256, 18512)
2018-04-15 06:31:03.471119;(5, 2422, 4844, 9688, 19376)
2018-04-15 06:31:04.042331;(25, 2805, 5610, 11220, 22440)
2018-04-15 06:31:04.042442;(25, 2321, 4642, 9284, 18568)
2018-04-15 06:31:04.748768;(20, 2212, 4424, 8848, 17696)
2018-04-15 06:31:04.748896;(20, 2844, 5688, 11376, 22752)
2018-04-15 06:31:04.952123;(14, 2064, 4128, 8256, 16512)
2018-04-15 06:31:04.952253;(14, 2588, 5176, 10352, 20704)
2018-04-15 06:31:05.749833;(20, 2752, 5504, 11008, 22016)
2018-04-15 06:31:05.750288;(20, 2344, 4688, 9376, 18752)
2018-04-15 06:31:05.750916;(20, 2409, 4818, 9636, 19272)
2018-04-15 06:31:05.751174;(20, 2384, 4768, 9536, 19072)
2018-04-15 06:31:05.751378;(20, 2563, 5126, 10252, 20504)
2018-04-15 06:31:05.751507;(20, 2087, 4174, 8348, 16696)
2018-04-15 06:31:05.750620;(20, 2938, 5876, 11752, 23504)
2018-04-15 06:31:05.961024;(23, 2655, 5310, 10620, 21240)
2018-04-15 06:31:05.961270;(23, 2364, 4728, 9456, 18912)
2018-04-15 06:31:05.961421;(23, 2801, 5602, 11204, 22408)
2018-04-15 06:31:05.961656;(23, 2021, 4042, 8084, 16168)
2018-04-15 06:31:05.961778;(23, 2571, 5142, 10284, 20568)
2018-04-15 06:31:05.962240;(23, 2291, 4582, 9164, 18328)
2018-04-15 06:31:05.961496;(23, 2881, 5762, 11524, 23048)
2018-04-15 06:31:05.962005;(23, 2728, 5456, 10912, 21824)
2018-04-15 06:31:05.977356;(10, 2829, 5658, 11316, 22632)
2018-04-15 06:31:06.042575;(25, 2141, 4282, 8564, 17128)
2018-04-15 06:31:06.042829;(25, 2330, 4660, 9320, 18640)
2018-04-15 06:31:07.042933;(25, 2591, 5182, 10364, 20728)
2018-04-15 06:31:07.043118;(25, 2823, 5646, 11292, 22584)
2018-04-15 06:31:07.043407;(25, 2042, 4084, 8168, 16336)
2018-04-15 06:31:07.043257;(25, 2975, 5950, 11900, 23800)
2018-04-15 06:31:07.043552;(25, 2894, 5788, 11576, 23152)
2018-04-15 06:31:07.377185;(12, 2253, 4506, 9012, 18024)
2018-04-15 06:31:07.577332;(11, 2902, 5804, 11608, 23216)
2018-04-15 06:31:07.577424;(11, 2567, 5134, 10268, 20536)
2018-04-15 06:31:07.578104;(11, 2696, 5392, 10784, 21568)
2018-04-15 06:31:07.578575;(11, 2784, 5568, 11136, 22272)
2018-04-15 06:31:07.579037;(11, 2015, 4030, 8060, 16120)
2018-04-15 06:31:07.579607;(11, 2615, 5230, 10460, 20920)
2018-04-15 06:31:07.578806;(11, 2353, 4706, 9412, 18824)
2018-04-15 06:31:07.579269;(11, 2344, 4688, 9376, 18752)
2018-04-15 06:31:07.578338;(11, 2667, 5334, 10668, 21336)
2018-04-15 06:31:07.577760;(11, 2122, 4244, 8488, 16976)
2018-04-15 06:31:07.977672;(10, 2617, 5234, 10468, 20936)
2018-04-15 06:31:08.978721;(10, 2891, 5782, 11564, 23128)
2018-04-15 06:31:08.978924;(10, 2863, 5726, 11452, 22904)
2018-04-15 06:31:08.979225;(10, 2015, 4030, 8060, 16120)
2018-04-15 06:31:09.044529;(25, 2674, 5348, 10696, 21392)
2018-04-15 06:31:09.892917;(18, 2069, 4138, 8276, 16552)
2018-04-15 06:31:10.283001;(19, 2821, 5642, 11284, 22568)
2018-04-15 06:31:10.283107;(19, 2011, 4022, 8044, 16088)
2018-04-15 06:31:10.283329;(19, 2240, 4480, 8960, 17920)
2018-04-15 06:31:10.283521;(19, 2533, 5066, 10132, 20264)
2018-04-15 06:31:10.284227;(19, 2854, 5708, 11416, 22832)
2018-04-15 06:31:10.284319;(19, 2776, 5552, 11104, 22208)
2018-04-15 06:31:10.283981;(19, 2507, 5014, 10028, 20056)
2018-04-15 06:31:10.283731;(19, 2034, 4068, 8136, 16272)
2018-04-15 06:31:10.368511;(22, 2527, 5054, 10108, 20216)
2018-04-15 06:31:10.377552;(12, 2077, 4154, 8308, 16616)
2018-04-15 06:31:10.377809;(12, 2504, 5008, 10016, 20032)
2018-04-15 06:31:10.378032;(12, 2946, 5892, 11784, 23568)
2018-04-15 06:31:11.072668;(21, 2258, 4516, 9032, 18064)
2018-04-15 06:31:11.378181;(12, 2653, 5306, 10612, 21224)
2018-04-15 06:31:11.378334;(12, 2019, 4038, 8076, 16152)
2018-04-15 06:31:11.378616;(12, 2182, 4364, 8728, 17456)
2018-04-15 06:31:11.378750;(12, 2635, 5270, 10540, 21080)
2018-04-15 06:31:11.378479;(12, 2500, 5000, 10000, 20000)
2018-04-15 06:31:11.378955;(12, 2542, 5084, 10168, 20336)
2018-04-15 06:31:12.751511;(20, 2001, 4002, 8004, 16008)
2018-04-15 06:31:12.765745;(24, 2138, 4276, 8552, 17104)
2018-04-15 06:31:12.765909;(24, 2597, 5194, 10388, 20776)
2018-04-15 06:31:12.766296;(24, 2317, 4634, 9268, 18536)
2018-04-15 06:31:12.766067;(24, 2612, 5224, 10448, 20896)
2018-04-15 06:31:12.893807;(18, 2547, 5094, 10188, 20376)
2018-04-15 06:31:12.893921;(18, 2380, 4760, 9520, 19040)
2018-04-15 06:31:12.894169;(18, 2648, 5296, 10592, 21184)
2018-04-15 06:31:12.894545;(18, 2353, 4706, 9412, 18824)
2018-04-15 06:31:12.894375;(18, 2302, 4604, 9208, 18416)
2018-04-15 06:31:13.257830;(26, 2508, 5016, 10032, 20064)
2018-04-15 06:31:13.258043;(26, 2623, 5246, 10492, 20984)
2018-04-15 06:31:13.258242;(26, 2259, 4518, 9036, 18072)
2018-04-15 06:31:13.283633;(19, 2274, 4548, 9096, 18192)
2018-04-15 06:31:13.369107;(22, 2534, 5068, 10136, 20272)
2018-04-15 06:31:13.369252;(22, 2185, 4370, 8740, 17480)
2018-04-15 06:31:13.369568;(22, 2329, 4658, 9316, 18632)
2018-04-15 06:31:13.369385;(22, 2922, 5844, 11688, 23376)
2018-04-15 06:31:13.893941;(18, 2693, 5386, 10772, 21544)
2018-04-15 06:31:13.894116;(18, 2513, 5026, 10052, 20104)
2018-04-15 06:31:14.074019;(21, 2032, 4064, 8128, 16256)
2018-04-15 06:31:14.074545;(21, 2862, 5724, 11448, 22896)
2018-04-15 06:31:14.074939;(21, 2564, 5128, 10256, 20512)
2018-04-15 06:31:14.075159;(21, 2100, 4200, 8400, 16800)
2018-04-15 06:31:14.258712;(26, 2988, 5976, 11952, 23904)
2018-04-15 06:31:14.258913;(26, 2069, 4138, 8276, 16552)
2018-04-15 06:31:14.259304;(26, 2117, 4234, 8468, 16936)
2018-04-15 06:31:14.259610;(26, 2820, 5640, 11280, 22560)
2018-04-15 06:31:14.259124;(26, 2818, 5636, 11272, 22544)
2018-04-15 06:31:14.259838;(26, 2474, 4948, 9896, 19792)
2018-04-15 06:31:14.259451;(26, 2413, 4826, 9652, 19304)
2018-04-15 06:31:14.657343;(13, 2270, 4540, 9080, 18160)
2018-04-15 06:31:14.657471;(13, 2414, 4828, 9656, 19312)
2018-04-15 06:31:14.658187;(13, 2463, 4926, 9852, 19704)
2018-04-15 06:31:15.074760;(21, 2864, 5728, 11456, 22912)
2018-04-15 06:31:15.074840;(21, 2399, 4798, 9596, 19192)
2018-04-15 06:31:15.075234;(21, 2183, 4366, 8732, 17464)
2018-04-15 06:31:15.075040;(21, 2630, 5260, 10520, 21040)
2018-04-15 06:31:15.075477;(21, 2003, 4006, 8012, 16024)
2018-04-15 06:31:15.766682;(24, 2941, 5882, 11764, 23528)
2018-04-15 06:31:15.767080;(24, 2915, 5830, 11660, 23320)
2018-04-15 06:31:15.894811;(18, 2664, 5328, 10656, 21312)
2018-04-15 06:31:15.895188;(18, 2914, 5828, 11656, 23312)
2018-04-15 06:31:16.284709;(19, 2170, 4340, 8680, 17360)
2018-04-15 06:31:16.370403;(22, 2793, 5586, 11172, 22344)
2018-04-15 06:31:16.370695;(22, 2999, 5998, 11996, 23992)
2018-04-15 06:31:18.768244;(24, 2083, 4166, 8332, 16664)
2018-04-15 06:31:18.768479;(24, 2269, 4538, 9076, 18152)
2018-04-15 06:31:18.768874;(24, 2745, 5490, 10980, 21960)
2018-04-15 06:31:18.769312;(24, 2549, 5098, 10196, 20392)
2018-04-15 06:31:19.955470;(14, 2119, 4238, 8476, 16952)
2018-04-15 06:31:21.452663;(16, 2574, 5148, 10296, 20592)
2018-04-15 06:31:21.452851;(16, 2972, 5944, 11888, 23776)
2018-04-15 06:31:21.453271;(16, 2230, 4460, 8920, 17840)
2018-04-15 06:31:21.453740;(16, 2124, 4248, 8496, 16992)
2018-04-15 06:31:21.454100;(16, 2554, 5108, 10216, 20432)
2018-04-15 06:31:21.454535;(16, 2556, 5112, 10224, 20448)
2018-04-15 06:31:21.453032;(16, 2192, 4384, 8768, 17536)
2018-04-15 06:31:21.453936;(16, 2361, 4722, 9444, 18888)
2018-04-15 06:31:21.453504;(16, 2603, 5206, 10412, 20824)
2018-04-15 06:31:21.454291;(16, 2780, 5560, 11120, 22240)
2018-04-15 06:31:42.071767;(15, 2417, 4834, 9668, 19336)
2018-04-15 06:31:42.072341;(15, 2950, 5900, 11800, 23600)
2018-04-15 06:31:42.072484;(15, 2921, 5842, 11684, 23368)
2018-04-15 06:31:42.072971;(15, 2575, 5150, 10300, 20600)
2018-04-15 06:31:42.072744;(15, 2503, 5006, 10012, 20024)
2018-04-15 06:31:42.074190;(15, 2177, 4354, 8708, 17416)
2018-04-15 06:40:52.313606;(2, 2991, 5982, 11964, 23928)
2018-04-15 06:40:52.313898;(2, 2666, 5332, 10664, 21328)
2018-04-15 06:40:52.314238;(2, 2769, 5538, 11076, 22152)
2018-04-15 06:40:52.314606;(2, 2436, 4872, 9744, 19488)
2018-04-15 06:40:52.314961;(2, 2134, 4268, 8536, 17072)
2018-04-15 06:40:52.314101;(2, 2482, 4964, 9928, 19856)
2018-04-15 06:40:52.314455;(2, 2892, 5784, 11568, 23136)
2018-04-15 06:40:52.315568;(2, 2304, 4608, 9216, 18432)
2018-04-15 06:40:52.314748;(2, 2139, 4278, 8556, 17112)
2018-04-15 06:40:52.315708;(2, 2752, 5504, 11008, 22016)
2018-04-15 06:40:52.837334;(3, 2773, 5546, 11092, 22184)
2018-04-15 06:40:52.837571;(3, 2670, 5340, 10680, 21360)
2018-04-15 06:40:52.837840;(3, 2457, 4914, 9828, 19656)
2018-04-15 06:40:52.838302;(3, 2081, 4162, 8324, 16648)
2018-04-15 06:40:52.838524;(3, 2136, 4272, 8544, 17088)
2018-04-15 06:40:52.838812;(3, 2682, 5364, 10728, 21456)
2018-04-15 06:40:52.837766;(3, 2133, 4266, 8532, 17064)
2018-04-15 06:40:52.838378;(3, 2838, 5676, 11352, 22704)
2018-04-15 06:40:52.839360;(3, 2955, 5910, 11820, 23640)
2018-04-15 06:40:52.838108;(3, 2778, 5556, 11112, 22224)
2018-04-15 06:40:53.706301;(4, 2542, 5084, 10168, 20336)
2018-04-15 06:40:53.706394;(4, 2706, 5412, 10824, 21648)
2018-04-15 06:40:53.706544;(4, 2557, 5114, 10228, 20456)
2018-04-15 06:40:53.706823;(4, 2023, 4046, 8092, 16184)
2018-04-15 06:40:53.707091;(4, 2106, 4212, 8424, 16848)
2018-04-15 06:40:53.707368;(4, 2650, 5300, 10600, 21200)
2018-04-15 06:40:53.706947;(4, 2805, 5610, 11220, 22440)
2018-04-15 06:40:53.707234;(4, 2543, 5086, 10172, 20344)
2018-04-15 06:40:53.706700;(4, 2712, 5424, 10848, 21696)
2018-04-15 06:40:54.323206;(6, 2695, 5390, 10780, 21560)
2018-04-15 06:40:54.323280;(6, 2324, 4648, 9296, 18592)
2018-04-15 06:40:54.323400;(6, 2698, 5396, 10792, 21584)
2018-04-15 06:40:54.323657;(6, 2443, 4886, 9772, 19544)
2018-04-15 06:40:54.323875;(6, 2660, 5320, 10640, 21280)
2018-04-15 06:40:54.324017;(6, 2009, 4018, 8036, 16072)
2018-04-15 06:40:54.323535;(6, 2155, 4310, 8620, 17240)
2018-04-15 06:40:54.324063;(6, 2787, 5574, 11148, 22296)
2018-04-15 06:40:54.323792;(6, 2480, 4960, 9920, 19840)
2018-04-15 06:40:54.324195;(6, 2733, 5466, 10932, 21864)
2018-04-15 06:40:54.706874;(4, 2909, 5818, 11636, 23272)
2018-04-15 06:40:55.300092;(7, 2488, 4976, 9952, 19904)
2018-04-15 06:40:55.300280;(7, 2321, 4642, 9284, 18568)
2018-04-15 06:40:55.300585;(7, 2407, 4814, 9628, 19256)
2018-04-15 06:40:55.300857;(7, 2998, 5996, 11992, 23984)
2018-04-15 06:40:55.301186;(7, 2491, 4982, 9964, 19928)
2018-04-15 06:40:55.301558;(7, 2857, 5714, 11428, 22856)
2018-04-15 06:40:55.300715;(7, 2846, 5692, 11384, 22768)
2018-04-15 06:40:55.301394;(7, 2791, 5582, 11164, 22328)
2018-04-15 06:40:55.301056;(7, 2524, 5048, 10096, 20192)
2018-04-15 06:40:55.300440;(7, 2543, 5086, 10172, 20344)
2018-04-15 06:40:56.058077;(8, 2611, 5222, 10444, 20888)
2018-04-15 06:40:56.058223;(8, 2649, 5298, 10596, 21192)
2018-04-15 06:40:56.058580;(8, 2476, 4952, 9904, 19808)
2018-04-15 06:40:56.059083;(8, 2561, 5122, 10244, 20488)
2018-04-15 06:40:56.059533;(8, 2933, 5866, 11732, 23464)
2018-04-15 06:40:56.060471;(8, 2412, 4824, 9648, 19296)
2018-04-15 06:40:56.058843;(8, 2779, 5558, 11116, 22232)
2018-04-15 06:40:56.059713;(8, 2057, 4114, 8228, 16456)
2018-04-15 06:40:56.060716;(8, 2044, 4088, 8176, 16352)
2018-04-15 06:40:56.059334;(8, 2941, 5882, 11764, 23528)
2018-04-15 06:40:56.639724;(5, 2773, 5546, 11092, 22184)
2018-04-15 06:40:56.639868;(5, 2786, 5572, 11144, 22288)
2018-04-15 06:40:56.640145;(5, 2406, 4812, 9624, 19248)
2018-04-15 06:40:56.640293;(5, 2331, 4662, 9324, 18648)
2018-04-15 06:40:56.640572;(5, 2227, 4454, 8908, 17816)
2018-04-15 06:40:56.640010;(5, 2953, 5906, 11812, 23624)
2018-04-15 06:40:56.640437;(5, 2662, 5324, 10648, 21296)
2018-04-15 06:40:57.146883;(10, 2734, 5468, 10936, 21872)
2018-04-15 06:40:57.147263;(10, 2651, 5302, 10604, 21208)
2018-04-15 06:40:57.147463;(10, 2904, 5808, 11616, 23232)
2018-04-15 06:40:57.147840;(10, 2860, 5720, 11440, 22880)
2018-04-15 06:40:57.640746;(5, 2980, 5960, 11920, 23840)
2018-04-15 06:40:57.641391;(5, 2987, 5974, 11948, 23896)
2018-04-15 06:40:57.641504;(5, 2544, 5088, 10176, 20352)
2018-04-15 06:40:58.147236;(10, 2404, 4808, 9616, 19232)
2018-04-15 06:40:58.147452;(10, 2775, 5550, 11100, 22200)
2018-04-15 06:40:58.147838;(10, 2454, 4908, 9816, 19632)
2018-04-15 06:40:58.148500;(10, 2078, 4156, 8312, 16624)
2018-04-15 06:40:58.147613;(10, 2382, 4764, 9528, 19056)
2018-04-15 06:40:58.148041;(10, 2712, 5424, 10848, 21696)
2018-04-15 06:40:58.545376;(12, 2127, 4254, 8508, 17016)
2018-04-15 06:40:58.746967;(11, 2010, 4020, 8040, 16080)
2018-04-15 06:40:58.747201;(11, 2292, 4584, 9168, 18336)
2018-04-15 06:40:58.747653;(11, 2209, 4418, 8836, 17672)
2018-04-15 06:40:58.748062;(11, 2237, 4474, 8948, 17896)
2018-04-15 06:40:58.748509;(11, 2771, 5542, 11084, 22168)
2018-04-15 06:40:58.749084;(11, 2939, 5878, 11756, 23512)
2018-04-15 06:40:58.747866;(11, 2340, 4680, 9360, 18720)
2018-04-15 06:40:58.748733;(11, 2631, 5262, 10524, 21048)
2018-04-15 06:40:58.748284;(11, 2380, 4760, 9520, 19040)
2018-04-15 06:40:58.747415;(11, 2751, 5502, 11004, 22008)
2018-04-15 06:40:58.825711;(13, 2892, 5784, 11568, 23136)
2018-04-15 06:40:58.825891;(13, 2605, 5210, 10420, 20840)
2018-04-15 06:40:58.826252;(13, 2918, 5836, 11672, 23344)
2018-04-15 06:40:58.826543;(13, 2859, 5718, 11436, 22872)
2018-04-15 06:40:58.826751;(13, 2882, 5764, 11528, 23056)
2018-04-15 06:40:58.826647;(13, 2565, 5130, 10260, 20520)
2018-04-15 06:40:58.826426;(13, 2482, 4964, 9928, 19856)
2018-04-15 06:40:58.826073;(13, 2296, 4592, 9184, 18368)
2018-04-15 06:40:59.036468;(9, 2253, 4506, 9012, 18024)
2018-04-15 06:40:59.036575;(9, 2015, 4030, 8060, 16120)
2018-04-15 06:40:59.825811;(13, 2819, 5638, 11276, 22552)
2018-04-15 06:40:59.826147;(13, 2135, 4270, 8540, 17080)
2018-04-15 06:41:00.036904;(9, 2865, 5730, 11460, 22920)
2018-04-15 06:41:00.037008;(9, 2164, 4328, 8656, 17312)
2018-04-15 06:41:00.037284;(9, 2757, 5514, 11028, 22056)
2018-04-15 06:41:00.118562;(14, 2121, 4242, 8484, 16968)
2018-04-15 06:41:00.118680;(14, 2241, 4482, 8964, 17928)
2018-04-15 06:41:00.119198;(14, 2439, 4878, 9756, 19512)
2018-04-15 06:41:00.119790;(14, 2417, 4834, 9668, 19336)
2018-04-15 06:41:00.120468;(14, 2400, 4800, 9600, 19200)
2018-04-15 06:41:00.120763;(14, 2221, 4442, 8884, 17768)
2018-04-15 06:41:00.119023;(14, 2509, 5018, 10036, 20072)
2018-04-15 06:41:00.119519;(14, 2519, 5038, 10076, 20152)
2018-04-15 06:41:00.121034;(14, 2898, 5796, 11592, 23184)
2018-04-15 06:41:00.120164;(14, 2909, 5818, 11636, 23272)
2018-04-15 06:41:00.239109;(15, 2115, 4230, 8460, 16920)
2018-04-15 06:41:00.239284;(15, 2588, 5176, 10352, 20704)
2018-04-15 06:41:00.239527;(15, 2938, 5876, 11752, 23504)
2018-04-15 06:41:00.239772;(15, 2215, 4430, 8860, 17720)
2018-04-15 06:41:00.240255;(15, 2072, 4144, 8288, 16576)
2018-04-15 06:41:00.240508;(15, 2404, 4808, 9616, 19232)
2018-04-15 06:41:00.240437;(15, 2035, 4070, 8140, 16280)
2018-04-15 06:41:00.240105;(15, 2009, 4018, 8036, 16072)
2018-04-15 06:41:00.239965;(15, 2888, 5776, 11552, 23104)
2018-04-15 06:41:00.239448;(15, 2148, 4296, 8592, 17184)
2018-04-15 06:41:00.994012;(17, 2182, 4364, 8728, 17456)
2018-04-15 06:41:00.994193;(17, 2690, 5380, 10760, 21520)
2018-04-15 06:41:00.994552;(17, 2828, 5656, 11312, 22624)
2018-04-15 06:41:00.994830;(17, 2224, 4448, 8896, 17792)
2018-04-15 06:41:00.995205;(17, 2508, 5016, 10032, 20064)
2018-04-15 06:41:00.995658;(17, 2967, 5934, 11868, 23736)
2018-04-15 06:41:00.994676;(17, 2293, 4586, 9172, 18344)
2018-04-15 06:41:00.994381;(17, 2757, 5514, 11028, 22056)
2018-04-15 06:41:00.995052;(17, 2905, 5810, 11620, 23240)
2018-04-15 06:41:00.995536;(17, 2458, 4916, 9832, 19664)
2018-04-15 06:41:01.546788;(12, 2811, 5622, 11244, 22488)
2018-04-15 06:41:01.546893;(12, 2676, 5352, 10704, 21408)
2018-04-15 06:41:01.547128;(12, 2588, 5176, 10352, 20704)
2018-04-15 06:41:01.547494;(12, 2427, 4854, 9708, 19416)
2018-04-15 06:41:01.548081;(12, 2884, 5768, 11536, 23072)
2018-04-15 06:41:01.547340;(12, 2065, 4130, 8260, 16520)
2018-04-15 06:41:01.547740;(12, 2249, 4498, 8996, 17992)
2018-04-15 06:41:01.548217;(12, 2367, 4734, 9468, 18936)
2018-04-15 06:41:01.548536;(12, 2172, 4344, 8688, 17376)
2018-04-15 06:41:01.920763;(20, 2892, 5784, 11568, 23136)
2018-04-15 06:41:01.920875;(20, 2917, 5834, 11668, 23336)
2018-04-15 06:41:01.921159;(20, 2372, 4744, 9488, 18976)
2018-04-15 06:41:01.921295;(20, 2095, 4190, 8380, 16760)
2018-04-15 06:41:01.921546;(20, 2552, 5104, 10208, 20416)
2018-04-15 06:41:02.237168;(21, 2559, 5118, 10236, 20472)
2018-04-15 06:41:02.237317;(21, 2591, 5182, 10364, 20728)
2018-04-15 06:41:02.237642;(21, 2512, 5024, 10048, 20096)
2018-04-15 06:41:02.238095;(21, 2173, 4346, 8692, 17384)
2018-04-15 06:41:02.237866;(21, 2558, 5116, 10232, 20464)
2018-04-15 06:41:02.238314;(21, 2354, 4708, 9416, 18832)
2018-04-15 06:41:02.530427;(22, 2809, 5618, 11236, 22472)
2018-04-15 06:41:02.618570;(16, 2515, 5030, 10060, 20120)
2018-04-15 06:41:02.618719;(16, 2978, 5956, 11912, 23824)
2018-04-15 06:41:02.618986;(16, 2602, 5204, 10408, 20816)
2018-04-15 06:41:02.619285;(16, 2857, 5714, 11428, 22856)
2018-04-15 06:41:02.619159;(16, 2945, 5890, 11780, 23560)
2018-04-15 06:41:02.618858;(16, 2274, 4548, 9096, 18192)
2018-04-15 06:41:02.920730;(20, 2080, 4160, 8320, 16640)
2018-04-15 06:41:02.920920;(20, 2123, 4246, 8492, 16984)
2018-04-15 06:41:03.037717;(9, 2596, 5192, 10384, 20768)
2018-04-15 06:41:03.037958;(9, 2823, 5646, 11292, 22584)
2018-04-15 06:41:03.038262;(9, 2917, 5834, 11668, 23336)
2018-04-15 06:41:03.129194;(23, 2769, 5538, 11076, 22152)
2018-04-15 06:41:03.129433;(23, 2907, 5814, 11628, 23256)
2018-04-15 06:41:03.129671;(23, 2262, 4524, 9048, 18096)
2018-04-15 06:41:03.129922;(23, 2615, 5230, 10460, 20920)
2018-04-15 06:41:03.129860;(23, 2818, 5636, 11272, 22544)
2018-04-15 06:41:03.130550;(23, 2095, 4190, 8380, 16760)
2018-04-15 06:41:03.444793;(19, 2180, 4360, 8720, 17440)
2018-04-15 06:41:03.445158;(19, 2460, 4920, 9840, 19680)
2018-04-15 06:41:03.445355;(19, 2437, 4874, 9748, 19496)
2018-04-15 06:41:03.445628;(19, 3000, 6000, 12000, 24000)
2018-04-15 06:41:03.445487;(19, 2795, 5590, 11180, 22360)
2018-04-15 06:41:03.445749;(19, 2371, 4742, 9484, 18968)
2018-04-15 06:41:03.942481;(24, 2161, 4322, 8644, 17288)
2018-04-15 06:41:03.942704;(24, 2837, 5674, 11348, 22696)
2018-04-15 06:41:03.942948;(24, 2445, 4890, 9780, 19560)
2018-04-15 06:41:03.943560;(24, 2572, 5144, 10288, 20576)
2018-04-15 06:41:03.943848;(24, 2013, 4026, 8052, 16104)
2018-04-15 06:41:03.944053;(24, 2680, 5360, 10720, 21440)
2018-04-15 06:41:03.943258;(24, 2445, 4890, 9780, 19560)
2018-04-15 06:41:03.944785;(24, 2467, 4934, 9868, 19736)
2018-04-15 06:41:03.944468;(24, 2396, 4792, 9584, 19168)
2018-04-15 06:41:03.944262;(24, 2430, 4860, 9720, 19440)
2018-04-15 06:41:04.421759;(26, 2695, 5390, 10780, 21560)
2018-04-15 06:41:04.422075;(26, 2565, 5130, 10260, 20520)
2018-04-15 06:41:04.422649;(26, 2555, 5110, 10220, 20440)
2018-04-15 06:41:04.423013;(26, 2719, 5438, 10876, 21752)
2018-04-15 06:41:04.422392;(26, 2753, 5506, 11012, 22024)
2018-04-15 06:41:04.922330;(20, 2553, 5106, 10212, 20424)
2018-04-15 06:41:04.922528;(20, 2573, 5146, 10292, 20584)
2018-04-15 06:41:04.922693;(20, 2907, 5814, 11628, 23256)
2018-04-15 06:41:05.619488;(16, 2899, 5798, 11596, 23192)
2018-04-15 06:41:06.038264;(9, 2221, 4442, 8884, 17768)
2018-04-15 06:41:06.038571;(9, 2740, 5480, 10960, 21920)
2018-04-15 06:41:06.446478;(19, 2861, 5722, 11444, 22888)
2018-04-15 06:41:06.446672;(19, 2070, 4140, 8280, 16560)
2018-04-15 06:41:06.446857;(19, 2402, 4804, 9608, 19216)
2018-04-15 06:41:06.447032;(19, 2812, 5624, 11248, 22496)
2018-04-15 06:41:07.423255;(26, 2193, 4386, 8772, 17544)
2018-04-15 06:41:07.423404;(26, 2051, 4102, 8204, 16408)
2018-04-15 06:41:07.423640;(26, 2564, 5128, 10256, 20512)
2018-04-15 06:41:07.423764;(26, 2692, 5384, 10768, 21536)
2018-04-15 06:41:07.424248;(26, 2593, 5186, 10372, 20744)
2018-04-15 06:41:08.620202;(16, 2606, 5212, 10424, 20848)
2018-04-15 06:41:10.132153;(23, 2593, 5186, 10372, 20744)
2018-04-15 06:41:10.132856;(23, 2520, 5040, 10080, 20160)
2018-04-15 06:41:10.133859;(23, 2194, 4388, 8776, 17552)
2018-04-15 06:41:10.133106;(23, 2831, 5662, 11324, 22648)
2018-04-15 06:41:11.532523;(22, 2792, 5584, 11168, 22336)
2018-04-15 06:41:11.532741;(22, 2804, 5608, 11216, 22432)
2018-04-15 06:41:11.533103;(22, 2044, 4088, 8176, 16352)
2018-04-15 06:41:11.533420;(22, 2645, 5290, 10580, 21160)
2018-04-15 06:41:11.532803;(22, 2799, 5598, 11196, 22392)
2018-04-15 06:41:11.533298;(22, 2340, 4680, 9360, 18720)
2018-04-15 06:41:11.621044;(16, 2784, 5568, 11136, 22272)
2018-04-15 06:41:12.208080;(25, 2349, 4698, 9396, 18792)
2018-04-15 06:41:12.208233;(25, 2477, 4954, 9908, 19816)
2018-04-15 06:41:12.208419;(25, 2220, 4440, 8880, 17760)
2018-04-15 06:41:12.209006;(25, 2944, 5888, 11776, 23552)
2018-04-15 06:41:12.209251;(25, 2252, 4504, 9008, 18016)
2018-04-15 06:41:12.209983;(25, 2133, 4266, 8532, 17064)
2018-04-15 06:41:12.210563;(25, 2444, 4888, 9776, 19552)
2018-04-15 06:41:12.209476;(25, 2600, 5200, 10400, 20800)
2018-04-15 06:41:12.210727;(25, 2822, 5644, 11288, 22576)
2018-04-15 06:41:12.210163;(25, 2209, 4418, 8836, 17672)
2018-04-15 06:41:14.534183;(22, 2562, 5124, 10248, 20496)
2018-04-15 06:41:14.534592;(22, 2005, 4010, 8020, 16040)
2018-04-15 06:41:14.534745;(22, 2383, 4766, 9532, 19064)
2018-04-15 06:41:14.621865;(16, 2300, 4600, 9200, 18400)
2018-04-15 06:41:19.239906;(21, 3000, 6000, 12000, 24000)
2018-04-15 06:41:19.240023;(21, 2445, 4890, 9780, 19560)
2018-04-15 06:41:19.240462;(21, 2411, 4822, 9644, 19288)
2018-04-15 06:41:19.240812;(21, 2152, 4304, 8608, 17216)
2018-04-15 06:41:44.073263;(18, 2150, 4300, 8600, 17200)
2018-04-15 06:41:47.074182;(18, 2955, 5910, 11820, 23640)
2018-04-15 06:41:48.074886;(18, 2382, 4764, 9528, 19056)
2018-04-15 06:41:48.075192;(18, 2992, 5984, 11968, 23936)
2018-04-15 06:41:48.075451;(18, 2551, 5102, 10204, 20408)
2018-04-15 06:41:48.075858;(18, 2360, 4720, 9440, 18880)
2018-04-15 06:41:48.076169;(18, 2905, 5810, 11620, 23240)
2018-04-15 06:41:48.075669;(18, 2840, 5680, 11360, 22720)
2018-04-15 06:41:48.076481;(18, 2143, 4286, 8572, 17144)
2018-04-15 06:41:51.076276;(18, 2060, 4120, 8240, 16480)
2018-04-15 06:50:52.480224;(2, 2226, 4452, 8904, 17808)
2018-04-15 06:50:52.480460;(2, 2643, 5286, 10572, 21144)
2018-04-15 06:50:52.480560;(2, 2306, 4612, 9224, 18448)
2018-04-15 06:50:52.480918;(2, 2001, 4002, 8004, 16008)
2018-04-15 06:50:52.481658;(2, 2990, 5980, 11960, 23920)
2018-04-15 06:50:52.481975;(2, 2848, 5696, 11392, 22784)
2018-04-15 06:50:52.480739;(2, 2023, 4046, 8092, 16184)
2018-04-15 06:50:52.481829;(2, 2611, 5222, 10444, 20888)
2018-04-15 06:50:52.481476;(2, 2494, 4988, 9976, 19952)
2018-04-15 06:50:52.482115;(2, 2127, 4254, 8508, 17016)
2018-04-15 06:50:53.012705;(3, 2408, 4816, 9632, 19264)
2018-04-15 06:50:53.013255;(3, 2778, 5556, 11112, 22224)
2018-04-15 06:50:53.013603;(3, 2684, 5368, 10736, 21472)
2018-04-15 06:50:53.014190;(3, 2933, 5866, 11732, 23464)
2018-04-15 06:50:53.014692;(3, 2674, 5348, 10696, 21392)
2018-04-15 06:50:53.015241;(3, 2184, 4368, 8736, 17472)
2018-04-15 06:50:53.013950;(3, 2350, 4700, 9400, 18800)
2018-04-15 06:50:53.015043;(3, 2156, 4312, 8624, 17248)
2018-04-15 06:50:53.014418;(3, 2798, 5596, 11192, 22384)
2018-04-15 06:50:53.016159;(3, 2131, 4262, 8524, 17048)
2018-04-15 06:50:53.801866;(5, 2011, 4022, 8044, 16088)
2018-04-15 06:50:53.878412;(4, 2529, 5058, 10116, 20232)
2018-04-15 06:50:53.878525;(4, 2523, 5046, 10092, 20184)
2018-04-15 06:50:53.878725;(4, 2940, 5880, 11760, 23520)
2018-04-15 06:50:53.879083;(4, 2668, 5336, 10672, 21344)
2018-04-15 06:50:53.879400;(4, 2985, 5970, 11940, 23880)
2018-04-15 06:50:53.878891;(4, 2403, 4806, 9612, 19224)
2018-04-15 06:50:53.879545;(4, 2197, 4394, 8788, 17576)
2018-04-15 06:50:53.879316;(4, 2513, 5026, 10052, 20104)
2018-04-15 06:50:54.464293;(7, 2923, 5846, 11692, 23384)
2018-04-15 06:50:54.464379;(7, 2561, 5122, 10244, 20488)
2018-04-15 06:50:54.487761;(6, 2268, 4536, 9072, 18144)
2018-04-15 06:50:54.488105;(6, 2997, 5994, 11988, 23976)
2018-04-15 06:50:54.488362;(6, 2830, 5660, 11320, 22640)
2018-04-15 06:50:54.802587;(5, 2356, 4712, 9424, 18848)
2018-04-15 06:50:54.802733;(5, 2308, 4616, 9232, 18464)
2018-04-15 06:50:54.802991;(5, 2458, 4916, 9832, 19664)
2018-04-15 06:50:54.803140;(5, 2791, 5582, 11164, 22328)
2018-04-15 06:50:54.803402;(5, 2085, 4170, 8340, 16680)
2018-04-15 06:50:54.803741;(5, 2011, 4022, 8044, 16088)
2018-04-15 06:50:54.802867;(5, 2834, 5668, 11336, 22672)
2018-04-15 06:50:54.803268;(5, 2783, 5566, 11132, 22264)
2018-04-15 06:50:54.803537;(5, 2001, 4002, 8004, 16008)
2018-04-15 06:50:55.465468;(7, 2713, 5426, 10852, 21704)
2018-04-15 06:50:55.465645;(7, 2494, 4988, 9976, 19952)
2018-04-15 06:50:55.466128;(7, 2387, 4774, 9548, 19096)
2018-04-15 06:50:55.467548;(7, 2064, 4128, 8256, 16512)
2018-04-15 06:50:55.467949;(7, 2636, 5272, 10544, 21088)
2018-04-15 06:50:55.467298;(7, 2107, 4214, 8428, 16856)
2018-04-15 06:50:55.467752;(7, 2373, 4746, 9492, 18984)
2018-04-15 06:50:55.465907;(7, 2567, 5134, 10268, 20536)
2018-04-15 06:50:56.233397;(8, 2778, 5556, 11112, 22224)
2018-04-15 06:50:56.233622;(8, 2850, 5700, 11400, 22800)
2018-04-15 06:50:56.234113;(8, 2454, 4908, 9816, 19632)
2018-04-15 06:50:56.234472;(8, 2969, 5938, 11876, 23752)
2018-04-15 06:50:56.234876;(8, 2493, 4986, 9972, 19944)
2018-04-15 06:50:56.236022;(8, 2630, 5260, 10520, 21040)
2018-04-15 06:50:56.233866;(8, 2269, 4538, 9076, 18152)
2018-04-15 06:50:56.234629;(8, 2918, 5836, 11672, 23344)
2018-04-15 06:50:56.234325;(8, 2679, 5358, 10716, 21432)
2018-04-15 06:50:56.235118;(8, 2015, 4030, 8060, 16120)
2018-04-15 06:50:56.878917;(4, 2203, 4406, 8812, 17624)
2018-04-15 06:50:57.215592;(9, 2875, 5750, 11500, 23000)
2018-04-15 06:50:57.215863;(9, 2357, 4714, 9428, 18856)
2018-04-15 06:50:57.216008;(9, 2485, 4970, 9940, 19880)
2018-04-15 06:50:57.216306;(9, 2049, 4098, 8196, 16392)
2018-04-15 06:50:57.216890;(9, 2159, 4318, 8636, 17272)
2018-04-15 06:50:57.217294;(9, 2929, 5858, 11716, 23432)
2018-04-15 06:50:57.217947;(9, 2248, 4496, 8992, 17984)
2018-04-15 06:50:57.217624;(9, 2036, 4072, 8144, 16288)
2018-04-15 06:50:57.216596;(9, 2471, 4942, 9884, 19768)
2018-04-15 06:50:57.219315;(9, 2262, 4524, 9048, 18096)
2018-04-15 06:50:57.326250;(10, 2573, 5146, 10292, 20584)
2018-04-15 06:50:57.326344;(10, 2818, 5636, 11272, 22544)
2018-04-15 06:50:57.326829;(10, 2775, 5550, 11100, 22200)
2018-04-15 06:50:57.327229;(10, 2594, 5188, 10376, 20752)
2018-04-15 06:50:57.327038;(10, 2404, 4808, 9616, 19232)
2018-04-15 06:50:57.326641;(10, 2844, 5688, 11376, 22752)
2018-04-15 06:50:57.488604;(6, 2053, 4106, 8212, 16424)
2018-04-15 06:50:57.488838;(6, 2918, 5836, 11672, 23344)
2018-04-15 06:50:57.489259;(6, 2537, 5074, 10148, 20296)
2018-04-15 06:50:57.489558;(6, 2889, 5778, 11556, 23112)
2018-04-15 06:50:57.488968;(6, 2587, 5174, 10348, 20696)
2018-04-15 06:50:57.489338;(6, 2514, 5028, 10056, 20112)
2018-04-15 06:50:57.489827;(6, 2429, 4858, 9716, 19432)
2018-04-15 06:50:57.916520;(11, 2227, 4454, 8908, 17816)
2018-04-15 06:50:57.916603;(11, 2863, 5726, 11452, 22904)
2018-04-15 06:50:58.326989;(10, 2080, 4160, 8320, 16640)
2018-04-15 06:50:58.327134;(10, 2520, 5040, 10080, 20160)
2018-04-15 06:50:58.327267;(10, 2072, 4144, 8288, 16576)
2018-04-15 06:50:58.327452;(10, 2363, 4726, 9452, 18904)
2018-04-15 06:50:58.709165;(12, 2743, 5486, 10972, 21944)
2018-04-15 06:50:58.709275;(12, 2983, 5966, 11932, 23864)
2018-04-15 06:50:58.709614;(12, 2165, 4330, 8660, 17320)
2018-04-15 06:50:58.710044;(12, 2121, 4242, 8484, 16968)
2018-04-15 06:50:58.710517;(12, 2782, 5564, 11128, 22256)
2018-04-15 06:50:58.710272;(12, 2293, 4586, 9172, 18344)
2018-04-15 06:50:58.711116;(12, 2665, 5330, 10660, 21320)
2018-04-15 06:50:58.709843;(12, 2509, 5018, 10036, 20072)
2018-04-15 06:50:58.711544;(12, 2926, 5852, 11704, 23408)
2018-04-15 06:50:58.710740;(12, 2930, 5860, 11720, 23440)
2018-04-15 06:50:58.917374;(11, 2407, 4814, 9628, 19256)
2018-04-15 06:50:58.917542;(11, 2003, 4006, 8012, 16024)
2018-04-15 06:50:58.917812;(11, 2528, 5056, 10112, 20224)
2018-04-15 06:50:58.918135;(11, 2206, 4412, 8824, 17648)
2018-04-15 06:50:58.918560;(11, 2785, 5570, 11140, 22280)
2018-04-15 06:50:58.917940;(11, 2115, 4230, 8460, 16920)
2018-04-15 06:50:58.917674;(11, 2490, 4980, 9960, 19920)
2018-04-15 06:50:58.918339;(11, 2933, 5866, 11732, 23464)
2018-04-15 06:50:58.999232;(13, 2833, 5666, 11332, 22664)
2018-04-15 06:50:58.999401;(13, 2848, 5696, 11392, 22784)
2018-04-15 06:50:58.999762;(13, 2145, 4290, 8580, 17160)
2018-04-15 06:50:58.999969;(13, 2409, 4818, 9636, 19272)
2018-04-15 06:50:59.000420;(13, 2107, 4214, 8428, 16856)
2018-04-15 06:50:59.000854;(13, 2043, 4086, 8172, 16344)
2018-04-15 06:50:59.001312;(13, 2151, 4302, 8604, 17208)
2018-04-15 06:50:59.000172;(13, 2126, 4252, 8504, 17008)
2018-04-15 06:50:58.999622;(13, 2272, 4544, 9088, 18176)
2018-04-15 06:50:59.000645;(13, 2425, 4850, 9700, 19400)
2018-04-15 06:50:59.293668;(14, 2775, 5550, 11100, 22200)
2018-04-15 06:50:59.293829;(14, 2751, 5502, 11004, 22008)
2018-04-15 06:50:59.408306;(15, 2032, 4064, 8128, 16256)
2018-04-15 06:50:59.408389;(15, 2933, 5866, 11732, 23464)
2018-04-15 06:50:59.784334;(16, 2228, 4456, 8912, 17824)
2018-04-15 06:50:59.784420;(16, 2296, 4592, 9184, 18368)
2018-04-15 06:50:59.879532;(4, 2642, 5284, 10568, 21136)
2018-04-15 06:51:00.294220;(14, 2166, 4332, 8664, 17328)
2018-04-15 06:51:00.294324;(14, 2226, 4452, 8904, 17808)
2018-04-15 06:51:00.294907;(14, 2429, 4858, 9716, 19432)
2018-04-15 06:51:00.294685;(14, 2829, 5658, 11316, 22632)
2018-04-15 06:51:00.409121;(15, 2613, 5226, 10452, 20904)
2018-04-15 06:51:00.409444;(15, 2186, 4372, 8744, 17488)
2018-04-15 06:51:00.409808;(15, 2423, 4846, 9692, 19384)
2018-04-15 06:51:00.410114;(15, 2414, 4828, 9656, 19312)
2018-04-15 06:51:00.410213;(15, 2121, 4242, 8484, 16968)
2018-04-15 06:51:00.410364;(15, 2766, 5532, 11064, 22128)
2018-04-15 06:51:00.410475;(15, 2487, 4974, 9948, 19896)
2018-04-15 06:51:00.410886;(15, 2425, 4850, 9700, 19400)
2018-04-15 06:51:00.785797;(16, 2149, 4298, 8596, 17192)
2018-04-15 06:51:00.785914;(16, 2550, 5100, 10200, 20400)
2018-04-15 06:51:00.786505;(16, 2056, 4112, 8224, 16448)
2018-04-15 06:51:00.786933;(16, 2044, 4088, 8176, 16352)
2018-04-15 06:51:00.787443;(16, 2233, 4466, 8932, 17864)
2018-04-15 06:51:00.786205;(16, 2594, 5188, 10376, 20752)
2018-04-15 06:51:00.787131;(16, 2130, 4260, 8520, 17040)
2018-04-15 06:51:00.786724;(16, 2282, 4564, 9128, 18256)
2018-04-15 06:51:01.162565;(17, 2661, 5322, 10644, 21288)
2018-04-15 06:51:01.162723;(17, 2419, 4838, 9676, 19352)
2018-04-15 06:51:01.162806;(17, 2543, 5086, 10172, 20344)
2018-04-15 06:51:01.162901;(17, 2535, 5070, 10140, 20280)
2018-04-15 06:51:01.162993;(17, 2362, 4724, 9448, 18896)
2018-04-15 06:51:01.163125;(17, 2064, 4128, 8256, 16512)
2018-04-15 06:51:01.163474;(17, 2420, 4840, 9680, 19360)
2018-04-15 06:51:01.163962;(17, 2898, 5796, 11592, 23184)
2018-04-15 06:51:01.163381;(17, 2874, 5748, 11496, 22992)
2018-04-15 06:51:01.163614;(17, 2682, 5364, 10728, 21456)
2018-04-15 06:51:01.239905;(18, 2906, 5812, 11624, 23248)
2018-04-15 06:51:01.240184;(18, 2105, 4210, 8420, 16840)
2018-04-15 06:51:01.240702;(18, 2643, 5286, 10572, 21144)
2018-04-15 06:51:01.240812;(18, 2441, 4882, 9764, 19528)
2018-04-15 06:51:01.241128;(18, 2983, 5966, 11932, 23864)
2018-04-15 06:51:02.093867;(20, 2740, 5480, 10960, 21920)
2018-04-15 06:51:02.094003;(20, 2597, 5194, 10388, 20776)
2018-04-15 06:51:02.094293;(20, 2013, 4026, 8052, 16104)
2018-04-15 06:51:02.094612;(20, 2227, 4454, 8908, 17816)
2018-04-15 06:51:02.094759;(20, 2663, 5326, 10652, 21304)
2018-04-15 06:51:02.095111;(20, 2966, 5932, 11864, 23728)
2018-04-15 06:51:02.094478;(20, 2847, 5694, 11388, 22776)
2018-04-15 06:51:02.094901;(20, 2300, 4600, 9200, 18400)
2018-04-15 06:51:02.094144;(20, 2755, 5510, 11020, 22040)
2018-04-15 06:51:02.693208;(22, 2717, 5434, 10868, 21736)
2018-04-15 06:51:02.693329;(22, 2033, 4066, 8132, 16264)
2018-04-15 06:51:02.693669;(22, 2785, 5570, 11140, 22280)
2018-04-15 06:51:02.693986;(22, 2558, 5116, 10232, 20464)
2018-04-15 06:51:03.094190;(20, 2795, 5590, 11180, 22360)
2018-04-15 06:51:03.295259;(14, 2901, 5802, 11604, 23208)
2018-04-15 06:51:03.295406;(14, 2452, 4904, 9808, 19616)
2018-04-15 06:51:03.295538;(14, 2816, 5632, 11264, 22528)
2018-04-15 06:51:03.306453;(23, 2891, 5782, 11564, 23128)
2018-04-15 06:51:03.306640;(23, 2012, 4024, 8048, 16096)
2018-04-15 06:51:03.306939;(23, 2782, 5564, 11128, 22256)
2018-04-15 06:51:03.307407;(23, 2326, 4652, 9304, 18608)
2018-04-15 06:51:03.308039;(23, 2163, 4326, 8652, 17304)
2018-04-15 06:51:03.308345;(23, 2405, 4810, 9620, 19240)
2018-04-15 06:51:03.307176;(23, 2781, 5562, 11124, 22248)
2018-04-15 06:51:03.308128;(23, 2007, 4014, 8028, 16056)
2018-04-15 06:51:03.307632;(23, 2946, 5892, 11784, 23568)
2018-04-15 06:51:03.308657;(23, 2578, 5156, 10312, 20624)
2018-04-15 06:51:03.693729;(22, 2379, 4758, 9516, 19032)
2018-04-15 06:51:03.693919;(22, 2742, 5484, 10968, 21936)
2018-04-15 06:51:03.694186;(22, 2810, 5620, 11240, 22480)
2018-04-15 06:51:03.694058;(22, 2053, 4106, 8212, 16424)
2018-04-15 06:51:03.694338;(22, 2223, 4446, 8892, 17784)
2018-04-15 06:51:04.109338;(24, 2939, 5878, 11756, 23512)
2018-04-15 06:51:04.109566;(24, 2805, 5610, 11220, 22440)
2018-04-15 06:51:04.109971;(24, 2028, 4056, 8112, 16224)
2018-04-15 06:51:04.110419;(24, 2159, 4318, 8636, 17272)
2018-04-15 06:51:04.109754;(24, 2354, 4708, 9416, 18832)
2018-04-15 06:51:04.110686;(24, 2341, 4682, 9364, 18728)
2018-04-15 06:51:04.110148;(24, 2620, 5240, 10480, 20960)
2018-04-15 06:51:04.374732;(25, 2082, 4164, 8328, 16656)
2018-04-15 06:51:04.374819;(25, 2393, 4786, 9572, 19144)
2018-04-15 06:51:04.375008;(25, 2406, 4812, 9624, 19248)
2018-04-15 06:51:04.584925;(26, 2935, 5870, 11740, 23480)
2018-04-15 06:51:04.585021;(26, 2095, 4190, 8380, 16760)
2018-04-15 06:51:04.585122;(26, 2504, 5008, 10016, 20032)
2018-04-15 06:51:04.585401;(26, 2290, 4580, 9160, 18320)
2018-04-15 06:51:04.585741;(26, 2317, 4634, 9268, 18536)
2018-04-15 06:51:04.586107;(26, 2284, 4568, 9136, 18272)
2018-04-15 06:51:04.585267;(26, 2867, 5734, 11468, 22936)
2018-04-15 06:51:04.585928;(26, 2901, 5802, 11604, 23208)
2018-04-15 06:51:04.585550;(26, 2898, 5796, 11592, 23184)
2018-04-15 06:51:05.410155;(21, 2167, 4334, 8668, 17336)
2018-04-15 06:51:05.410256;(21, 2514, 5028, 10056, 20112)
2018-04-15 06:51:05.410643;(21, 2415, 4830, 9660, 19320)
2018-04-15 06:51:05.410980;(21, 2513, 5026, 10052, 20104)
2018-04-15 06:51:05.411118;(21, 2601, 5202, 10404, 20808)
2018-04-15 06:51:05.410458;(21, 2380, 4760, 9520, 19040)
2018-04-15 06:51:05.410840;(21, 2208, 4416, 8832, 17664)
2018-04-15 06:51:05.411579;(21, 2783, 5566, 11132, 22264)
2018-04-15 06:51:05.411352;(21, 2890, 5780, 11560, 23120)
2018-04-15 06:51:05.412161;(21, 2400, 4800, 9600, 19200)
2018-04-15 06:51:05.585385;(26, 2318, 4636, 9272, 18544)
2018-04-15 06:51:06.695925;(22, 2049, 4098, 8196, 16392)
2018-04-15 06:51:09.610962;(19, 2004, 4008, 8016, 16032)
2018-04-15 06:51:09.611180;(19, 2303, 4606, 9212, 18424)
2018-04-15 06:51:09.611566;(19, 2520, 5040, 10080, 20160)
2018-04-15 06:51:09.611382;(19, 2779, 5558, 11116, 22232)
2018-04-15 06:51:12.612346;(19, 2621, 5242, 10484, 20968)
2018-04-15 06:51:12.612612;(19, 2682, 5364, 10728, 21456)
2018-04-15 06:51:12.612825;(19, 2624, 5248, 10496, 20992)
2018-04-15 06:51:20.114336;(24, 2245, 4490, 8980, 17960)
2018-04-15 06:51:20.114466;(24, 2162, 4324, 8648, 17296)
2018-04-15 06:51:20.115257;(24, 2925, 5850, 11700, 23400)
2018-04-15 06:51:20.614122;(19, 2967, 5934, 11868, 23736)
2018-04-15 06:51:20.614220;(19, 2549, 5098, 10196, 20392)
2018-04-15 06:51:20.614399;(19, 2589, 5178, 10356, 20712)
2018-04-15 06:51:21.244752;(18, 2784, 5568, 11136, 22272)
2018-04-15 06:51:21.379570;(25, 2276, 4552, 9104, 18208)
2018-04-15 06:51:21.379858;(25, 2370, 4740, 9480, 18960)
2018-04-15 06:51:21.380239;(25, 2839, 5678, 11356, 22712)
2018-04-15 06:51:21.380401;(25, 2909, 5818, 11636, 23272)
2018-04-15 06:51:21.380835;(25, 2585, 5170, 10340, 20680)
2018-04-15 06:51:21.380545;(25, 2021, 4042, 8084, 16168)
2018-04-15 06:51:21.380975;(25, 2133, 4266, 8532, 17064)
2018-04-15 06:51:22.245595;(18, 2654, 5308, 10616, 21232)
2018-04-15 06:51:22.246115;(18, 2671, 5342, 10684, 21368)
2018-04-15 06:51:22.246271;(18, 2962, 5924, 11848, 23696)
2018-04-15 06:51:22.246396;(18, 2173, 4346, 8692, 17384)
2018-04-15 06:51:22.299677;(14, 2092, 4184, 8368, 16736)
2018-04-15 07:00:52.652996;(2, 2189, 4378, 8756, 17512)
2018-04-15 07:00:52.653162;(2, 2960, 5920, 11840, 23680)
2018-04-15 07:00:52.653568;(2, 2188, 4376, 8752, 17504)
2018-04-15 07:00:52.653936;(2, 2974, 5948, 11896, 23792)
2018-04-15 07:00:52.654367;(2, 2347, 4694, 9388, 18776)
2018-04-15 07:00:52.653342;(2, 2405, 4810, 9620, 19240)
2018-04-15 07:00:52.653707;(2, 2140, 4280, 8560, 17120)
2018-04-15 07:00:52.654718;(2, 2866, 5732, 11464, 22928)
2018-04-15 07:00:52.654142;(2, 2254, 4508, 9016, 18032)
2018-04-15 07:00:52.654999;(2, 2959, 5918, 11836, 23672)
2018-04-15 07:00:53.184203;(3, 2500, 5000, 10000, 20000)
2018-04-15 07:00:53.184601;(3, 2126, 4252, 8504, 17008)
2018-04-15 07:00:53.185386;(3, 2575, 5150, 10300, 20600)
2018-04-15 07:00:53.186233;(3, 2534, 5068, 10136, 20272)
2018-04-15 07:00:53.185593;(3, 2849, 5698, 11396, 22792)
2018-04-15 07:00:53.186955;(3, 2098, 4196, 8392, 16784)
2018-04-15 07:00:53.186646;(3, 2513, 5026, 10052, 20104)
2018-04-15 07:00:53.185075;(3, 2080, 4160, 8320, 16640)
2018-04-15 07:00:53.186716;(3, 2920, 5840, 11680, 23360)
2018-04-15 07:00:53.186388;(3, 2670, 5340, 10680, 21360)
2018-04-15 07:00:53.967676;(5, 2441, 4882, 9764, 19528)
2018-04-15 07:00:53.967753;(5, 2184, 4368, 8736, 17472)
2018-04-15 07:00:53.967833;(5, 2219, 4438, 8876, 17752)
2018-04-15 07:00:54.044399;(4, 2426, 4852, 9704, 19408)
2018-04-15 07:00:54.044716;(4, 2362, 4724, 9448, 18896)
2018-04-15 07:00:54.044943;(4, 2765, 5530, 11060, 22120)
2018-04-15 07:00:54.045190;(4, 2801, 5602, 11204, 22408)
2018-04-15 07:00:54.045549;(4, 2518, 5036, 10072, 20144)
2018-04-15 07:00:54.044799;(4, 2872, 5744, 11488, 22976)
2018-04-15 07:00:54.045063;(4, 2428, 4856, 9712, 19424)
2018-04-15 07:00:54.045632;(4, 2267, 4534, 9068, 18136)
2018-04-15 07:00:54.045415;(4, 2510, 5020, 10040, 20080)
2018-04-15 07:00:54.638752;(7, 2803, 5606, 11212, 22424)
2018-04-15 07:00:54.638846;(7, 2800, 5600, 11200, 22400)
2018-04-15 07:00:54.638998;(7, 2030, 4060, 8120, 16240)
2018-04-15 07:00:54.639303;(7, 2926, 5852, 11704, 23408)
2018-04-15 07:00:54.639152;(7, 2827, 5654, 11308, 22616)
2018-04-15 07:00:54.660486;(6, 2857, 5714, 11428, 22856)
2018-04-15 07:00:54.660610;(6, 2993, 5986, 11972, 23944)
2018-04-15 07:00:54.968703;(5, 2678, 5356, 10712, 21424)
2018-04-15 07:00:54.968783;(5, 2051, 4102, 8204, 16408)
2018-04-15 07:00:54.969175;(5, 2608, 5216, 10432, 20864)
2018-04-15 07:00:54.969607;(5, 2639, 5278, 10556, 21112)
2018-04-15 07:00:54.968991;(5, 2366, 4732, 9464, 18928)
2018-04-15 07:00:54.969333;(5, 2161, 4322, 8644, 17288)
2018-04-15 07:00:54.970074;(5, 2929, 5858, 11716, 23432)
2018-04-15 07:00:55.406116;(8, 2703, 5406, 10812, 21624)
2018-04-15 07:00:55.406310;(8, 2967, 5934, 11868, 23736)
2018-04-15 07:00:55.639769;(7, 2297, 4594, 9188, 18376)
2018-04-15 07:00:55.639926;(7, 2994, 5988, 11976, 23952)
2018-04-15 07:00:55.640307;(7, 2734, 5468, 10936, 21872)
2018-04-15 07:00:55.640205;(7, 2602, 5204, 10408, 20816)
2018-04-15 07:00:55.641203;(7, 2225, 4450, 8900, 17800)
2018-04-15 07:00:56.391714;(9, 2368, 4736, 9472, 18944)
2018-04-15 07:00:56.391844;(9, 2889, 5778, 11556, 23112)
2018-04-15 07:00:56.392055;(9, 2063, 4126, 8252, 16504)
2018-04-15 07:00:56.407805;(8, 2992, 5984, 11968, 23936)
2018-04-15 07:00:56.407981;(8, 2578, 5156, 10312, 20624)
2018-04-15 07:00:56.408258;(8, 2625, 5250, 10500, 21000)
2018-04-15 07:00:56.408513;(8, 2908, 5816, 11632, 23264)
2018-04-15 07:00:56.408819;(8, 2622, 5244, 10488, 20976)
2018-04-15 07:00:56.408392;(8, 2569, 5138, 10276, 20552)
2018-04-15 07:00:56.408631;(8, 2830, 5660, 11320, 22640)
2018-04-15 07:00:56.408126;(8, 2309, 4618, 9236, 18472)
2018-04-15 07:00:57.392244;(9, 2997, 5994, 11988, 23976)
2018-04-15 07:00:57.392381;(9, 2721, 5442, 10884, 21768)
2018-04-15 07:00:57.392647;(9, 2850, 5700, 11400, 22800)
2018-04-15 07:00:57.392891;(9, 2124, 4248, 8496, 16992)
2018-04-15 07:00:57.392507;(9, 2756, 5512, 11024, 22048)
2018-04-15 07:00:57.393101;(9, 2414, 4828, 9656, 19312)
2018-04-15 07:00:57.392770;(9, 2638, 5276, 10552, 21104)
2018-04-15 07:00:57.510960;(10, 2691, 5382, 10764, 21528)
2018-04-15 07:00:57.511055;(10, 2007, 4014, 8028, 16056)
2018-04-15 07:00:57.511221;(10, 2454, 4908, 9816, 19632)
2018-04-15 07:00:57.511505;(10, 2971, 5942, 11884, 23768)
2018-04-15 07:00:57.511769;(10, 2075, 4150, 8300, 16600)
2018-04-15 07:00:57.511365;(10, 2430, 4860, 9720, 19440)
2018-04-15 07:00:57.511901;(10, 2251, 4502, 9004, 18008)
2018-04-15 07:00:57.511639;(10, 2149, 4298, 8596, 17192)
2018-04-15 07:00:57.661651;(6, 2985, 5970, 11940, 23880)
2018-04-15 07:00:57.662937;(6, 2093, 4186, 8372, 16744)
2018-04-15 07:00:57.663126;(6, 2393, 4786, 9572, 19144)
2018-04-15 07:00:57.663325;(6, 2386, 4772, 9544, 19088)
2018-04-15 07:00:58.084648;(11, 2724, 5448, 10896, 21792)
2018-04-15 07:00:58.084961;(11, 2697, 5394, 10788, 21576)
2018-04-15 07:00:58.085495;(11, 2185, 4370, 8740, 17480)
2018-04-15 07:00:58.085236;(11, 2499, 4998, 9996, 19992)
2018-04-15 07:00:58.085767;(11, 2481, 4962, 9924, 19848)
2018-04-15 07:00:58.511180;(10, 2991, 5982, 11964, 23928)
2018-04-15 07:00:58.511508;(10, 2414, 4828, 9656, 19312)
2018-04-15 07:00:59.085874;(11, 2793, 5586, 11172, 22344)
2018-04-15 07:00:59.086356;(11, 2159, 4318, 8636, 17272)
2018-04-15 07:00:59.086517;(11, 2770, 5540, 11080, 22160)
2018-04-15 07:00:59.087448;(11, 2867, 5734, 11468, 22936)
2018-04-15 07:00:59.087241;(11, 2725, 5450, 10900, 21800)
2018-04-15 07:00:59.176658;(13, 2051, 4102, 8204, 16408)
2018-04-15 07:00:59.176787;(13, 2957, 5914, 11828, 23656)
2018-04-15 07:00:59.176972;(13, 2942, 5884, 11768, 23536)
2018-04-15 07:00:59.177282;(13, 2052, 4104, 8208, 16416)
2018-04-15 07:00:59.177633;(13, 2982, 5964, 11928, 23856)
2018-04-15 07:00:59.177928;(13, 2067, 4134, 8268, 16536)
2018-04-15 07:00:59.177118;(13, 2826, 5652, 11304, 22608)
2018-04-15 07:00:59.177443;(13, 2034, 4068, 8136, 16272)
2018-04-15 07:00:59.178203;(13, 2659, 5318, 10636, 21272)
2018-04-15 07:00:59.177784;(13, 2795, 5590, 11180, 22360)
2018-04-15 07:00:59.474742;(14, 2560, 5120, 10240, 20480)
2018-04-15 07:00:59.474943;(14, 2342, 4684, 9368, 18736)
2018-04-15 07:00:59.475155;(14, 2924, 5848, 11696, 23392)
2018-04-15 07:00:59.589935;(15, 2029, 4058, 8116, 16232)
2018-04-15 07:00:59.663183;(6, 2497, 4994, 9988, 19976)
2018-04-15 07:00:59.663583;(6, 2276, 4552, 9104, 18208)
2018-04-15 07:00:59.663687;(6, 2578, 5156, 10312, 20624)
2018-04-15 07:00:59.663851;(6, 2056, 4112, 8224, 16448)
2018-04-15 07:01:00.336004;(17, 2801, 5602, 11204, 22408)
2018-04-15 07:01:00.336136;(17, 2039, 4078, 8156, 16312)
2018-04-15 07:01:00.336417;(17, 2142, 4284, 8568, 17136)
2018-04-15 07:01:00.474761;(14, 2092, 4184, 8368, 16736)
2018-04-15 07:01:00.474868;(14, 2609, 5218, 10436, 20872)
2018-04-15 07:01:00.475140;(14, 2953, 5906, 11812, 23624)
2018-04-15 07:01:00.475392;(14, 2728, 5456, 10912, 21824)
2018-04-15 07:01:01.336135;(17, 2889, 5778, 11556, 23112)
2018-04-15 07:01:01.775960;(19, 2998, 5996, 11992, 23984)
2018-04-15 07:01:01.776093;(19, 2239, 4478, 8956, 17912)
2018-04-15 07:01:01.875385;(12, 2041, 4082, 8164, 16328)
2018-04-15 07:01:01.875569;(12, 2226, 4452, 8904, 17808)
2018-04-15 07:01:01.875852;(12, 2659, 5318, 10636, 21272)
2018-04-15 07:01:01.876157;(12, 2213, 4426, 8852, 17704)
2018-04-15 07:01:01.876452;(12, 2262, 4524, 9048, 18096)
2018-04-15 07:01:01.876592;(12, 2095, 4190, 8380, 16760)
2018-04-15 07:01:01.875705;(12, 2293, 4586, 9172, 18344)
2018-04-15 07:01:01.876312;(12, 2101, 4202, 8404, 16808)
2018-04-15 07:01:01.876795;(12, 2590, 5180, 10360, 20720)
2018-04-15 07:01:01.876015;(12, 2105, 4210, 8420, 16840)
2018-04-15 07:01:01.951836;(16, 2563, 5126, 10252, 20504)
2018-04-15 07:01:02.045032;(4, 2057, 4114, 8228, 16456)
2018-04-15 07:01:02.264434;(20, 2630, 5260, 10520, 21040)
2018-04-15 07:01:02.860932;(22, 2897, 5794, 11588, 23176)
2018-04-15 07:01:02.861238;(22, 2701, 5402, 10804, 21608)
2018-04-15 07:01:02.861633;(22, 2342, 4684, 9368, 18736)
2018-04-15 07:01:02.861389;(22, 2621, 5242, 10484, 20968)
2018-04-15 07:01:02.861863;(22, 2198, 4396, 8792, 17584)
2018-04-15 07:01:02.953697;(16, 2543, 5086, 10172, 20344)
2018-04-15 07:01:02.953915;(16, 2359, 4718, 9436, 18872)
2018-04-15 07:01:02.954134;(16, 2447, 4894, 9788, 19576)
2018-04-15 07:01:02.954356;(16, 2502, 5004, 10008, 20016)
2018-04-15 07:01:02.954573;(16, 2829, 5658, 11316, 22632)
2018-04-15 07:01:02.954712;(16, 2278, 4556, 9112, 18224)
2018-04-15 07:01:02.955530;(16, 2369, 4738, 9476, 18952)
2018-04-15 07:01:03.336617;(17, 2199, 4398, 8796, 17592)
2018-04-15 07:01:03.336794;(17, 2726, 5452, 10904, 21808)
2018-04-15 07:01:03.337050;(17, 2850, 5700, 11400, 22800)
2018-04-15 07:01:03.336927;(17, 2884, 5768, 11536, 23072)
2018-04-15 07:01:03.488501;(23, 2646, 5292, 10584, 21168)
2018-04-15 07:01:03.777316;(19, 2456, 4912, 9824, 19648)
2018-04-15 07:01:03.777394;(19, 2268, 4536, 9072, 18144)
2018-04-15 07:01:03.777829;(19, 2338, 4676, 9352, 18704)
2018-04-15 07:01:03.778264;(19, 2596, 5192, 10384, 20768)
2018-04-15 07:01:03.778933;(19, 2275, 4550, 9100, 18200)
2018-04-15 07:01:03.777630;(19, 2211, 4422, 8844, 17688)
2018-04-15 07:01:03.778591;(19, 2075, 4150, 8300, 16600)
2018-04-15 07:01:03.778046;(19, 2688, 5376, 10752, 21504)
2018-04-15 07:01:04.587252;(21, 2507, 5014, 10028, 20056)
2018-04-15 07:01:04.587408;(21, 2997, 5994, 11988, 23976)
2018-04-15 07:01:04.753194;(26, 2887, 5774, 11548, 23096)
2018-04-15 07:01:04.753396;(26, 2578, 5156, 10312, 20624)
2018-04-15 07:01:04.753777;(26, 2810, 5620, 11240, 22480)
2018-04-15 07:01:04.754411;(26, 2960, 5920, 11840, 23680)
2018-04-15 07:01:04.754562;(26, 2911, 5822, 11644, 23288)
2018-04-15 07:01:04.754087;(26, 2321, 4642, 9284, 18568)
2018-04-15 07:01:04.753570;(26, 2777, 5554, 11108, 22216)
2018-04-15 07:01:05.265579;(20, 2325, 4650, 9300, 18600)
2018-04-15 07:01:05.265716;(20, 2033, 4066, 8132, 16264)
2018-04-15 07:01:05.266393;(20, 2701, 5402, 10804, 21608)
2018-04-15 07:01:05.267031;(20, 2476, 4952, 9904, 19808)
2018-04-15 07:01:05.267580;(20, 2859, 5718, 11436, 22872)
2018-04-15 07:01:05.266044;(20, 2698, 5396, 10792, 21584)
2018-04-15 07:01:05.266716;(20, 2811, 5622, 11244, 22488)
2018-04-15 07:01:05.267345;(20, 2855, 5710, 11420, 22840)
2018-04-15 07:01:05.267940;(20, 2419, 4838, 9676, 19352)
2018-04-15 07:01:05.489630;(23, 2300, 4600, 9200, 18400)
2018-04-15 07:01:05.489762;(23, 2722, 5444, 10888, 21776)
2018-04-15 07:01:05.489904;(23, 2621, 5242, 10484, 20968)
2018-04-15 07:01:05.490038;(23, 2469, 4938, 9876, 19752)
2018-04-15 07:01:05.862059;(22, 2639, 5278, 10556, 21112)
2018-04-15 07:01:05.862250;(22, 2383, 4766, 9532, 19064)
2018-04-15 07:01:05.862404;(22, 2283, 4566, 9132, 18264)
2018-04-15 07:01:06.282529;(24, 2081, 4162, 8324, 16648)
2018-04-15 07:01:06.337998;(17, 2314, 4628, 9256, 18512)
2018-04-15 07:01:06.338247;(17, 2008, 4016, 8032, 16064)
2018-04-15 07:01:06.490229;(23, 2868, 5736, 11472, 22944)
2018-04-15 07:01:06.490788;(23, 2780, 5560, 11120, 22240)
2018-04-15 07:01:06.491042;(23, 2815, 5630, 11260, 22520)
2018-04-15 07:01:06.491137;(23, 2518, 5036, 10072, 20144)
2018-04-15 07:01:06.491426;(23, 2477, 4954, 9908, 19816)
2018-04-15 07:01:07.588391;(21, 2904, 5808, 11616, 23232)
2018-04-15 07:01:07.588535;(21, 2930, 5860, 11720, 23440)
2018-04-15 07:01:07.588783;(21, 2991, 5982, 11964, 23928)
2018-04-15 07:01:07.588961;(21, 2931, 5862, 11724, 23448)
2018-04-15 07:01:07.588667;(21, 2627, 5254, 10508, 21016)
2018-04-15 07:01:07.753899;(26, 2562, 5124, 10248, 20496)
2018-04-15 07:01:07.754495;(26, 2310, 4620, 9240, 18480)
2018-04-15 07:01:07.754587;(26, 2307, 4614, 9228, 18456)
2018-04-15 07:01:07.862936;(22, 2218, 4436, 8872, 17744)
2018-04-15 07:01:07.863308;(22, 2561, 5122, 10244, 20488)
2018-04-15 07:01:08.589087;(21, 2469, 4938, 9876, 19752)
2018-04-15 07:01:08.589300;(21, 2122, 4244, 8488, 16976)
2018-04-15 07:01:08.590837;(21, 2439, 4878, 9756, 19512)
2018-04-15 07:01:09.283579;(24, 2202, 4404, 8808, 17616)
2018-04-15 07:01:09.284012;(24, 2714, 5428, 10856, 21712)
2018-04-15 07:01:09.284343;(24, 2155, 4310, 8620, 17240)
2018-04-15 07:01:09.476973;(14, 2409, 4818, 9636, 19272)
2018-04-15 07:01:09.477283;(14, 2745, 5490, 10980, 21960)
2018-04-15 07:01:09.477687;(14, 2594, 5188, 10376, 20752)
2018-04-15 07:01:10.284738;(24, 2112, 4224, 8448, 16896)
2018-04-15 07:01:10.284896;(24, 2311, 4622, 9244, 18488)
2018-04-15 07:01:10.285230;(24, 2924, 5848, 11696, 23392)
2018-04-15 07:01:10.285741;(24, 2642, 5284, 10568, 21136)
2018-04-15 07:01:10.286141;(24, 2619, 5238, 10476, 20952)
2018-04-15 07:01:10.285371;(24, 2249, 4498, 8996, 17992)
2018-04-15 07:01:10.954716;(16, 2689, 5378, 10756, 21512)
2018-04-15 07:01:10.955225;(16, 2306, 4612, 9224, 18448)
2018-04-15 07:01:11.553750;(25, 2940, 5880, 11760, 23520)
2018-04-15 07:01:11.554068;(25, 2407, 4814, 9628, 19256)
2018-04-15 07:01:11.554500;(25, 2605, 5210, 10420, 20840)
2018-04-15 07:01:11.554910;(25, 2087, 4174, 8348, 16696)
2018-04-15 07:01:11.554691;(25, 2205, 4410, 8820, 17640)
2018-04-15 07:01:11.554270;(25, 2014, 4028, 8056, 16112)
2018-04-15 07:01:12.553942;(25, 2279, 4558, 9116, 18232)
2018-04-15 07:01:12.554576;(25, 2634, 5268, 10536, 21072)
2018-04-15 07:01:12.555011;(25, 2391, 4782, 9564, 19128)
2018-04-15 07:01:12.555496;(25, 2343, 4686, 9372, 18744)
2018-04-15 07:01:14.594315;(15, 2481, 4962, 9924, 19848)
2018-04-15 07:01:14.594472;(15, 2654, 5308, 10616, 21232)
2018-04-15 07:01:14.595159;(15, 2659, 5318, 10636, 21272)
2018-04-15 07:01:14.595857;(15, 2847, 5694, 11388, 22776)
2018-04-15 07:01:14.596543;(15, 2197, 4394, 8788, 17576)
2018-04-15 07:01:14.597431;(15, 2855, 5710, 11420, 22840)
2018-04-15 07:01:14.595728;(15, 2204, 4408, 8816, 17632)
2018-04-15 07:01:14.596850;(15, 2997, 5994, 11988, 23976)
2018-04-15 07:01:14.595040;(15, 2187, 4374, 8748, 17496)
2018-04-15 07:01:41.425616;(18, 2552, 5104, 10208, 20416)
2018-04-15 07:01:41.425844;(18, 2111, 4222, 8444, 16888)
2018-04-15 07:01:41.426409;(18, 2179, 4358, 8716, 17432)
2018-04-15 07:01:41.426709;(18, 2685, 5370, 10740, 21480)
2018-04-15 07:01:41.427352;(18, 2904, 5808, 11616, 23232)
2018-04-15 07:01:41.427989;(18, 2212, 4424, 8848, 17696)
2018-04-15 07:01:41.428850;(18, 2928, 5856, 11712, 23424)
2018-04-15 07:01:41.427671;(18, 2040, 4080, 8160, 16320)
2018-04-15 07:01:41.427031;(18, 2210, 4420, 8840, 17680)
2018-04-15 07:01:41.428532;(18, 2215, 4430, 8860, 17720)
2018-04-15 07:10:51.823679;(2, 2628, 5256, 10512, 21024)
2018-04-15 07:10:51.823787;(2, 2252, 4504, 9008, 18016)
2018-04-15 07:10:51.823956;(2, 2718, 5436, 10872, 21744)
2018-04-15 07:10:52.349952;(3, 2600, 5200, 10400, 20800)
2018-04-15 07:10:52.350189;(3, 2162, 4324, 8648, 17296)
2018-04-15 07:10:52.824639;(2, 2123, 4246, 8492, 16984)
2018-04-15 07:10:52.824777;(2, 2031, 4062, 8124, 16248)
2018-04-15 07:10:52.824949;(2, 2191, 4382, 8764, 17528)
2018-04-15 07:10:52.825144;(2, 2964, 5928, 11856, 23712)
2018-04-15 07:10:52.825431;(2, 2544, 5088, 10176, 20352)
2018-04-15 07:10:52.825294;(2, 2746, 5492, 10984, 21968)
2018-04-15 07:10:52.825008;(2, 2849, 5698, 11396, 22792)
2018-04-15 07:10:53.350654;(3, 2586, 5172, 10344, 20688)
2018-04-15 07:10:53.350836;(3, 2261, 4522, 9044, 18088)
2018-04-15 07:10:53.351164;(3, 2910, 5820, 11640, 23280)
2018-04-15 07:10:53.351559;(3, 2893, 5786, 11572, 23144)
2018-04-15 07:10:53.351927;(3, 2766, 5532, 11064, 22128)
2018-04-15 07:10:53.351375;(3, 2733, 5466, 10932, 21864)
2018-04-15 07:10:53.351734;(3, 2934, 5868, 11736, 23472)
2018-04-15 07:10:53.351008;(3, 2565, 5130, 10260, 20520)
2018-04-15 07:10:54.127216;(5, 2034, 4068, 8136, 16272)
2018-04-15 07:10:54.127334;(5, 2958, 5916, 11832, 23664)
2018-04-15 07:10:54.127524;(5, 2500, 5000, 10000, 20000)
2018-04-15 07:10:54.127654;(5, 2387, 4774, 9548, 19096)
2018-04-15 07:10:54.204200;(4, 2886, 5772, 11544, 23088)
2018-04-15 07:10:54.204412;(4, 2713, 5426, 10852, 21704)
2018-04-15 07:10:54.204612;(4, 2434, 4868, 9736, 19472)
2018-04-15 07:10:54.821901;(7, 2835, 5670, 11340, 22680)
2018-04-15 07:10:54.822077;(7, 2588, 5176, 10352, 20704)
2018-04-15 07:10:54.822406;(7, 2402, 4804, 9608, 19216)
2018-04-15 07:10:54.822718;(7, 2200, 4400, 8800, 17600)
2018-04-15 07:10:54.823003;(7, 2432, 4864, 9728, 19456)
2018-04-15 07:10:54.822215;(7, 2735, 5470, 10940, 21880)
2018-04-15 07:10:54.822865;(7, 2527, 5054, 10108, 20216)
2018-04-15 07:10:54.822586;(7, 2605, 5210, 10420, 20840)
2018-04-15 07:10:54.823187;(7, 2011, 4022, 8044, 16088)
2018-04-15 07:10:54.844168;(6, 2828, 5656, 11312, 22624)
2018-04-15 07:10:54.844399;(6, 2625, 5250, 10500, 21000)
2018-04-15 07:10:54.844775;(6, 2328, 4656, 9312, 18624)
2018-04-15 07:10:54.845412;(6, 2193, 4386, 8772, 17544)
2018-04-15 07:10:54.845867;(6, 2346, 4692, 9384, 18768)
2018-04-15 07:10:54.846081;(6, 2564, 5128, 10256, 20512)
2018-04-15 07:10:54.844484;(6, 2556, 5112, 10224, 20448)
2018-04-15 07:10:54.845264;(6, 2048, 4096, 8192, 16384)
2018-04-15 07:10:54.846000;(6, 2317, 4634, 9268, 18536)
2018-04-15 07:10:54.846718;(6, 2523, 5046, 10092, 20184)
2018-04-15 07:10:55.576306;(8, 2184, 4368, 8736, 17472)
2018-04-15 07:10:55.576395;(8, 2906, 5812, 11624, 23248)
2018-04-15 07:10:55.576545;(8, 2786, 5572, 11144, 22288)
2018-04-15 07:10:55.576756;(8, 2140, 4280, 8560, 17120)
2018-04-15 07:10:55.576960;(8, 2958, 5916, 11832, 23664)
2018-04-15 07:10:55.821173;(7, 2697, 5394, 10788, 21576)
2018-04-15 07:10:56.576966;(8, 2345, 4690, 9380, 18760)
2018-04-15 07:10:56.577140;(8, 2522, 5044, 10088, 20176)
2018-04-15 07:10:56.577622;(8, 2433, 4866, 9732, 19464)
2018-04-15 07:10:56.578293;(8, 2070, 4140, 8280, 16560)
2018-04-15 07:10:56.577950;(8, 2298, 4596, 9192, 18384)
2018-04-15 07:10:57.127836;(5, 2394, 4788, 9576, 19152)
2018-04-15 07:10:57.127979;(5, 2900, 5800, 11600, 23200)
2018-04-15 07:10:57.205121;(4, 2387, 4774, 9548, 19096)
2018-04-15 07:10:57.205264;(4, 2517, 5034, 10068, 20136)
2018-04-15 07:10:57.689884;(10, 2816, 5632, 11264, 22528)
2018-04-15 07:10:57.690193;(10, 2183, 4366, 8732, 17464)
2018-04-15 07:10:57.690761;(10, 2743, 5486, 10972, 21944)
2018-04-15 07:10:57.691411;(10, 2085, 4170, 8340, 16680)
2018-04-15 07:10:57.691879;(10, 2035, 4070, 8140, 16280)
2018-04-15 07:10:57.692324;(10, 2902, 5804, 11608, 23216)
2018-04-15 07:10:57.691088;(10, 2352, 4704, 9408, 18816)
2018-04-15 07:10:57.692216;(10, 2127, 4254, 8508, 17016)
2018-04-15 07:10:57.690439;(10, 2659, 5318, 10636, 21272)
2018-04-15 07:10:57.691646;(10, 2042, 4084, 8168, 16336)
2018-04-15 07:10:58.129459;(5, 2965, 5930, 11860, 23720)
2018-04-15 07:10:58.129631;(5, 2029, 4058, 8116, 16232)
2018-04-15 07:10:58.129964;(5, 2530, 5060, 10120, 20240)
2018-04-15 07:10:58.130605;(5, 2964, 5928, 11856, 23712)
2018-04-15 07:10:58.247123;(11, 2965, 5930, 11860, 23720)
2018-04-15 07:10:58.247254;(11, 2190, 4380, 8760, 17520)
2018-04-15 07:10:58.247471;(11, 2747, 5494, 10988, 21976)
2018-04-15 07:10:58.247896;(11, 2539, 5078, 10156, 20312)
2018-04-15 07:10:58.247701;(11, 2756, 5512, 11024, 22048)
2018-04-15 07:10:58.248097;(11, 2811, 5622, 11244, 22488)
2018-04-15 07:10:59.247753;(11, 2031, 4062, 8124, 16248)
2018-04-15 07:10:59.247833;(11, 2634, 5268, 10536, 21072)
2018-04-15 07:10:59.248305;(11, 2517, 5034, 10068, 20136)
2018-04-15 07:10:59.248039;(11, 2277, 4554, 9108, 18216)
2018-04-15 07:10:59.339013;(13, 2739, 5478, 10956, 21912)
2018-04-15 07:10:59.339112;(13, 2460, 4920, 9840, 19680)
2018-04-15 07:10:59.339276;(13, 2267, 4534, 9068, 18136)
2018-04-15 07:10:59.339579;(13, 2949, 5898, 11796, 23592)
2018-04-15 07:10:59.339865;(13, 2913, 5826, 11652, 23304)
2018-04-15 07:10:59.340154;(13, 2480, 4960, 9920, 19840)
2018-04-15 07:10:59.339444;(13, 2318, 4636, 9272, 18544)
2018-04-15 07:10:59.340014;(13, 2807, 5614, 11228, 22456)
2018-04-15 07:10:59.340362;(13, 2909, 5818, 11636, 23272)
2018-04-15 07:10:59.339718;(13, 2231, 4462, 8924, 17848)
2018-04-15 07:10:59.642281;(14, 2004, 4008, 8016, 16032)
2018-04-15 07:10:59.642413;(14, 2840, 5680, 11360, 22720)
2018-04-15 07:10:59.642634;(14, 2365, 4730, 9460, 18920)
2018-04-15 07:10:59.642847;(14, 2162, 4324, 8648, 17296)
2018-04-15 07:10:59.762197;(15, 2378, 4756, 9512, 19024)
2018-04-15 07:10:59.762281;(15, 2486, 4972, 9944, 19888)
2018-04-15 07:11:00.508371;(17, 2031, 4062, 8124, 16248)
2018-04-15 07:11:00.508486;(17, 2444, 4888, 9776, 19552)
2018-04-15 07:11:00.508696;(17, 2788, 5576, 11152, 22304)
2018-04-15 07:11:00.509045;(17, 2751, 5502, 11004, 22008)
2018-04-15 07:11:00.508828;(17, 2316, 4632, 9264, 18528)
2018-04-15 07:11:00.582882;(18, 2518, 5036, 10072, 20144)
2018-04-15 07:11:00.583043;(18, 2387, 4774, 9548, 19096)
2018-04-15 07:11:00.642323;(14, 2359, 4718, 9436, 18872)
2018-04-15 07:11:00.642738;(14, 2384, 4768, 9536, 19072)
2018-04-15 07:11:00.643076;(14, 3000, 6000, 12000, 24000)
2018-04-15 07:11:00.642919;(14, 2267, 4534, 9068, 18136)
2018-04-15 07:11:00.945197;(19, 2464, 4928, 9856, 19712)
2018-04-15 07:11:00.945284;(19, 2035, 4070, 8140, 16280)
2018-04-15 07:11:01.034340;(12, 2293, 4586, 9172, 18344)
2018-04-15 07:11:01.582973;(18, 2597, 5194, 10388, 20776)
2018-04-15 07:11:01.945447;(19, 2106, 4212, 8424, 16848)
2018-04-15 07:11:01.945630;(19, 2501, 5002, 10004, 20008)
2018-04-15 07:11:02.444035;(20, 2790, 5580, 11160, 22320)
2018-04-15 07:11:02.444317;(20, 2424, 4848, 9696, 19392)
2018-04-15 07:11:02.444432;(20, 2730, 5460, 10920, 21840)
2018-04-15 07:11:02.763910;(15, 2344, 4688, 9376, 18752)
2018-04-15 07:11:02.764050;(15, 2257, 4514, 9028, 18056)
2018-04-15 07:11:02.764289;(15, 2038, 4076, 8152, 16304)
2018-04-15 07:11:02.764178;(15, 2830, 5660, 11320, 22640)
2018-04-15 07:11:02.764489;(15, 2262, 4524, 9048, 18096)
2018-04-15 07:11:02.775739;(21, 2191, 4382, 8764, 17528)
2018-04-15 07:11:02.776251;(21, 2156, 4312, 8624, 17248)
2018-04-15 07:11:02.776355;(21, 2814, 5628, 11256, 22512)
2018-04-15 07:11:02.776464;(21, 2503, 5006, 10012, 20024)
2018-04-15 07:11:02.776688;(21, 2232, 4464, 8928, 17856)
2018-04-15 07:11:02.777025;(21, 2090, 4180, 8360, 16720)
2018-04-15 07:11:02.777364;(21, 2128, 4256, 8512, 17024)
2018-04-15 07:11:02.776823;(21, 2317, 4634, 9268, 18536)
2018-04-15 07:11:02.777424;(21, 2899, 5798, 11596, 23192)
2018-04-15 07:11:02.777245;(21, 2166, 4332, 8664, 17328)
2018-04-15 07:11:03.018749;(22, 2830, 5660, 11320, 22640)
2018-04-15 07:11:03.018896;(22, 2388, 4776, 9552, 19104)
2018-04-15 07:11:03.112625;(16, 2080, 4160, 8320, 16640)
2018-04-15 07:11:03.112767;(16, 2189, 4378, 8756, 17512)
2018-04-15 07:11:03.508873;(17, 2886, 5772, 11544, 23088)
2018-04-15 07:11:03.564023;(9, 2752, 5504, 11008, 22016)
2018-04-15 07:11:03.659835;(23, 2961, 5922, 11844, 23688)
2018-04-15 07:11:03.659935;(23, 2822, 5644, 11288, 22576)
2018-04-15 07:11:03.660221;(23, 2709, 5418, 10836, 21672)
2018-04-15 07:11:03.947143;(19, 2011, 4022, 8044, 16088)
2018-04-15 07:11:03.947345;(19, 2296, 4592, 9184, 18368)
2018-04-15 07:11:03.947731;(19, 2269, 4538, 9076, 18152)
2018-04-15 07:11:03.948220;(19, 2799, 5598, 11196, 22392)
2018-04-15 07:11:03.947942;(19, 2209, 4418, 8836, 17672)
2018-04-15 07:11:03.947550;(19, 2342, 4684, 9368, 18736)
2018-04-15 07:11:04.565193;(9, 2228, 4456, 8912, 17824)
2018-04-15 07:11:04.565422;(9, 2587, 5174, 10348, 20696)
2018-04-15 07:11:04.565825;(9, 2143, 4286, 8572, 17144)
2018-04-15 07:11:04.566139;(9, 2854, 5708, 11416, 22832)
2018-04-15 07:11:04.566419;(9, 2264, 4528, 9056, 18112)
2018-04-15 07:11:04.565653;(9, 2698, 5396, 10792, 21584)
2018-04-15 07:11:04.566280;(9, 2716, 5432, 10864, 21728)
2018-04-15 07:11:04.566655;(9, 2412, 4824, 9648, 19296)
2018-04-15 07:11:04.565992;(9, 2473, 4946, 9892, 19784)
2018-04-15 07:11:04.764358;(15, 2331, 4662, 9324, 18648)
2018-04-15 07:11:04.764501;(15, 2197, 4394, 8788, 17576)
2018-04-15 07:11:04.764695;(15, 2007, 4014, 8028, 16056)
2018-04-15 07:11:05.445023;(20, 2852, 5704, 11408, 22816)
2018-04-15 07:11:05.445214;(20, 2031, 4062, 8124, 16248)
2018-04-15 07:11:05.445407;(20, 2627, 5254, 10508, 21016)
2018-04-15 07:11:05.445799;(20, 2551, 5102, 10204, 20408)
2018-04-15 07:11:05.445314;(20, 2878, 5756, 11512, 23024)
2018-04-15 07:11:05.445501;(20, 2425, 4850, 9700, 19400)
2018-04-15 07:11:05.446182;(20, 2878, 5756, 11512, 23024)
2018-04-15 07:11:05.660293;(23, 2049, 4098, 8196, 16392)
2018-04-15 07:11:06.018930;(22, 2012, 4024, 8048, 16096)
2018-04-15 07:11:06.661177;(23, 2303, 4606, 9212, 18424)
2018-04-15 07:11:06.661420;(23, 2196, 4392, 8784, 17568)
2018-04-15 07:11:06.661943;(23, 2129, 4258, 8516, 17032)
2018-04-15 07:11:06.662485;(23, 2045, 4090, 8180, 16360)
2018-04-15 07:11:06.662305;(23, 2119, 4238, 8476, 16952)
2018-04-15 07:11:06.661697;(23, 2764, 5528, 11056, 22112)
2018-04-15 07:11:08.019864;(22, 2770, 5540, 11080, 22160)
2018-04-15 07:11:08.020097;(22, 2377, 4754, 9508, 19016)
2018-04-15 07:11:08.020209;(22, 2476, 4952, 9904, 19808)
2018-04-15 07:11:09.020787;(22, 2403, 4806, 9612, 19224)
2018-04-15 07:11:09.020936;(22, 2251, 4502, 9004, 18008)
2018-04-15 07:11:09.021071;(22, 2097, 4194, 8388, 16776)
2018-04-15 07:11:09.037470;(12, 2202, 4404, 8808, 17616)
2018-04-15 07:11:09.037716;(12, 2371, 4742, 9484, 18968)
2018-04-15 07:11:09.038115;(12, 2373, 4746, 9492, 18984)
2018-04-15 07:11:09.038590;(12, 2587, 5174, 10348, 20696)
2018-04-15 07:11:09.039100;(12, 2624, 5248, 10496, 20992)
2018-04-15 07:11:09.037946;(12, 2991, 5982, 11964, 23928)
2018-04-15 07:11:09.038839;(12, 2739, 5478, 10956, 21912)
2018-04-15 07:11:09.038339;(12, 2579, 5158, 10316, 20632)
2018-04-15 07:11:09.039500;(12, 2097, 4194, 8388, 16776)
2018-04-15 07:11:11.021050;(22, 2321, 4642, 9284, 18568)
2018-04-15 07:11:11.510417;(17, 2419, 4838, 9676, 19352)
2018-04-15 07:11:11.930625;(26, 2234, 4468, 8936, 17872)
2018-04-15 07:11:11.931286;(26, 2689, 5378, 10756, 21512)
2018-04-15 07:11:11.931599;(26, 2009, 4018, 8036, 16072)
2018-04-15 07:11:11.931745;(26, 2793, 5586, 11172, 22344)
2018-04-15 07:11:11.932072;(26, 2080, 4160, 8320, 16640)
2018-04-15 07:11:12.511449;(17, 2877, 5754, 11508, 23016)
2018-04-15 07:11:12.511607;(17, 2988, 5976, 11952, 23904)
2018-04-15 07:11:12.511816;(17, 2491, 4982, 9964, 19928)
2018-04-15 07:11:14.208536;(4, 2746, 5492, 10984, 21968)
2018-04-15 07:11:14.208869;(4, 2968, 5936, 11872, 23744)
2018-04-15 07:11:17.209439;(4, 2158, 4316, 8632, 17264)
2018-04-15 07:11:17.209927;(4, 2394, 4788, 9576, 19152)
2018-04-15 07:11:17.210041;(4, 2726, 5452, 10904, 21808)
2018-04-15 07:11:18.117019;(16, 2852, 5704, 11408, 22816)
2018-04-15 07:11:18.117163;(16, 2281, 4562, 9124, 18248)
2018-04-15 07:11:18.117478;(16, 2097, 4194, 8388, 16776)
2018-04-15 07:11:18.118181;(16, 2700, 5400, 10800, 21600)
2018-04-15 07:11:18.118764;(16, 2085, 4170, 8340, 16680)
2018-04-15 07:11:18.117870;(16, 2963, 5926, 11852, 23704)
2018-04-15 07:11:18.118885;(16, 2916, 5832, 11664, 23328)
2018-04-15 07:11:18.118583;(16, 2210, 4420, 8840, 17680)
2018-04-15 07:11:18.932862;(26, 2259, 4518, 9036, 18072)
2018-04-15 07:11:18.933000;(26, 2501, 5002, 10004, 20008)
2018-04-15 07:11:18.933270;(26, 2210, 4420, 8840, 17680)
2018-04-15 07:11:18.933689;(26, 2823, 5646, 11292, 22584)
2018-04-15 07:11:18.933130;(26, 2321, 4642, 9284, 18568)
2018-04-15 07:11:35.463893;(24, 3000, 6000, 12000, 24000)
2018-04-15 07:11:36.651090;(14, 2863, 5726, 11452, 22904)
2018-04-15 07:11:36.651388;(14, 2588, 5176, 10352, 20704)
2018-04-15 07:11:37.464820;(24, 2380, 4760, 9520, 19040)
2018-04-15 07:11:37.464990;(24, 2545, 5090, 10180, 20360)
2018-04-15 07:11:37.465413;(24, 2660, 5320, 10640, 21280)
2018-04-15 07:11:37.465902;(24, 2874, 5748, 11496, 22992)
2018-04-15 07:11:37.465144;(24, 2281, 4562, 9124, 18248)
2018-04-15 07:11:37.465665;(24, 2052, 4104, 8208, 16416)
2018-04-15 07:11:38.465371;(24, 2458, 4916, 9832, 19664)
2018-04-15 07:11:38.465631;(24, 2645, 5290, 10580, 21160)
2018-04-15 07:11:39.591876;(18, 2365, 4730, 9460, 18920)
2018-04-15 07:11:39.729759;(25, 2691, 5382, 10764, 21528)
2018-04-15 07:11:39.730132;(25, 2353, 4706, 9412, 18824)
2018-04-15 07:11:39.730303;(25, 2628, 5256, 10512, 21024)
2018-04-15 07:11:39.730532;(25, 2535, 5070, 10140, 20280)
2018-04-15 07:11:39.730638;(25, 2315, 4630, 9260, 18520)
2018-04-15 07:11:55.470086;(24, 2765, 5530, 11060, 22120)
2018-04-15 07:11:56.596935;(18, 2577, 5154, 10308, 20616)
2018-04-15 07:11:56.597080;(18, 2266, 4532, 9064, 18128)
2018-04-15 07:11:56.597352;(18, 2609, 5218, 10436, 20872)
2018-04-15 07:11:56.597493;(18, 2131, 4262, 8524, 17048)
2018-04-15 07:11:56.597213;(18, 2398, 4796, 9592, 19184)
2018-04-15 07:11:57.597264;(18, 2418, 4836, 9672, 19344)
2018-04-15 07:12:18.741163;(25, 2285, 4570, 9140, 18280)
2018-04-15 07:12:20.742780;(25, 2390, 4780, 9560, 19120)
2018-04-15 07:12:20.743010;(25, 2706, 5412, 10824, 21648)
2018-04-15 07:12:20.743215;(25, 2043, 4086, 8172, 16344)
2018-04-15 07:12:20.743375;(25, 2552, 5104, 10208, 20416)
