2018-03-21 01:30:25.268764;(17, (0, 0, 0, 0, 0, 0, 0, 0, 0, 0, 0, 0, 0, 0, 0, 0))
2018-03-21 01:30:25.327965;(19, (254, 128, 0, 0, 0, 0, 0, 0, 253, 255, 255, 255, 255, 255, 0, 14))
2018-03-21 01:30:25.333222;(26, (254, 128, 0, 0, 0, 0, 0, 0, 253, 255, 255, 255, 255, 255, 0, 19))
2018-03-21 01:30:25.426513;(15, (254, 128, 0, 0, 0, 0, 0, 0, 253, 255, 255, 255, 255, 255, 0, 21))
2018-03-21 01:30:25.432891;(14, (254, 128, 0, 0, 0, 0, 0, 0, 253, 255, 255, 255, 255, 255, 0, 3))
2018-03-21 01:30:25.522303;(24, (254, 128, 0, 0, 0, 0, 0, 0, 253, 255, 255, 255, 255, 255, 0, 19))
2018-03-21 01:30:25.528261;(9, (254, 128, 0, 0, 0, 0, 0, 0, 253, 255, 255, 255, 255, 255, 0, 21))
2018-03-21 01:30:25.603914;(10, (254, 128, 0, 0, 0, 0, 0, 0, 253, 255, 255, 255, 255, 255, 0, 23))
2018-03-21 01:30:25.624793;(13, (254, 128, 0, 0, 0, 0, 0, 0, 253, 255, 255, 255, 255, 255, 0, 26))
2018-03-21 01:30:25.696907;(16, (254, 128, 0, 0, 0, 0, 0, 0, 253, 255, 255, 255, 255, 255, 0, 6))
2018-03-21 01:30:25.718484;(22, (254, 128, 0, 0, 0, 0, 0, 0, 253, 255, 255, 255, 255, 255, 0, 1))
2018-03-21 01:30:25.751728;(1, (0, 0, 0, 0, 0, 0, 0, 0, 0, 0, 0, 0, 0, 0, 0, 0))
2018-03-21 01:30:25.809067;(2, (254, 128, 0, 0, 0, 0, 0, 0, 253, 255, 255, 255, 255, 255, 0, 20))
2018-03-21 01:30:25.830319;(3, (254, 128, 0, 0, 0, 0, 0, 0, 253, 255, 255, 255, 255, 255, 0, 1))
2018-03-21 01:30:25.873385;(12, (254, 128, 0, 0, 0, 0, 0, 0, 253, 255, 255, 255, 255, 255, 0, 14))
2018-03-21 01:30:25.896837;(23, (0, 0, 0, 0, 0, 0, 0, 0, 0, 0, 0, 0, 0, 0, 0, 0))
2018-03-21 01:30:25.916491;(18, (254, 128, 0, 0, 0, 0, 0, 0, 253, 255, 255, 255, 255, 255, 0, 7))
2018-03-21 01:30:25.966764;(20, (254, 128, 0, 0, 0, 0, 0, 0, 253, 255, 255, 255, 255, 255, 0, 1))
2018-03-21 01:30:25.988513;(5, (254, 128, 0, 0, 0, 0, 0, 0, 253, 255, 255, 255, 255, 255, 0, 9))
2018-03-21 01:30:26.000736;(6, (254, 128, 0, 0, 0, 0, 0, 0, 253, 255, 255, 255, 255, 255, 0, 1))
2018-03-21 01:30:26.067281;(21, (254, 128, 0, 0, 0, 0, 0, 0, 253, 255, 255, 255, 255, 255, 0, 1))
2018-03-21 01:30:26.087741;(11, (0, 0, 0, 0, 0, 0, 0, 0, 0, 0, 0, 0, 0, 0, 0, 0))
2018-03-21 01:30:26.092414;(7, (254, 128, 0, 0, 0, 0, 0, 0, 253, 255, 255, 255, 255, 255, 0, 1))
2018-03-21 01:30:26.152577;(8, (254, 128, 0, 0, 0, 0, 0, 0, 253, 255, 255, 255, 255, 255, 0, 21))
2018-03-21 01:30:26.184762;(25, (254, 128, 0, 0, 0, 0, 0, 0, 253, 255, 255, 255, 255, 255, 0, 5))
2018-03-21 01:30:26.242338;(4, (254, 128, 0, 0, 0, 0, 0, 0, 253, 255, 255, 255, 255, 255, 0, 5))
2018-03-21 01:31:25.278672;(17, (254, 128, 0, 0, 0, 0, 0, 0, 253, 255, 255, 255, 255, 255, 0, 11))
2018-03-21 01:31:25.338952;(19, (254, 128, 0, 0, 0, 0, 0, 0, 253, 255, 255, 255, 255, 255, 0, 14))
2018-03-21 01:31:25.341039;(26, (254, 128, 0, 0, 0, 0, 0, 0, 253, 255, 255, 255, 255, 255, 0, 11))
2018-03-21 01:31:25.435434;(15, (254, 128, 0, 0, 0, 0, 0, 0, 253, 255, 255, 255, 255, 255, 0, 14))
2018-03-21 01:31:25.441867;(14, (254, 128, 0, 0, 0, 0, 0, 0, 253, 255, 255, 255, 255, 255, 0, 8))
2018-03-21 01:31:25.531977;(24, (254, 128, 0, 0, 0, 0, 0, 0, 253, 255, 255, 255, 255, 255, 0, 26))
2018-03-21 01:31:25.537853;(9, (254, 128, 0, 0, 0, 0, 0, 0, 253, 255, 255, 255, 255, 255, 0, 8))
2018-03-21 01:31:25.616106;(10, (254, 128, 0, 0, 0, 0, 0, 0, 253, 255, 255, 255, 255, 255, 0, 23))
2018-03-21 01:31:25.634062;(13, (254, 128, 0, 0, 0, 0, 0, 0, 253, 255, 255, 255, 255, 255, 0, 26))
2018-03-21 01:31:25.720144;(16, (254, 128, 0, 0, 0, 0, 0, 0, 253, 255, 255, 255, 255, 255, 0, 22))
2018-03-21 01:31:25.733725;(22, (254, 128, 0, 0, 0, 0, 0, 0, 253, 255, 255, 255, 255, 255, 0, 6))
2018-03-21 01:31:25.761972;(1, (0, 0, 0, 0, 0, 0, 0, 0, 0, 0, 0, 0, 0, 0, 0, 0))
2018-03-21 01:31:25.831331;(2, (254, 128, 0, 0, 0, 0, 0, 0, 253, 255, 255, 255, 255, 255, 0, 20))
2018-03-21 01:31:25.856859;(3, (254, 128, 0, 0, 0, 0, 0, 0, 253, 255, 255, 255, 255, 255, 0, 1))
2018-03-21 01:31:25.887767;(12, (0, 0, 0, 0, 0, 0, 0, 0, 0, 0, 0, 0, 0, 0, 0, 0))
2018-03-21 01:31:25.912115;(23, (254, 128, 0, 0, 0, 0, 0, 0, 253, 255, 255, 255, 255, 255, 0, 20))
2018-03-21 01:31:25.931139;(18, (254, 128, 0, 0, 0, 0, 0, 0, 253, 255, 255, 255, 255, 255, 0, 10))
2018-03-21 01:31:25.988567;(20, (254, 128, 0, 0, 0, 0, 0, 0, 253, 255, 255, 255, 255, 255, 0, 3))
2018-03-21 01:31:26.001597;(5, (254, 128, 0, 0, 0, 0, 0, 0, 253, 255, 255, 255, 255, 255, 0, 19))
2018-03-21 01:31:26.024452;(6, (254, 128, 0, 0, 0, 0, 0, 0, 253, 255, 255, 255, 255, 255, 0, 1))
2018-03-21 01:31:26.092493;(21, (254, 128, 0, 0, 0, 0, 0, 0, 253, 255, 255, 255, 255, 255, 0, 6))
2018-03-21 01:31:26.102059;(11, (254, 128, 0, 0, 0, 0, 0, 0, 253, 255, 255, 255, 255, 255, 0, 10))
2018-03-21 01:31:26.116591;(7, (254, 128, 0, 0, 0, 0, 0, 0, 253, 255, 255, 255, 255, 255, 0, 20))
2018-03-21 01:31:26.175442;(8, (254, 128, 0, 0, 0, 0, 0, 0, 253, 255, 255, 255, 255, 255, 0, 22))
2018-03-21 01:31:26.198537;(25, (254, 128, 0, 0, 0, 0, 0, 0, 253, 255, 255, 255, 255, 255, 0, 26))
2018-03-21 01:31:26.251033;(4, (254, 128, 0, 0, 0, 0, 0, 0, 253, 255, 255, 255, 255, 255, 0, 26))
2018-03-21 01:32:25.288290;(17, (254, 128, 0, 0, 0, 0, 0, 0, 253, 255, 255, 255, 255, 255, 0, 11))
2018-03-21 01:32:25.347047;(19, (254, 128, 0, 0, 0, 0, 0, 0, 253, 255, 255, 255, 255, 255, 0, 9))
2018-03-21 01:32:25.348841;(26, (254, 128, 0, 0, 0, 0, 0, 0, 253, 255, 255, 255, 255, 255, 0, 13))
2018-03-21 01:32:25.447108;(15, (0, 0, 0, 0, 0, 0, 0, 0, 0, 0, 0, 0, 0, 0, 0, 0))
2018-03-21 01:32:25.451201;(14, (254, 128, 0, 0, 0, 0, 0, 0, 253, 255, 255, 255, 255, 255, 0, 9))
2018-03-21 01:32:25.540929;(24, (254, 128, 0, 0, 0, 0, 0, 0, 253, 255, 255, 255, 255, 255, 0, 4))
2018-03-21 01:32:25.548420;(9, (254, 128, 0, 0, 0, 0, 0, 0, 253, 255, 255, 255, 255, 255, 0, 14))
2018-03-21 01:32:25.627938;(10, (254, 128, 0, 0, 0, 0, 0, 0, 253, 255, 255, 255, 255, 255, 0, 2))
2018-03-21 01:32:25.646895;(13, (0, 0, 0, 0, 0, 0, 0, 0, 0, 0, 0, 0, 0, 0, 0, 0))
2018-03-21 01:32:25.741489;(16, (0, 0, 0, 0, 0, 0, 0, 0, 0, 0, 0, 0, 0, 0, 0, 0))
2018-03-21 01:32:25.756303;(22, (0, 0, 0, 0, 0, 0, 0, 0, 0, 0, 0, 0, 0, 0, 0, 0))
2018-03-21 01:32:25.773894;(1, (0, 0, 0, 0, 0, 0, 0, 0, 0, 0, 0, 0, 0, 0, 0, 0))
2018-03-21 01:32:25.854762;(2, (254, 128, 0, 0, 0, 0, 0, 0, 253, 255, 255, 255, 255, 255, 0, 20))
2018-03-21 01:32:25.881616;(3, (254, 128, 0, 0, 0, 0, 0, 0, 253, 255, 255, 255, 255, 255, 0, 1))
2018-03-21 01:32:25.899616;(12, (254, 128, 0, 0, 0, 0, 0, 0, 253, 255, 255, 255, 255, 255, 0, 9))
2018-03-21 01:32:25.932213;(23, (254, 128, 0, 0, 0, 0, 0, 0, 253, 255, 255, 255, 255, 255, 0, 2))
2018-03-21 01:32:25.947171;(18, (0, 0, 0, 0, 0, 0, 0, 0, 0, 0, 0, 0, 0, 0, 0, 0))
2018-03-21 01:32:26.008702;(20, (254, 128, 0, 0, 0, 0, 0, 0, 253, 255, 255, 255, 255, 255, 0, 3))
2018-03-21 01:32:26.016862;(5, (254, 128, 0, 0, 0, 0, 0, 0, 253, 255, 255, 255, 255, 255, 0, 13))
2018-03-21 01:32:26.109630;(21, (254, 128, 0, 0, 0, 0, 0, 0, 253, 255, 255, 255, 255, 255, 0, 14))
2018-03-21 01:32:26.115238;(11, (0, 0, 0, 0, 0, 0, 0, 0, 0, 0, 0, 0, 0, 0, 0, 0))
2018-03-21 01:32:26.138946;(7, (254, 128, 0, 0, 0, 0, 0, 0, 253, 255, 255, 255, 255, 255, 0, 20))
2018-03-21 01:32:26.191202;(8, (0, 0, 0, 0, 0, 0, 0, 0, 0, 0, 0, 0, 0, 0, 0, 0))
2018-03-21 01:32:26.209918;(25, (254, 128, 0, 0, 0, 0, 0, 0, 253, 255, 255, 255, 255, 255, 0, 5))
2018-03-21 01:32:26.261004;(4, (254, 128, 0, 0, 0, 0, 0, 0, 253, 255, 255, 255, 255, 255, 0, 13))
2018-03-21 01:33:25.304398;(17, (0, 0, 0, 0, 0, 0, 0, 0, 0, 0, 0, 0, 0, 0, 0, 0))
2018-03-21 01:33:25.362667;(19, (0, 0, 0, 0, 0, 0, 0, 0, 0, 0, 0, 0, 0, 0, 0, 0))
2018-03-21 01:33:25.363943;(26, (0, 0, 0, 0, 0, 0, 0, 0, 0, 0, 0, 0, 0, 0, 0, 0))
2018-03-21 01:33:25.462449;(15, (0, 0, 0, 0, 0, 0, 0, 0, 0, 0, 0, 0, 0, 0, 0, 0))
2018-03-21 01:33:25.467152;(14, (0, 0, 0, 0, 0, 0, 0, 0, 0, 0, 0, 0, 0, 0, 0, 0))
2018-03-21 01:33:25.556741;(24, (0, 0, 0, 0, 0, 0, 0, 0, 0, 0, 0, 0, 0, 0, 0, 0))
2018-03-21 01:33:25.564795;(9, (0, 0, 0, 0, 0, 0, 0, 0, 0, 0, 0, 0, 0, 0, 0, 0))
2018-03-21 01:33:25.643830;(10, (0, 0, 0, 0, 0, 0, 0, 0, 0, 0, 0, 0, 0, 0, 0, 0))
2018-03-21 01:33:25.664691;(13, (0, 0, 0, 0, 0, 0, 0, 0, 0, 0, 0, 0, 0, 0, 0, 0))
2018-03-21 01:33:25.766830;(16, (0, 0, 0, 0, 0, 0, 0, 0, 0, 0, 0, 0, 0, 0, 0, 0))
2018-03-21 01:33:25.782404;(22, (0, 0, 0, 0, 0, 0, 0, 0, 0, 0, 0, 0, 0, 0, 0, 0))
2018-03-21 01:33:25.791549;(1, (0, 0, 0, 0, 0, 0, 0, 0, 0, 0, 0, 0, 0, 0, 0, 0))
2018-03-21 01:33:25.880615;(2, (0, 0, 0, 0, 0, 0, 0, 0, 0, 0, 0, 0, 0, 0, 0, 0))
2018-03-21 01:33:25.908478;(3, (0, 0, 0, 0, 0, 0, 0, 0, 0, 0, 0, 0, 0, 0, 0, 0))
2018-03-21 01:33:25.916533;(12, (0, 0, 0, 0, 0, 0, 0, 0, 0, 0, 0, 0, 0, 0, 0, 0))
2018-03-21 01:33:25.951440;(23, (0, 0, 0, 0, 0, 0, 0, 0, 0, 0, 0, 0, 0, 0, 0, 0))
2018-03-21 01:33:25.964371;(18, (0, 0, 0, 0, 0, 0, 0, 0, 0, 0, 0, 0, 0, 0, 0, 0))
2018-03-21 01:33:26.034414;(20, (0, 0, 0, 0, 0, 0, 0, 0, 0, 0, 0, 0, 0, 0, 0, 0))
2018-03-21 01:33:26.035769;(5, (0, 0, 0, 0, 0, 0, 0, 0, 0, 0, 0, 0, 0, 0, 0, 0))
2018-03-21 01:33:26.076317;(6, (0, 0, 0, 0, 0, 0, 0, 0, 0, 0, 0, 0, 0, 0, 0, 0))
2018-03-21 01:33:26.126983;(21, (0, 0, 0, 0, 0, 0, 0, 0, 0, 0, 0, 0, 0, 0, 0, 0))
2018-03-21 01:33:26.132448;(11, (0, 0, 0, 0, 0, 0, 0, 0, 0, 0, 0, 0, 0, 0, 0, 0))
2018-03-21 01:33:26.166792;(7, (0, 0, 0, 0, 0, 0, 0, 0, 0, 0, 0, 0, 0, 0, 0, 0))
2018-03-21 01:33:26.209673;(8, (0, 0, 0, 0, 0, 0, 0, 0, 0, 0, 0, 0, 0, 0, 0, 0))
2018-03-21 01:33:26.226151;(25, (0, 0, 0, 0, 0, 0, 0, 0, 0, 0, 0, 0, 0, 0, 0, 0))
2018-03-21 01:33:26.277161;(4, (0, 0, 0, 0, 0, 0, 0, 0, 0, 0, 0, 0, 0, 0, 0, 0))
2018-03-21 01:34:25.322753;(17, (0, 0, 0, 0, 0, 0, 0, 0, 0, 0, 0, 0, 0, 0, 0, 0))
2018-03-21 01:34:25.379555;(19, (0, 0, 0, 0, 0, 0, 0, 0, 0, 0, 0, 0, 0, 0, 0, 0))
2018-03-21 01:34:25.381015;(26, (0, 0, 0, 0, 0, 0, 0, 0, 0, 0, 0, 0, 0, 0, 0, 0))
2018-03-21 01:34:25.479257;(15, (0, 0, 0, 0, 0, 0, 0, 0, 0, 0, 0, 0, 0, 0, 0, 0))
2018-03-21 01:34:25.484624;(14, (0, 0, 0, 0, 0, 0, 0, 0, 0, 0, 0, 0, 0, 0, 0, 0))
2018-03-21 01:34:25.572963;(24, (0, 0, 0, 0, 0, 0, 0, 0, 0, 0, 0, 0, 0, 0, 0, 0))
2018-03-21 01:34:25.581136;(9, (0, 0, 0, 0, 0, 0, 0, 0, 0, 0, 0, 0, 0, 0, 0, 0))
2018-03-21 01:34:25.660365;(10, (0, 0, 0, 0, 0, 0, 0, 0, 0, 0, 0, 0, 0, 0, 0, 0))
2018-03-21 01:34:25.682952;(13, (0, 0, 0, 0, 0, 0, 0, 0, 0, 0, 0, 0, 0, 0, 0, 0))
2018-03-21 01:34:25.789527;(16, (0, 0, 0, 0, 0, 0, 0, 0, 0, 0, 0, 0, 0, 0, 0, 0))
2018-03-21 01:34:25.810325;(22, (0, 0, 0, 0, 0, 0, 0, 0, 0, 0, 0, 0, 0, 0, 0, 0))
2018-03-21 01:34:25.811505;(1, (0, 0, 0, 0, 0, 0, 0, 0, 0, 0, 0, 0, 0, 0, 0, 0))
2018-03-21 01:34:25.908211;(2, (0, 0, 0, 0, 0, 0, 0, 0, 0, 0, 0, 0, 0, 0, 0, 0))
2018-03-21 01:34:25.940005;(3, (0, 0, 0, 0, 0, 0, 0, 0, 0, 0, 0, 0, 0, 0, 0, 0))
2018-03-21 01:34:25.940801;(12, (0, 0, 0, 0, 0, 0, 0, 0, 0, 0, 0, 0, 0, 0, 0, 0))
2018-03-21 01:34:25.972036;(23, (0, 0, 0, 0, 0, 0, 0, 0, 0, 0, 0, 0, 0, 0, 0, 0))
2018-03-21 01:34:25.982525;(18, (0, 0, 0, 0, 0, 0, 0, 0, 0, 0, 0, 0, 0, 0, 0, 0))
2018-03-21 01:34:26.050922;(5, (0, 0, 0, 0, 0, 0, 0, 0, 0, 0, 0, 0, 0, 0, 0, 0))
2018-03-21 01:34:26.064146;(20, (0, 0, 0, 0, 0, 0, 0, 0, 0, 0, 0, 0, 0, 0, 0, 0))
2018-03-21 01:34:26.106698;(6, (0, 0, 0, 0, 0, 0, 0, 0, 0, 0, 0, 0, 0, 0, 0, 0))
2018-03-21 01:34:26.146703;(21, (0, 0, 0, 0, 0, 0, 0, 0, 0, 0, 0, 0, 0, 0, 0, 0))
2018-03-21 01:34:26.149720;(11, (0, 0, 0, 0, 0, 0, 0, 0, 0, 0, 0, 0, 0, 0, 0, 0))
2018-03-21 01:34:26.196703;(7, (0, 0, 0, 0, 0, 0, 0, 0, 0, 0, 0, 0, 0, 0, 0, 0))
2018-03-21 01:34:26.228881;(8, (0, 0, 0, 0, 0, 0, 0, 0, 0, 0, 0, 0, 0, 0, 0, 0))
2018-03-21 01:34:26.243223;(25, (0, 0, 0, 0, 0, 0, 0, 0, 0, 0, 0, 0, 0, 0, 0, 0))
2018-03-21 01:34:26.293818;(4, (0, 0, 0, 0, 0, 0, 0, 0, 0, 0, 0, 0, 0, 0, 0, 0))
2018-03-21 01:35:25.335468;(17, (254, 128, 0, 0, 0, 0, 0, 0, 253, 255, 255, 255, 255, 255, 0, 11))
2018-03-21 01:35:25.391056;(19, (254, 128, 0, 0, 0, 0, 0, 0, 253, 255, 255, 255, 255, 255, 0, 26))
2018-03-21 01:35:25.393613;(26, (254, 128, 0, 0, 0, 0, 0, 0, 253, 255, 255, 255, 255, 255, 0, 11))
2018-03-21 01:35:25.491407;(15, (0, 0, 0, 0, 0, 0, 0, 0, 0, 0, 0, 0, 0, 0, 0, 0))
2018-03-21 01:35:25.496187;(14, (0, 0, 0, 0, 0, 0, 0, 0, 0, 0, 0, 0, 0, 0, 0, 0))
2018-03-21 01:35:25.584537;(24, (254, 128, 0, 0, 0, 0, 0, 0, 253, 255, 255, 255, 255, 255, 0, 4))
2018-03-21 01:35:25.593412;(9, (254, 128, 0, 0, 0, 0, 0, 0, 253, 255, 255, 255, 255, 255, 0, 26))
2018-03-21 01:35:25.671343;(10, (254, 128, 0, 0, 0, 0, 0, 0, 253, 255, 255, 255, 255, 255, 0, 2))
2018-03-21 01:35:25.696517;(13, (254, 128, 0, 0, 0, 0, 0, 0, 253, 255, 255, 255, 255, 255, 0, 17))
2018-03-21 01:35:25.808660;(16, (254, 128, 0, 0, 0, 0, 0, 0, 253, 255, 255, 255, 255, 255, 0, 22))
2018-03-21 01:35:25.839525;(1, (0, 0, 0, 0, 0, 0, 0, 0, 0, 0, 0, 0, 0, 0, 0, 0))
2018-03-21 01:35:25.842137;(22, (254, 128, 0, 0, 0, 0, 0, 0, 253, 255, 255, 255, 255, 255, 0, 9))
2018-03-21 01:35:25.932955;(2, (254, 128, 0, 0, 0, 0, 0, 0, 253, 255, 255, 255, 255, 255, 0, 7))
2018-03-21 01:35:25.959820;(12, (0, 0, 0, 0, 0, 0, 0, 0, 0, 0, 0, 0, 0, 0, 0, 0))
2018-03-21 01:35:25.991653;(23, (254, 128, 0, 0, 0, 0, 0, 0, 253, 255, 255, 255, 255, 255, 0, 2))
2018-03-21 01:35:25.999606;(18, (0, 0, 0, 0, 0, 0, 0, 0, 0, 0, 0, 0, 0, 0, 0, 0))
2018-03-21 01:35:26.061343;(5, (254, 128, 0, 0, 0, 0, 0, 0, 253, 255, 255, 255, 255, 255, 0, 11))
2018-03-21 01:35:26.088525;(20, (254, 128, 0, 0, 0, 0, 0, 0, 253, 255, 255, 255, 255, 255, 0, 2))
2018-03-21 01:35:26.131117;(6, (0, 0, 0, 0, 0, 0, 0, 0, 0, 0, 0, 0, 0, 0, 0, 0))
2018-03-21 01:35:26.163462;(21, (0, 0, 0, 0, 0, 0, 0, 0, 0, 0, 0, 0, 0, 0, 0, 0))
2018-03-21 01:35:26.165762;(11, (254, 128, 0, 0, 0, 0, 0, 0, 253, 255, 255, 255, 255, 255, 0, 17))
2018-03-21 01:35:26.224381;(7, (254, 128, 0, 0, 0, 0, 0, 0, 253, 255, 255, 255, 255, 255, 0, 1))
2018-03-21 01:35:26.246093;(8, (0, 0, 0, 0, 0, 0, 0, 0, 0, 0, 0, 0, 0, 0, 0, 0))
2018-03-21 01:35:26.257215;(25, (254, 128, 0, 0, 0, 0, 0, 0, 253, 255, 255, 255, 255, 255, 0, 13))
2018-03-21 01:35:26.307607;(4, (254, 128, 0, 0, 0, 0, 0, 0, 253, 255, 255, 255, 255, 255, 0, 13))
2018-03-21 01:36:25.347095;(17, (0, 0, 0, 0, 0, 0, 0, 0, 0, 0, 0, 0, 0, 0, 0, 0))
2018-03-21 01:36:25.402308;(19, (0, 0, 0, 0, 0, 0, 0, 0, 0, 0, 0, 0, 0, 0, 0, 0))
2018-03-21 01:36:25.405613;(26, (254, 128, 0, 0, 0, 0, 0, 0, 253, 255, 255, 255, 255, 255, 0, 13))
2018-03-21 01:36:25.500140;(15, (0, 0, 0, 0, 0, 0, 0, 0, 0, 0, 0, 0, 0, 0, 0, 0))
2018-03-21 01:36:25.504966;(14, (0, 0, 0, 0, 0, 0, 0, 0, 0, 0, 0, 0, 0, 0, 0, 0))
2018-03-21 01:36:25.593618;(24, (254, 128, 0, 0, 0, 0, 0, 0, 253, 255, 255, 255, 255, 255, 0, 5))
2018-03-21 01:36:25.604343;(9, (0, 0, 0, 0, 0, 0, 0, 0, 0, 0, 0, 0, 0, 0, 0, 0))
2018-03-21 01:36:25.686062;(10, (254, 128, 0, 0, 0, 0, 0, 0, 253, 255, 255, 255, 255, 255, 0, 23))
2018-03-21 01:36:25.707388;(13, (254, 128, 0, 0, 0, 0, 0, 0, 253, 255, 255, 255, 255, 255, 0, 5))
2018-03-21 01:36:25.824372;(16, (0, 0, 0, 0, 0, 0, 0, 0, 0, 0, 0, 0, 0, 0, 0, 0))
2018-03-21 01:36:25.856250;(1, (0, 0, 0, 0, 0, 0, 0, 0, 0, 0, 0, 0, 0, 0, 0, 0))
2018-03-21 01:36:25.863451;(22, (0, 0, 0, 0, 0, 0, 0, 0, 0, 0, 0, 0, 0, 0, 0, 0))
2018-03-21 01:36:25.959174;(2, (254, 128, 0, 0, 0, 0, 0, 0, 253, 255, 255, 255, 255, 255, 0, 20))
2018-03-21 01:36:25.972618;(12, (0, 0, 0, 0, 0, 0, 0, 0, 0, 0, 0, 0, 0, 0, 0, 0))
2018-03-21 01:36:25.990252;(3, (254, 128, 0, 0, 0, 0, 0, 0, 253, 255, 255, 255, 255, 255, 0, 1))
2018-03-21 01:36:26.017109;(23, (254, 128, 0, 0, 0, 0, 0, 0, 253, 255, 255, 255, 255, 255, 0, 2))
2018-03-21 01:36:26.019061;(18, (0, 0, 0, 0, 0, 0, 0, 0, 0, 0, 0, 0, 0, 0, 0, 0))
2018-03-21 01:36:26.072445;(5, (0, 0, 0, 0, 0, 0, 0, 0, 0, 0, 0, 0, 0, 0, 0, 0))
2018-03-21 01:36:26.111342;(20, (254, 128, 0, 0, 0, 0, 0, 0, 253, 255, 255, 255, 255, 255, 0, 3))
2018-03-21 01:36:26.149803;(6, (0, 0, 0, 0, 0, 0, 0, 0, 0, 0, 0, 0, 0, 0, 0, 0))
2018-03-21 01:36:26.177136;(21, (0, 0, 0, 0, 0, 0, 0, 0, 0, 0, 0, 0, 0, 0, 0, 0))
2018-03-21 01:36:26.179611;(11, (254, 128, 0, 0, 0, 0, 0, 0, 253, 255, 255, 255, 255, 255, 0, 10))
2018-03-21 01:36:26.251090;(7, (254, 128, 0, 0, 0, 0, 0, 0, 253, 255, 255, 255, 255, 255, 0, 2))
2018-03-21 01:36:26.261169;(8, (0, 0, 0, 0, 0, 0, 0, 0, 0, 0, 0, 0, 0, 0, 0, 0))
2018-03-21 01:36:26.268940;(25, (254, 128, 0, 0, 0, 0, 0, 0, 253, 255, 255, 255, 255, 255, 0, 4))
2018-03-21 01:36:26.317048;(4, (254, 128, 0, 0, 0, 0, 0, 0, 253, 255, 255, 255, 255, 255, 0, 5))
2018-03-21 01:37:25.358549;(17, (254, 128, 0, 0, 0, 0, 0, 0, 253, 255, 255, 255, 255, 255, 0, 5))
2018-03-21 01:37:25.413289;(19, (254, 128, 0, 0, 0, 0, 0, 0, 253, 255, 255, 255, 255, 255, 0, 12))
2018-03-21 01:37:25.415564;(26, (254, 128, 0, 0, 0, 0, 0, 0, 253, 255, 255, 255, 255, 255, 0, 24))
2018-03-21 01:37:25.511775;(15, (254, 128, 0, 0, 0, 0, 0, 0, 253, 255, 255, 255, 255, 255, 0, 14))
2018-03-21 01:37:25.519608;(14, (254, 128, 0, 0, 0, 0, 0, 0, 253, 255, 255, 255, 255, 255, 0, 3))
2018-03-21 01:37:25.603519;(24, (254, 128, 0, 0, 0, 0, 0, 0, 253, 255, 255, 255, 255, 255, 0, 19))
2018-03-21 01:37:25.616138;(9, (254, 128, 0, 0, 0, 0, 0, 0, 253, 255, 255, 255, 255, 255, 0, 14))
2018-03-21 01:37:25.697118;(10, (0, 0, 0, 0, 0, 0, 0, 0, 0, 0, 0, 0, 0, 0, 0, 0))
2018-03-21 01:37:25.717844;(13, (0, 0, 0, 0, 0, 0, 0, 0, 0, 0, 0, 0, 0, 0, 0, 0))
2018-03-21 01:37:25.843628;(16, (254, 128, 0, 0, 0, 0, 0, 0, 253, 255, 255, 255, 255, 255, 0, 19))
2018-03-21 01:37:25.869952;(1, (0, 0, 0, 0, 0, 0, 0, 0, 0, 0, 0, 0, 0, 0, 0, 0))
2018-03-21 01:37:25.976923;(2, (0, 0, 0, 0, 0, 0, 0, 0, 0, 0, 0, 0, 0, 0, 0, 0))
2018-03-21 01:37:25.990543;(12, (254, 128, 0, 0, 0, 0, 0, 0, 253, 255, 255, 255, 255, 255, 0, 14))
2018-03-21 01:37:26.013166;(3, (254, 128, 0, 0, 0, 0, 0, 0, 253, 255, 255, 255, 255, 255, 0, 1))
2018-03-21 01:37:26.035377;(23, (0, 0, 0, 0, 0, 0, 0, 0, 0, 0, 0, 0, 0, 0, 0, 0))
2018-03-21 01:37:26.038294;(18, (0, 0, 0, 0, 0, 0, 0, 0, 0, 0, 0, 0, 0, 0, 0, 0))
2018-03-21 01:37:26.084854;(5, (254, 128, 0, 0, 0, 0, 0, 0, 253, 255, 255, 255, 255, 255, 0, 24))
2018-03-21 01:37:26.133956;(20, (254, 128, 0, 0, 0, 0, 0, 0, 253, 255, 255, 255, 255, 255, 0, 1))
2018-03-21 01:37:26.171494;(6, (0, 0, 0, 0, 0, 0, 0, 0, 0, 0, 0, 0, 0, 0, 0, 0))
2018-03-21 01:37:26.193291;(21, (0, 0, 0, 0, 0, 0, 0, 0, 0, 0, 0, 0, 0, 0, 0, 0))
2018-03-21 01:37:26.193489;(11, (254, 128, 0, 0, 0, 0, 0, 0, 253, 255, 255, 255, 255, 255, 0, 17))
2018-03-21 01:37:26.273687;(7, (0, 0, 0, 0, 0, 0, 0, 0, 0, 0, 0, 0, 0, 0, 0, 0))
2018-03-21 01:37:26.276357;(8, (254, 128, 0, 0, 0, 0, 0, 0, 253, 255, 255, 255, 255, 255, 0, 15))
2018-03-21 01:37:26.284405;(25, (254, 128, 0, 0, 0, 0, 0, 0, 253, 255, 255, 255, 255, 255, 0, 13))
2018-03-21 01:37:26.328930;(4, (254, 128, 0, 0, 0, 0, 0, 0, 253, 255, 255, 255, 255, 255, 0, 24))
2018-03-21 01:38:25.366427;(17, (254, 128, 0, 0, 0, 0, 0, 0, 253, 255, 255, 255, 255, 255, 0, 26))
2018-03-21 01:38:25.423672;(19, (254, 128, 0, 0, 0, 0, 0, 0, 253, 255, 255, 255, 255, 255, 0, 9))
2018-03-21 01:38:25.425730;(26, (254, 128, 0, 0, 0, 0, 0, 0, 253, 255, 255, 255, 255, 255, 0, 24))
2018-03-21 01:38:25.530189;(15, (254, 128, 0, 0, 0, 0, 0, 0, 253, 255, 255, 255, 255, 255, 0, 14))
2018-03-21 01:38:25.548098;(14, (254, 128, 0, 0, 0, 0, 0, 0, 253, 255, 255, 255, 255, 255, 0, 12))
2018-03-21 01:38:25.613520;(24, (254, 128, 0, 0, 0, 0, 0, 0, 253, 255, 255, 255, 255, 255, 0, 13))
2018-03-21 01:38:25.633843;(9, (254, 128, 0, 0, 0, 0, 0, 0, 253, 255, 255, 255, 255, 255, 0, 14))
2018-03-21 01:38:25.709601;(10, (0, 0, 0, 0, 0, 0, 0, 0, 0, 0, 0, 0, 0, 0, 0, 0))
2018-03-21 01:38:25.733156;(13, (0, 0, 0, 0, 0, 0, 0, 0, 0, 0, 0, 0, 0, 0, 0, 0))
2018-03-21 01:38:25.861311;(16, (0, 0, 0, 0, 0, 0, 0, 0, 0, 0, 0, 0, 0, 0, 0, 0))
2018-03-21 01:38:25.880307;(1, (0, 0, 0, 0, 0, 0, 0, 0, 0, 0, 0, 0, 0, 0, 0, 0))
2018-03-21 01:38:25.901228;(22, (0, 0, 0, 0, 0, 0, 0, 0, 0, 0, 0, 0, 0, 0, 0, 0))
2018-03-21 01:38:25.995215;(2, (0, 0, 0, 0, 0, 0, 0, 0, 0, 0, 0, 0, 0, 0, 0, 0))
2018-03-21 01:38:26.013780;(12, (0, 0, 0, 0, 0, 0, 0, 0, 0, 0, 0, 0, 0, 0, 0, 0))
2018-03-21 01:38:26.038239;(3, (254, 128, 0, 0, 0, 0, 0, 0, 253, 255, 255, 255, 255, 255, 0, 1))
2018-03-21 01:38:26.055175;(23, (0, 0, 0, 0, 0, 0, 0, 0, 0, 0, 0, 0, 0, 0, 0, 0))
2018-03-21 01:38:26.057258;(18, (0, 0, 0, 0, 0, 0, 0, 0, 0, 0, 0, 0, 0, 0, 0, 0))
2018-03-21 01:38:26.095823;(5, (254, 128, 0, 0, 0, 0, 0, 0, 253, 255, 255, 255, 255, 255, 0, 13))
2018-03-21 01:38:26.155009;(20, (0, 0, 0, 0, 0, 0, 0, 0, 0, 0, 0, 0, 0, 0, 0, 0))
2018-03-21 01:38:26.189948;(6, (0, 0, 0, 0, 0, 0, 0, 0, 0, 0, 0, 0, 0, 0, 0, 0))
2018-03-21 01:38:26.207555;(21, (0, 0, 0, 0, 0, 0, 0, 0, 0, 0, 0, 0, 0, 0, 0, 0))
2018-03-21 01:38:26.209587;(11, (254, 128, 0, 0, 0, 0, 0, 0, 253, 255, 255, 255, 255, 255, 0, 26))
2018-03-21 01:38:26.292090;(7, (0, 0, 0, 0, 0, 0, 0, 0, 0, 0, 0, 0, 0, 0, 0, 0))
2018-03-21 01:38:26.293155;(8, (0, 0, 0, 0, 0, 0, 0, 0, 0, 0, 0, 0, 0, 0, 0, 0))
2018-03-21 01:38:26.298227;(25, (254, 128, 0, 0, 0, 0, 0, 0, 253, 255, 255, 255, 255, 255, 0, 13))
2018-03-21 01:38:26.339035;(4, (254, 128, 0, 0, 0, 0, 0, 0, 253, 255, 255, 255, 255, 255, 0, 26))
2018-03-21 01:39:25.382642;(17, (0, 0, 0, 0, 0, 0, 0, 0, 0, 0, 0, 0, 0, 0, 0, 0))
2018-03-21 01:39:25.439560;(19, (0, 0, 0, 0, 0, 0, 0, 0, 0, 0, 0, 0, 0, 0, 0, 0))
2018-03-21 01:39:25.442901;(26, (0, 0, 0, 0, 0, 0, 0, 0, 0, 0, 0, 0, 0, 0, 0, 0))
2018-03-21 01:39:25.550047;(15, (0, 0, 0, 0, 0, 0, 0, 0, 0, 0, 0, 0, 0, 0, 0, 0))
2018-03-21 01:39:25.574342;(14, (0, 0, 0, 0, 0, 0, 0, 0, 0, 0, 0, 0, 0, 0, 0, 0))
2018-03-21 01:39:25.627484;(24, (0, 0, 0, 0, 0, 0, 0, 0, 0, 0, 0, 0, 0, 0, 0, 0))
2018-03-21 01:39:25.653163;(9, (0, 0, 0, 0, 0, 0, 0, 0, 0, 0, 0, 0, 0, 0, 0, 0))
2018-03-21 01:39:25.724378;(10, (0, 0, 0, 0, 0, 0, 0, 0, 0, 0, 0, 0, 0, 0, 0, 0))
2018-03-21 01:39:25.748169;(13, (0, 0, 0, 0, 0, 0, 0, 0, 0, 0, 0, 0, 0, 0, 0, 0))
2018-03-21 01:39:25.882149;(16, (0, 0, 0, 0, 0, 0, 0, 0, 0, 0, 0, 0, 0, 0, 0, 0))
2018-03-21 01:39:25.920782;(22, (254, 128, 0, 0, 0, 0, 0, 0, 253, 255, 255, 255, 255, 255, 0, 21))
2018-03-21 01:39:26.015927;(2, (0, 0, 0, 0, 0, 0, 0, 0, 0, 0, 0, 0, 0, 0, 0, 0))
2018-03-21 01:39:26.035947;(12, (0, 0, 0, 0, 0, 0, 0, 0, 0, 0, 0, 0, 0, 0, 0, 0))
2018-03-21 01:39:26.065236;(3, (254, 128, 0, 0, 0, 0, 0, 0, 253, 255, 255, 255, 255, 255, 0, 1))
2018-03-21 01:39:26.075066;(23, (0, 0, 0, 0, 0, 0, 0, 0, 0, 0, 0, 0, 0, 0, 0, 0))
2018-03-21 01:39:26.079044;(18, (0, 0, 0, 0, 0, 0, 0, 0, 0, 0, 0, 0, 0, 0, 0, 0))
2018-03-21 01:39:26.109133;(5, (0, 0, 0, 0, 0, 0, 0, 0, 0, 0, 0, 0, 0, 0, 0, 0))
2018-03-21 01:39:26.181189;(20, (254, 128, 0, 0, 0, 0, 0, 0, 253, 255, 255, 255, 255, 255, 0, 21))
2018-03-21 01:39:26.211642;(6, (254, 128, 0, 0, 0, 0, 0, 0, 253, 255, 255, 255, 255, 255, 0, 21))
2018-03-21 01:39:26.224369;(21, (254, 128, 0, 0, 0, 0, 0, 0, 253, 255, 255, 255, 255, 255, 0, 1))
2018-03-21 01:39:26.227236;(11, (0, 0, 0, 0, 0, 0, 0, 0, 0, 0, 0, 0, 0, 0, 0, 0))
2018-03-21 01:39:26.320668;(7, (0, 0, 0, 0, 0, 0, 0, 0, 0, 0, 0, 0, 0, 0, 0, 0))
2018-03-21 01:39:26.321953;(8, (254, 128, 0, 0, 0, 0, 0, 0, 253, 255, 255, 255, 255, 255, 0, 21))
2018-03-21 01:39:26.322303;(25, (0, 0, 0, 0, 0, 0, 0, 0, 0, 0, 0, 0, 0, 0, 0, 0))
2018-03-21 01:39:26.354755;(4, (0, 0, 0, 0, 0, 0, 0, 0, 0, 0, 0, 0, 0, 0, 0, 0))
2018-03-21 01:39:26.895645;(1, (0, 0, 0, 0, 0, 0, 0, 0, 0, 0, 0, 0, 0, 0, 0, 0))
2018-03-21 01:40:25.905919;(16, (0, 0, 0, 0, 0, 0, 0, 0, 0, 0, 0, 0, 0, 0, 0, 0))
2018-03-21 01:40:26.035577;(2, (0, 0, 0, 0, 0, 0, 0, 0, 0, 0, 0, 0, 0, 0, 0, 0))
2018-03-21 01:40:26.204046;(20, (0, 0, 0, 0, 0, 0, 0, 0, 0, 0, 0, 0, 0, 0, 0, 0))
2018-03-21 01:40:26.231502;(6, (0, 0, 0, 0, 0, 0, 0, 0, 0, 0, 0, 0, 0, 0, 0, 0))
2018-03-21 01:40:26.347296;(7, (0, 0, 0, 0, 0, 0, 0, 0, 0, 0, 0, 0, 0, 0, 0, 0))
2018-03-21 01:40:26.348682;(8, (0, 0, 0, 0, 0, 0, 0, 0, 0, 0, 0, 0, 0, 0, 0, 0))
2018-03-21 01:40:26.397870;(17, (0, 0, 0, 0, 0, 0, 0, 0, 0, 0, 0, 0, 0, 0, 0, 0))
2018-03-21 01:40:26.453798;(19, (0, 0, 0, 0, 0, 0, 0, 0, 0, 0, 0, 0, 0, 0, 0, 0))
2018-03-21 01:40:26.456587;(26, (0, 0, 0, 0, 0, 0, 0, 0, 0, 0, 0, 0, 0, 0, 0, 0))
2018-03-21 01:40:26.570802;(15, (0, 0, 0, 0, 0, 0, 0, 0, 0, 0, 0, 0, 0, 0, 0, 0))
2018-03-21 01:40:26.590968;(14, (0, 0, 0, 0, 0, 0, 0, 0, 0, 0, 0, 0, 0, 0, 0, 0))
2018-03-21 01:40:26.639341;(24, (0, 0, 0, 0, 0, 0, 0, 0, 0, 0, 0, 0, 0, 0, 0, 0))
2018-03-21 01:40:26.669950;(9, (0, 0, 0, 0, 0, 0, 0, 0, 0, 0, 0, 0, 0, 0, 0, 0))
2018-03-21 01:40:26.737136;(10, (0, 0, 0, 0, 0, 0, 0, 0, 0, 0, 0, 0, 0, 0, 0, 0))
2018-03-21 01:40:26.761430;(13, (0, 0, 0, 0, 0, 0, 0, 0, 0, 0, 0, 0, 0, 0, 0, 0))
2018-03-21 01:40:26.911514;(1, (0, 0, 0, 0, 0, 0, 0, 0, 0, 0, 0, 0, 0, 0, 0, 0))
2018-03-21 01:40:26.940549;(22, (0, 0, 0, 0, 0, 0, 0, 0, 0, 0, 0, 0, 0, 0, 0, 0))
2018-03-21 01:40:27.052104;(12, (0, 0, 0, 0, 0, 0, 0, 0, 0, 0, 0, 0, 0, 0, 0, 0))
2018-03-21 01:40:27.090200;(3, (254, 128, 0, 0, 0, 0, 0, 0, 253, 255, 255, 255, 255, 255, 0, 1))
2018-03-21 01:40:27.095956;(23, (0, 0, 0, 0, 0, 0, 0, 0, 0, 0, 0, 0, 0, 0, 0, 0))
2018-03-21 01:40:27.103720;(18, (0, 0, 0, 0, 0, 0, 0, 0, 0, 0, 0, 0, 0, 0, 0, 0))
2018-03-21 01:40:27.124586;(5, (0, 0, 0, 0, 0, 0, 0, 0, 0, 0, 0, 0, 0, 0, 0, 0))
2018-03-21 01:40:27.243992;(11, (0, 0, 0, 0, 0, 0, 0, 0, 0, 0, 0, 0, 0, 0, 0, 0))
2018-03-21 01:40:27.245134;(21, (0, 0, 0, 0, 0, 0, 0, 0, 0, 0, 0, 0, 0, 0, 0, 0))
2018-03-21 01:40:27.349622;(25, (0, 0, 0, 0, 0, 0, 0, 0, 0, 0, 0, 0, 0, 0, 0, 0))
2018-03-21 01:40:27.370396;(4, (0, 0, 0, 0, 0, 0, 0, 0, 0, 0, 0, 0, 0, 0, 0, 0))
2018-03-21 01:41:26.413963;(17, (0, 0, 0, 0, 0, 0, 0, 0, 0, 0, 0, 0, 0, 0, 0, 0))
2018-03-21 01:41:26.468613;(19, (0, 0, 0, 0, 0, 0, 0, 0, 0, 0, 0, 0, 0, 0, 0, 0))
2018-03-21 01:41:26.470736;(26, (0, 0, 0, 0, 0, 0, 0, 0, 0, 0, 0, 0, 0, 0, 0, 0))
2018-03-21 01:41:26.591559;(15, (0, 0, 0, 0, 0, 0, 0, 0, 0, 0, 0, 0, 0, 0, 0, 0))
2018-03-21 01:41:26.605936;(14, (0, 0, 0, 0, 0, 0, 0, 0, 0, 0, 0, 0, 0, 0, 0, 0))
2018-03-21 01:41:26.650763;(24, (0, 0, 0, 0, 0, 0, 0, 0, 0, 0, 0, 0, 0, 0, 0, 0))
2018-03-21 01:41:26.682664;(9, (0, 0, 0, 0, 0, 0, 0, 0, 0, 0, 0, 0, 0, 0, 0, 0))
2018-03-21 01:41:26.750380;(10, (0, 0, 0, 0, 0, 0, 0, 0, 0, 0, 0, 0, 0, 0, 0, 0))
2018-03-21 01:41:26.774068;(13, (0, 0, 0, 0, 0, 0, 0, 0, 0, 0, 0, 0, 0, 0, 0, 0))
2018-03-21 01:41:26.929490;(16, (0, 0, 0, 0, 0, 0, 0, 0, 0, 0, 0, 0, 0, 0, 0, 0))
2018-03-21 01:41:26.931974;(1, (0, 0, 0, 0, 0, 0, 0, 0, 0, 0, 0, 0, 0, 0, 0, 0))
2018-03-21 01:41:26.958756;(22, (0, 0, 0, 0, 0, 0, 0, 0, 0, 0, 0, 0, 0, 0, 0, 0))
2018-03-21 01:41:27.056020;(2, (0, 0, 0, 0, 0, 0, 0, 0, 0, 0, 0, 0, 0, 0, 0, 0))
2018-03-21 01:41:27.068526;(12, (0, 0, 0, 0, 0, 0, 0, 0, 0, 0, 0, 0, 0, 0, 0, 0))
2018-03-21 01:41:27.114309;(3, (254, 128, 0, 0, 0, 0, 0, 0, 253, 255, 255, 255, 255, 255, 0, 1))
2018-03-21 01:41:27.115317;(23, (0, 0, 0, 0, 0, 0, 0, 0, 0, 0, 0, 0, 0, 0, 0, 0))
2018-03-21 01:41:27.127792;(18, (0, 0, 0, 0, 0, 0, 0, 0, 0, 0, 0, 0, 0, 0, 0, 0))
2018-03-21 01:41:27.141555;(5, (0, 0, 0, 0, 0, 0, 0, 0, 0, 0, 0, 0, 0, 0, 0, 0))
2018-03-21 01:41:27.227025;(20, (0, 0, 0, 0, 0, 0, 0, 0, 0, 0, 0, 0, 0, 0, 0, 0))
2018-03-21 01:41:27.249950;(6, (0, 0, 0, 0, 0, 0, 0, 0, 0, 0, 0, 0, 0, 0, 0, 0))
2018-03-21 01:41:27.261548;(21, (0, 0, 0, 0, 0, 0, 0, 0, 0, 0, 0, 0, 0, 0, 0, 0))
2018-03-21 01:41:27.262289;(11, (0, 0, 0, 0, 0, 0, 0, 0, 0, 0, 0, 0, 0, 0, 0, 0))
2018-03-21 01:41:27.377063;(7, (0, 0, 0, 0, 0, 0, 0, 0, 0, 0, 0, 0, 0, 0, 0, 0))
2018-03-21 01:41:27.378648;(25, (0, 0, 0, 0, 0, 0, 0, 0, 0, 0, 0, 0, 0, 0, 0, 0))
2018-03-21 01:41:27.380187;(8, (0, 0, 0, 0, 0, 0, 0, 0, 0, 0, 0, 0, 0, 0, 0, 0))
2018-03-21 01:41:27.388420;(4, (0, 0, 0, 0, 0, 0, 0, 0, 0, 0, 0, 0, 0, 0, 0, 0))
2018-03-21 01:42:26.430033;(17, (254, 128, 0, 0, 0, 0, 0, 0, 253, 255, 255, 255, 255, 255, 0, 5))
2018-03-21 01:42:26.481152;(19, (254, 128, 0, 0, 0, 0, 0, 0, 253, 255, 255, 255, 255, 255, 0, 9))
2018-03-21 01:42:26.481735;(26, (254, 128, 0, 0, 0, 0, 0, 0, 253, 255, 255, 255, 255, 255, 0, 24))
2018-03-21 01:42:26.611141;(15, (0, 0, 0, 0, 0, 0, 0, 0, 0, 0, 0, 0, 0, 0, 0, 0))
2018-03-21 01:42:26.623873;(14, (254, 128, 0, 0, 0, 0, 0, 0, 253, 255, 255, 255, 255, 255, 0, 9))
2018-03-21 01:42:26.661544;(24, (0, 0, 0, 0, 0, 0, 0, 0, 0, 0, 0, 0, 0, 0, 0, 0))
2018-03-21 01:42:26.695272;(9, (254, 128, 0, 0, 0, 0, 0, 0, 253, 255, 255, 255, 255, 255, 0, 16))
2018-03-21 01:42:26.761518;(10, (0, 0, 0, 0, 0, 0, 0, 0, 0, 0, 0, 0, 0, 0, 0, 0))
2018-03-21 01:42:26.787180;(13, (0, 0, 0, 0, 0, 0, 0, 0, 0, 0, 0, 0, 0, 0, 0, 0))
2018-03-21 01:42:26.949725;(1, (0, 0, 0, 0, 0, 0, 0, 0, 0, 0, 0, 0, 0, 0, 0, 0))
2018-03-21 01:42:26.953729;(16, (254, 128, 0, 0, 0, 0, 0, 0, 253, 255, 255, 255, 255, 255, 0, 8))
2018-03-21 01:42:27.075316;(2, (0, 0, 0, 0, 0, 0, 0, 0, 0, 0, 0, 0, 0, 0, 0, 0))
2018-03-21 01:42:27.083839;(12, (254, 128, 0, 0, 0, 0, 0, 0, 253, 255, 255, 255, 255, 255, 0, 9))
2018-03-21 01:42:27.138020;(3, (254, 128, 0, 0, 0, 0, 0, 0, 253, 255, 255, 255, 255, 255, 0, 1))
2018-03-21 01:42:27.138962;(23, (0, 0, 0, 0, 0, 0, 0, 0, 0, 0, 0, 0, 0, 0, 0, 0))
2018-03-21 01:42:27.151448;(18, (0, 0, 0, 0, 0, 0, 0, 0, 0, 0, 0, 0, 0, 0, 0, 0))
2018-03-21 01:42:27.157343;(5, (254, 128, 0, 0, 0, 0, 0, 0, 253, 255, 255, 255, 255, 255, 0, 4))
2018-03-21 01:42:27.247502;(20, (0, 0, 0, 0, 0, 0, 0, 0, 0, 0, 0, 0, 0, 0, 0, 0))
2018-03-21 01:42:27.270111;(6, (254, 128, 0, 0, 0, 0, 0, 0, 253, 255, 255, 255, 255, 255, 0, 22))
2018-03-21 01:42:27.284909;(21, (254, 128, 0, 0, 0, 0, 0, 0, 253, 255, 255, 255, 255, 255, 0, 22))
2018-03-21 01:42:27.285695;(11, (254, 128, 0, 0, 0, 0, 0, 0, 253, 255, 255, 255, 255, 255, 0, 26))
2018-03-21 01:42:27.395980;(25, (254, 128, 0, 0, 0, 0, 0, 0, 253, 255, 255, 255, 255, 255, 0, 4))
2018-03-21 01:42:27.399931;(7, (0, 0, 0, 0, 0, 0, 0, 0, 0, 0, 0, 0, 0, 0, 0, 0))
2018-03-21 01:42:27.404114;(8, (254, 128, 0, 0, 0, 0, 0, 0, 253, 255, 255, 255, 255, 255, 0, 21))
2018-03-21 01:42:27.405095;(4, (254, 128, 0, 0, 0, 0, 0, 0, 253, 255, 255, 255, 255, 255, 0, 24))
2018-03-21 01:43:26.446169;(17, (0, 0, 0, 0, 0, 0, 0, 0, 0, 0, 0, 0, 0, 0, 0, 0))
2018-03-21 01:43:26.492648;(19, (0, 0, 0, 0, 0, 0, 0, 0, 0, 0, 0, 0, 0, 0, 0, 0))
2018-03-21 01:43:26.493494;(26, (0, 0, 0, 0, 0, 0, 0, 0, 0, 0, 0, 0, 0, 0, 0, 0))
2018-03-21 01:43:26.631587;(15, (0, 0, 0, 0, 0, 0, 0, 0, 0, 0, 0, 0, 0, 0, 0, 0))
2018-03-21 01:43:26.643353;(14, (0, 0, 0, 0, 0, 0, 0, 0, 0, 0, 0, 0, 0, 0, 0, 0))
2018-03-21 01:43:26.670168;(24, (0, 0, 0, 0, 0, 0, 0, 0, 0, 0, 0, 0, 0, 0, 0, 0))
2018-03-21 01:43:26.707534;(9, (0, 0, 0, 0, 0, 0, 0, 0, 0, 0, 0, 0, 0, 0, 0, 0))
2018-03-21 01:43:26.798077;(13, (0, 0, 0, 0, 0, 0, 0, 0, 0, 0, 0, 0, 0, 0, 0, 0))
2018-03-21 01:43:26.964972;(1, (0, 0, 0, 0, 0, 0, 0, 0, 0, 0, 0, 0, 0, 0, 0, 0))
2018-03-21 01:43:26.971269;(16, (0, 0, 0, 0, 0, 0, 0, 0, 0, 0, 0, 0, 0, 0, 0, 0))
2018-03-21 01:43:27.000806;(22, (0, 0, 0, 0, 0, 0, 0, 0, 0, 0, 0, 0, 0, 0, 0, 0))
2018-03-21 01:43:27.093527;(2, (0, 0, 0, 0, 0, 0, 0, 0, 0, 0, 0, 0, 0, 0, 0, 0))
2018-03-21 01:43:27.098342;(12, (0, 0, 0, 0, 0, 0, 0, 0, 0, 0, 0, 0, 0, 0, 0, 0))
2018-03-21 01:43:27.162095;(3, (254, 128, 0, 0, 0, 0, 0, 0, 253, 255, 255, 255, 255, 255, 0, 1))
2018-03-21 01:43:27.164668;(23, (0, 0, 0, 0, 0, 0, 0, 0, 0, 0, 0, 0, 0, 0, 0, 0))
2018-03-21 01:43:27.173920;(18, (0, 0, 0, 0, 0, 0, 0, 0, 0, 0, 0, 0, 0, 0, 0, 0))
2018-03-21 01:43:27.175316;(5, (0, 0, 0, 0, 0, 0, 0, 0, 0, 0, 0, 0, 0, 0, 0, 0))
2018-03-21 01:43:27.272642;(20, (254, 128, 0, 0, 0, 0, 0, 0, 253, 255, 255, 255, 255, 255, 0, 3))
2018-03-21 01:43:27.296089;(6, (0, 0, 0, 0, 0, 0, 0, 0, 0, 0, 0, 0, 0, 0, 0, 0))
2018-03-21 01:43:27.304159;(21, (0, 0, 0, 0, 0, 0, 0, 0, 0, 0, 0, 0, 0, 0, 0, 0))
2018-03-21 01:43:27.305383;(11, (0, 0, 0, 0, 0, 0, 0, 0, 0, 0, 0, 0, 0, 0, 0, 0))
2018-03-21 01:43:27.410539;(25, (0, 0, 0, 0, 0, 0, 0, 0, 0, 0, 0, 0, 0, 0, 0, 0))
2018-03-21 01:43:27.425161;(7, (0, 0, 0, 0, 0, 0, 0, 0, 0, 0, 0, 0, 0, 0, 0, 0))
2018-03-21 01:43:27.426171;(4, (0, 0, 0, 0, 0, 0, 0, 0, 0, 0, 0, 0, 0, 0, 0, 0))
2018-03-21 01:43:27.429211;(8, (0, 0, 0, 0, 0, 0, 0, 0, 0, 0, 0, 0, 0, 0, 0, 0))
