2018-04-08 15:01:52.946513;(23, (65, 36, 0, 0, 0, 0, 0, 0, 0, 0))
2018-04-08 15:01:53.070532;(9, (32, 40, 0, 0, 0, 0, 0, 0, 0, 0))
2018-04-08 15:01:53.161341;(18, (76, 51, 6, 0, 0, 0, 0, 0, 0, 0))
2018-04-08 15:01:53.199125;(3, (79, 42, 0, 0, 0, 0, 0, 0, 0, 0))
2018-04-08 15:01:53.213711;(16, (64, 36, 0, 0, 0, 0, 0, 0, 0, 0))
2018-04-08 15:01:53.218498;(7, (106, 72, 2, 0, 0, 0, 0, 0, 0, 0))
2018-04-08 15:01:53.307674;(19, (55, 40, 0, 0, 0, 0, 0, 0, 0, 0))
2018-04-08 15:01:53.347869;(10, (85, 51, 2, 0, 0, 0, 0, 0, 0, 0))
2018-04-08 15:01:53.351724;(17, (28, 36, 0, 0, 0, 0, 0, 0, 0, 0))
2018-04-08 15:01:53.381292;(15, (109, 71, 6, 0, 0, 0, 0, 0, 0, 0))
2018-04-08 15:01:53.425955;(20, (102, 81, 18, 0, 0, 0, 0, 0, 0, 0))
2018-04-08 15:01:53.472299;(1, (235, 72, 42, 21, 0, 0, 0, 0, 0, 0))
2018-04-08 15:01:53.511341;(12, (61, 36, 0, 0, 0, 0, 0, 0, 0, 0))
2018-04-08 15:01:53.571570;(13, (52, 42, 0, 0, 0, 0, 0, 0, 0, 0))
2018-04-08 15:01:53.621854;(8, (91, 50, 0, 0, 0, 0, 0, 0, 0, 0))
2018-04-08 15:01:53.665191;(14, (82, 38, 0, 0, 0, 0, 0, 0, 0, 0))
2018-04-08 15:01:53.693218;(11, (63, 45, 0, 0, 0, 0, 0, 0, 0, 0))
2018-04-08 15:01:53.726173;(5, (57, 34, 0, 0, 0, 0, 0, 0, 0, 0))
2018-04-08 15:01:53.790617;(22, (71, 35, 0, 0, 0, 0, 0, 0, 0, 0))
2018-04-08 15:01:53.825348;(21, (70, 52, 10, 0, 0, 0, 0, 0, 0, 0))
2018-04-08 15:01:53.859427;(4, (60, 58, 2, 0, 0, 0, 0, 0, 0, 0))
2018-04-08 15:01:53.869334;(6, (48, 36, 0, 0, 0, 0, 0, 0, 0, 0))
2018-04-08 15:02:22.949765;(23, (81, 48, 0, 0, 0, 0, 0, 0, 0, 0))
2018-04-08 15:02:23.074567;(9, (67, 83, 0, 0, 0, 0, 0, 0, 0, 0))
2018-04-08 15:02:23.164611;(18, (144, 118, 46, 0, 0, 0, 0, 0, 0, 0))
2018-04-08 15:02:23.201882;(3, (117, 82, 0, 0, 0, 0, 0, 0, 0, 0))
2018-04-08 15:02:23.216963;(16, (103, 80, 0, 0, 0, 0, 0, 0, 0, 0))
2018-04-08 15:02:23.222989;(7, (196, 166, 46, 0, 0, 0, 0, 0, 0, 0))
2018-04-08 15:02:23.311640;(19, (85, 73, 0, 0, 0, 0, 0, 0, 0, 0))
2018-04-08 15:02:23.350791;(10, (151, 119, 28, 0, 0, 0, 0, 0, 0, 0))
2018-04-08 15:02:23.356990;(17, (70, 86, 3, 0, 0, 0, 0, 0, 0, 0))
2018-04-08 15:02:23.383818;(15, (217, 182, 70, 0, 0, 0, 0, 0, 0, 0))
2018-04-08 15:02:23.428164;(20, (204, 185, 87, 0, 0, 0, 0, 0, 0, 0))
2018-04-08 15:02:23.474255;(1, (525, 337, 296, 148, 0, 0, 0, 0, 0, 0))
2018-04-08 15:02:23.514378;(12, (98, 78, 0, 0, 0, 0, 0, 0, 0, 0))
2018-04-08 15:02:23.574765;(13, (89, 86, 0, 0, 0, 0, 0, 0, 0, 0))
2018-04-08 15:02:23.625596;(8, (133, 92, 0, 1, 0, 0, 0, 0, 0, 0))
2018-04-08 15:02:23.667850;(14, (112, 66, 0, 0, 0, 0, 0, 0, 0, 0))
2018-04-08 15:02:23.695633;(11, (102, 89, 0, 0, 0, 0, 0, 0, 0, 0))
2018-04-08 15:02:23.728694;(5, (93, 74, 0, 0, 0, 0, 0, 0, 0, 0))
2018-04-08 15:02:23.793594;(22, (93, 54, 0, 0, 0, 0, 0, 0, 0, 0))
2018-04-08 15:02:23.829626;(21, (133, 117, 42, 0, 0, 0, 0, 0, 0, 0))
2018-04-08 15:02:23.863798;(4, (113, 118, 18, 0, 0, 0, 0, 0, 0, 0))
2018-04-08 15:02:23.874358;(6, (80, 72, 0, 0, 0, 0, 0, 0, 0, 0))
2018-04-08 15:02:52.954674;(23, (94, 58, 0, 0, 0, 0, 0, 0, 0, 0))
2018-04-08 15:02:53.078236;(9, (98, 121, 0, 0, 0, 0, 0, 0, 0, 0))
2018-04-08 15:02:53.167551;(18, (255, 232, 114, 0, 0, 0, 0, 0, 0, 0))
2018-04-08 15:02:53.204416;(3, (187, 148, 12, 0, 0, 0, 0, 0, 0, 0))
2018-04-08 15:02:53.219388;(16, (142, 118, 0, 0, 0, 0, 0, 0, 0, 0))
2018-04-08 15:02:53.226446;(7, (280, 243, 66, 0, 0, 0, 0, 0, 0, 0))
2018-04-08 15:02:53.315605;(19, (133, 129, 0, 0, 0, 0, 0, 0, 0, 0))
2018-04-08 15:02:53.353612;(10, (222, 194, 56, 0, 0, 0, 0, 0, 0, 0))
2018-04-08 15:02:53.359246;(17, (105, 130, 3, 0, 0, 0, 0, 0, 0, 0))
2018-04-08 15:02:53.387230;(15, (375, 350, 188, 0, 0, 0, 0, 0, 0, 0))
2018-04-08 15:02:53.432263;(20, (305, 290, 141, 0, 0, 0, 0, 0, 0, 0))
2018-04-08 15:02:53.475982;(1, (866, 660, 608, 304, 0, 0, 0, 0, 0, 0))
2018-04-08 15:02:53.517904;(12, (146, 127, 0, 0, 0, 0, 0, 0, 0, 0))
2018-04-08 15:02:53.577400;(13, (121, 124, 0, 0, 0, 0, 0, 0, 0, 0))
2018-04-08 15:02:53.630375;(8, (220, 171, 22, 1, 0, 0, 0, 0, 0, 0))
2018-04-08 15:02:53.671188;(14, (159, 109, 0, 0, 0, 0, 0, 0, 0, 0))
2018-04-08 15:02:53.697916;(11, (152, 140, 12, 0, 0, 0, 0, 0, 0, 0))
2018-04-08 15:02:53.731179;(5, (129, 116, 0, 0, 0, 0, 0, 0, 0, 0))
2018-04-08 15:02:53.797071;(22, (135, 93, 0, 0, 0, 0, 0, 0, 0, 0))
2018-04-08 15:02:53.833248;(21, (199, 189, 72, 0, 0, 0, 0, 0, 0, 0))
2018-04-08 15:02:53.867991;(4, (163, 176, 34, 0, 0, 0, 0, 0, 0, 0))
2018-04-08 15:02:53.879151;(6, (112, 112, 0, 0, 0, 0, 0, 0, 0, 0))
2018-04-08 15:03:22.959470;(23, (107, 70, 0, 0, 0, 0, 0, 0, 0, 0))
2018-04-08 15:03:23.356065;(10, (275, 253, 72, 0, 0, 0, 0, 0, 0, 0))
2018-04-08 15:03:23.478113;(1, (1208, 982, 920, 460, 0, 0, 0, 0, 0, 0))
2018-04-08 15:03:23.674757;(14, (198, 148, 0, 0, 0, 0, 0, 0, 0, 0))
2018-04-08 15:03:23.700297;(11, (205, 199, 28, 0, 0, 0, 0, 0, 0, 0))
2018-04-08 15:03:23.835843;(21, (265, 261, 102, 0, 0, 0, 0, 0, 0, 0))
2018-04-08 15:03:24.082331;(9, (133, 165, 0, 0, 0, 0, 0, 0, 0, 0))
2018-04-08 15:03:24.171731;(18, (371, 356, 192, 0, 0, 0, 0, 0, 0, 0))
2018-04-08 15:03:24.207082;(3, (225, 187, 12, 0, 0, 0, 0, 0, 0, 0))
2018-04-08 15:03:24.223649;(16, (183, 162, 0, 0, 0, 0, 0, 0, 0, 0))
2018-04-08 15:03:24.230962;(7, (350, 315, 95, 0, 0, 0, 0, 0, 0, 0))
2018-04-08 15:03:24.318944;(19, (165, 171, 0, 0, 0, 0, 0, 0, 0, 0))
2018-04-08 15:03:24.362646;(17, (139, 173, 3, 0, 0, 0, 0, 0, 0, 0))
2018-04-08 15:03:24.390031;(15, (536, 517, 308, 0, 0, 0, 0, 0, 0, 0))
2018-04-08 15:03:24.438721;(20, (403, 397, 203, 0, 0, 0, 0, 0, 0, 0))
2018-04-08 15:03:24.521326;(12, (186, 169, 0, 0, 0, 0, 0, 0, 0, 0))
2018-04-08 15:03:24.579910;(13, (158, 168, 0, 0, 0, 0, 0, 0, 0, 0))
2018-04-08 15:03:24.634592;(8, (260, 215, 23, 1, 0, 0, 0, 0, 0, 0))
2018-04-08 15:03:24.737028;(5, (162, 156, 0, 0, 0, 0, 0, 0, 0, 0))
2018-04-08 15:03:24.799760;(22, (172, 137, 0, 0, 0, 0, 0, 0, 0, 0))
2018-04-08 15:03:24.873075;(4, (212, 231, 48, 0, 0, 0, 0, 0, 0, 0))
2018-04-08 15:03:24.884146;(6, (149, 154, 0, 0, 0, 0, 0, 0, 0, 0))
2018-04-08 15:03:53.480154;(1, (1516, 1283, 1211, 606, 0, 0, 0, 0, 0, 0))
2018-04-08 15:03:53.963784;(23, (117, 80, 0, 0, 0, 0, 0, 0, 0, 0))
2018-04-08 15:03:54.086695;(9, (166, 205, 0, 0, 0, 0, 0, 0, 0, 0))
2018-04-08 15:03:54.175178;(18, (479, 472, 266, 0, 0, 0, 0, 0, 0, 0))
2018-04-08 15:03:54.209919;(3, (262, 230, 12, 0, 0, 0, 0, 0, 0, 0))
2018-04-08 15:03:54.226782;(16, (220, 204, 0, 0, 0, 0, 0, 0, 0, 0))
2018-04-08 15:03:54.234276;(7, (417, 387, 125, 0, 0, 0, 0, 0, 0, 0))
2018-04-08 15:03:54.322317;(19, (203, 215, 0, 0, 0, 0, 0, 0, 0, 0))
2018-04-08 15:03:54.358715;(10, (321, 305, 86, 0, 0, 0, 0, 0, 0, 0))
2018-04-08 15:03:54.366015;(17, (171, 212, 3, 0, 0, 0, 0, 0, 0, 0))
2018-04-08 15:03:54.393217;(15, (692, 681, 430, 0, 0, 0, 0, 0, 0, 0))
2018-04-08 15:03:54.445189;(20, (499, 497, 261, 0, 0, 0, 0, 0, 0, 0))
2018-04-08 15:03:54.523793;(12, (220, 208, 0, 0, 0, 0, 0, 0, 0, 0))
2018-04-08 15:03:54.582271;(13, (214, 229, 21, 0, 0, 0, 0, 0, 0, 0))
2018-04-08 15:03:54.638117;(8, (295, 255, 23, 1, 0, 0, 0, 0, 0, 0))
2018-04-08 15:03:54.679452;(14, (236, 190, 0, 0, 0, 0, 0, 0, 0, 0))
2018-04-08 15:03:54.702582;(11, (250, 249, 42, 0, 0, 0, 0, 0, 0, 0))
2018-04-08 15:03:54.740505;(5, (196, 198, 0, 0, 0, 0, 0, 0, 0, 0))
2018-04-08 15:03:54.802557;(22, (205, 175, 0, 0, 0, 0, 0, 0, 0, 0))
2018-04-08 15:03:54.842898;(21, (313, 315, 113, 0, 0, 0, 0, 0, 0, 0))
2018-04-08 15:03:54.876237;(4, (263, 295, 64, 0, 0, 0, 0, 0, 0, 0))
2018-04-08 15:03:54.887358;(6, (183, 196, 0, 0, 0, 0, 0, 0, 0, 0))
2018-04-08 15:04:23.482501;(1, (1836, 1602, 1520, 760, 0, 0, 0, 0, 0, 0))
2018-04-08 15:04:23.967212;(23, (127, 90, 0, 0, 0, 0, 0, 0, 0, 0))
2018-04-08 15:04:24.089515;(9, (201, 246, 0, 0, 0, 0, 0, 0, 0, 0))
2018-04-08 15:04:24.179136;(18, (586, 586, 342, 0, 0, 0, 0, 0, 0, 0))
2018-04-08 15:04:24.214037;(3, (295, 268, 12, 0, 0, 0, 0, 0, 0, 0))
2018-04-08 15:04:24.230394;(16, (253, 242, 0, 0, 0, 0, 0, 0, 0, 0))
2018-04-08 15:04:24.237864;(7, (485, 459, 155, 0, 0, 0, 0, 0, 0, 0))
2018-04-08 15:04:24.326833;(19, (236, 253, 0, 0, 0, 0, 0, 0, 0, 0))
2018-04-08 15:04:24.361239;(10, (371, 363, 102, 0, 0, 0, 0, 0, 0, 0))
2018-04-08 15:04:24.369322;(17, (205, 255, 3, 0, 0, 0, 0, 0, 0, 0))
2018-04-08 15:04:24.395748;(15, (843, 839, 550, 0, 0, 0, 0, 0, 0, 0))
2018-04-08 15:04:24.452576;(20, (596, 602, 323, 0, 0, 0, 0, 0, 0, 0))
2018-04-08 15:04:24.527451;(12, (255, 251, 0, 0, 0, 0, 0, 0, 0, 0))
2018-04-08 15:04:24.585087;(13, (277, 299, 49, 0, 0, 0, 0, 0, 0, 0))
2018-04-08 15:04:24.641076;(8, (331, 298, 23, 1, 0, 0, 0, 0, 0, 0))
2018-04-08 15:04:24.683185;(14, (269, 228, 0, 0, 0, 0, 0, 0, 0, 0))
2018-04-08 15:04:24.706504;(11, (300, 305, 58, 0, 0, 0, 0, 0, 0, 0))
2018-04-08 15:04:24.742950;(5, (227, 236, 0, 0, 0, 0, 0, 0, 0, 0))
2018-04-08 15:04:24.805251;(22, (241, 217, 0, 0, 0, 0, 0, 0, 0, 0))
2018-04-08 15:04:24.850214;(21, (345, 353, 113, 0, 0, 0, 0, 0, 0, 0))
2018-04-08 15:04:24.878993;(4, (308, 347, 78, 0, 0, 0, 0, 0, 0, 0))
2018-04-08 15:04:24.891668;(6, (214, 234, 0, 0, 0, 0, 0, 0, 0, 0))
2018-04-08 15:04:53.488101;(1, (2155, 1911, 1818, 909, 0, 0, 0, 0, 0, 0))
2018-04-08 15:04:53.970289;(23, (140, 100, 0, 0, 0, 0, 0, 0, 0, 0))
2018-04-08 15:04:54.092635;(9, (236, 288, 0, 0, 0, 0, 0, 0, 0, 0))
2018-04-08 15:04:54.183126;(18, (697, 704, 418, 0, 0, 0, 0, 0, 0, 0))
2018-04-08 15:04:54.217915;(3, (333, 311, 12, 0, 0, 0, 0, 0, 0, 0))
2018-04-08 15:04:54.234542;(16, (288, 284, 0, 0, 0, 0, 0, 0, 0, 0))
2018-04-08 15:04:54.242124;(7, (550, 530, 187, 0, 0, 0, 0, 0, 0, 0))
2018-04-08 15:04:54.331588;(19, (272, 296, 0, 0, 0, 0, 0, 0, 0, 0))
2018-04-08 15:04:54.363602;(10, (431, 426, 123, 0, 0, 0, 0, 0, 0, 0))
2018-04-08 15:04:54.371712;(17, (238, 295, 3, 0, 0, 0, 0, 0, 0, 0))
2018-04-08 15:04:54.398332;(15, (997, 998, 665, 0, 0, 0, 0, 0, 0, 0))
2018-04-08 15:04:54.461152;(20, (694, 705, 383, 0, 0, 0, 0, 0, 0, 0))
2018-04-08 15:04:54.531351;(12, (291, 293, 0, 0, 0, 0, 0, 0, 0, 0))
2018-04-08 15:04:54.587572;(13, (344, 371, 81, 0, 0, 0, 0, 0, 0, 0))
2018-04-08 15:04:54.644613;(8, (370, 340, 23, 1, 0, 0, 0, 0, 0, 0))
2018-04-08 15:04:54.687904;(14, (307, 270, 0, 0, 0, 0, 0, 0, 0, 0))
2018-04-08 15:04:54.715722;(11, (346, 359, 74, 0, 0, 0, 0, 0, 0, 0))
2018-04-08 15:04:54.746115;(5, (263, 282, 0, 0, 0, 0, 0, 0, 0, 0))
2018-04-08 15:04:54.809053;(22, (276, 256, 0, 0, 0, 0, 0, 0, 0, 0))
2018-04-08 15:04:54.853422;(21, (382, 396, 113, 0, 0, 0, 0, 0, 0, 0))
2018-04-08 15:04:54.882816;(4, (358, 406, 94, 0, 0, 0, 0, 0, 0, 0))
2018-04-08 15:04:54.894739;(6, (252, 278, 0, 0, 0, 0, 0, 0, 0, 0))
2018-04-08 15:05:23.973283;(23, (152, 111, 0, 0, 0, 0, 0, 0, 0, 0))
2018-04-08 15:05:24.096183;(9, (269, 329, 0, 0, 0, 0, 0, 0, 0, 0))
2018-04-08 15:05:24.185777;(18, (810, 822, 494, 0, 0, 0, 0, 0, 0, 0))
2018-04-08 15:05:24.221564;(3, (369, 353, 12, 0, 0, 0, 0, 0, 0, 0))
2018-04-08 15:05:24.238380;(16, (324, 325, 0, 0, 0, 0, 0, 0, 0, 0))
2018-04-08 15:05:24.335208;(19, (307, 338, 0, 0, 0, 0, 0, 0, 0, 0))
2018-04-08 15:05:24.366057;(10, (490, 488, 142, 0, 0, 0, 0, 0, 0, 0))
2018-04-08 15:05:24.375112;(17, (271, 335, 3, 0, 0, 0, 0, 0, 0, 0))
2018-04-08 15:05:24.401405;(15, (1146, 1150, 772, 0, 0, 0, 0, 0, 0, 0))
2018-04-08 15:05:24.464123;(20, (787, 805, 445, 0, 0, 0, 0, 0, 0, 0))
2018-04-08 15:05:24.494303;(1, (2481, 2223, 2120, 1060, 0, 0, 0, 0, 0, 0))
2018-04-08 15:05:24.535115;(12, (325, 332, 0, 0, 0, 0, 0, 0, 0, 0))
2018-04-08 15:05:24.591542;(13, (412, 442, 109, 0, 0, 0, 0, 0, 0, 0))
2018-04-08 15:05:24.647780;(8, (404, 378, 23, 1, 0, 0, 0, 0, 0, 0))
2018-04-08 15:05:24.693042;(14, (341, 309, 0, 0, 0, 0, 0, 0, 0, 0))
2018-04-08 15:05:24.720112;(11, (395, 414, 88, 0, 0, 0, 0, 0, 0, 0))
2018-04-08 15:05:24.749865;(5, (295, 328, 0, 0, 0, 0, 0, 0, 0, 0))
2018-04-08 15:05:24.811733;(22, (312, 299, 0, 0, 0, 0, 0, 0, 0, 0))
2018-04-08 15:05:24.855941;(21, (428, 444, 121, 0, 0, 0, 0, 0, 0, 0))
2018-04-08 15:05:24.886702;(4, (405, 461, 108, 0, 0, 0, 0, 0, 0, 0))
2018-04-08 15:05:25.247469;(7, (617, 604, 217, 0, 0, 0, 0, 0, 0, 0))
2018-04-08 15:05:25.898069;(6, (289, 318, 0, 0, 0, 0, 0, 0, 0, 0))
2018-04-08 15:05:53.977348;(23, (163, 122, 0, 0, 0, 0, 0, 0, 0, 0))
2018-04-08 15:05:54.370230;(10, (546, 547, 159, 0, 0, 0, 0, 0, 0, 0))
2018-04-08 15:05:54.497957;(1, (2805, 2533, 2420, 1210, 0, 0, 0, 0, 0, 0))
2018-04-08 15:05:54.695759;(14, (379, 353, 0, 0, 0, 0, 0, 0, 0, 0))
2018-04-08 15:05:54.722353;(11, (445, 470, 104, 0, 0, 0, 0, 0, 0, 0))
2018-04-08 15:05:54.858948;(21, (469, 490, 123, 0, 0, 0, 0, 0, 0, 0))
2018-04-08 15:05:55.100982;(9, (304, 371, 0, 0, 0, 0, 0, 0, 0, 0))
2018-04-08 15:05:55.190029;(18, (924, 943, 572, 0, 0, 0, 0, 0, 0, 0))
2018-04-08 15:05:55.225543;(3, (402, 394, 12, 0, 0, 0, 0, 0, 0, 0))
2018-04-08 15:05:55.242032;(16, (358, 367, 0, 0, 0, 0, 0, 0, 0, 0))
2018-04-08 15:05:55.251554;(7, (682, 676, 247, 0, 0, 0, 0, 0, 0, 0))
2018-04-08 15:05:55.338469;(19, (341, 378, 0, 0, 0, 0, 0, 0, 0, 0))
2018-04-08 15:05:55.378769;(17, (307, 379, 3, 0, 0, 0, 0, 0, 0, 0))
2018-04-08 15:05:55.403951;(15, (1311, 1318, 893, 0, 0, 0, 0, 0, 0, 0))
2018-04-08 15:05:55.466878;(20, (885, 911, 507, 0, 0, 0, 0, 0, 0, 0))
2018-04-08 15:05:55.538924;(12, (361, 377, 0, 0, 0, 0, 0, 0, 0, 0))
2018-04-08 15:05:55.595621;(13, (483, 518, 141, 0, 0, 0, 0, 0, 0, 0))
2018-04-08 15:05:55.650411;(8, (441, 422, 23, 1, 0, 0, 0, 0, 0, 0))
2018-04-08 15:05:55.753236;(5, (331, 381, 0, 0, 0, 0, 0, 0, 0, 0))
2018-04-08 15:05:55.891022;(4, (458, 520, 124, 0, 0, 0, 0, 0, 0, 0))
2018-04-08 15:05:55.901924;(6, (328, 361, 0, 0, 0, 0, 0, 0, 0, 0))
2018-04-08 15:06:24.373090;(10, (613, 618, 174, 0, 0, 0, 0, 0, 0, 0))
2018-04-08 15:06:24.501938;(1, (3167, 2853, 2730, 1365, 0, 0, 0, 0, 0, 0))
2018-04-08 15:06:24.861765;(21, (519, 542, 137, 0, 0, 0, 0, 0, 0, 0))
2018-04-08 15:06:24.979490;(23, (217, 166, 24, 0, 0, 0, 0, 0, 0, 0))
2018-04-08 15:06:25.103715;(9, (335, 409, 0, 0, 0, 0, 0, 0, 0, 0))
2018-04-08 15:06:25.193639;(18, (1027, 1043, 606, 1, 0, 0, 0, 0, 0, 0))
2018-04-08 15:06:25.229425;(3, (469, 456, 16, 0, 0, 0, 0, 0, 0, 0))
2018-04-08 15:06:25.245554;(16, (411, 423, 0, 0, 0, 0, 0, 0, 0, 0))
2018-04-08 15:06:25.255582;(7, (840, 814, 318, 0, 0, 0, 0, 0, 0, 0))
2018-04-08 15:06:25.341637;(19, (417, 446, 12, 0, 0, 0, 0, 0, 0, 0))
2018-04-08 15:06:25.382090;(17, (344, 424, 3, 1, 0, 0, 0, 0, 0, 0))
2018-04-08 15:06:25.406449;(15, (1450, 1456, 969, 0, 0, 0, 0, 0, 0, 0))
2018-04-08 15:06:25.469293;(20, (1063, 1085, 613, 0, 0, 0, 0, 0, 0, 0))
2018-04-08 15:06:25.546905;(12, (433, 450, 11, 0, 0, 0, 0, 0, 0, 0))
2018-04-08 15:06:25.599237;(13, (543, 584, 169, 0, 0, 0, 0, 0, 0, 0))
2018-04-08 15:06:25.655763;(8, (510, 496, 34, 1, 0, 0, 0, 0, 0, 0))
2018-04-08 15:06:25.698651;(14, (463, 428, 13, 0, 0, 0, 0, 0, 0, 0))
2018-04-08 15:06:25.725791;(11, (505, 525, 109, 0, 0, 0, 0, 0, 0, 0))
2018-04-08 15:06:25.755690;(5, (370, 421, 0, 0, 0, 0, 0, 0, 0, 0))
2018-04-08 15:06:25.818789;(22, (424, 414, 17, 0, 0, 0, 0, 0, 0, 0))
2018-04-08 15:06:25.893509;(4, (503, 572, 138, 0, 0, 0, 0, 0, 0, 0))
2018-04-08 15:06:25.905169;(6, (376, 416, 4, 0, 0, 0, 0, 0, 0, 0))
2018-04-08 15:06:54.505020;(1, (3551, 3171, 3038, 1519, 0, 0, 0, 0, 0, 0))
2018-04-08 15:06:54.982460;(23, (280, 222, 52, 0, 0, 0, 0, 0, 0, 0))
2018-04-08 15:06:55.107306;(9, (369, 451, 0, 0, 0, 0, 0, 0, 0, 0))
2018-04-08 15:06:55.196793;(18, (1122, 1138, 632, 1, 0, 0, 0, 0, 0, 0))
2018-04-08 15:06:55.232356;(3, (624, 599, 79, 0, 0, 0, 0, 0, 0, 0))
2018-04-08 15:06:55.249365;(16, (482, 486, 4, 0, 0, 0, 0, 0, 0, 0))
2018-04-08 15:06:55.261997;(7, (951, 917, 350, 0, 0, 0, 0, 0, 0, 0))
2018-04-08 15:06:55.344071;(19, (496, 522, 33, 0, 0, 0, 0, 0, 0, 0))
2018-04-08 15:06:55.375737;(10, (724, 721, 220, 0, 0, 0, 0, 0, 0, 0))
2018-04-08 15:06:55.385416;(17, (384, 472, 3, 1, 0, 0, 0, 0, 0, 0))
2018-04-08 15:06:55.409114;(15, (1578, 1583, 1032, 0, 0, 0, 0, 0, 0, 0))
2018-04-08 15:06:55.471879;(20, (1255, 1273, 714, 2, 0, 0, 0, 0, 0, 0))
2018-04-08 15:06:55.550681;(12, (513, 535, 21, 0, 0, 0, 0, 0, 0, 0))
2018-04-08 15:06:55.602761;(13, (624, 669, 210, 0, 0, 0, 0, 0, 0, 0))
2018-04-08 15:06:55.659219;(8, (597, 573, 48, 2, 0, 0, 0, 0, 0, 0))
2018-04-08 15:06:55.702546;(14, (595, 548, 60, 0, 0, 0, 0, 0, 0, 0))
2018-04-08 15:06:55.728143;(11, (598, 610, 127, 0, 0, 0, 0, 0, 0, 0))
2018-04-08 15:06:55.759363;(5, (425, 477, 6, 0, 0, 0, 0, 0, 0, 0))
2018-04-08 15:06:55.823319;(22, (565, 550, 82, 0, 0, 0, 0, 0, 0, 0))
2018-04-08 15:06:55.865370;(21, (596, 612, 156, 0, 0, 0, 0, 0, 0, 0))
2018-04-08 15:06:55.896101;(4, (553, 630, 154, 0, 0, 0, 0, 0, 0, 0))
2018-04-08 15:06:55.908048;(6, (429, 477, 4, 0, 0, 0, 0, 0, 0, 0))
2018-04-08 15:07:24.507197;(1, (3906, 3475, 3332, 1666, 0, 0, 0, 0, 0, 0))
2018-04-08 15:07:24.985404;(23, (304, 232, 53, 0, 0, 0, 0, 0, 0, 0))
2018-04-08 15:07:25.110097;(9, (411, 500, 3, 2, 0, 0, 0, 0, 0, 0))
2018-04-08 15:07:25.199532;(18, (1181, 1200, 636, 1, 0, 0, 0, 0, 0, 0))
2018-04-08 15:07:25.235966;(3, (807, 770, 183, 1, 0, 0, 0, 0, 0, 0))
2018-04-08 15:07:25.251765;(16, (533, 533, 4, 0, 0, 0, 0, 0, 0, 0))
2018-04-08 15:07:25.265417;(7, (1012, 976, 362, 0, 0, 0, 0, 0, 0, 0))
2018-04-08 15:07:25.347213;(19, (618, 641, 94, 0, 0, 0, 0, 0, 0, 0))
2018-04-08 15:07:25.378871;(10, (984, 965, 392, 1, 0, 0, 0, 0, 0, 0))
2018-04-08 15:07:25.389322;(17, (412, 507, 3, 1, 0, 0, 0, 0, 0, 0))
2018-04-08 15:07:25.411774;(15, (1632, 1635, 1035, 0, 0, 0, 0, 0, 0, 0))
2018-04-08 15:07:25.474403;(20, (1299, 1326, 718, 2, 0, 0, 0, 0, 0, 0))
2018-04-08 15:07:25.554062;(12, (563, 578, 22, 0, 0, 0, 0, 0, 0, 0))
2018-04-08 15:07:25.605463;(13, (699, 749, 240, 0, 0, 0, 0, 0, 0, 0))
2018-04-08 15:07:25.664021;(8, (670, 635, 64, 2, 0, 0, 0, 0, 0, 0))
2018-04-08 15:07:25.705582;(14, (683, 629, 80, 0, 0, 0, 0, 0, 0, 0))
2018-04-08 15:07:25.731188;(11, (645, 649, 130, 0, 0, 0, 0, 0, 0, 0))
2018-04-08 15:07:25.762744;(5, (474, 538, 10, 0, 0, 0, 0, 0, 0, 0))
2018-04-08 15:07:25.826508;(22, (791, 782, 225, 0, 0, 0, 0, 0, 0, 0))
2018-04-08 15:07:25.867917;(21, (645, 657, 161, 0, 0, 0, 0, 0, 0, 0))
2018-04-08 15:07:25.899752;(4, (617, 707, 174, 0, 0, 0, 0, 0, 0, 0))
2018-04-08 15:07:25.910992;(6, (490, 542, 15, 1, 0, 0, 0, 0, 0, 0))
2018-04-08 15:07:54.510554;(1, (4287, 3809, 3656, 1828, 0, 0, 0, 0, 0, 0))
2018-04-08 15:07:54.987232;(23, (324, 241, 53, 0, 0, 0, 0, 0, 0, 0))
2018-04-08 15:07:55.113057;(9, (446, 545, 3, 2, 0, 0, 0, 0, 0, 0))
2018-04-08 15:07:55.202638;(18, (1258, 1273, 655, 1, 0, 0, 0, 0, 0, 0))
2018-04-08 15:07:55.238892;(3, (1021, 974, 301, 1, 0, 0, 0, 0, 0, 0))
2018-04-08 15:07:55.255241;(16, (612, 609, 20, 0, 0, 0, 0, 0, 0, 0))
2018-04-08 15:07:55.350567;(19, (713, 731, 127, 1, 0, 0, 0, 0, 0, 0))
2018-04-08 15:07:55.382428;(10, (1033, 1007, 394, 1, 0, 0, 0, 0, 0, 0))
2018-04-08 15:07:55.391794;(17, (453, 556, 3, 1, 0, 0, 0, 0, 0, 0))
2018-04-08 15:07:55.414794;(15, (1681, 1677, 1037, 0, 0, 0, 0, 0, 0, 0))
2018-04-08 15:07:55.478268;(20, (1563, 1585, 897, 2, 0, 0, 0, 0, 0, 0))
2018-04-08 15:07:55.557535;(12, (627, 639, 27, 0, 0, 0, 0, 0, 0, 0))
2018-04-08 15:07:55.669131;(8, (765, 719, 79, 2, 0, 0, 0, 0, 0, 0))
2018-04-08 15:07:55.711866;(14, (800, 725, 117, 0, 0, 0, 0, 0, 0, 0))
2018-04-08 15:07:55.733740;(11, (700, 707, 130, 0, 0, 0, 0, 0, 0, 0))
2018-04-08 15:07:55.766276;(5, (533, 604, 28, 0, 0, 0, 0, 0, 0, 0))
2018-04-08 15:07:55.829630;(22, (871, 849, 236, 0, 0, 0, 0, 0, 0, 0))
2018-04-08 15:07:55.870692;(21, (688, 699, 161, 0, 0, 0, 0, 0, 0, 0))
2018-04-08 15:07:55.902094;(4, (670, 763, 189, 0, 0, 0, 0, 0, 0, 0))
2018-04-08 15:07:56.270819;(7, (1111, 1066, 391, 0, 0, 0, 0, 0, 0, 0))
2018-04-08 15:07:56.608429;(13, (771, 826, 272, 0, 0, 0, 0, 0, 0, 0))
2018-04-08 15:07:56.914423;(6, (538, 592, 16, 1, 0, 0, 0, 0, 0, 0))
2018-04-08 15:08:24.514414;(1, (4619, 4117, 3952, 1976, 0, 0, 0, 0, 0, 0))
2018-04-08 15:08:24.989544;(23, (338, 249, 53, 0, 0, 0, 0, 0, 0, 0))
2018-04-08 15:08:25.385117;(10, (1077, 1050, 394, 1, 0, 0, 0, 0, 0, 0))
2018-04-08 15:08:25.715068;(14, (883, 802, 147, 0, 0, 0, 0, 0, 0, 0))
2018-04-08 15:08:25.735932;(11, (739, 746, 130, 0, 0, 0, 0, 0, 0, 0))
2018-04-08 15:08:25.873224;(21, (727, 741, 161, 0, 0, 0, 0, 0, 0, 0))
2018-04-08 15:08:26.115854;(9, (478, 584, 3, 2, 0, 0, 0, 0, 0, 0))
2018-04-08 15:08:26.206441;(18, (1301, 1317, 655, 1, 0, 0, 0, 0, 0, 0))
2018-04-08 15:08:26.242022;(3, (1196, 1147, 421, 1, 0, 0, 0, 0, 0, 0))
2018-04-08 15:08:26.258765;(16, (655, 652, 20, 0, 0, 0, 0, 0, 0, 0))
2018-04-08 15:08:26.274374;(7, (1169, 1120, 405, 0, 0, 0, 0, 0, 0, 0))
2018-04-08 15:08:26.353368;(19, (805, 825, 171, 1, 0, 0, 0, 0, 0, 0))
2018-04-08 15:08:26.395067;(17, (485, 596, 3, 1, 0, 0, 0, 0, 0, 0))
2018-04-08 15:08:26.417512;(15, (1727, 1724, 1041, 0, 0, 0, 0, 0, 0, 0))
2018-04-08 15:08:26.481953;(20, (1774, 1800, 1063, 2, 0, 0, 0, 0, 0, 0))
2018-04-08 15:08:26.560750;(12, (700, 712, 56, 0, 0, 0, 0, 0, 0, 0))
2018-04-08 15:08:26.613582;(13, (838, 896, 304, 0, 0, 0, 0, 0, 0, 0))
2018-04-08 15:08:26.673459;(8, (812, 761, 80, 2, 0, 0, 0, 0, 0, 0))
2018-04-08 15:08:26.770421;(5, (588, 673, 43, 0, 0, 0, 0, 0, 0, 0))
2018-04-08 15:08:26.832436;(22, (910, 889, 236, 0, 0, 0, 0, 0, 0, 0))
2018-04-08 15:08:26.904756;(4, (721, 822, 205, 0, 0, 0, 0, 0, 0, 0))
2018-04-08 15:08:26.917742;(6, (580, 640, 16, 1, 0, 0, 0, 0, 0, 0))
2018-04-08 15:08:54.517362;(1, (4950, 4439, 4264, 2132, 0, 0, 0, 0, 0, 0))
2018-04-08 15:08:54.993297;(23, (348, 258, 53, 0, 0, 0, 0, 0, 0, 0))
2018-04-08 15:08:55.387542;(10, (1126, 1101, 402, 1, 0, 0, 0, 0, 0, 0))
2018-04-08 15:08:55.717878;(14, (950, 870, 177, 0, 0, 0, 0, 0, 0, 0))
2018-04-08 15:08:55.738235;(11, (774, 787, 130, 0, 0, 0, 0, 0, 0, 0))
2018-04-08 15:08:55.876320;(21, (761, 779, 161, 0, 0, 0, 0, 0, 0, 0))
2018-04-08 15:08:56.119238;(9, (512, 626, 3, 2, 0, 0, 0, 0, 0, 0))
2018-04-08 15:08:56.209843;(18, (1335, 1355, 655, 1, 0, 0, 0, 0, 0, 0))
2018-04-08 15:08:56.245337;(3, (1353, 1308, 543, 1, 0, 0, 0, 0, 0, 0))
2018-04-08 15:08:56.262166;(16, (693, 694, 20, 0, 0, 0, 0, 0, 0, 0))
2018-04-08 15:08:56.278615;(7, (1225, 1179, 421, 0, 0, 0, 0, 0, 0, 0))
2018-04-08 15:08:56.356064;(19, (883, 908, 217, 1, 0, 0, 0, 0, 0, 0))
2018-04-08 15:08:56.398702;(17, (519, 639, 3, 1, 0, 0, 0, 0, 0, 0))
2018-04-08 15:08:56.419997;(15, (1773, 1773, 1051, 0, 0, 0, 0, 0, 0, 0))
2018-04-08 15:08:56.486627;(20, (1980, 2012, 1231, 2, 0, 0, 0, 0, 0, 0))
2018-04-08 15:08:56.564322;(12, (768, 785, 86, 0, 0, 0, 0, 0, 0, 0))
2018-04-08 15:08:56.616173;(13, (900, 966, 332, 0, 0, 0, 0, 0, 0, 0))
2018-04-08 15:08:56.676107;(8, (852, 804, 80, 2, 0, 0, 0, 0, 0, 0))
2018-04-08 15:08:56.773144;(5, (631, 726, 51, 0, 0, 0, 0, 0, 0, 0))
2018-04-08 15:08:56.837251;(22, (949, 932, 236, 0, 0, 0, 0, 0, 0, 0))
2018-04-08 15:08:56.907772;(4, (766, 874, 219, 0, 0, 0, 0, 0, 0, 0))
2018-04-08 15:08:56.920374;(6, (617, 683, 16, 1, 0, 0, 0, 0, 0, 0))
2018-04-08 15:09:25.519391;(1, (5261, 4717, 4532, 2266, 0, 0, 0, 0, 0, 0))
2018-04-08 15:09:25.995550;(23, (364, 266, 53, 0, 0, 0, 0, 0, 0, 0))
2018-04-08 15:09:26.123004;(9, (547, 669, 3, 2, 0, 0, 0, 0, 0, 0))
2018-04-08 15:09:26.213748;(18, (1457, 1481, 704, 2, 0, 0, 0, 0, 0, 0))
2018-04-08 15:09:26.249000;(3, (1513, 1472, 615, 3, 0, 0, 0, 0, 0, 0))
2018-04-08 15:09:26.265480;(16, (773, 778, 33, 2, 0, 0, 0, 0, 0, 0))
2018-04-08 15:09:26.282095;(7, (1323, 1267, 445, 2, 0, 0, 0, 0, 0, 0))
2018-04-08 15:09:26.358499;(19, (977, 1015, 253, 1, 0, 0, 0, 0, 0, 0))
2018-04-08 15:09:26.390657;(10, (1204, 1181, 433, 1, 0, 0, 0, 0, 0, 0))
2018-04-08 15:09:26.401989;(17, (555, 689, 4, 2, 0, 0, 0, 0, 0, 0))
2018-04-08 15:09:26.422596;(15, (1909, 1906, 1127, 0, 0, 0, 0, 0, 0, 0))
2018-04-08 15:09:26.567969;(12, (847, 866, 106, 0, 0, 0, 0, 0, 0, 0))
2018-04-08 15:09:26.620231;(13, (966, 1037, 364, 0, 0, 0, 0, 0, 0, 0))
2018-04-08 15:09:26.678636;(8, (922, 855, 90, 2, 0, 0, 0, 0, 0, 0))
2018-04-08 15:09:26.721495;(14, (1083, 991, 216, 6, 0, 0, 0, 0, 0, 0))
2018-04-08 15:09:26.741917;(11, (826, 840, 139, 0, 0, 0, 0, 0, 0, 0))
2018-04-08 15:09:26.776598;(5, (670, 770, 51, 0, 0, 0, 0, 0, 0, 0))
2018-04-08 15:09:26.839847;(22, (1016, 997, 246, 0, 0, 0, 0, 0, 0, 0))
2018-04-08 15:09:26.882687;(21, (798, 821, 161, 0, 0, 0, 0, 0, 0, 0))
2018-04-08 15:09:26.910249;(4, (818, 933, 235, 0, 0, 0, 0, 0, 0, 0))
2018-04-08 15:09:26.923167;(6, (679, 748, 32, 1, 0, 0, 0, 0, 0, 0))
2018-04-08 15:09:55.521633;(1, (5633, 5059, 4864, 2432, 0, 0, 0, 0, 0, 0))
2018-04-08 15:09:55.997461;(23, (376, 277, 53, 0, 0, 0, 0, 0, 0, 0))
2018-04-08 15:09:56.127650;(9, (578, 707, 3, 2, 0, 0, 0, 0, 0, 0))
2018-04-08 15:09:56.217196;(18, (1614, 1637, 807, 2, 0, 0, 0, 0, 0, 0))
2018-04-08 15:09:56.251897;(3, (1573, 1529, 620, 3, 0, 0, 0, 0, 0, 0))
2018-04-08 15:09:56.269935;(16, (826, 828, 38, 2, 0, 0, 0, 0, 0, 0))
2018-04-08 15:09:56.285703;(7, (1392, 1324, 459, 2, 0, 0, 0, 0, 0, 0))
2018-04-08 15:09:56.365958;(19, (1026, 1066, 253, 1, 0, 0, 0, 0, 0, 0))
2018-04-08 15:09:56.393198;(10, (1287, 1258, 463, 1, 0, 0, 0, 0, 0, 0))
2018-04-08 15:09:56.405726;(17, (590, 732, 4, 2, 0, 0, 0, 0, 0, 0))
2018-04-08 15:09:56.425742;(15, (2105, 2097, 1267, 0, 0, 0, 0, 0, 0, 0))
2018-04-08 15:09:56.497948;(20, (2205, 2230, 1349, 2, 0, 0, 0, 0, 0, 0))
2018-04-08 15:09:56.571771;(12, (914, 936, 120, 0, 0, 0, 0, 0, 0, 0))
2018-04-08 15:09:56.623226;(13, (1029, 1107, 392, 0, 0, 0, 0, 0, 0, 0))
2018-04-08 15:09:56.682655;(8, (985, 913, 90, 2, 0, 0, 0, 0, 0, 0))
2018-04-08 15:09:56.724999;(14, (1151, 1047, 228, 6, 0, 0, 0, 0, 0, 0))
2018-04-08 15:09:56.746355;(11, (931, 940, 180, 0, 0, 0, 0, 0, 0, 0))
2018-04-08 15:09:56.778998;(5, (703, 815, 51, 0, 0, 0, 0, 0, 0, 0))
2018-04-08 15:09:56.843613;(22, (1079, 1064, 258, 0, 0, 0, 0, 0, 0, 0))
2018-04-08 15:09:56.885140;(21, (833, 861, 161, 0, 0, 0, 0, 0, 0, 0))
2018-04-08 15:09:56.912777;(4, (864, 985, 249, 0, 0, 0, 0, 0, 0, 0))
2018-04-08 15:09:56.926366;(6, (738, 807, 46, 1, 0, 0, 0, 0, 0, 0))
2018-04-08 15:10:25.523431;(1, (5947, 5361, 5156, 2578, 0, 0, 0, 0, 0, 0))
2018-04-08 15:10:25.999312;(23, (386, 287, 53, 0, 0, 0, 0, 0, 0, 0))
2018-04-08 15:10:26.221506;(18, (1747, 1774, 899, 2, 0, 0, 0, 0, 0, 0))
2018-04-08 15:10:26.257791;(3, (1612, 1568, 620, 3, 0, 0, 0, 0, 0, 0))
2018-04-08 15:10:26.272370;(16, (864, 871, 38, 2, 0, 0, 0, 0, 0, 0))
2018-04-08 15:10:26.395679;(10, (1350, 1321, 486, 1, 0, 0, 0, 0, 0, 0))
2018-04-08 15:10:26.409221;(17, (625, 775, 4, 2, 0, 0, 0, 0, 0, 0))
2018-04-08 15:10:26.502341;(20, (2273, 2303, 1379, 2, 0, 0, 0, 0, 0, 0))
2018-04-08 15:10:26.574789;(12, (968, 992, 134, 0, 0, 0, 0, 0, 0, 0))
2018-04-08 15:10:26.727557;(14, (1201, 1099, 236, 6, 0, 0, 0, 0, 0, 0))
2018-04-08 15:10:26.750233;(11, (1005, 1019, 218, 0, 0, 0, 0, 0, 0, 0))
2018-04-08 15:10:26.781752;(5, (739, 868, 51, 0, 0, 0, 0, 0, 0, 0))
2018-04-08 15:10:26.849220;(22, (1130, 1117, 272, 0, 0, 0, 0, 0, 0, 0))
2018-04-08 15:10:26.887964;(21, (874, 904, 162, 0, 0, 0, 0, 0, 0, 0))
2018-04-08 15:10:26.918072;(4, (914, 1043, 265, 0, 0, 0, 0, 0, 0, 0))
2018-04-08 15:10:27.132508;(9, (612, 749, 3, 2, 0, 0, 0, 0, 0, 0))
2018-04-08 15:10:27.289155;(7, (1448, 1383, 475, 2, 0, 0, 0, 0, 0, 0))
2018-04-08 15:10:27.369407;(19, (1061, 1103, 253, 1, 0, 0, 0, 0, 0, 0))
2018-04-08 15:10:27.430312;(15, (2295, 2287, 1411, 0, 0, 0, 0, 0, 0, 0))
2018-04-08 15:10:27.626645;(13, (1096, 1181, 424, 0, 0, 0, 0, 0, 0, 0))
2018-04-08 15:10:27.687912;(8, (1026, 956, 90, 2, 0, 0, 0, 0, 0, 0))
2018-04-08 15:10:27.929801;(6, (789, 862, 55, 1, 0, 0, 0, 0, 0, 0))
2018-04-08 15:10:55.526263;(1, (6311, 5685, 5470, 2735, 0, 0, 0, 0, 0, 0))
2018-04-08 15:10:56.002295;(23, (404, 301, 54, 0, 0, 0, 0, 0, 0, 0))
2018-04-08 15:10:56.398251;(10, (1410, 1375, 495, 1, 0, 0, 0, 0, 0, 0))
2018-04-08 15:10:56.731437;(14, (1284, 1175, 256, 6, 0, 0, 0, 0, 0, 0))
2018-04-08 15:10:56.757012;(11, (1066, 1078, 225, 0, 0, 0, 0, 0, 0, 0))
2018-04-08 15:10:56.892615;(21, (915, 943, 162, 0, 0, 0, 0, 0, 0, 0))
2018-04-08 15:10:57.135607;(9, (644, 787, 3, 2, 0, 0, 0, 0, 0, 0))
2018-04-08 15:10:57.226656;(18, (1875, 1894, 959, 2, 0, 0, 0, 0, 0, 0))
2018-04-08 15:10:57.262982;(3, (1712, 1671, 661, 3, 0, 0, 0, 0, 0, 0))
2018-04-08 15:10:57.277358;(16, (939, 945, 57, 6, 0, 0, 0, 0, 0, 0))
2018-04-08 15:10:57.292286;(7, (1520, 1451, 492, 2, 0, 0, 0, 0, 0, 0))
2018-04-08 15:10:57.372096;(19, (1111, 1152, 254, 1, 0, 0, 0, 0, 0, 0))
2018-04-08 15:10:57.411773;(17, (662, 820, 5, 2, 0, 0, 0, 0, 0, 0))
2018-04-08 15:10:57.434121;(15, (2450, 2441, 1512, 0, 0, 0, 0, 0, 0, 0))
2018-04-08 15:10:57.506203;(20, (2409, 2442, 1458, 2, 0, 0, 0, 0, 0, 0))
2018-04-08 15:10:57.578300;(12, (1026, 1056, 139, 1, 0, 0, 0, 0, 0, 0))
2018-04-08 15:10:57.629036;(13, (1156, 1247, 452, 0, 0, 0, 0, 0, 0, 0))
2018-04-08 15:10:57.691196;(8, (1078, 1001, 90, 2, 0, 0, 0, 0, 0, 0))
2018-04-08 15:10:57.785971;(5, (774, 913, 51, 0, 0, 0, 0, 0, 0, 0))
2018-04-08 15:10:57.853057;(22, (1202, 1183, 291, 0, 0, 0, 0, 0, 0, 0))
2018-04-08 15:10:57.921281;(4, (959, 1096, 279, 0, 0, 0, 0, 0, 0, 0))
2018-04-08 15:10:57.933672;(6, (828, 912, 55, 1, 0, 0, 0, 0, 0, 0))
2018-04-08 15:11:25.529778;(1, (6662, 5996, 5766, 2883, 0, 0, 0, 0, 0, 0))
2018-04-08 15:11:26.005558;(23, (420, 311, 54, 0, 0, 0, 0, 0, 0, 0))
2018-04-08 15:11:26.400766;(10, (1458, 1417, 497, 1, 0, 0, 0, 0, 0, 0))
2018-04-08 15:11:26.733897;(14, (1369, 1252, 273, 7, 0, 0, 0, 0, 0, 0))
2018-04-08 15:11:26.761415;(11, (1125, 1136, 229, 1, 0, 0, 0, 0, 0, 0))
2018-04-08 15:11:26.895602;(21, (953, 986, 162, 0, 0, 0, 0, 0, 0, 0))
2018-04-08 15:11:27.138850;(9, (678, 830, 3, 2, 0, 0, 0, 0, 0, 0))
2018-04-08 15:11:27.230486;(18, (1969, 1985, 994, 2, 0, 0, 0, 0, 0, 0))
2018-04-08 15:11:27.268684;(3, (1842, 1798, 721, 3, 0, 0, 0, 0, 0, 0))
2018-04-08 15:11:27.280099;(16, (1002, 1009, 64, 8, 0, 0, 0, 0, 0, 0))
2018-04-08 15:11:27.298403;(7, (1606, 1523, 512, 3, 0, 0, 0, 0, 0, 0))
2018-04-08 15:11:27.374500;(19, (1182, 1221, 273, 2, 0, 0, 0, 0, 0, 0))
2018-04-08 15:11:27.414905;(17, (702, 870, 5, 3, 0, 0, 0, 0, 0, 0))
2018-04-08 15:11:27.436992;(15, (2618, 2607, 1625, 0, 0, 0, 0, 0, 0, 0))
2018-04-08 15:11:27.510132;(20, (2570, 2612, 1552, 2, 0, 0, 0, 0, 0, 0))
2018-04-08 15:11:27.582209;(12, (1093, 1114, 144, 3, 0, 0, 0, 0, 0, 0))
2018-04-08 15:11:27.634241;(13, (1223, 1322, 484, 0, 0, 0, 0, 0, 0, 0))
2018-04-08 15:11:27.694802;(8, (1140, 1057, 90, 2, 0, 0, 0, 0, 0, 0))
2018-04-08 15:11:27.788559;(5, (827, 972, 62, 0, 0, 0, 0, 0, 0, 0))
2018-04-08 15:11:27.857273;(22, (1290, 1264, 319, 0, 0, 0, 0, 0, 0, 0))
2018-04-08 15:11:27.927845;(4, (1011, 1154, 295, 0, 0, 0, 0, 0, 0, 0))
2018-04-08 15:11:27.936997;(6, (869, 964, 55, 1, 0, 0, 0, 0, 0, 0))
2018-04-08 15:11:55.531597;(1, (7040, 6336, 6096, 3048, 0, 0, 0, 0, 0, 0))
2018-04-08 15:11:56.403430;(10, (1514, 1466, 503, 1, 0, 0, 0, 0, 0, 0))
2018-04-08 15:11:56.737037;(14, (1446, 1326, 285, 7, 0, 0, 0, 0, 0, 0))
2018-04-08 15:11:56.898885;(21, (1028, 1066, 198, 0, 0, 0, 0, 0, 0, 0))
2018-04-08 15:11:57.007539;(23, (478, 359, 86, 0, 0, 0, 0, 0, 0, 0))
2018-04-08 15:11:57.141922;(9, (709, 868, 3, 2, 0, 0, 0, 0, 0, 0))
2018-04-08 15:11:57.234472;(18, (2084, 2100, 1050, 2, 0, 0, 0, 0, 0, 0))
2018-04-08 15:11:57.271726;(3, (1960, 1903, 764, 3, 0, 0, 0, 0, 0, 0))
2018-04-08 15:11:57.283181;(16, (1070, 1069, 76, 8, 0, 0, 0, 0, 0, 0))
2018-04-08 15:11:57.302625;(7, (1678, 1592, 524, 4, 0, 0, 0, 0, 0, 0))
2018-04-08 15:11:57.377120;(19, (1237, 1275, 277, 2, 0, 0, 0, 0, 0, 0))
2018-04-08 15:11:57.417884;(17, (733, 909, 5, 5, 0, 0, 0, 0, 0, 0))
2018-04-08 15:11:57.439435;(15, (2739, 2733, 1697, 0, 0, 0, 0, 0, 0, 0))
2018-04-08 15:11:57.513483;(20, (2739, 2784, 1655, 2, 0, 0, 0, 0, 0, 0))
2018-04-08 15:11:57.585422;(12, (1147, 1164, 144, 4, 0, 0, 0, 0, 0, 0))
2018-04-08 15:11:57.636693;(13, (1283, 1388, 512, 0, 0, 0, 0, 0, 0, 0))
2018-04-08 15:11:57.698117;(8, (1216, 1132, 98, 2, 0, 0, 0, 0, 0, 0))
2018-04-08 15:11:57.764871;(11, (1207, 1203, 245, 1, 0, 0, 0, 0, 0, 0))
2018-04-08 15:11:57.791168;(5, (873, 1021, 70, 0, 0, 0, 0, 0, 0, 0))
2018-04-08 15:11:57.860017;(22, (1362, 1333, 330, 1, 0, 0, 0, 0, 0, 0))
2018-04-08 15:11:57.930810;(4, (1058, 1208, 311, 0, 0, 0, 0, 0, 0, 0))
2018-04-08 15:11:57.943000;(6, (907, 1019, 55, 1, 0, 0, 0, 0, 0, 0))
2018-04-08 15:12:25.534760;(1, (7358, 6644, 6394, 3197, 0, 0, 0, 0, 0, 0))
2018-04-08 15:12:27.010937;(23, (551, 425, 135, 0, 0, 0, 0, 0, 0, 0))
2018-04-08 15:12:27.146649;(9, (743, 910, 3, 2, 0, 0, 0, 0, 0, 0))
2018-04-08 15:12:27.241026;(18, (2161, 2179, 1082, 2, 0, 0, 0, 0, 0, 0))
2018-04-08 15:12:27.275174;(3, (2063, 2006, 827, 3, 0, 0, 0, 0, 0, 0))
2018-04-08 15:12:27.286909;(16, (1116, 1115, 77, 8, 0, 0, 0, 0, 0, 0))
2018-04-08 15:12:27.379614;(19, (1289, 1329, 292, 2, 0, 0, 0, 0, 0, 0))
2018-04-08 15:12:27.406016;(10, (1592, 1543, 541, 1, 0, 0, 0, 0, 0, 0))
2018-04-08 15:12:27.420398;(17, (768, 952, 5, 5, 0, 0, 0, 0, 0, 0))
2018-04-08 15:12:27.443028;(15, (2806, 2805, 1727, 0, 0, 0, 0, 0, 0, 0))
2018-04-08 15:12:27.517446;(20, (2902, 2954, 1780, 2, 0, 0, 0, 0, 0, 0))
2018-04-08 15:12:27.588261;(12, (1188, 1211, 144, 4, 0, 0, 0, 0, 0, 0))
2018-04-08 15:12:27.639150;(13, (1351, 1462, 544, 0, 0, 0, 0, 0, 0, 0))
2018-04-08 15:12:27.701899;(8, (1261, 1175, 98, 2, 0, 0, 0, 0, 0, 0))
2018-04-08 15:12:27.743092;(14, (1508, 1386, 303, 7, 0, 0, 0, 0, 0, 0))
2018-04-08 15:12:27.767900;(11, (1242, 1238, 245, 1, 0, 0, 0, 0, 0, 0))
2018-04-08 15:12:27.794873;(5, (926, 1079, 84, 0, 0, 0, 0, 0, 0, 0))
2018-04-08 15:12:27.865358;(22, (1402, 1376, 330, 1, 0, 0, 0, 0, 0, 0))
2018-04-08 15:12:27.902330;(21, (1115, 1157, 244, 0, 0, 0, 0, 0, 0, 0))
2018-04-08 15:12:27.934978;(4, (1106, 1264, 325, 0, 0, 0, 0, 0, 0, 0))
2018-04-08 15:12:28.306876;(7, (1736, 1651, 540, 4, 0, 0, 0, 0, 0, 0))
2018-04-08 15:12:28.948440;(6, (944, 1068, 55, 1, 0, 0, 0, 0, 0, 0))
2018-04-08 15:12:55.538360;(1, (7686, 6960, 6700, 3350, 0, 0, 0, 0, 0, 0))
2018-04-08 15:12:57.015326;(23, (574, 440, 139, 0, 0, 0, 0, 0, 0, 0))
2018-04-08 15:12:57.244360;(18, (2234, 2262, 1114, 2, 0, 0, 0, 0, 0, 0))
2018-04-08 15:12:57.279872;(3, (2208, 2153, 929, 3, 0, 0, 0, 0, 0, 0))
2018-04-08 15:12:57.408967;(10, (1679, 1632, 585, 1, 0, 0, 0, 0, 0, 0))
2018-04-08 15:12:57.423323;(17, (800, 991, 5, 5, 0, 0, 0, 0, 0, 0))
2018-04-08 15:12:57.519999;(20, (3101, 3156, 1942, 2, 0, 0, 0, 0, 0, 0))
2018-04-08 15:12:57.746528;(14, (1605, 1483, 361, 7, 0, 0, 0, 0, 0, 0))
2018-04-08 15:12:57.770672;(11, (1283, 1284, 245, 1, 0, 0, 0, 0, 0, 0))
2018-04-08 15:12:57.797349;(5, (981, 1138, 98, 0, 0, 0, 0, 0, 0, 0))
2018-04-08 15:12:57.868080;(22, (1439, 1414, 330, 1, 0, 0, 0, 0, 0, 0))
2018-04-08 15:12:57.904808;(21, (1156, 1200, 248, 0, 0, 0, 0, 0, 0, 0))
2018-04-08 15:12:58.152060;(9, (774, 948, 3, 2, 0, 0, 0, 0, 0, 0))
2018-04-08 15:12:58.290337;(16, (1154, 1154, 77, 8, 0, 0, 0, 0, 0, 0))
2018-04-08 15:12:58.310574;(7, (1786, 1704, 554, 4, 0, 0, 0, 0, 0, 0))
2018-04-08 15:12:58.383036;(19, (1339, 1383, 306, 2, 0, 0, 0, 0, 0, 0))
2018-04-08 15:12:58.446480;(15, (2879, 2880, 1757, 0, 0, 0, 0, 0, 0, 0))
2018-04-08 15:12:58.591058;(12, (1223, 1250, 144, 4, 0, 0, 0, 0, 0, 0))
2018-04-08 15:12:58.642448;(13, (1414, 1532, 576, 0, 0, 0, 0, 0, 0, 0))
2018-04-08 15:12:58.704676;(8, (1296, 1214, 98, 2, 0, 0, 0, 0, 0, 0))
2018-04-08 15:12:58.937636;(4, (1156, 1322, 341, 0, 0, 0, 0, 0, 0, 0))
2018-04-08 15:12:58.955950;(6, (980, 1113, 55, 1, 0, 0, 0, 0, 0, 0))
2018-04-08 15:13:26.541250;(1, (7997, 7270, 7000, 3500, 0, 0, 0, 0, 0, 0))
2018-04-08 15:13:27.021034;(23, (584, 449, 139, 0, 0, 0, 0, 0, 0, 0))
2018-04-08 15:13:27.411496;(10, (1758, 1716, 631, 1, 0, 0, 0, 0, 0, 0))
2018-04-08 15:13:27.749677;(14, (1703, 1586, 423, 7, 0, 0, 0, 0, 0, 0))
2018-04-08 15:13:27.773417;(11, (1318, 1325, 245, 1, 0, 0, 0, 0, 0, 0))
2018-04-08 15:13:27.907498;(21, (1191, 1242, 248, 0, 0, 0, 0, 0, 0, 0))
2018-04-08 15:13:28.156125;(9, (808, 990, 3, 2, 0, 0, 0, 0, 0, 0))
2018-04-08 15:13:28.247366;(18, (2301, 2333, 1146, 2, 0, 0, 0, 0, 0, 0))
2018-04-08 15:13:28.283413;(3, (2350, 2299, 1037, 3, 0, 0, 0, 0, 0, 0))
2018-04-08 15:13:28.293618;(16, (1191, 1197, 77, 8, 0, 0, 0, 0, 0, 0))
2018-04-08 15:13:28.314360;(7, (1837, 1762, 570, 4, 0, 0, 0, 0, 0, 0))
2018-04-08 15:13:28.387143;(19, (1385, 1435, 322, 2, 0, 0, 0, 0, 0, 0))
2018-04-08 15:13:28.426641;(17, (834, 1033, 5, 5, 0, 0, 0, 0, 0, 0))
2018-04-08 15:13:28.448904;(15, (2943, 2948, 1787, 0, 0, 0, 0, 0, 0, 0))
2018-04-08 15:13:28.523267;(20, (3304, 3366, 2110, 2, 0, 0, 0, 0, 0, 0))
2018-04-08 15:13:28.596618;(12, (1260, 1292, 144, 4, 0, 0, 0, 0, 0, 0))
2018-04-08 15:13:28.645284;(13, (1476, 1602, 604, 0, 0, 0, 0, 0, 0, 0))
2018-04-08 15:13:28.707953;(8, (1333, 1256, 98, 2, 0, 0, 0, 0, 0, 0))
2018-04-08 15:13:28.801228;(5, (1029, 1192, 114, 0, 0, 0, 0, 0, 0, 0))
2018-04-08 15:13:28.871438;(22, (1475, 1457, 330, 1, 0, 0, 0, 0, 0, 0))
2018-04-08 15:13:28.942618;(4, (1201, 1374, 355, 0, 0, 0, 0, 0, 0, 0))
2018-04-08 15:13:28.961535;(6, (1015, 1154, 55, 1, 0, 0, 0, 0, 0, 0))
2018-04-08 15:13:56.543296;(1, (8334, 7582, 7302, 3651, 0, 0, 0, 0, 0, 0))
2018-04-08 15:13:57.026144;(23, (604, 465, 145, 0, 0, 0, 0, 0, 0, 0))
2018-04-08 15:13:57.414094;(10, (1844, 1802, 675, 1, 0, 0, 0, 0, 0, 0))
2018-04-08 15:13:57.752455;(14, (1782, 1664, 445, 7, 0, 0, 0, 0, 0, 0))
2018-04-08 15:13:57.776316;(11, (1371, 1380, 253, 1, 0, 0, 0, 0, 0, 0))
2018-04-08 15:13:57.910017;(21, (1234, 1292, 254, 0, 0, 0, 0, 0, 0, 0))
2018-04-08 15:13:58.161770;(9, (842, 1032, 3, 2, 0, 0, 0, 0, 0, 0))
2018-04-08 15:13:58.251597;(18, (2372, 2405, 1161, 2, 0, 0, 0, 0, 0, 0))
2018-04-08 15:13:58.286174;(3, (2544, 2485, 1152, 3, 0, 0, 0, 0, 0, 0))
2018-04-08 15:13:58.297654;(16, (1239, 1245, 79, 8, 0, 0, 0, 0, 0, 0))
2018-04-08 15:13:58.318392;(7, (1914, 1832, 589, 4, 0, 0, 0, 0, 0, 0))
2018-04-08 15:13:58.393535;(19, (1471, 1525, 350, 2, 0, 0, 0, 0, 0, 0))
2018-04-08 15:13:58.429071;(17, (874, 1082, 8, 6, 0, 0, 0, 0, 0, 0))
2018-04-08 15:13:58.452235;(15, (3012, 3021, 1817, 0, 0, 0, 0, 0, 0, 0))
2018-04-08 15:13:58.526079;(20, (3529, 3594, 2268, 2, 0, 0, 0, 0, 0, 0))
2018-04-08 15:13:58.600196;(12, (1324, 1347, 155, 4, 0, 0, 0, 0, 0, 0))
2018-04-08 15:13:58.649752;(13, (1539, 1672, 636, 0, 0, 0, 0, 0, 0, 0))
2018-04-08 15:13:58.710665;(8, (1422, 1341, 125, 2, 0, 0, 0, 0, 0, 0))
2018-04-08 15:13:58.804713;(5, (1078, 1248, 128, 0, 0, 0, 0, 0, 0, 0))
2018-04-08 15:13:58.875873;(22, (1537, 1513, 336, 1, 0, 0, 0, 0, 0, 0))
2018-04-08 15:13:58.946319;(4, (1251, 1432, 371, 0, 0, 0, 0, 0, 0, 0))
2018-04-08 15:13:58.965696;(6, (1052, 1196, 55, 1, 0, 0, 0, 0, 0, 0))
2018-04-08 15:14:26.547381;(1, (8681, 7907, 7617, 3809, 0, 0, 0, 0, 0, 0))
2018-04-08 15:14:27.029459;(23, (662, 519, 186, 0, 0, 0, 0, 0, 0, 0))
2018-04-08 15:14:27.417537;(10, (1922, 1882, 712, 1, 0, 0, 0, 0, 0, 0))
2018-04-08 15:14:27.757771;(14, (1829, 1711, 445, 7, 0, 0, 0, 0, 0, 0))
2018-04-08 15:14:27.778652;(11, (1444, 1442, 267, 1, 0, 0, 0, 0, 0, 0))
2018-04-08 15:14:27.912842;(21, (1312, 1375, 295, 0, 0, 0, 0, 0, 0, 0))
2018-04-08 15:14:28.166120;(9, (874, 1070, 3, 2, 0, 0, 0, 0, 0, 0))
2018-04-08 15:14:28.257860;(18, (2442, 2474, 1183, 2, 0, 0, 0, 0, 0, 0))
2018-04-08 15:14:28.289398;(3, (2669, 2605, 1222, 3, 0, 0, 0, 0, 0, 0))
2018-04-08 15:14:28.300375;(16, (1306, 1313, 86, 8, 0, 0, 0, 0, 0, 0))
2018-04-08 15:14:28.321966;(7, (1991, 1905, 612, 4, 0, 0, 0, 0, 0, 0))
2018-04-08 15:14:28.396076;(19, (1534, 1586, 369, 2, 0, 0, 0, 0, 0, 0))
2018-04-08 15:14:28.432466;(17, (910, 1125, 8, 6, 0, 0, 0, 0, 0, 0))
2018-04-08 15:14:28.454680;(15, (3069, 3081, 1838, 0, 0, 0, 0, 0, 0, 0))
2018-04-08 15:14:28.529396;(20, (3742, 3803, 2421, 2, 0, 0, 0, 0, 0, 0))
2018-04-08 15:14:28.602883;(12, (1384, 1410, 160, 4, 0, 0, 0, 0, 0, 0))
2018-04-08 15:14:28.652460;(13, (1602, 1743, 664, 0, 0, 0, 0, 0, 0, 0))
2018-04-08 15:14:28.714335;(8, (1515, 1425, 157, 2, 0, 0, 0, 0, 0, 0))
2018-04-08 15:14:28.812339;(5, (1119, 1295, 135, 0, 0, 0, 0, 0, 0, 0))
2018-04-08 15:14:28.879170;(22, (1583, 1557, 336, 1, 0, 0, 0, 0, 0, 0))
2018-04-08 15:14:28.949945;(4, (1297, 1485, 385, 0, 0, 0, 0, 0, 0, 0))
2018-04-08 15:14:28.969935;(6, (1084, 1238, 55, 1, 0, 0, 0, 0, 0, 0))
2018-04-08 15:14:56.550172;(1, (8996, 8218, 7918, 3959, 0, 0, 0, 0, 0, 0))
2018-04-08 15:14:57.915281;(21, (1403, 1474, 351, 0, 0, 0, 0, 0, 0, 0))
2018-04-08 15:14:58.033121;(23, (727, 582, 240, 0, 0, 0, 0, 0, 0, 0))
2018-04-08 15:14:58.170023;(9, (908, 1112, 3, 2, 0, 0, 0, 0, 0, 0))
2018-04-08 15:14:58.261491;(18, (2510, 2545, 1209, 2, 0, 0, 0, 0, 0, 0))
2018-04-08 15:14:58.293055;(3, (2756, 2691, 1267, 3, 0, 0, 0, 0, 0, 0))
2018-04-08 15:14:58.309136;(16, (1347, 1356, 86, 8, 0, 0, 0, 0, 0, 0))
2018-04-08 15:14:58.398706;(19, (1584, 1641, 385, 2, 0, 0, 0, 0, 0, 0))
2018-04-08 15:14:58.421649;(10, (1988, 1952, 744, 1, 0, 0, 0, 0, 0, 0))
2018-04-08 15:14:58.435180;(17, (944, 1168, 8, 6, 0, 0, 0, 0, 0, 0))
2018-04-08 15:14:58.457190;(15, (3122, 3139, 1854, 0, 0, 0, 0, 0, 0, 0))
2018-04-08 15:14:58.532068;(20, (3908, 3975, 2549, 2, 0, 0, 0, 0, 0, 0))
2018-04-08 15:14:58.606045;(12, (1424, 1453, 160, 4, 0, 0, 0, 0, 0, 0))
2018-04-08 15:14:58.655207;(13, (1668, 1817, 696, 0, 0, 0, 0, 0, 0, 0))
2018-04-08 15:14:58.717852;(8, (1581, 1491, 179, 2, 0, 0, 0, 0, 0, 0))
2018-04-08 15:14:58.761151;(14, (1869, 1758, 445, 7, 0, 0, 0, 0, 0, 0))
2018-04-08 15:14:58.781065;(11, (1481, 1478, 267, 1, 0, 0, 0, 0, 0, 0))
2018-04-08 15:14:58.814747;(5, (1154, 1337, 135, 0, 0, 0, 0, 0, 0, 0))
2018-04-08 15:14:58.882689;(22, (1621, 1596, 336, 1, 0, 0, 0, 0, 0, 0))
2018-04-08 15:14:58.957229;(4, (1347, 1543, 401, 0, 0, 0, 0, 0, 0, 0))
2018-04-08 15:14:58.973089;(6, (1119, 1281, 55, 1, 0, 0, 0, 0, 0, 0))
2018-04-08 15:14:59.325772;(7, (2048, 1961, 628, 4, 0, 0, 0, 0, 0, 0))
2018-04-08 15:15:26.553313;(1, (9321, 8534, 8224, 4112, 0, 0, 0, 0, 0, 0))
2018-04-08 15:15:28.035411;(23, (788, 633, 277, 0, 0, 0, 0, 0, 0, 0))
2018-04-08 15:15:28.173771;(9, (939, 1151, 3, 2, 0, 0, 0, 0, 0, 0))
2018-04-08 15:15:28.266668;(18, (2567, 2616, 1226, 2, 0, 0, 0, 0, 0, 0))
2018-04-08 15:15:28.297344;(3, (2841, 2780, 1314, 3, 0, 0, 0, 0, 0, 0))
2018-04-08 15:15:28.424124;(10, (2057, 2025, 773, 1, 0, 0, 0, 0, 0, 0))
2018-04-08 15:15:28.534666;(20, (4085, 4158, 2690, 2, 0, 0, 0, 0, 0, 0))
2018-04-08 15:15:28.764227;(14, (1918, 1809, 456, 7, 0, 0, 0, 0, 0, 0))
2018-04-08 15:15:28.783279;(11, (1526, 1528, 273, 1, 0, 0, 0, 0, 0, 0))
2018-04-08 15:15:28.822491;(5, (1191, 1377, 136, 0, 0, 0, 0, 0, 0, 0))
2018-04-08 15:15:28.885941;(22, (1660, 1639, 336, 1, 0, 0, 0, 0, 0, 0))
2018-04-08 15:15:28.921382;(21, (1474, 1561, 386, 0, 0, 0, 0, 0, 0, 0))
2018-04-08 15:15:29.313047;(16, (1382, 1395, 86, 8, 0, 0, 0, 0, 0, 0))
2018-04-08 15:15:29.329643;(7, (2099, 2015, 642, 4, 0, 0, 0, 0, 0, 0))
2018-04-08 15:15:29.402230;(19, (1631, 1695, 399, 2, 0, 0, 0, 0, 0, 0))
2018-04-08 15:15:29.439568;(17, (975, 1207, 8, 6, 0, 0, 0, 0, 0, 0))
2018-04-08 15:15:29.459900;(15, (3175, 3195, 1869, 0, 0, 0, 0, 0, 0, 0))
2018-04-08 15:15:29.609437;(12, (1458, 1491, 160, 4, 0, 0, 0, 0, 0, 0))
2018-04-08 15:15:29.658694;(13, (1740, 1893, 731, 0, 0, 0, 0, 0, 0, 0))
2018-04-08 15:15:29.720476;(8, (1660, 1576, 219, 3, 0, 0, 0, 0, 0, 0))
2018-04-08 15:15:29.962524;(4, (1403, 1603, 421, 0, 0, 0, 0, 0, 0, 0))
2018-04-08 15:15:29.975767;(6, (1154, 1325, 55, 1, 0, 0, 0, 0, 0, 0))
2018-04-08 15:15:56.555187;(1, (9688, 8839, 8518, 4259, 0, 0, 0, 0, 0, 0))
2018-04-08 15:15:58.038913;(23, (852, 696, 309, 0, 0, 0, 0, 0, 0, 0))
2018-04-08 15:15:58.427172;(10, (2196, 2142, 839, 1, 0, 0, 0, 0, 0, 0))
2018-04-08 15:15:58.766744;(14, (2051, 1939, 488, 8, 0, 0, 0, 0, 0, 0))
2018-04-08 15:15:58.785940;(11, (1607, 1614, 281, 2, 0, 0, 0, 0, 0, 0))
2018-04-08 15:15:58.924001;(21, (1557, 1649, 417, 0, 0, 0, 0, 0, 0, 0))
2018-04-08 15:15:59.179040;(9, (974, 1194, 3, 2, 0, 0, 0, 0, 0, 0))
2018-04-08 15:15:59.271161;(18, (2692, 2734, 1260, 3, 0, 0, 0, 0, 0, 0))
2018-04-08 15:15:59.301655;(3, (3017, 2930, 1384, 3, 0, 0, 0, 0, 0, 0))
2018-04-08 15:15:59.316015;(16, (1443, 1442, 93, 8, 0, 0, 0, 0, 0, 0))
2018-04-08 15:15:59.334410;(7, (2204, 2115, 669, 4, 0, 0, 0, 0, 0, 0))
2018-04-08 15:15:59.405565;(19, (1709, 1772, 413, 2, 0, 0, 0, 0, 0, 0))
2018-04-08 15:15:59.443010;(17, (1022, 1267, 13, 9, 0, 0, 0, 0, 0, 0))
2018-04-08 15:15:59.463704;(15, (3316, 3340, 1940, 0, 0, 0, 0, 0, 0, 0))
2018-04-08 15:15:59.538681;(20, (4299, 4378, 2819, 2, 0, 0, 0, 0, 0, 0))
2018-04-08 15:15:59.613655;(12, (1525, 1549, 165, 4, 0, 0, 0, 0, 0, 0))
2018-04-08 15:15:59.661868;(13, (1809, 1968, 763, 0, 0, 0, 0, 0, 0, 0))
2018-04-08 15:15:59.723497;(8, (1779, 1683, 243, 3, 0, 0, 0, 0, 0, 0))
2018-04-08 15:15:59.826507;(5, (1252, 1441, 149, 0, 0, 0, 0, 0, 0, 0))
2018-04-08 15:15:59.889391;(22, (1733, 1705, 348, 1, 0, 0, 0, 0, 0, 0))
2018-04-08 15:15:59.966729;(4, (1457, 1662, 437, 0, 0, 0, 0, 0, 0, 0))
2018-04-08 15:15:59.979272;(6, (1205, 1384, 57, 1, 0, 0, 0, 0, 0, 0))
2018-04-08 15:16:26.563457;(1, (10050, 9173, 8842, 4421, 0, 0, 0, 0, 0, 0))
2018-04-08 15:16:28.045183;(23, (871, 706, 310, 0, 0, 0, 0, 0, 0, 0))
2018-04-08 15:16:28.437158;(10, (2256, 2202, 856, 1, 0, 0, 0, 0, 0, 0))
2018-04-08 15:16:28.774703;(14, (2146, 2025, 533, 8, 0, 0, 0, 0, 0, 0))
2018-04-08 15:16:28.793198;(11, (1656, 1659, 286, 2, 0, 0, 0, 0, 0, 0))
2018-04-08 15:16:28.933124;(21, (1593, 1694, 417, 0, 0, 0, 0, 0, 0, 0))
2018-04-08 15:16:29.187606;(9, (1005, 1232, 3, 2, 0, 0, 0, 0, 0, 0))
2018-04-08 15:16:29.279075;(18, (2735, 2778, 1260, 3, 0, 0, 0, 0, 0, 0))
2018-04-08 15:16:29.315918;(3, (3118, 3027, 1435, 3, 0, 0, 0, 0, 0, 0))
2018-04-08 15:16:29.322708;(16, (1499, 1504, 94, 8, 0, 0, 0, 0, 0, 0))
2018-04-08 15:16:29.345071;(7, (2263, 2171, 683, 4, 0, 0, 0, 0, 0, 0))
2018-04-08 15:16:29.413686;(19, (1752, 1817, 413, 2, 0, 0, 0, 0, 0, 0))
2018-04-08 15:16:29.453282;(17, (1055, 1308, 13, 9, 0, 0, 0, 0, 0, 0))
2018-04-08 15:16:29.473250;(15, (3436, 3462, 2015, 0, 0, 0, 0, 0, 0, 0))
2018-04-08 15:16:29.546199;(20, (4434, 4517, 2914, 2, 0, 0, 0, 0, 0, 0))
2018-04-08 15:16:29.626712;(12, (1573, 1597, 165, 4, 0, 0, 0, 0, 0, 0))
2018-04-08 15:16:29.670749;(13, (1870, 2034, 791, 0, 0, 0, 0, 0, 0, 0))
2018-04-08 15:16:29.731456;(8, (1856, 1754, 272, 3, 0, 0, 0, 0, 0, 0))
2018-04-08 15:16:29.834694;(5, (1288, 1481, 149, 0, 0, 0, 0, 0, 0, 0))
2018-04-08 15:16:29.900361;(22, (1838, 1809, 406, 1, 0, 0, 0, 0, 0, 0))
2018-04-08 15:16:29.973723;(4, (1505, 1716, 453, 0, 0, 0, 0, 0, 0, 0))
2018-04-08 15:16:29.991865;(6, (1241, 1423, 57, 1, 0, 0, 0, 0, 0, 0))
2018-04-08 15:16:56.570021;(1, (10354, 9473, 9132, 4567, 0, 0, 0, 0, 0, 0))
2018-04-08 15:16:58.050814;(23, (882, 715, 310, 0, 0, 0, 0, 0, 0, 0))
2018-04-08 15:16:58.446246;(10, (2308, 2256, 872, 1, 0, 0, 0, 0, 0, 0))
2018-04-08 15:16:58.782607;(14, (2234, 2114, 581, 8, 0, 0, 0, 0, 0, 0))
2018-04-08 15:16:58.799755;(11, (1693, 1700, 286, 2, 0, 0, 0, 0, 0, 0))
2018-04-08 15:16:58.942546;(21, (1629, 1737, 417, 0, 0, 0, 0, 0, 0, 0))
2018-04-08 15:16:59.200041;(9, (1039, 1274, 3, 2, 0, 0, 0, 0, 0, 0))
2018-04-08 15:16:59.286235;(18, (2775, 2821, 1260, 3, 0, 0, 0, 0, 0, 0))
2018-04-08 15:16:59.323123;(3, (3202, 3112, 1481, 3, 0, 0, 0, 0, 0, 0))
2018-04-08 15:16:59.334646;(16, (1539, 1547, 94, 8, 0, 0, 0, 0, 0, 0))
2018-04-08 15:16:59.354829;(7, (2320, 2230, 699, 4, 0, 0, 0, 0, 0, 0))
2018-04-08 15:16:59.428283;(19, (1786, 1854, 413, 2, 0, 0, 0, 0, 0, 0))
2018-04-08 15:16:59.459868;(17, (1090, 1351, 13, 9, 0, 0, 0, 0, 0, 0))
2018-04-08 15:16:59.480018;(15, (3549, 3578, 2093, 0, 0, 0, 0, 0, 0, 0))
2018-04-08 15:16:59.554840;(20, (4562, 4650, 3006, 2, 0, 0, 0, 0, 0, 0))
2018-04-08 15:16:59.634787;(12, (1612, 1640, 165, 4, 0, 0, 0, 0, 0, 0))
2018-04-08 15:16:59.678459;(13, (1937, 2108, 823, 0, 0, 0, 0, 0, 0, 0))
2018-04-08 15:16:59.739283;(8, (1928, 1827, 302, 3, 0, 0, 0, 0, 0, 0))
2018-04-08 15:16:59.846661;(5, (1324, 1524, 149, 0, 0, 0, 0, 0, 0, 0))
2018-04-08 15:16:59.911139;(22, (1938, 1913, 467, 1, 0, 0, 0, 0, 0, 0))
2018-04-08 15:16:59.984055;(4, (1554, 1772, 467, 0, 0, 0, 0, 0, 0, 0))
2018-04-08 15:17:00.009153;(6, (1278, 1466, 57, 1, 0, 0, 0, 0, 0, 0))
2018-04-08 15:17:27.577113;(1, (10678, 9793, 9442, 4721, 0, 0, 0, 0, 0, 0))
2018-04-08 15:17:28.456251;(10, (2360, 2313, 886, 1, 0, 0, 0, 0, 0, 0))
2018-04-08 15:17:28.789891;(14, (2307, 2194, 625, 8, 0, 0, 0, 0, 0, 0))
2018-04-08 15:17:28.953333;(21, (1663, 1776, 417, 0, 0, 0, 0, 0, 0, 0))
2018-04-08 15:17:29.059708;(23, (892, 726, 310, 0, 0, 0, 0, 0, 0, 0))
2018-04-08 15:17:29.207132;(9, (1070, 1312, 3, 2, 0, 0, 0, 0, 0, 0))
2018-04-08 15:17:29.293602;(18, (2812, 2863, 1260, 3, 0, 0, 0, 0, 0, 0))
2018-04-08 15:17:29.331344;(3, (3281, 3198, 1525, 3, 0, 0, 0, 0, 0, 0))
2018-04-08 15:17:29.345135;(16, (1570, 1585, 94, 8, 0, 0, 0, 0, 0, 0))
2018-04-08 15:17:29.439121;(19, (1818, 1894, 413, 2, 0, 0, 0, 0, 0, 0))
2018-04-08 15:17:29.466776;(17, (1121, 1389, 13, 9, 0, 0, 0, 0, 0, 0))
2018-04-08 15:17:29.487985;(15, (3663, 3698, 2169, 0, 0, 0, 0, 0, 0, 0))
2018-04-08 15:17:29.562665;(20, (4679, 4775, 3094, 2, 0, 0, 0, 0, 0, 0))
2018-04-08 15:17:29.642409;(12, (1643, 1678, 165, 4, 0, 0, 0, 0, 0, 0))
2018-04-08 15:17:29.686127;(13, (2000, 2178, 855, 0, 0, 0, 0, 0, 0, 0))
2018-04-08 15:17:29.749278;(8, (1990, 1895, 332, 3, 0, 0, 0, 0, 0, 0))
2018-04-08 15:17:29.807647;(11, (1722, 1736, 286, 2, 0, 0, 0, 0, 0, 0))
2018-04-08 15:17:29.854163;(5, (1361, 1566, 149, 0, 0, 0, 0, 0, 0, 0))
2018-04-08 15:17:29.918782;(22, (2035, 2013, 529, 1, 0, 0, 0, 0, 0, 0))
2018-04-08 15:17:29.992454;(4, (1605, 1830, 483, 0, 0, 0, 0, 0, 0, 0))
2018-04-08 15:17:30.364493;(7, (2366, 2282, 713, 4, 0, 0, 0, 0, 0, 0))
2018-04-08 15:17:31.018278;(6, (1312, 1506, 57, 1, 0, 0, 0, 0, 0, 0))
2018-04-08 15:17:57.582013;(1, (10986, 10095, 9734, 4867, 0, 0, 0, 0, 0, 0))
2018-04-08 15:17:58.963083;(21, (1700, 1818, 417, 0, 0, 0, 0, 0, 0, 0))
2018-04-08 15:17:59.067733;(23, (903, 737, 310, 0, 0, 0, 0, 0, 0, 0))
2018-04-08 15:17:59.214485;(9, (1104, 1354, 3, 2, 0, 0, 0, 0, 0, 0))
2018-04-08 15:17:59.301201;(18, (2849, 2903, 1260, 3, 0, 0, 0, 0, 0, 0))
2018-04-08 15:17:59.340074;(3, (3363, 3283, 1571, 3, 0, 0, 0, 0, 0, 0))
2018-04-08 15:17:59.470959;(10, (2413, 2367, 902, 1, 0, 0, 0, 0, 0, 0))
2018-04-08 15:17:59.574199;(20, (4807, 4907, 3186, 2, 0, 0, 0, 0, 0, 0))
2018-04-08 15:17:59.797892;(14, (2392, 2282, 671, 8, 0, 0, 0, 0, 0, 0))
2018-04-08 15:17:59.814412;(11, (1758, 1777, 286, 2, 0, 0, 0, 0, 0, 0))
2018-04-08 15:17:59.928970;(22, (2131, 2115, 587, 1, 0, 0, 0, 0, 0, 0))
2018-04-08 15:18:00.351307;(16, (1608, 1628, 94, 8, 0, 0, 0, 0, 0, 0))
2018-04-08 15:18:00.371883;(7, (2420, 2341, 729, 4, 0, 0, 0, 0, 0, 0))
2018-04-08 15:18:00.449272;(19, (1851, 1930, 413, 2, 0, 0, 0, 0, 0, 0))
2018-04-08 15:18:00.487238;(17, (1156, 1432, 13, 9, 0, 0, 0, 0, 0, 0))
2018-04-08 15:18:00.498073;(15, (3774, 3811, 2243, 0, 0, 0, 0, 0, 0, 0))
2018-04-08 15:18:00.649849;(12, (1682, 1720, 165, 4, 0, 0, 0, 0, 0, 0))
2018-04-08 15:18:00.693217;(13, (2062, 2248, 883, 0, 0, 0, 0, 0, 0, 0))
2018-04-08 15:18:00.757619;(8, (2058, 1968, 362, 3, 0, 0, 0, 0, 0, 0))
2018-04-08 15:18:00.862051;(5, (1392, 1605, 149, 0, 0, 0, 0, 0, 0, 0))
2018-04-08 15:18:00.999893;(4, (1650, 1882, 497, 0, 0, 0, 0, 0, 0, 0))
2018-04-08 15:18:01.029186;(6, (1350, 1548, 57, 1, 0, 0, 0, 0, 0, 0))
