2018-04-18 23:04:26.991301;(21, (254, 128, 0, 0, 0, 0, 0, 0, 253, 255, 255, 255, 255, 255, 0, 1))
2018-04-18 23:04:27.067936;(13, (254, 128, 0, 0, 0, 0, 0, 0, 253, 255, 255, 255, 255, 255, 0, 1))
2018-04-18 23:04:27.115693;(19, (254, 128, 0, 0, 0, 0, 0, 0, 253, 255, 255, 255, 255, 255, 0, 3))
2018-04-18 23:04:27.186661;(14, (254, 128, 0, 0, 0, 0, 0, 0, 253, 255, 255, 255, 255, 255, 0, 18))
2018-04-18 23:04:27.200933;(9, (254, 128, 0, 0, 0, 0, 0, 0, 253, 255, 255, 255, 255, 255, 0, 4))
2018-04-18 23:04:27.302127;(12, (254, 128, 0, 0, 0, 0, 0, 0, 253, 255, 255, 255, 255, 255, 0, 14))
2018-04-18 23:04:27.310609;(17, (254, 128, 0, 0, 0, 0, 0, 0, 253, 255, 255, 255, 255, 255, 0, 7))
2018-04-18 23:04:27.392264;(1, (0, 0, 0, 0, 0, 0, 0, 0, 0, 0, 0, 0, 0, 0, 0, 0))
2018-04-18 23:04:27.434051;(15, (254, 128, 0, 0, 0, 0, 0, 0, 253, 255, 255, 255, 255, 255, 0, 1))
2018-04-18 23:04:27.472329;(10, (254, 128, 0, 0, 0, 0, 0, 0, 253, 255, 255, 255, 255, 255, 0, 5))
2018-04-18 23:04:27.504078;(11, (254, 128, 0, 0, 0, 0, 0, 0, 253, 255, 255, 255, 255, 255, 0, 18))
2018-04-18 23:04:27.521572;(3, (254, 128, 0, 0, 0, 0, 0, 0, 253, 255, 255, 255, 255, 255, 0, 22))
2018-04-18 23:04:27.561708;(6, (254, 128, 0, 0, 0, 0, 0, 0, 253, 255, 255, 255, 255, 255, 0, 5))
2018-04-18 23:04:27.617863;(18, (254, 128, 0, 0, 0, 0, 0, 0, 253, 255, 255, 255, 255, 255, 0, 11))
2018-04-18 23:04:27.633576;(20, (254, 128, 0, 0, 0, 0, 0, 0, 253, 255, 255, 255, 255, 255, 0, 22))
2018-04-18 23:04:27.701949;(7, (254, 128, 0, 0, 0, 0, 0, 0, 253, 255, 255, 255, 255, 255, 0, 22))
2018-04-18 23:04:27.738384;(8, (254, 128, 0, 0, 0, 0, 0, 0, 253, 255, 255, 255, 255, 255, 0, 3))
2018-04-18 23:04:27.754212;(16, (254, 128, 0, 0, 0, 0, 0, 0, 253, 255, 255, 255, 255, 255, 0, 11))
2018-04-18 23:04:27.871721;(4, (254, 128, 0, 0, 0, 0, 0, 0, 253, 255, 255, 255, 255, 255, 0, 13))
2018-04-18 23:04:27.952596;(22, (254, 128, 0, 0, 0, 0, 0, 0, 253, 255, 255, 255, 255, 255, 0, 5))
2018-04-18 23:04:28.000172;(23, (254, 128, 0, 0, 0, 0, 0, 0, 253, 255, 255, 255, 255, 255, 0, 10))
2018-04-18 23:04:57.003721;(21, (254, 128, 0, 0, 0, 0, 0, 0, 253, 255, 255, 255, 255, 255, 0, 15))
2018-04-18 23:04:57.075880;(13, (254, 128, 0, 0, 0, 0, 0, 0, 253, 255, 255, 255, 255, 255, 0, 4))
2018-04-18 23:04:57.119757;(19, (254, 128, 0, 0, 0, 0, 0, 0, 253, 255, 255, 255, 255, 255, 0, 3))
2018-04-18 23:04:57.191051;(14, (254, 128, 0, 0, 0, 0, 0, 0, 253, 255, 255, 255, 255, 255, 0, 18))
2018-04-18 23:04:57.207482;(9, (0, 0, 0, 0, 0, 0, 0, 0, 0, 0, 0, 0, 0, 0, 0, 0))
2018-04-18 23:04:57.307665;(12, (254, 128, 0, 0, 0, 0, 0, 0, 253, 255, 255, 255, 255, 255, 0, 11))
2018-04-18 23:04:57.314784;(17, (254, 128, 0, 0, 0, 0, 0, 0, 253, 255, 255, 255, 255, 255, 0, 7))
2018-04-18 23:04:57.395860;(1, (0, 0, 0, 0, 0, 0, 0, 0, 0, 0, 0, 0, 0, 0, 0, 0))
2018-04-18 23:04:57.442039;(15, (254, 128, 0, 0, 0, 0, 0, 0, 253, 255, 255, 255, 255, 255, 0, 5))
2018-04-18 23:04:57.479952;(10, (254, 128, 0, 0, 0, 0, 0, 0, 253, 255, 255, 255, 255, 255, 0, 1))
2018-04-18 23:04:57.517722;(11, (254, 128, 0, 0, 0, 0, 0, 0, 253, 255, 255, 255, 255, 255, 0, 18))
2018-04-18 23:04:57.529537;(3, (254, 128, 0, 0, 0, 0, 0, 0, 253, 255, 255, 255, 255, 255, 0, 10))
2018-04-18 23:04:57.567418;(6, (254, 128, 0, 0, 0, 0, 0, 0, 253, 255, 255, 255, 255, 255, 0, 10))
2018-04-18 23:04:57.621846;(18, (254, 128, 0, 0, 0, 0, 0, 0, 253, 255, 255, 255, 255, 255, 0, 23))
2018-04-18 23:04:57.637406;(20, (254, 128, 0, 0, 0, 0, 0, 0, 253, 255, 255, 255, 255, 255, 0, 22))
2018-04-18 23:04:57.708239;(7, (254, 128, 0, 0, 0, 0, 0, 0, 253, 255, 255, 255, 255, 255, 0, 3))
2018-04-18 23:04:57.747196;(8, (254, 128, 0, 0, 0, 0, 0, 0, 253, 255, 255, 255, 255, 255, 0, 3))
2018-04-18 23:04:57.759410;(16, (254, 128, 0, 0, 0, 0, 0, 0, 253, 255, 255, 255, 255, 255, 0, 18))
2018-04-18 23:04:57.880391;(4, (0, 0, 0, 0, 0, 0, 0, 0, 0, 0, 0, 0, 0, 0, 0, 0))
2018-04-18 23:04:57.957880;(22, (254, 128, 0, 0, 0, 0, 0, 0, 253, 255, 255, 255, 255, 255, 0, 10))
2018-04-18 23:04:58.008220;(23, (254, 128, 0, 0, 0, 0, 0, 0, 253, 255, 255, 255, 255, 255, 0, 15))
2018-04-18 23:05:27.016901;(21, (254, 128, 0, 0, 0, 0, 0, 0, 253, 255, 255, 255, 255, 255, 0, 1))
2018-04-18 23:05:27.079112;(13, (0, 0, 0, 0, 0, 0, 0, 0, 0, 0, 0, 0, 0, 0, 0, 0))
2018-04-18 23:05:27.123960;(19, (254, 128, 0, 0, 0, 0, 0, 0, 253, 255, 255, 255, 255, 255, 0, 12))
2018-04-18 23:05:27.197981;(5, (254, 128, 0, 0, 0, 0, 0, 0, 253, 255, 255, 255, 255, 255, 0, 1))
2018-04-18 23:05:27.200100;(14, (254, 128, 0, 0, 0, 0, 0, 0, 253, 255, 255, 255, 255, 255, 0, 22))
2018-04-18 23:05:27.210892;(9, (0, 0, 0, 0, 0, 0, 0, 0, 0, 0, 0, 0, 0, 0, 0, 0))
2018-04-18 23:05:27.313682;(12, (254, 128, 0, 0, 0, 0, 0, 0, 253, 255, 255, 255, 255, 255, 0, 8))
2018-04-18 23:05:27.322996;(17, (254, 128, 0, 0, 0, 0, 0, 0, 253, 255, 255, 255, 255, 255, 0, 7))
2018-04-18 23:05:27.399234;(1, (0, 0, 0, 0, 0, 0, 0, 0, 0, 0, 0, 0, 0, 0, 0, 0))
2018-04-18 23:05:27.456387;(15, (254, 128, 0, 0, 0, 0, 0, 0, 253, 255, 255, 255, 255, 255, 0, 1))
2018-04-18 23:05:27.486078;(10, (254, 128, 0, 0, 0, 0, 0, 0, 253, 255, 255, 255, 255, 255, 0, 1))
2018-04-18 23:05:27.523221;(11, (254, 128, 0, 0, 0, 0, 0, 0, 253, 255, 255, 255, 255, 255, 0, 12))
2018-04-18 23:05:27.535947;(3, (254, 128, 0, 0, 0, 0, 0, 0, 253, 255, 255, 255, 255, 255, 0, 22))
2018-04-18 23:05:27.572375;(6, (254, 128, 0, 0, 0, 0, 0, 0, 253, 255, 255, 255, 255, 255, 0, 10))
2018-04-18 23:05:27.642001;(20, (254, 128, 0, 0, 0, 0, 0, 0, 253, 255, 255, 255, 255, 255, 0, 8))
2018-04-18 23:05:27.714988;(7, (254, 128, 0, 0, 0, 0, 0, 0, 253, 255, 255, 255, 255, 255, 0, 3))
2018-04-18 23:05:27.752488;(8, (254, 128, 0, 0, 0, 0, 0, 0, 253, 255, 255, 255, 255, 255, 0, 14))
2018-04-18 23:05:27.765642;(16, (254, 128, 0, 0, 0, 0, 0, 0, 253, 255, 255, 255, 255, 255, 0, 19))
2018-04-18 23:05:27.887857;(4, (0, 0, 0, 0, 0, 0, 0, 0, 0, 0, 0, 0, 0, 0, 0, 0))
2018-04-18 23:05:27.970312;(22, (254, 128, 0, 0, 0, 0, 0, 0, 253, 255, 255, 255, 255, 255, 0, 10))
2018-04-18 23:05:28.018577;(23, (254, 128, 0, 0, 0, 0, 0, 0, 253, 255, 255, 255, 255, 255, 0, 1))
2018-04-18 23:05:57.033108;(21, (254, 128, 0, 0, 0, 0, 0, 0, 253, 255, 255, 255, 255, 255, 0, 1))
2018-04-18 23:05:57.211307;(14, (254, 128, 0, 0, 0, 0, 0, 0, 253, 255, 255, 255, 255, 255, 0, 22))
2018-04-18 23:05:57.403532;(1, (0, 0, 0, 0, 0, 0, 0, 0, 0, 0, 0, 0, 0, 0, 0, 0))
2018-04-18 23:05:57.500459;(10, (254, 128, 0, 0, 0, 0, 0, 0, 253, 255, 255, 255, 255, 255, 0, 1))
2018-04-18 23:05:57.529521;(11, (254, 128, 0, 0, 0, 0, 0, 0, 253, 255, 255, 255, 255, 255, 0, 14))
2018-04-18 23:05:57.983102;(22, (254, 128, 0, 0, 0, 0, 0, 0, 253, 255, 255, 255, 255, 255, 0, 10))
2018-04-18 23:05:58.034522;(23, (254, 128, 0, 0, 0, 0, 0, 0, 253, 255, 255, 255, 255, 255, 0, 1))
2018-04-18 23:05:58.086721;(13, (0, 0, 0, 0, 0, 0, 0, 0, 0, 0, 0, 0, 0, 0, 0, 0))
2018-04-18 23:05:58.128065;(19, (254, 128, 0, 0, 0, 0, 0, 0, 253, 255, 255, 255, 255, 255, 0, 8))
2018-04-18 23:05:58.206058;(5, (254, 128, 0, 0, 0, 0, 0, 0, 253, 255, 255, 255, 255, 255, 0, 15))
2018-04-18 23:05:58.215754;(9, (0, 0, 0, 0, 0, 0, 0, 0, 0, 0, 0, 0, 0, 0, 0, 0))
2018-04-18 23:05:58.319798;(12, (254, 128, 0, 0, 0, 0, 0, 0, 253, 255, 255, 255, 255, 255, 0, 14))
2018-04-18 23:05:58.331580;(17, (0, 0, 0, 0, 0, 0, 0, 0, 0, 0, 0, 0, 0, 0, 0, 0))
2018-04-18 23:05:58.469107;(15, (254, 128, 0, 0, 0, 0, 0, 0, 253, 255, 255, 255, 255, 255, 0, 1))
2018-04-18 23:05:58.542471;(3, (254, 128, 0, 0, 0, 0, 0, 0, 253, 255, 255, 255, 255, 255, 0, 22))
2018-04-18 23:05:58.582057;(6, (0, 0, 0, 0, 0, 0, 0, 0, 0, 0, 0, 0, 0, 0, 0, 0))
2018-04-18 23:05:58.647795;(20, (254, 128, 0, 0, 0, 0, 0, 0, 253, 255, 255, 255, 255, 255, 0, 7))
2018-04-18 23:05:58.719585;(7, (0, 0, 0, 0, 0, 0, 0, 0, 0, 0, 0, 0, 0, 0, 0, 0))
2018-04-18 23:05:58.756661;(8, (254, 128, 0, 0, 0, 0, 0, 0, 253, 255, 255, 255, 255, 255, 0, 14))
2018-04-18 23:05:58.770882;(16, (254, 128, 0, 0, 0, 0, 0, 0, 253, 255, 255, 255, 255, 255, 0, 19))
2018-04-18 23:05:58.895358;(4, (0, 0, 0, 0, 0, 0, 0, 0, 0, 0, 0, 0, 0, 0, 0, 0))
2018-04-18 23:06:27.406512;(1, (0, 0, 0, 0, 0, 0, 0, 0, 0, 0, 0, 0, 0, 0, 0, 0))
2018-04-18 23:06:28.090561;(13, (0, 0, 0, 0, 0, 0, 0, 0, 0, 0, 0, 0, 0, 0, 0, 0))
2018-04-18 23:06:28.133901;(19, (0, 0, 0, 0, 0, 0, 0, 0, 0, 0, 0, 0, 0, 0, 0, 0))
2018-04-18 23:06:28.212344;(5, (254, 128, 0, 0, 0, 0, 0, 0, 253, 255, 255, 255, 255, 255, 0, 1))
2018-04-18 23:06:28.215503;(14, (0, 0, 0, 0, 0, 0, 0, 0, 0, 0, 0, 0, 0, 0, 0, 0))
2018-04-18 23:06:28.219070;(9, (0, 0, 0, 0, 0, 0, 0, 0, 0, 0, 0, 0, 0, 0, 0, 0))
2018-04-18 23:06:28.324166;(12, (254, 128, 0, 0, 0, 0, 0, 0, 253, 255, 255, 255, 255, 255, 0, 11))
2018-04-18 23:06:28.337764;(17, (254, 128, 0, 0, 0, 0, 0, 0, 253, 255, 255, 255, 255, 255, 0, 7))
2018-04-18 23:06:28.481695;(15, (254, 128, 0, 0, 0, 0, 0, 0, 253, 255, 255, 255, 255, 255, 0, 1))
2018-04-18 23:06:28.514001;(10, (254, 128, 0, 0, 0, 0, 0, 0, 253, 255, 255, 255, 255, 255, 0, 1))
2018-04-18 23:06:28.542864;(11, (254, 128, 0, 0, 0, 0, 0, 0, 253, 255, 255, 255, 255, 255, 0, 16))
2018-04-18 23:06:28.550974;(3, (0, 0, 0, 0, 0, 0, 0, 0, 0, 0, 0, 0, 0, 0, 0, 0))
2018-04-18 23:06:28.586945;(6, (0, 0, 0, 0, 0, 0, 0, 0, 0, 0, 0, 0, 0, 0, 0, 0))
2018-04-18 23:06:28.653467;(20, (254, 128, 0, 0, 0, 0, 0, 0, 253, 255, 255, 255, 255, 255, 0, 7))
2018-04-18 23:06:28.725746;(7, (0, 0, 0, 0, 0, 0, 0, 0, 0, 0, 0, 0, 0, 0, 0, 0))
2018-04-18 23:06:28.762193;(8, (254, 128, 0, 0, 0, 0, 0, 0, 253, 255, 255, 255, 255, 255, 0, 19))
2018-04-18 23:06:28.775015;(16, (254, 128, 0, 0, 0, 0, 0, 0, 253, 255, 255, 255, 255, 255, 0, 11))
2018-04-18 23:06:28.899314;(4, (0, 0, 0, 0, 0, 0, 0, 0, 0, 0, 0, 0, 0, 0, 0, 0))
2018-04-18 23:06:29.044508;(23, (254, 128, 0, 0, 0, 0, 0, 0, 253, 255, 255, 255, 255, 255, 0, 1))
2018-04-18 23:06:57.408811;(1, (0, 0, 0, 0, 0, 0, 0, 0, 0, 0, 0, 0, 0, 0, 0, 0))
2018-04-18 23:06:58.062262;(21, (254, 128, 0, 0, 0, 0, 0, 0, 253, 255, 255, 255, 255, 255, 0, 1))
2018-04-18 23:06:58.095296;(13, (0, 0, 0, 0, 0, 0, 0, 0, 0, 0, 0, 0, 0, 0, 0, 0))
2018-04-18 23:06:58.138524;(19, (0, 0, 0, 0, 0, 0, 0, 0, 0, 0, 0, 0, 0, 0, 0, 0))
2018-04-18 23:06:58.223971;(5, (254, 128, 0, 0, 0, 0, 0, 0, 253, 255, 255, 255, 255, 255, 0, 1))
2018-04-18 23:06:58.225697;(14, (254, 128, 0, 0, 0, 0, 0, 0, 253, 255, 255, 255, 255, 255, 0, 3))
2018-04-18 23:06:58.225944;(9, (0, 0, 0, 0, 0, 0, 0, 0, 0, 0, 0, 0, 0, 0, 0, 0))
2018-04-18 23:06:58.330455;(12, (254, 128, 0, 0, 0, 0, 0, 0, 253, 255, 255, 255, 255, 255, 0, 14))
2018-04-18 23:06:58.340004;(17, (0, 0, 0, 0, 0, 0, 0, 0, 0, 0, 0, 0, 0, 0, 0, 0))
2018-04-18 23:06:58.495382;(15, (254, 128, 0, 0, 0, 0, 0, 0, 253, 255, 255, 255, 255, 255, 0, 5))
2018-04-18 23:06:58.526402;(10, (254, 128, 0, 0, 0, 0, 0, 0, 253, 255, 255, 255, 255, 255, 0, 1))
2018-04-18 23:06:58.545594;(11, (254, 128, 0, 0, 0, 0, 0, 0, 253, 255, 255, 255, 255, 255, 0, 12))
2018-04-18 23:06:58.557453;(3, (0, 0, 0, 0, 0, 0, 0, 0, 0, 0, 0, 0, 0, 0, 0, 0))
2018-04-18 23:06:58.590496;(6, (0, 0, 0, 0, 0, 0, 0, 0, 0, 0, 0, 0, 0, 0, 0, 0))
2018-04-18 23:06:58.658110;(20, (0, 0, 0, 0, 0, 0, 0, 0, 0, 0, 0, 0, 0, 0, 0, 0))
2018-04-18 23:06:58.729657;(7, (0, 0, 0, 0, 0, 0, 0, 0, 0, 0, 0, 0, 0, 0, 0, 0))
2018-04-18 23:06:58.766665;(8, (254, 128, 0, 0, 0, 0, 0, 0, 253, 255, 255, 255, 255, 255, 0, 3))
2018-04-18 23:06:58.779356;(16, (0, 0, 0, 0, 0, 0, 0, 0, 0, 0, 0, 0, 0, 0, 0, 0))
2018-04-18 23:06:58.905762;(4, (0, 0, 0, 0, 0, 0, 0, 0, 0, 0, 0, 0, 0, 0, 0, 0))
2018-04-18 23:06:59.005774;(22, (254, 128, 0, 0, 0, 0, 0, 0, 253, 255, 255, 255, 255, 255, 0, 5))
2018-04-18 23:06:59.051665;(23, (254, 128, 0, 0, 0, 0, 0, 0, 253, 255, 255, 255, 255, 255, 0, 1))
2018-04-18 23:07:28.077069;(21, (254, 128, 0, 0, 0, 0, 0, 0, 253, 255, 255, 255, 255, 255, 0, 1))
2018-04-18 23:07:28.101620;(13, (0, 0, 0, 0, 0, 0, 0, 0, 0, 0, 0, 0, 0, 0, 0, 0))
2018-04-18 23:07:28.143837;(19, (0, 0, 0, 0, 0, 0, 0, 0, 0, 0, 0, 0, 0, 0, 0, 0))
2018-04-18 23:07:28.235321;(14, (254, 128, 0, 0, 0, 0, 0, 0, 253, 255, 255, 255, 255, 255, 0, 18))
2018-04-18 23:07:28.235572;(9, (0, 0, 0, 0, 0, 0, 0, 0, 0, 0, 0, 0, 0, 0, 0, 0))
2018-04-18 23:07:28.334696;(12, (0, 0, 0, 0, 0, 0, 0, 0, 0, 0, 0, 0, 0, 0, 0, 0))
2018-04-18 23:07:28.346032;(17, (0, 0, 0, 0, 0, 0, 0, 0, 0, 0, 0, 0, 0, 0, 0, 0))
2018-04-18 23:07:28.411985;(1, (0, 0, 0, 0, 0, 0, 0, 0, 0, 0, 0, 0, 0, 0, 0, 0))
2018-04-18 23:07:28.536782;(10, (254, 128, 0, 0, 0, 0, 0, 0, 253, 255, 255, 255, 255, 255, 0, 1))
2018-04-18 23:07:28.550286;(11, (254, 128, 0, 0, 0, 0, 0, 0, 253, 255, 255, 255, 255, 255, 0, 18))
2018-04-18 23:07:28.562543;(3, (0, 0, 0, 0, 0, 0, 0, 0, 0, 0, 0, 0, 0, 0, 0, 0))
2018-04-18 23:07:28.594541;(6, (0, 0, 0, 0, 0, 0, 0, 0, 0, 0, 0, 0, 0, 0, 0, 0))
2018-04-18 23:07:28.661570;(20, (254, 128, 0, 0, 0, 0, 0, 0, 253, 255, 255, 255, 255, 255, 0, 7))
2018-04-18 23:07:28.734431;(7, (0, 0, 0, 0, 0, 0, 0, 0, 0, 0, 0, 0, 0, 0, 0, 0))
2018-04-18 23:07:28.773484;(8, (254, 128, 0, 0, 0, 0, 0, 0, 253, 255, 255, 255, 255, 255, 0, 16))
2018-04-18 23:07:28.787689;(16, (254, 128, 0, 0, 0, 0, 0, 0, 253, 255, 255, 255, 255, 255, 0, 18))
2018-04-18 23:07:28.910952;(4, (0, 0, 0, 0, 0, 0, 0, 0, 0, 0, 0, 0, 0, 0, 0, 0))
2018-04-18 23:07:29.016953;(22, (254, 128, 0, 0, 0, 0, 0, 0, 253, 255, 255, 255, 255, 255, 0, 10))
2018-04-18 23:07:29.058235;(23, (254, 128, 0, 0, 0, 0, 0, 0, 253, 255, 255, 255, 255, 255, 0, 1))
2018-04-18 23:07:58.092027;(21, (254, 128, 0, 0, 0, 0, 0, 0, 253, 255, 255, 255, 255, 255, 0, 1))
2018-04-18 23:07:58.147539;(19, (0, 0, 0, 0, 0, 0, 0, 0, 0, 0, 0, 0, 0, 0, 0, 0))
2018-04-18 23:07:58.247135;(5, (254, 128, 0, 0, 0, 0, 0, 0, 253, 255, 255, 255, 255, 255, 0, 1))
2018-04-18 23:07:58.247658;(14, (254, 128, 0, 0, 0, 0, 0, 0, 253, 255, 255, 255, 255, 255, 0, 12))
2018-04-18 23:07:58.247910;(9, (0, 0, 0, 0, 0, 0, 0, 0, 0, 0, 0, 0, 0, 0, 0, 0))
2018-04-18 23:07:58.417623;(1, (0, 0, 0, 0, 0, 0, 0, 0, 0, 0, 0, 0, 0, 0, 0, 0))
2018-04-18 23:07:58.519585;(15, (254, 128, 0, 0, 0, 0, 0, 0, 253, 255, 255, 255, 255, 255, 0, 1))
2018-04-18 23:07:58.552060;(10, (254, 128, 0, 0, 0, 0, 0, 0, 253, 255, 255, 255, 255, 255, 0, 1))
2018-04-18 23:07:58.557382;(11, (254, 128, 0, 0, 0, 0, 0, 0, 253, 255, 255, 255, 255, 255, 0, 12))
2018-04-18 23:07:58.739819;(7, (0, 0, 0, 0, 0, 0, 0, 0, 0, 0, 0, 0, 0, 0, 0, 0))
2018-04-18 23:07:58.795243;(16, (254, 128, 0, 0, 0, 0, 0, 0, 253, 255, 255, 255, 255, 255, 0, 11))
2018-04-18 23:07:58.916590;(4, (0, 0, 0, 0, 0, 0, 0, 0, 0, 0, 0, 0, 0, 0, 0, 0))
2018-04-18 23:07:59.025003;(22, (254, 128, 0, 0, 0, 0, 0, 0, 253, 255, 255, 255, 255, 255, 0, 20))
2018-04-18 23:07:59.063456;(23, (254, 128, 0, 0, 0, 0, 0, 0, 253, 255, 255, 255, 255, 255, 0, 1))
2018-04-18 23:07:59.109885;(13, (0, 0, 0, 0, 0, 0, 0, 0, 0, 0, 0, 0, 0, 0, 0, 0))
2018-04-18 23:07:59.338801;(12, (254, 128, 0, 0, 0, 0, 0, 0, 253, 255, 255, 255, 255, 255, 0, 11))
2018-04-18 23:07:59.350224;(17, (254, 128, 0, 0, 0, 0, 0, 0, 253, 255, 255, 255, 255, 255, 0, 7))
2018-04-18 23:07:59.571990;(3, (254, 128, 0, 0, 0, 0, 0, 0, 253, 255, 255, 255, 255, 255, 0, 8))
2018-04-18 23:07:59.601439;(6, (0, 0, 0, 0, 0, 0, 0, 0, 0, 0, 0, 0, 0, 0, 0, 0))
2018-04-18 23:07:59.666172;(20, (254, 128, 0, 0, 0, 0, 0, 0, 253, 255, 255, 255, 255, 255, 0, 3))
2018-04-18 23:07:59.781813;(8, (0, 0, 0, 0, 0, 0, 0, 0, 0, 0, 0, 0, 0, 0, 0, 0))
2018-04-18 23:08:28.258596;(14, (0, 0, 0, 0, 0, 0, 0, 0, 0, 0, 0, 0, 0, 0, 0, 0))
2018-04-18 23:08:28.419715;(1, (0, 0, 0, 0, 0, 0, 0, 0, 0, 0, 0, 0, 0, 0, 0, 0))
2018-04-18 23:08:28.568395;(10, (254, 128, 0, 0, 0, 0, 0, 0, 253, 255, 255, 255, 255, 255, 0, 1))
2018-04-18 23:08:28.569084;(11, (254, 128, 0, 0, 0, 0, 0, 0, 253, 255, 255, 255, 255, 255, 0, 12))
2018-04-18 23:08:29.032807;(22, (254, 128, 0, 0, 0, 0, 0, 0, 253, 255, 255, 255, 255, 255, 0, 10))
2018-04-18 23:08:29.069626;(23, (254, 128, 0, 0, 0, 0, 0, 0, 253, 255, 255, 255, 255, 255, 0, 18))
2018-04-18 23:08:29.121415;(13, (0, 0, 0, 0, 0, 0, 0, 0, 0, 0, 0, 0, 0, 0, 0, 0))
2018-04-18 23:08:29.151663;(19, (0, 0, 0, 0, 0, 0, 0, 0, 0, 0, 0, 0, 0, 0, 0, 0))
2018-04-18 23:08:29.257979;(5, (254, 128, 0, 0, 0, 0, 0, 0, 253, 255, 255, 255, 255, 255, 0, 1))
2018-04-18 23:08:29.260003;(9, (0, 0, 0, 0, 0, 0, 0, 0, 0, 0, 0, 0, 0, 0, 0, 0))
2018-04-18 23:08:29.346221;(12, (254, 128, 0, 0, 0, 0, 0, 0, 253, 255, 255, 255, 255, 255, 0, 11))
2018-04-18 23:08:29.354496;(17, (254, 128, 0, 0, 0, 0, 0, 0, 253, 255, 255, 255, 255, 255, 0, 7))
2018-04-18 23:08:29.529485;(15, (254, 128, 0, 0, 0, 0, 0, 0, 253, 255, 255, 255, 255, 255, 0, 1))
2018-04-18 23:08:29.579321;(3, (254, 128, 0, 0, 0, 0, 0, 0, 253, 255, 255, 255, 255, 255, 0, 22))
2018-04-18 23:08:29.604627;(6, (0, 0, 0, 0, 0, 0, 0, 0, 0, 0, 0, 0, 0, 0, 0, 0))
2018-04-18 23:08:29.670517;(20, (254, 128, 0, 0, 0, 0, 0, 0, 253, 255, 255, 255, 255, 255, 0, 3))
2018-04-18 23:08:29.744536;(7, (254, 128, 0, 0, 0, 0, 0, 0, 253, 255, 255, 255, 255, 255, 0, 3))
2018-04-18 23:08:29.785429;(8, (254, 128, 0, 0, 0, 0, 0, 0, 253, 255, 255, 255, 255, 255, 0, 12))
2018-04-18 23:08:29.798952;(16, (0, 0, 0, 0, 0, 0, 0, 0, 0, 0, 0, 0, 0, 0, 0, 0))
2018-04-18 23:08:29.920149;(4, (0, 0, 0, 0, 0, 0, 0, 0, 0, 0, 0, 0, 0, 0, 0, 0))
2018-04-18 23:08:58.423045;(1, (0, 0, 0, 0, 0, 0, 0, 0, 0, 0, 0, 0, 0, 0, 0, 0))
2018-04-18 23:08:58.581120;(11, (254, 128, 0, 0, 0, 0, 0, 0, 253, 255, 255, 255, 255, 255, 0, 16))
2018-04-18 23:08:59.075115;(23, (0, 0, 0, 0, 0, 0, 0, 0, 0, 0, 0, 0, 0, 0, 0, 0))
2018-04-18 23:08:59.119891;(21, (254, 128, 0, 0, 0, 0, 0, 0, 253, 255, 255, 255, 255, 255, 0, 1))
2018-04-18 23:08:59.127596;(13, (0, 0, 0, 0, 0, 0, 0, 0, 0, 0, 0, 0, 0, 0, 0, 0))
2018-04-18 23:08:59.157744;(19, (254, 128, 0, 0, 0, 0, 0, 0, 253, 255, 255, 255, 255, 255, 0, 16))
2018-04-18 23:08:59.271532;(5, (254, 128, 0, 0, 0, 0, 0, 0, 253, 255, 255, 255, 255, 255, 0, 1))
2018-04-18 23:08:59.272644;(9, (0, 0, 0, 0, 0, 0, 0, 0, 0, 0, 0, 0, 0, 0, 0, 0))
2018-04-18 23:08:59.273349;(14, (0, 0, 0, 0, 0, 0, 0, 0, 0, 0, 0, 0, 0, 0, 0, 0))
2018-04-18 23:08:59.352164;(12, (0, 0, 0, 0, 0, 0, 0, 0, 0, 0, 0, 0, 0, 0, 0, 0))
2018-04-18 23:08:59.359028;(17, (0, 0, 0, 0, 0, 0, 0, 0, 0, 0, 0, 0, 0, 0, 0, 0))
2018-04-18 23:08:59.540150;(15, (254, 128, 0, 0, 0, 0, 0, 0, 253, 255, 255, 255, 255, 255, 0, 21))
2018-04-18 23:08:59.585670;(10, (254, 128, 0, 0, 0, 0, 0, 0, 253, 255, 255, 255, 255, 255, 0, 1))
2018-04-18 23:08:59.591773;(3, (254, 128, 0, 0, 0, 0, 0, 0, 253, 255, 255, 255, 255, 255, 0, 22))
2018-04-18 23:08:59.609521;(6, (0, 0, 0, 0, 0, 0, 0, 0, 0, 0, 0, 0, 0, 0, 0, 0))
2018-04-18 23:08:59.676225;(20, (0, 0, 0, 0, 0, 0, 0, 0, 0, 0, 0, 0, 0, 0, 0, 0))
2018-04-18 23:08:59.749127;(7, (0, 0, 0, 0, 0, 0, 0, 0, 0, 0, 0, 0, 0, 0, 0, 0))
2018-04-18 23:08:59.790443;(8, (254, 128, 0, 0, 0, 0, 0, 0, 253, 255, 255, 255, 255, 255, 0, 19))
2018-04-18 23:08:59.802222;(16, (254, 128, 0, 0, 0, 0, 0, 0, 253, 255, 255, 255, 255, 255, 0, 18))
2018-04-18 23:08:59.923007;(4, (0, 0, 0, 0, 0, 0, 0, 0, 0, 0, 0, 0, 0, 0, 0, 0))
2018-04-18 23:09:00.046911;(22, (254, 128, 0, 0, 0, 0, 0, 0, 253, 255, 255, 255, 255, 255, 0, 10))
2018-04-18 23:09:28.426070;(1, (0, 0, 0, 0, 0, 0, 0, 0, 0, 0, 0, 0, 0, 0, 0, 0))
2018-04-18 23:09:29.136152;(21, (254, 128, 0, 0, 0, 0, 0, 0, 253, 255, 255, 255, 255, 255, 0, 15))
2018-04-18 23:09:29.136413;(13, (0, 0, 0, 0, 0, 0, 0, 0, 0, 0, 0, 0, 0, 0, 0, 0))
2018-04-18 23:09:29.164380;(19, (0, 0, 0, 0, 0, 0, 0, 0, 0, 0, 0, 0, 0, 0, 0, 0))
2018-04-18 23:09:29.283583;(5, (254, 128, 0, 0, 0, 0, 0, 0, 253, 255, 255, 255, 255, 255, 0, 1))
2018-04-18 23:09:29.284311;(14, (0, 0, 0, 0, 0, 0, 0, 0, 0, 0, 0, 0, 0, 0, 0, 0))
2018-04-18 23:09:29.285558;(9, (0, 0, 0, 0, 0, 0, 0, 0, 0, 0, 0, 0, 0, 0, 0, 0))
2018-04-18 23:09:29.356382;(12, (0, 0, 0, 0, 0, 0, 0, 0, 0, 0, 0, 0, 0, 0, 0, 0))
2018-04-18 23:09:29.363006;(17, (0, 0, 0, 0, 0, 0, 0, 0, 0, 0, 0, 0, 0, 0, 0, 0))
2018-04-18 23:09:29.555758;(15, (254, 128, 0, 0, 0, 0, 0, 0, 253, 255, 255, 255, 255, 255, 0, 1))
2018-04-18 23:09:29.586962;(11, (0, 0, 0, 0, 0, 0, 0, 0, 0, 0, 0, 0, 0, 0, 0, 0))
2018-04-18 23:09:29.597694;(10, (254, 128, 0, 0, 0, 0, 0, 0, 253, 255, 255, 255, 255, 255, 0, 1))
2018-04-18 23:09:29.598969;(3, (254, 128, 0, 0, 0, 0, 0, 0, 253, 255, 255, 255, 255, 255, 0, 22))
2018-04-18 23:09:29.611952;(6, (0, 0, 0, 0, 0, 0, 0, 0, 0, 0, 0, 0, 0, 0, 0, 0))
2018-04-18 23:09:29.680273;(20, (254, 128, 0, 0, 0, 0, 0, 0, 253, 255, 255, 255, 255, 255, 0, 3))
2018-04-18 23:09:29.752605;(7, (254, 128, 0, 0, 0, 0, 0, 0, 253, 255, 255, 255, 255, 255, 0, 3))
2018-04-18 23:09:29.794540;(8, (254, 128, 0, 0, 0, 0, 0, 0, 253, 255, 255, 255, 255, 255, 0, 3))
2018-04-18 23:09:29.806922;(16, (0, 0, 0, 0, 0, 0, 0, 0, 0, 0, 0, 0, 0, 0, 0, 0))
2018-04-18 23:09:29.926446;(4, (0, 0, 0, 0, 0, 0, 0, 0, 0, 0, 0, 0, 0, 0, 0, 0))
2018-04-18 23:09:30.058703;(22, (254, 128, 0, 0, 0, 0, 0, 0, 253, 255, 255, 255, 255, 255, 0, 10))
2018-04-18 23:09:30.079960;(23, (0, 0, 0, 0, 0, 0, 0, 0, 0, 0, 0, 0, 0, 0, 0, 0))
2018-04-18 23:09:58.431385;(1, (0, 0, 0, 0, 0, 0, 0, 0, 0, 0, 0, 0, 0, 0, 0, 0))
2018-04-18 23:09:59.153667;(21, (254, 128, 0, 0, 0, 0, 0, 0, 253, 255, 255, 255, 255, 255, 0, 1))
2018-04-18 23:09:59.154977;(13, (0, 0, 0, 0, 0, 0, 0, 0, 0, 0, 0, 0, 0, 0, 0, 0))
2018-04-18 23:09:59.168347;(19, (0, 0, 0, 0, 0, 0, 0, 0, 0, 0, 0, 0, 0, 0, 0, 0))
2018-04-18 23:09:59.288116;(14, (0, 0, 0, 0, 0, 0, 0, 0, 0, 0, 0, 0, 0, 0, 0, 0))
2018-04-18 23:09:59.294266;(5, (254, 128, 0, 0, 0, 0, 0, 0, 253, 255, 255, 255, 255, 255, 0, 21))
2018-04-18 23:09:59.295731;(9, (0, 0, 0, 0, 0, 0, 0, 0, 0, 0, 0, 0, 0, 0, 0, 0))
2018-04-18 23:09:59.362850;(12, (0, 0, 0, 0, 0, 0, 0, 0, 0, 0, 0, 0, 0, 0, 0, 0))
2018-04-18 23:09:59.367584;(17, (0, 0, 0, 0, 0, 0, 0, 0, 0, 0, 0, 0, 0, 0, 0, 0))
2018-04-18 23:09:59.570995;(15, (254, 128, 0, 0, 0, 0, 0, 0, 253, 255, 255, 255, 255, 255, 0, 1))
2018-04-18 23:09:59.591309;(11, (0, 0, 0, 0, 0, 0, 0, 0, 0, 0, 0, 0, 0, 0, 0, 0))
2018-04-18 23:09:59.612577;(3, (0, 0, 0, 0, 0, 0, 0, 0, 0, 0, 0, 0, 0, 0, 0, 0))
2018-04-18 23:09:59.615941;(6, (0, 0, 0, 0, 0, 0, 0, 0, 0, 0, 0, 0, 0, 0, 0, 0))
2018-04-18 23:09:59.684252;(20, (0, 0, 0, 0, 0, 0, 0, 0, 0, 0, 0, 0, 0, 0, 0, 0))
2018-04-18 23:09:59.755917;(7, (0, 0, 0, 0, 0, 0, 0, 0, 0, 0, 0, 0, 0, 0, 0, 0))
2018-04-18 23:09:59.797962;(8, (0, 0, 0, 0, 0, 0, 0, 0, 0, 0, 0, 0, 0, 0, 0, 0))
2018-04-18 23:09:59.817532;(16, (0, 0, 0, 0, 0, 0, 0, 0, 0, 0, 0, 0, 0, 0, 0, 0))
2018-04-18 23:09:59.930468;(4, (0, 0, 0, 0, 0, 0, 0, 0, 0, 0, 0, 0, 0, 0, 0, 0))
2018-04-18 23:10:00.072799;(22, (254, 128, 0, 0, 0, 0, 0, 0, 253, 255, 255, 255, 255, 255, 0, 10))
2018-04-18 23:10:00.083863;(23, (0, 0, 0, 0, 0, 0, 0, 0, 0, 0, 0, 0, 0, 0, 0, 0))
2018-04-18 23:10:28.436105;(1, (0, 0, 0, 0, 0, 0, 0, 0, 0, 0, 0, 0, 0, 0, 0, 0))
2018-04-18 23:10:29.170206;(21, (254, 128, 0, 0, 0, 0, 0, 0, 253, 255, 255, 255, 255, 255, 0, 1))
2018-04-18 23:10:29.171231;(13, (0, 0, 0, 0, 0, 0, 0, 0, 0, 0, 0, 0, 0, 0, 0, 0))
2018-04-18 23:10:29.175156;(19, (0, 0, 0, 0, 0, 0, 0, 0, 0, 0, 0, 0, 0, 0, 0, 0))
2018-04-18 23:10:29.293675;(14, (0, 0, 0, 0, 0, 0, 0, 0, 0, 0, 0, 0, 0, 0, 0, 0))
2018-04-18 23:10:29.297619;(5, (254, 128, 0, 0, 0, 0, 0, 0, 253, 255, 255, 255, 255, 255, 0, 21))
2018-04-18 23:10:29.587045;(15, (254, 128, 0, 0, 0, 0, 0, 0, 253, 255, 255, 255, 255, 255, 0, 1))
2018-04-18 23:10:29.595884;(11, (0, 0, 0, 0, 0, 0, 0, 0, 0, 0, 0, 0, 0, 0, 0, 0))
2018-04-18 23:10:29.624661;(10, (254, 128, 0, 0, 0, 0, 0, 0, 253, 255, 255, 255, 255, 255, 0, 1))
2018-04-18 23:10:29.689654;(20, (0, 0, 0, 0, 0, 0, 0, 0, 0, 0, 0, 0, 0, 0, 0, 0))
2018-04-18 23:10:29.762021;(7, (0, 0, 0, 0, 0, 0, 0, 0, 0, 0, 0, 0, 0, 0, 0, 0))
2018-04-18 23:10:29.935907;(4, (0, 0, 0, 0, 0, 0, 0, 0, 0, 0, 0, 0, 0, 0, 0, 0))
2018-04-18 23:10:30.081237;(22, (0, 0, 0, 0, 0, 0, 0, 0, 0, 0, 0, 0, 0, 0, 0, 0))
2018-04-18 23:10:30.086990;(23, (0, 0, 0, 0, 0, 0, 0, 0, 0, 0, 0, 0, 0, 0, 0, 0))
2018-04-18 23:10:30.299077;(9, (0, 0, 0, 0, 0, 0, 0, 0, 0, 0, 0, 0, 0, 0, 0, 0))
2018-04-18 23:10:30.367919;(12, (0, 0, 0, 0, 0, 0, 0, 0, 0, 0, 0, 0, 0, 0, 0, 0))
2018-04-18 23:10:30.371014;(17, (0, 0, 0, 0, 0, 0, 0, 0, 0, 0, 0, 0, 0, 0, 0, 0))
2018-04-18 23:10:30.626631;(6, (0, 0, 0, 0, 0, 0, 0, 0, 0, 0, 0, 0, 0, 0, 0, 0))
2018-04-18 23:10:30.627860;(3, (0, 0, 0, 0, 0, 0, 0, 0, 0, 0, 0, 0, 0, 0, 0, 0))
2018-04-18 23:10:30.801208;(8, (0, 0, 0, 0, 0, 0, 0, 0, 0, 0, 0, 0, 0, 0, 0, 0))
2018-04-18 23:10:30.823045;(16, (0, 0, 0, 0, 0, 0, 0, 0, 0, 0, 0, 0, 0, 0, 0, 0))
2018-04-18 23:10:58.441649;(1, (0, 0, 0, 0, 0, 0, 0, 0, 0, 0, 0, 0, 0, 0, 0, 0))
2018-04-18 23:10:59.186118;(21, (254, 128, 0, 0, 0, 0, 0, 0, 253, 255, 255, 255, 255, 255, 0, 15))
2018-04-18 23:10:59.297904;(14, (0, 0, 0, 0, 0, 0, 0, 0, 0, 0, 0, 0, 0, 0, 0, 0))
2018-04-18 23:10:59.602290;(11, (0, 0, 0, 0, 0, 0, 0, 0, 0, 0, 0, 0, 0, 0, 0, 0))
2018-04-18 23:10:59.638254;(10, (254, 128, 0, 0, 0, 0, 0, 0, 253, 255, 255, 255, 255, 255, 0, 1))
2018-04-18 23:11:00.093330;(22, (254, 128, 0, 0, 0, 0, 0, 0, 253, 255, 255, 255, 255, 255, 0, 10))
2018-04-18 23:11:00.094515;(23, (254, 128, 0, 0, 0, 0, 0, 0, 253, 255, 255, 255, 255, 255, 0, 18))
2018-04-18 23:11:00.176106;(13, (0, 0, 0, 0, 0, 0, 0, 0, 0, 0, 0, 0, 0, 0, 0, 0))
2018-04-18 23:11:00.186813;(19, (0, 0, 0, 0, 0, 0, 0, 0, 0, 0, 0, 0, 0, 0, 0, 0))
2018-04-18 23:11:00.301717;(5, (254, 128, 0, 0, 0, 0, 0, 0, 253, 255, 255, 255, 255, 255, 0, 21))
2018-04-18 23:11:00.302881;(9, (0, 0, 0, 0, 0, 0, 0, 0, 0, 0, 0, 0, 0, 0, 0, 0))
2018-04-18 23:11:00.375178;(12, (0, 0, 0, 0, 0, 0, 0, 0, 0, 0, 0, 0, 0, 0, 0, 0))
2018-04-18 23:11:00.382936;(17, (0, 0, 0, 0, 0, 0, 0, 0, 0, 0, 0, 0, 0, 0, 0, 0))
2018-04-18 23:11:00.600638;(15, (254, 128, 0, 0, 0, 0, 0, 0, 253, 255, 255, 255, 255, 255, 0, 1))
2018-04-18 23:11:00.639249;(6, (0, 0, 0, 0, 0, 0, 0, 0, 0, 0, 0, 0, 0, 0, 0, 0))
2018-04-18 23:11:00.641595;(3, (254, 128, 0, 0, 0, 0, 0, 0, 253, 255, 255, 255, 255, 255, 0, 22))
2018-04-18 23:11:00.693405;(20, (254, 128, 0, 0, 0, 0, 0, 0, 253, 255, 255, 255, 255, 255, 0, 3))
2018-04-18 23:11:00.765022;(7, (254, 128, 0, 0, 0, 0, 0, 0, 253, 255, 255, 255, 255, 255, 0, 20))
2018-04-18 23:11:00.807005;(8, (254, 128, 0, 0, 0, 0, 0, 0, 253, 255, 255, 255, 255, 255, 0, 3))
2018-04-18 23:11:00.827802;(16, (0, 0, 0, 0, 0, 0, 0, 0, 0, 0, 0, 0, 0, 0, 0, 0))
2018-04-18 23:11:00.940638;(4, (0, 0, 0, 0, 0, 0, 0, 0, 0, 0, 0, 0, 0, 0, 0, 0))
2018-04-18 23:11:29.300301;(14, (0, 0, 0, 0, 0, 0, 0, 0, 0, 0, 0, 0, 0, 0, 0, 0))
2018-04-18 23:11:29.446794;(1, (0, 0, 0, 0, 0, 0, 0, 0, 0, 0, 0, 0, 0, 0, 0, 0))
2018-04-18 23:11:29.614650;(11, (0, 0, 0, 0, 0, 0, 0, 0, 0, 0, 0, 0, 0, 0, 0, 0))
2018-04-18 23:11:30.100766;(23, (0, 0, 0, 0, 0, 0, 0, 0, 0, 0, 0, 0, 0, 0, 0, 0))
2018-04-18 23:11:30.182383;(13, (0, 0, 0, 0, 0, 0, 0, 0, 0, 0, 0, 0, 0, 0, 0, 0))
2018-04-18 23:11:30.190849;(19, (0, 0, 0, 0, 0, 0, 0, 0, 0, 0, 0, 0, 0, 0, 0, 0))
2018-04-18 23:11:30.310635;(5, (254, 128, 0, 0, 0, 0, 0, 0, 253, 255, 255, 255, 255, 255, 0, 21))
2018-04-18 23:11:30.310932;(9, (0, 0, 0, 0, 0, 0, 0, 0, 0, 0, 0, 0, 0, 0, 0, 0))
2018-04-18 23:11:30.378960;(12, (0, 0, 0, 0, 0, 0, 0, 0, 0, 0, 0, 0, 0, 0, 0, 0))
2018-04-18 23:11:30.385649;(17, (0, 0, 0, 0, 0, 0, 0, 0, 0, 0, 0, 0, 0, 0, 0, 0))
2018-04-18 23:11:30.614231;(15, (254, 128, 0, 0, 0, 0, 0, 0, 253, 255, 255, 255, 255, 255, 0, 21))
2018-04-18 23:11:30.649530;(3, (0, 0, 0, 0, 0, 0, 0, 0, 0, 0, 0, 0, 0, 0, 0, 0))
2018-04-18 23:11:30.654839;(6, (0, 0, 0, 0, 0, 0, 0, 0, 0, 0, 0, 0, 0, 0, 0, 0))
2018-04-18 23:11:30.697815;(20, (0, 0, 0, 0, 0, 0, 0, 0, 0, 0, 0, 0, 0, 0, 0, 0))
2018-04-18 23:11:30.767023;(7, (0, 0, 0, 0, 0, 0, 0, 0, 0, 0, 0, 0, 0, 0, 0, 0))
2018-04-18 23:11:30.810792;(8, (0, 0, 0, 0, 0, 0, 0, 0, 0, 0, 0, 0, 0, 0, 0, 0))
2018-04-18 23:11:30.830192;(16, (0, 0, 0, 0, 0, 0, 0, 0, 0, 0, 0, 0, 0, 0, 0, 0))
2018-04-18 23:11:30.944564;(4, (0, 0, 0, 0, 0, 0, 0, 0, 0, 0, 0, 0, 0, 0, 0, 0))
2018-04-18 23:11:31.096773;(22, (0, 0, 0, 0, 0, 0, 0, 0, 0, 0, 0, 0, 0, 0, 0, 0))
2018-04-18 23:11:59.450538;(1, (0, 0, 0, 0, 0, 0, 0, 0, 0, 0, 0, 0, 0, 0, 0, 0))
2018-04-18 23:11:59.627874;(11, (0, 0, 0, 0, 0, 0, 0, 0, 0, 0, 0, 0, 0, 0, 0, 0))
2018-04-18 23:12:00.187986;(13, (0, 0, 0, 0, 0, 0, 0, 0, 0, 0, 0, 0, 0, 0, 0, 0))
2018-04-18 23:12:00.193887;(19, (0, 0, 0, 0, 0, 0, 0, 0, 0, 0, 0, 0, 0, 0, 0, 0))
2018-04-18 23:12:00.213067;(21, (254, 128, 0, 0, 0, 0, 0, 0, 253, 255, 255, 255, 255, 255, 0, 1))
2018-04-18 23:12:00.307837;(14, (0, 0, 0, 0, 0, 0, 0, 0, 0, 0, 0, 0, 0, 0, 0, 0))
2018-04-18 23:12:00.315004;(9, (0, 0, 0, 0, 0, 0, 0, 0, 0, 0, 0, 0, 0, 0, 0, 0))
2018-04-18 23:12:00.315997;(5, (254, 128, 0, 0, 0, 0, 0, 0, 253, 255, 255, 255, 255, 255, 0, 21))
2018-04-18 23:12:00.382007;(12, (0, 0, 0, 0, 0, 0, 0, 0, 0, 0, 0, 0, 0, 0, 0, 0))
2018-04-18 23:12:00.387678;(17, (0, 0, 0, 0, 0, 0, 0, 0, 0, 0, 0, 0, 0, 0, 0, 0))
2018-04-18 23:12:00.627010;(15, (254, 128, 0, 0, 0, 0, 0, 0, 253, 255, 255, 255, 255, 255, 0, 21))
2018-04-18 23:12:00.655569;(3, (0, 0, 0, 0, 0, 0, 0, 0, 0, 0, 0, 0, 0, 0, 0, 0))
2018-04-18 23:12:00.666893;(10, (254, 128, 0, 0, 0, 0, 0, 0, 253, 255, 255, 255, 255, 255, 0, 1))
2018-04-18 23:12:00.667998;(6, (0, 0, 0, 0, 0, 0, 0, 0, 0, 0, 0, 0, 0, 0, 0, 0))
2018-04-18 23:12:00.703062;(20, (0, 0, 0, 0, 0, 0, 0, 0, 0, 0, 0, 0, 0, 0, 0, 0))
2018-04-18 23:12:00.769916;(7, (0, 0, 0, 0, 0, 0, 0, 0, 0, 0, 0, 0, 0, 0, 0, 0))
2018-04-18 23:12:00.815707;(8, (0, 0, 0, 0, 0, 0, 0, 0, 0, 0, 0, 0, 0, 0, 0, 0))
2018-04-18 23:12:00.833634;(16, (0, 0, 0, 0, 0, 0, 0, 0, 0, 0, 0, 0, 0, 0, 0, 0))
2018-04-18 23:12:00.950873;(4, (0, 0, 0, 0, 0, 0, 0, 0, 0, 0, 0, 0, 0, 0, 0, 0))
2018-04-18 23:12:01.101575;(22, (0, 0, 0, 0, 0, 0, 0, 0, 0, 0, 0, 0, 0, 0, 0, 0))
2018-04-18 23:12:01.103069;(23, (0, 0, 0, 0, 0, 0, 0, 0, 0, 0, 0, 0, 0, 0, 0, 0))
2018-04-18 23:12:29.456522;(1, (0, 0, 0, 0, 0, 0, 0, 0, 0, 0, 0, 0, 0, 0, 0, 0))
2018-04-18 23:12:30.202817;(13, (0, 0, 0, 0, 0, 0, 0, 0, 0, 0, 0, 0, 0, 0, 0, 0))
2018-04-18 23:12:30.203195;(19, (0, 0, 0, 0, 0, 0, 0, 0, 0, 0, 0, 0, 0, 0, 0, 0))
2018-04-18 23:12:30.229792;(21, (254, 128, 0, 0, 0, 0, 0, 0, 253, 255, 255, 255, 255, 255, 0, 1))
2018-04-18 23:12:30.326455;(9, (0, 0, 0, 0, 0, 0, 0, 0, 0, 0, 0, 0, 0, 0, 0, 0))
2018-04-18 23:12:30.327813;(5, (254, 128, 0, 0, 0, 0, 0, 0, 253, 255, 255, 255, 255, 255, 0, 21))
2018-04-18 23:12:30.328019;(14, (0, 0, 0, 0, 0, 0, 0, 0, 0, 0, 0, 0, 0, 0, 0, 0))
2018-04-18 23:12:30.390447;(12, (0, 0, 0, 0, 0, 0, 0, 0, 0, 0, 0, 0, 0, 0, 0, 0))
2018-04-18 23:12:30.394673;(17, (0, 0, 0, 0, 0, 0, 0, 0, 0, 0, 0, 0, 0, 0, 0, 0))
2018-04-18 23:12:30.644220;(15, (254, 128, 0, 0, 0, 0, 0, 0, 253, 255, 255, 255, 255, 255, 0, 1))
2018-04-18 23:12:30.647903;(11, (0, 0, 0, 0, 0, 0, 0, 0, 0, 0, 0, 0, 0, 0, 0, 0))
2018-04-18 23:12:30.663399;(3, (0, 0, 0, 0, 0, 0, 0, 0, 0, 0, 0, 0, 0, 0, 0, 0))
2018-04-18 23:12:30.686091;(6, (0, 0, 0, 0, 0, 0, 0, 0, 0, 0, 0, 0, 0, 0, 0, 0))
2018-04-18 23:12:30.709528;(20, (0, 0, 0, 0, 0, 0, 0, 0, 0, 0, 0, 0, 0, 0, 0, 0))
2018-04-18 23:12:30.781688;(7, (0, 0, 0, 0, 0, 0, 0, 0, 0, 0, 0, 0, 0, 0, 0, 0))
2018-04-18 23:12:30.822698;(8, (0, 0, 0, 0, 0, 0, 0, 0, 0, 0, 0, 0, 0, 0, 0, 0))
2018-04-18 23:12:30.839112;(16, (0, 0, 0, 0, 0, 0, 0, 0, 0, 0, 0, 0, 0, 0, 0, 0))
2018-04-18 23:12:30.959296;(4, (0, 0, 0, 0, 0, 0, 0, 0, 0, 0, 0, 0, 0, 0, 0, 0))
2018-04-18 23:12:31.107884;(22, (0, 0, 0, 0, 0, 0, 0, 0, 0, 0, 0, 0, 0, 0, 0, 0))
2018-04-18 23:12:31.109773;(23, (0, 0, 0, 0, 0, 0, 0, 0, 0, 0, 0, 0, 0, 0, 0, 0))
2018-04-18 23:12:59.472249;(1, (0, 0, 0, 0, 0, 0, 0, 0, 0, 0, 0, 0, 0, 0, 0, 0))
2018-04-18 23:13:00.211834;(19, (0, 0, 0, 0, 0, 0, 0, 0, 0, 0, 0, 0, 0, 0, 0, 0))
2018-04-18 23:13:00.344426;(5, (254, 128, 0, 0, 0, 0, 0, 0, 253, 255, 255, 255, 255, 255, 0, 21))
2018-04-18 23:13:00.346762;(14, (0, 0, 0, 0, 0, 0, 0, 0, 0, 0, 0, 0, 0, 0, 0, 0))
2018-04-18 23:13:00.660552;(15, (254, 128, 0, 0, 0, 0, 0, 0, 253, 255, 255, 255, 255, 255, 0, 1))
2018-04-18 23:13:00.661933;(11, (0, 0, 0, 0, 0, 0, 0, 0, 0, 0, 0, 0, 0, 0, 0, 0))
2018-04-18 23:13:00.703796;(10, (254, 128, 0, 0, 0, 0, 0, 0, 253, 255, 255, 255, 255, 255, 0, 1))
2018-04-18 23:13:00.714498;(20, (0, 0, 0, 0, 0, 0, 0, 0, 0, 0, 0, 0, 0, 0, 0, 0))
2018-04-18 23:13:00.787199;(7, (0, 0, 0, 0, 0, 0, 0, 0, 0, 0, 0, 0, 0, 0, 0, 0))
2018-04-18 23:13:00.966635;(4, (0, 0, 0, 0, 0, 0, 0, 0, 0, 0, 0, 0, 0, 0, 0, 0))
2018-04-18 23:13:01.114804;(22, (0, 0, 0, 0, 0, 0, 0, 0, 0, 0, 0, 0, 0, 0, 0, 0))
2018-04-18 23:13:01.115736;(23, (0, 0, 0, 0, 0, 0, 0, 0, 0, 0, 0, 0, 0, 0, 0, 0))
2018-04-18 23:13:01.213790;(13, (0, 0, 0, 0, 0, 0, 0, 0, 0, 0, 0, 0, 0, 0, 0, 0))
2018-04-18 23:13:01.345790;(9, (0, 0, 0, 0, 0, 0, 0, 0, 0, 0, 0, 0, 0, 0, 0, 0))
2018-04-18 23:13:01.398648;(12, (0, 0, 0, 0, 0, 0, 0, 0, 0, 0, 0, 0, 0, 0, 0, 0))
2018-04-18 23:13:01.399555;(17, (0, 0, 0, 0, 0, 0, 0, 0, 0, 0, 0, 0, 0, 0, 0, 0))
2018-04-18 23:13:01.670686;(3, (0, 0, 0, 0, 0, 0, 0, 0, 0, 0, 0, 0, 0, 0, 0, 0))
2018-04-18 23:13:01.698490;(6, (0, 0, 0, 0, 0, 0, 0, 0, 0, 0, 0, 0, 0, 0, 0, 0))
2018-04-18 23:13:01.831063;(8, (0, 0, 0, 0, 0, 0, 0, 0, 0, 0, 0, 0, 0, 0, 0, 0))
2018-04-18 23:13:01.845554;(16, (0, 0, 0, 0, 0, 0, 0, 0, 0, 0, 0, 0, 0, 0, 0, 0))
2018-04-18 23:13:29.483705;(1, (0, 0, 0, 0, 0, 0, 0, 0, 0, 0, 0, 0, 0, 0, 0, 0))
2018-04-18 23:13:30.264437;(21, (254, 128, 0, 0, 0, 0, 0, 0, 253, 255, 255, 255, 255, 255, 0, 1))
2018-04-18 23:13:30.354121;(14, (0, 0, 0, 0, 0, 0, 0, 0, 0, 0, 0, 0, 0, 0, 0, 0))
2018-04-18 23:13:30.673896;(11, (0, 0, 0, 0, 0, 0, 0, 0, 0, 0, 0, 0, 0, 0, 0, 0))
2018-04-18 23:13:30.721309;(10, (254, 128, 0, 0, 0, 0, 0, 0, 253, 255, 255, 255, 255, 255, 0, 1))
2018-04-18 23:13:31.121916;(23, (0, 0, 0, 0, 0, 0, 0, 0, 0, 0, 0, 0, 0, 0, 0, 0))
2018-04-18 23:13:31.218271;(19, (0, 0, 0, 0, 0, 0, 0, 0, 0, 0, 0, 0, 0, 0, 0, 0))
2018-04-18 23:13:31.219246;(13, (0, 0, 0, 0, 0, 0, 0, 0, 0, 0, 0, 0, 0, 0, 0, 0))
2018-04-18 23:13:31.351617;(9, (0, 0, 0, 0, 0, 0, 0, 0, 0, 0, 0, 0, 0, 0, 0, 0))
2018-04-18 23:13:31.353380;(5, (254, 128, 0, 0, 0, 0, 0, 0, 253, 255, 255, 255, 255, 255, 0, 21))
2018-04-18 23:13:31.406656;(12, (0, 0, 0, 0, 0, 0, 0, 0, 0, 0, 0, 0, 0, 0, 0, 0))
2018-04-18 23:13:31.408192;(17, (0, 0, 0, 0, 0, 0, 0, 0, 0, 0, 0, 0, 0, 0, 0, 0))
2018-04-18 23:13:31.680059;(15, (254, 128, 0, 0, 0, 0, 0, 0, 253, 255, 255, 255, 255, 255, 0, 1))
2018-04-18 23:13:31.681324;(3, (0, 0, 0, 0, 0, 0, 0, 0, 0, 0, 0, 0, 0, 0, 0, 0))
2018-04-18 23:13:31.706127;(6, (0, 0, 0, 0, 0, 0, 0, 0, 0, 0, 0, 0, 0, 0, 0, 0))
2018-04-18 23:13:31.722495;(20, (0, 0, 0, 0, 0, 0, 0, 0, 0, 0, 0, 0, 0, 0, 0, 0))
2018-04-18 23:13:31.798476;(7, (0, 0, 0, 0, 0, 0, 0, 0, 0, 0, 0, 0, 0, 0, 0, 0))
2018-04-18 23:13:31.838995;(8, (0, 0, 0, 0, 0, 0, 0, 0, 0, 0, 0, 0, 0, 0, 0, 0))
2018-04-18 23:13:31.851330;(16, (0, 0, 0, 0, 0, 0, 0, 0, 0, 0, 0, 0, 0, 0, 0, 0))
2018-04-18 23:13:31.973565;(4, (0, 0, 0, 0, 0, 0, 0, 0, 0, 0, 0, 0, 0, 0, 0, 0))
2018-04-18 23:13:32.121623;(22, (0, 0, 0, 0, 0, 0, 0, 0, 0, 0, 0, 0, 0, 0, 0, 0))
2018-04-18 23:13:59.492283;(1, (0, 0, 0, 0, 0, 0, 0, 0, 0, 0, 0, 0, 0, 0, 0, 0))
2018-04-18 23:14:00.284026;(21, (254, 128, 0, 0, 0, 0, 0, 0, 253, 255, 255, 255, 255, 255, 0, 1))
2018-04-18 23:14:00.361457;(14, (0, 0, 0, 0, 0, 0, 0, 0, 0, 0, 0, 0, 0, 0, 0, 0))
2018-04-18 23:14:00.681922;(11, (0, 0, 0, 0, 0, 0, 0, 0, 0, 0, 0, 0, 0, 0, 0, 0))
2018-04-18 23:14:00.738942;(10, (254, 128, 0, 0, 0, 0, 0, 0, 253, 255, 255, 255, 255, 255, 0, 1))
2018-04-18 23:14:01.127507;(23, (0, 0, 0, 0, 0, 0, 0, 0, 0, 0, 0, 0, 0, 0, 0, 0))
2018-04-18 23:14:01.223313;(19, (0, 0, 0, 0, 0, 0, 0, 0, 0, 0, 0, 0, 0, 0, 0, 0))
2018-04-18 23:14:01.225362;(13, (0, 0, 0, 0, 0, 0, 0, 0, 0, 0, 0, 0, 0, 0, 0, 0))
2018-04-18 23:14:01.358358;(9, (0, 0, 0, 0, 0, 0, 0, 0, 0, 0, 0, 0, 0, 0, 0, 0))
2018-04-18 23:14:01.359473;(5, (254, 128, 0, 0, 0, 0, 0, 0, 253, 255, 255, 255, 255, 255, 0, 21))
2018-04-18 23:14:01.415454;(12, (0, 0, 0, 0, 0, 0, 0, 0, 0, 0, 0, 0, 0, 0, 0, 0))
2018-04-18 23:14:01.415762;(17, (0, 0, 0, 0, 0, 0, 0, 0, 0, 0, 0, 0, 0, 0, 0, 0))
2018-04-18 23:14:01.695088;(3, (0, 0, 0, 0, 0, 0, 0, 0, 0, 0, 0, 0, 0, 0, 0, 0))
2018-04-18 23:14:01.700638;(15, (254, 128, 0, 0, 0, 0, 0, 0, 253, 255, 255, 255, 255, 255, 0, 1))
2018-04-18 23:14:01.711576;(6, (0, 0, 0, 0, 0, 0, 0, 0, 0, 0, 0, 0, 0, 0, 0, 0))
2018-04-18 23:14:01.728293;(20, (0, 0, 0, 0, 0, 0, 0, 0, 0, 0, 0, 0, 0, 0, 0, 0))
2018-04-18 23:14:01.808453;(7, (0, 0, 0, 0, 0, 0, 0, 0, 0, 0, 0, 0, 0, 0, 0, 0))
2018-04-18 23:14:01.845539;(8, (0, 0, 0, 0, 0, 0, 0, 0, 0, 0, 0, 0, 0, 0, 0, 0))
2018-04-18 23:14:01.857524;(16, (0, 0, 0, 0, 0, 0, 0, 0, 0, 0, 0, 0, 0, 0, 0, 0))
2018-04-18 23:14:01.979492;(4, (0, 0, 0, 0, 0, 0, 0, 0, 0, 0, 0, 0, 0, 0, 0, 0))
2018-04-18 23:14:02.126448;(22, (0, 0, 0, 0, 0, 0, 0, 0, 0, 0, 0, 0, 0, 0, 0, 0))
2018-04-18 23:14:29.496533;(1, (0, 0, 0, 0, 0, 0, 0, 0, 0, 0, 0, 0, 0, 0, 0, 0))
2018-04-18 23:14:30.299179;(21, (254, 128, 0, 0, 0, 0, 0, 0, 253, 255, 255, 255, 255, 255, 0, 1))
2018-04-18 23:14:30.368606;(14, (0, 0, 0, 0, 0, 0, 0, 0, 0, 0, 0, 0, 0, 0, 0, 0))
2018-04-18 23:14:30.687338;(11, (0, 0, 0, 0, 0, 0, 0, 0, 0, 0, 0, 0, 0, 0, 0, 0))
2018-04-18 23:14:30.752619;(10, (254, 128, 0, 0, 0, 0, 0, 0, 253, 255, 255, 255, 255, 255, 0, 1))
2018-04-18 23:14:31.130970;(23, (0, 0, 0, 0, 0, 0, 0, 0, 0, 0, 0, 0, 0, 0, 0, 0))
2018-04-18 23:14:31.230509;(19, (0, 0, 0, 0, 0, 0, 0, 0, 0, 0, 0, 0, 0, 0, 0, 0))
2018-04-18 23:14:31.231501;(13, (0, 0, 0, 0, 0, 0, 0, 0, 0, 0, 0, 0, 0, 0, 0, 0))
2018-04-18 23:14:31.361413;(9, (0, 0, 0, 0, 0, 0, 0, 0, 0, 0, 0, 0, 0, 0, 0, 0))
2018-04-18 23:14:31.367677;(5, (254, 128, 0, 0, 0, 0, 0, 0, 253, 255, 255, 255, 255, 255, 0, 21))
2018-04-18 23:14:31.420192;(12, (0, 0, 0, 0, 0, 0, 0, 0, 0, 0, 0, 0, 0, 0, 0, 0))
2018-04-18 23:14:31.421919;(17, (0, 0, 0, 0, 0, 0, 0, 0, 0, 0, 0, 0, 0, 0, 0, 0))
2018-04-18 23:14:31.699462;(3, (0, 0, 0, 0, 0, 0, 0, 0, 0, 0, 0, 0, 0, 0, 0, 0))
2018-04-18 23:14:31.715677;(15, (254, 128, 0, 0, 0, 0, 0, 0, 253, 255, 255, 255, 255, 255, 0, 1))
2018-04-18 23:14:31.716888;(6, (0, 0, 0, 0, 0, 0, 0, 0, 0, 0, 0, 0, 0, 0, 0, 0))
2018-04-18 23:14:31.731361;(20, (0, 0, 0, 0, 0, 0, 0, 0, 0, 0, 0, 0, 0, 0, 0, 0))
2018-04-18 23:14:31.814123;(7, (0, 0, 0, 0, 0, 0, 0, 0, 0, 0, 0, 0, 0, 0, 0, 0))
2018-04-18 23:14:31.848652;(8, (0, 0, 0, 0, 0, 0, 0, 0, 0, 0, 0, 0, 0, 0, 0, 0))
2018-04-18 23:14:31.863308;(16, (0, 0, 0, 0, 0, 0, 0, 0, 0, 0, 0, 0, 0, 0, 0, 0))
2018-04-18 23:14:31.984125;(4, (0, 0, 0, 0, 0, 0, 0, 0, 0, 0, 0, 0, 0, 0, 0, 0))
2018-04-18 23:14:32.130235;(22, (0, 0, 0, 0, 0, 0, 0, 0, 0, 0, 0, 0, 0, 0, 0, 0))
2018-04-18 23:15:00.500416;(1, (0, 0, 0, 0, 0, 0, 0, 0, 0, 0, 0, 0, 0, 0, 0, 0))
2018-04-18 23:15:01.233968;(19, (0, 0, 0, 0, 0, 0, 0, 0, 0, 0, 0, 0, 0, 0, 0, 0))
2018-04-18 23:15:01.235138;(13, (0, 0, 0, 0, 0, 0, 0, 0, 0, 0, 0, 0, 0, 0, 0, 0))
2018-04-18 23:15:01.364223;(9, (0, 0, 0, 0, 0, 0, 0, 0, 0, 0, 0, 0, 0, 0, 0, 0))
2018-04-18 23:15:01.372459;(5, (254, 128, 0, 0, 0, 0, 0, 0, 253, 255, 255, 255, 255, 255, 0, 21))
2018-04-18 23:15:01.374273;(14, (0, 0, 0, 0, 0, 0, 0, 0, 0, 0, 0, 0, 0, 0, 0, 0))
2018-04-18 23:15:01.425487;(12, (0, 0, 0, 0, 0, 0, 0, 0, 0, 0, 0, 0, 0, 0, 0, 0))
2018-04-18 23:15:01.693581;(11, (0, 0, 0, 0, 0, 0, 0, 0, 0, 0, 0, 0, 0, 0, 0, 0))
2018-04-18 23:15:01.729860;(15, (254, 128, 0, 0, 0, 0, 0, 0, 253, 255, 255, 255, 255, 255, 0, 1))
2018-04-18 23:15:01.730313;(6, (0, 0, 0, 0, 0, 0, 0, 0, 0, 0, 0, 0, 0, 0, 0, 0))
2018-04-18 23:15:01.734340;(20, (0, 0, 0, 0, 0, 0, 0, 0, 0, 0, 0, 0, 0, 0, 0, 0))
2018-04-18 23:15:01.818450;(7, (0, 0, 0, 0, 0, 0, 0, 0, 0, 0, 0, 0, 0, 0, 0, 0))
2018-04-18 23:15:01.851312;(8, (0, 0, 0, 0, 0, 0, 0, 0, 0, 0, 0, 0, 0, 0, 0, 0))
2018-04-18 23:15:01.865673;(16, (0, 0, 0, 0, 0, 0, 0, 0, 0, 0, 0, 0, 0, 0, 0, 0))
2018-04-18 23:15:01.986931;(4, (0, 0, 0, 0, 0, 0, 0, 0, 0, 0, 0, 0, 0, 0, 0, 0))
2018-04-18 23:15:02.132926;(22, (0, 0, 0, 0, 0, 0, 0, 0, 0, 0, 0, 0, 0, 0, 0, 0))
2018-04-18 23:15:02.134719;(23, (0, 0, 0, 0, 0, 0, 0, 0, 0, 0, 0, 0, 0, 0, 0, 0))
2018-04-18 23:15:02.426752;(17, (0, 0, 0, 0, 0, 0, 0, 0, 0, 0, 0, 0, 0, 0, 0, 0))
2018-04-18 23:15:02.703421;(3, (0, 0, 0, 0, 0, 0, 0, 0, 0, 0, 0, 0, 0, 0, 0, 0))
2018-04-18 23:15:30.503366;(1, (0, 0, 0, 0, 0, 0, 0, 0, 0, 0, 0, 0, 0, 0, 0, 0))
2018-04-18 23:15:31.236637;(19, (0, 0, 0, 0, 0, 0, 0, 0, 0, 0, 0, 0, 0, 0, 0, 0))
2018-04-18 23:15:31.330562;(21, (254, 128, 0, 0, 0, 0, 0, 0, 253, 255, 255, 255, 255, 255, 0, 1))
2018-04-18 23:15:31.376730;(14, (0, 0, 0, 0, 0, 0, 0, 0, 0, 0, 0, 0, 0, 0, 0, 0))
2018-04-18 23:15:31.697846;(11, (0, 0, 0, 0, 0, 0, 0, 0, 0, 0, 0, 0, 0, 0, 0, 0))
2018-04-18 23:15:31.777189;(10, (254, 128, 0, 0, 0, 0, 0, 0, 253, 255, 255, 255, 255, 255, 0, 1))
2018-04-18 23:15:31.989618;(4, (0, 0, 0, 0, 0, 0, 0, 0, 0, 0, 0, 0, 0, 0, 0, 0))
2018-04-18 23:15:32.139189;(22, (0, 0, 0, 0, 0, 0, 0, 0, 0, 0, 0, 0, 0, 0, 0, 0))
2018-04-18 23:15:32.139944;(23, (0, 0, 0, 0, 0, 0, 0, 0, 0, 0, 0, 0, 0, 0, 0, 0))
2018-04-18 23:15:32.238275;(13, (0, 0, 0, 0, 0, 0, 0, 0, 0, 0, 0, 0, 0, 0, 0, 0))
2018-04-18 23:15:32.367104;(9, (0, 0, 0, 0, 0, 0, 0, 0, 0, 0, 0, 0, 0, 0, 0, 0))
2018-04-18 23:15:32.375057;(5, (254, 128, 0, 0, 0, 0, 0, 0, 253, 255, 255, 255, 255, 255, 0, 21))
2018-04-18 23:15:32.428950;(12, (0, 0, 0, 0, 0, 0, 0, 0, 0, 0, 0, 0, 0, 0, 0, 0))
2018-04-18 23:15:32.430314;(17, (0, 0, 0, 0, 0, 0, 0, 0, 0, 0, 0, 0, 0, 0, 0, 0))
2018-04-18 23:15:32.706435;(3, (0, 0, 0, 0, 0, 0, 0, 0, 0, 0, 0, 0, 0, 0, 0, 0))
2018-04-18 23:15:32.745581;(20, (0, 0, 0, 0, 0, 0, 0, 0, 0, 0, 0, 0, 0, 0, 0, 0))
2018-04-18 23:15:32.745812;(6, (0, 0, 0, 0, 0, 0, 0, 0, 0, 0, 0, 0, 0, 0, 0, 0))
2018-04-18 23:15:32.822438;(7, (0, 0, 0, 0, 0, 0, 0, 0, 0, 0, 0, 0, 0, 0, 0, 0))
2018-04-18 23:15:32.854373;(8, (0, 0, 0, 0, 0, 0, 0, 0, 0, 0, 0, 0, 0, 0, 0, 0))
2018-04-18 23:15:32.868768;(16, (0, 0, 0, 0, 0, 0, 0, 0, 0, 0, 0, 0, 0, 0, 0, 0))
2018-04-18 23:16:00.506608;(1, (0, 0, 0, 0, 0, 0, 0, 0, 0, 0, 0, 0, 0, 0, 0, 0))
2018-04-18 23:16:01.345352;(21, (254, 128, 0, 0, 0, 0, 0, 0, 253, 255, 255, 255, 255, 255, 0, 1))
2018-04-18 23:16:01.384948;(14, (0, 0, 0, 0, 0, 0, 0, 0, 0, 0, 0, 0, 0, 0, 0, 0))
2018-04-18 23:16:01.703903;(11, (0, 0, 0, 0, 0, 0, 0, 0, 0, 0, 0, 0, 0, 0, 0, 0))
2018-04-18 23:16:01.790439;(10, (254, 128, 0, 0, 0, 0, 0, 0, 253, 255, 255, 255, 255, 255, 0, 1))
2018-04-18 23:16:02.146384;(23, (0, 0, 0, 0, 0, 0, 0, 0, 0, 0, 0, 0, 0, 0, 0, 0))
2018-04-18 23:16:02.239400;(19, (0, 0, 0, 0, 0, 0, 0, 0, 0, 0, 0, 0, 0, 0, 0, 0))
2018-04-18 23:16:02.241732;(13, (0, 0, 0, 0, 0, 0, 0, 0, 0, 0, 0, 0, 0, 0, 0, 0))
2018-04-18 23:16:02.370118;(9, (0, 0, 0, 0, 0, 0, 0, 0, 0, 0, 0, 0, 0, 0, 0, 0))
2018-04-18 23:16:02.384305;(5, (254, 128, 0, 0, 0, 0, 0, 0, 253, 255, 255, 255, 255, 255, 0, 21))
2018-04-18 23:16:02.431258;(12, (0, 0, 0, 0, 0, 0, 0, 0, 0, 0, 0, 0, 0, 0, 0, 0))
2018-04-18 23:16:02.433408;(17, (0, 0, 0, 0, 0, 0, 0, 0, 0, 0, 0, 0, 0, 0, 0, 0))
2018-04-18 23:16:02.709883;(3, (0, 0, 0, 0, 0, 0, 0, 0, 0, 0, 0, 0, 0, 0, 0, 0))
2018-04-18 23:16:02.756964;(15, (254, 128, 0, 0, 0, 0, 0, 0, 253, 255, 255, 255, 255, 255, 0, 1))
2018-04-18 23:16:02.757677;(6, (0, 0, 0, 0, 0, 0, 0, 0, 0, 0, 0, 0, 0, 0, 0, 0))
2018-04-18 23:16:02.758135;(20, (0, 0, 0, 0, 0, 0, 0, 0, 0, 0, 0, 0, 0, 0, 0, 0))
2018-04-18 23:16:02.827831;(7, (0, 0, 0, 0, 0, 0, 0, 0, 0, 0, 0, 0, 0, 0, 0, 0))
2018-04-18 23:16:02.856629;(8, (0, 0, 0, 0, 0, 0, 0, 0, 0, 0, 0, 0, 0, 0, 0, 0))
2018-04-18 23:16:02.870950;(16, (0, 0, 0, 0, 0, 0, 0, 0, 0, 0, 0, 0, 0, 0, 0, 0))
2018-04-18 23:16:02.992164;(4, (0, 0, 0, 0, 0, 0, 0, 0, 0, 0, 0, 0, 0, 0, 0, 0))
2018-04-18 23:16:03.145464;(22, (0, 0, 0, 0, 0, 0, 0, 0, 0, 0, 0, 0, 0, 0, 0, 0))
2018-04-18 23:16:30.509738;(1, (0, 0, 0, 0, 0, 0, 0, 0, 0, 0, 0, 0, 0, 0, 0, 0))
2018-04-18 23:16:31.359193;(21, (254, 128, 0, 0, 0, 0, 0, 0, 253, 255, 255, 255, 255, 255, 0, 1))
2018-04-18 23:16:31.401586;(14, (0, 0, 0, 0, 0, 0, 0, 0, 0, 0, 0, 0, 0, 0, 0, 0))
2018-04-18 23:16:31.709564;(11, (0, 0, 0, 0, 0, 0, 0, 0, 0, 0, 0, 0, 0, 0, 0, 0))
2018-04-18 23:16:31.804530;(10, (254, 128, 0, 0, 0, 0, 0, 0, 253, 255, 255, 255, 255, 255, 0, 1))
2018-04-18 23:16:32.150972;(23, (0, 0, 0, 0, 0, 0, 0, 0, 0, 0, 0, 0, 0, 0, 0, 0))
2018-04-18 23:16:32.242050;(19, (0, 0, 0, 0, 0, 0, 0, 0, 0, 0, 0, 0, 0, 0, 0, 0))
2018-04-18 23:16:32.243666;(13, (0, 0, 0, 0, 0, 0, 0, 0, 0, 0, 0, 0, 0, 0, 0, 0))
2018-04-18 23:16:32.374407;(9, (0, 0, 0, 0, 0, 0, 0, 0, 0, 0, 0, 0, 0, 0, 0, 0))
2018-04-18 23:16:32.400501;(5, (254, 128, 0, 0, 0, 0, 0, 0, 253, 255, 255, 255, 255, 255, 0, 21))
2018-04-18 23:16:32.443907;(12, (0, 0, 0, 0, 0, 0, 0, 0, 0, 0, 0, 0, 0, 0, 0, 0))
2018-04-18 23:16:32.445385;(17, (0, 0, 0, 0, 0, 0, 0, 0, 0, 0, 0, 0, 0, 0, 0, 0))
2018-04-18 23:16:32.714722;(3, (0, 0, 0, 0, 0, 0, 0, 0, 0, 0, 0, 0, 0, 0, 0, 0))
2018-04-18 23:16:32.768119;(20, (0, 0, 0, 0, 0, 0, 0, 0, 0, 0, 0, 0, 0, 0, 0, 0))
2018-04-18 23:16:32.771223;(15, (254, 128, 0, 0, 0, 0, 0, 0, 253, 255, 255, 255, 255, 255, 0, 1))
2018-04-18 23:16:32.772423;(6, (0, 0, 0, 0, 0, 0, 0, 0, 0, 0, 0, 0, 0, 0, 0, 0))
2018-04-18 23:16:32.832217;(7, (0, 0, 0, 0, 0, 0, 0, 0, 0, 0, 0, 0, 0, 0, 0, 0))
2018-04-18 23:16:32.862477;(8, (0, 0, 0, 0, 0, 0, 0, 0, 0, 0, 0, 0, 0, 0, 0, 0))
2018-04-18 23:16:32.874850;(16, (0, 0, 0, 0, 0, 0, 0, 0, 0, 0, 0, 0, 0, 0, 0, 0))
2018-04-18 23:16:32.996728;(4, (0, 0, 0, 0, 0, 0, 0, 0, 0, 0, 0, 0, 0, 0, 0, 0))
2018-04-18 23:16:33.149959;(22, (0, 0, 0, 0, 0, 0, 0, 0, 0, 0, 0, 0, 0, 0, 0, 0))
2018-04-18 23:17:00.511992;(1, (0, 0, 0, 0, 0, 0, 0, 0, 0, 0, 0, 0, 0, 0, 0, 0))
2018-04-18 23:17:01.415087;(14, (0, 0, 0, 0, 0, 0, 0, 0, 0, 0, 0, 0, 0, 0, 0, 0))
2018-04-18 23:17:01.712582;(11, (0, 0, 0, 0, 0, 0, 0, 0, 0, 0, 0, 0, 0, 0, 0, 0))
2018-04-18 23:17:01.820450;(10, (254, 128, 0, 0, 0, 0, 0, 0, 253, 255, 255, 255, 255, 255, 0, 1))
2018-04-18 23:17:02.153937;(23, (0, 0, 0, 0, 0, 0, 0, 0, 0, 0, 0, 0, 0, 0, 0, 0))
2018-04-18 23:17:02.245503;(19, (0, 0, 0, 0, 0, 0, 0, 0, 0, 0, 0, 0, 0, 0, 0, 0))
2018-04-18 23:17:02.246557;(13, (0, 0, 0, 0, 0, 0, 0, 0, 0, 0, 0, 0, 0, 0, 0, 0))
2018-04-18 23:17:02.377904;(9, (0, 0, 0, 0, 0, 0, 0, 0, 0, 0, 0, 0, 0, 0, 0, 0))
2018-04-18 23:17:02.414879;(5, (254, 128, 0, 0, 0, 0, 0, 0, 253, 255, 255, 255, 255, 255, 0, 21))
2018-04-18 23:17:02.451302;(12, (0, 0, 0, 0, 0, 0, 0, 0, 0, 0, 0, 0, 0, 0, 0, 0))
2018-04-18 23:17:02.453406;(17, (0, 0, 0, 0, 0, 0, 0, 0, 0, 0, 0, 0, 0, 0, 0, 0))
2018-04-18 23:17:02.718748;(3, (0, 0, 0, 0, 0, 0, 0, 0, 0, 0, 0, 0, 0, 0, 0, 0))
2018-04-18 23:17:02.770215;(20, (0, 0, 0, 0, 0, 0, 0, 0, 0, 0, 0, 0, 0, 0, 0, 0))
2018-04-18 23:17:02.785507;(6, (0, 0, 0, 0, 0, 0, 0, 0, 0, 0, 0, 0, 0, 0, 0, 0))
2018-04-18 23:17:02.835775;(7, (0, 0, 0, 0, 0, 0, 0, 0, 0, 0, 0, 0, 0, 0, 0, 0))
2018-04-18 23:17:02.864790;(8, (0, 0, 0, 0, 0, 0, 0, 0, 0, 0, 0, 0, 0, 0, 0, 0))
2018-04-18 23:17:02.879024;(16, (0, 0, 0, 0, 0, 0, 0, 0, 0, 0, 0, 0, 0, 0, 0, 0))
2018-04-18 23:17:02.999518;(4, (0, 0, 0, 0, 0, 0, 0, 0, 0, 0, 0, 0, 0, 0, 0, 0))
2018-04-18 23:17:03.152512;(22, (0, 0, 0, 0, 0, 0, 0, 0, 0, 0, 0, 0, 0, 0, 0, 0))
2018-04-18 23:17:30.516158;(1, (0, 0, 0, 0, 0, 0, 0, 0, 0, 0, 0, 0, 0, 0, 0, 0))
2018-04-18 23:17:31.716171;(11, (0, 0, 0, 0, 0, 0, 0, 0, 0, 0, 0, 0, 0, 0, 0, 0))
2018-04-18 23:17:32.157520;(23, (0, 0, 0, 0, 0, 0, 0, 0, 0, 0, 0, 0, 0, 0, 0, 0))
2018-04-18 23:17:32.248377;(19, (0, 0, 0, 0, 0, 0, 0, 0, 0, 0, 0, 0, 0, 0, 0, 0))
2018-04-18 23:17:32.427865;(5, (254, 128, 0, 0, 0, 0, 0, 0, 253, 255, 255, 255, 255, 255, 0, 21))
2018-04-18 23:17:32.428189;(14, (0, 0, 0, 0, 0, 0, 0, 0, 0, 0, 0, 0, 0, 0, 0, 0))
2018-04-18 23:17:32.773437;(20, (0, 0, 0, 0, 0, 0, 0, 0, 0, 0, 0, 0, 0, 0, 0, 0))
2018-04-18 23:17:32.789418;(6, (0, 0, 0, 0, 0, 0, 0, 0, 0, 0, 0, 0, 0, 0, 0, 0))
2018-04-18 23:17:32.799417;(15, (254, 128, 0, 0, 0, 0, 0, 0, 253, 255, 255, 255, 255, 255, 0, 1))
2018-04-18 23:17:32.838517;(10, (254, 128, 0, 0, 0, 0, 0, 0, 253, 255, 255, 255, 255, 255, 0, 1))
2018-04-18 23:17:32.840044;(7, (0, 0, 0, 0, 0, 0, 0, 0, 0, 0, 0, 0, 0, 0, 0, 0))
2018-04-18 23:17:33.003038;(4, (0, 0, 0, 0, 0, 0, 0, 0, 0, 0, 0, 0, 0, 0, 0, 0))
2018-04-18 23:17:33.156557;(22, (0, 0, 0, 0, 0, 0, 0, 0, 0, 0, 0, 0, 0, 0, 0, 0))
2018-04-18 23:17:33.249660;(13, (0, 0, 0, 0, 0, 0, 0, 0, 0, 0, 0, 0, 0, 0, 0, 0))
2018-04-18 23:17:33.394837;(9, (0, 0, 0, 0, 0, 0, 0, 0, 0, 0, 0, 0, 0, 0, 0, 0))
2018-04-18 23:17:33.457913;(12, (0, 0, 0, 0, 0, 0, 0, 0, 0, 0, 0, 0, 0, 0, 0, 0))
2018-04-18 23:17:33.460197;(17, (0, 0, 0, 0, 0, 0, 0, 0, 0, 0, 0, 0, 0, 0, 0, 0))
2018-04-18 23:17:33.722054;(3, (0, 0, 0, 0, 0, 0, 0, 0, 0, 0, 0, 0, 0, 0, 0, 0))
2018-04-18 23:17:33.868220;(8, (0, 0, 0, 0, 0, 0, 0, 0, 0, 0, 0, 0, 0, 0, 0, 0))
2018-04-18 23:17:33.886240;(16, (0, 0, 0, 0, 0, 0, 0, 0, 0, 0, 0, 0, 0, 0, 0, 0))
2018-04-18 23:18:00.518121;(1, (0, 0, 0, 0, 0, 0, 0, 0, 0, 0, 0, 0, 0, 0, 0, 0))
2018-04-18 23:18:02.253984;(19, (0, 0, 0, 0, 0, 0, 0, 0, 0, 0, 0, 0, 0, 0, 0, 0))
2018-04-18 23:18:02.407585;(21, (254, 128, 0, 0, 0, 0, 0, 0, 253, 255, 255, 255, 255, 255, 0, 1))
2018-04-18 23:18:02.441670;(14, (0, 0, 0, 0, 0, 0, 0, 0, 0, 0, 0, 0, 0, 0, 0, 0))
2018-04-18 23:18:02.719554;(11, (0, 0, 0, 0, 0, 0, 0, 0, 0, 0, 0, 0, 0, 0, 0, 0))
2018-04-18 23:18:02.853259;(10, (254, 128, 0, 0, 0, 0, 0, 0, 253, 255, 255, 255, 255, 255, 0, 1))
2018-04-18 23:18:03.006390;(4, (0, 0, 0, 0, 0, 0, 0, 0, 0, 0, 0, 0, 0, 0, 0, 0))
2018-04-18 23:18:03.159875;(22, (0, 0, 0, 0, 0, 0, 0, 0, 0, 0, 0, 0, 0, 0, 0, 0))
2018-04-18 23:18:03.160552;(23, (0, 0, 0, 0, 0, 0, 0, 0, 0, 0, 0, 0, 0, 0, 0, 0))
2018-04-18 23:18:03.252372;(13, (0, 0, 0, 0, 0, 0, 0, 0, 0, 0, 0, 0, 0, 0, 0, 0))
2018-04-18 23:18:03.409896;(9, (0, 0, 0, 0, 0, 0, 0, 0, 0, 0, 0, 0, 0, 0, 0, 0))
2018-04-18 23:18:03.462454;(12, (0, 0, 0, 0, 0, 0, 0, 0, 0, 0, 0, 0, 0, 0, 0, 0))
2018-04-18 23:18:03.466506;(17, (0, 0, 0, 0, 0, 0, 0, 0, 0, 0, 0, 0, 0, 0, 0, 0))
2018-04-18 23:18:03.724193;(3, (0, 0, 0, 0, 0, 0, 0, 0, 0, 0, 0, 0, 0, 0, 0, 0))
2018-04-18 23:18:03.775891;(20, (0, 0, 0, 0, 0, 0, 0, 0, 0, 0, 0, 0, 0, 0, 0, 0))
2018-04-18 23:18:03.791633;(6, (0, 0, 0, 0, 0, 0, 0, 0, 0, 0, 0, 0, 0, 0, 0, 0))
2018-04-18 23:18:03.814705;(15, (254, 128, 0, 0, 0, 0, 0, 0, 253, 255, 255, 255, 255, 255, 0, 1))
2018-04-18 23:18:03.852559;(7, (0, 0, 0, 0, 0, 0, 0, 0, 0, 0, 0, 0, 0, 0, 0, 0))
2018-04-18 23:18:03.870429;(8, (0, 0, 0, 0, 0, 0, 0, 0, 0, 0, 0, 0, 0, 0, 0, 0))
2018-04-18 23:18:03.891575;(16, (0, 0, 0, 0, 0, 0, 0, 0, 0, 0, 0, 0, 0, 0, 0, 0))
2018-04-18 23:18:30.521876;(1, (0, 0, 0, 0, 0, 0, 0, 0, 0, 0, 0, 0, 0, 0, 0, 0))
2018-04-18 23:18:32.421208;(21, (254, 128, 0, 0, 0, 0, 0, 0, 253, 255, 255, 255, 255, 255, 0, 1))
2018-04-18 23:18:32.446112;(14, (0, 0, 0, 0, 0, 0, 0, 0, 0, 0, 0, 0, 0, 0, 0, 0))
2018-04-18 23:18:32.722230;(11, (0, 0, 0, 0, 0, 0, 0, 0, 0, 0, 0, 0, 0, 0, 0, 0))
2018-04-18 23:18:33.162953;(23, (0, 0, 0, 0, 0, 0, 0, 0, 0, 0, 0, 0, 0, 0, 0, 0))
2018-04-18 23:18:33.256350;(13, (0, 0, 0, 0, 0, 0, 0, 0, 0, 0, 0, 0, 0, 0, 0, 0))
2018-04-18 23:18:33.258239;(19, (0, 0, 0, 0, 0, 0, 0, 0, 0, 0, 0, 0, 0, 0, 0, 0))
2018-04-18 23:18:33.423292;(9, (0, 0, 0, 0, 0, 0, 0, 0, 0, 0, 0, 0, 0, 0, 0, 0))
2018-04-18 23:18:33.465912;(12, (0, 0, 0, 0, 0, 0, 0, 0, 0, 0, 0, 0, 0, 0, 0, 0))
2018-04-18 23:18:33.469409;(17, (0, 0, 0, 0, 0, 0, 0, 0, 0, 0, 0, 0, 0, 0, 0, 0))
2018-04-18 23:18:33.729412;(3, (0, 0, 0, 0, 0, 0, 0, 0, 0, 0, 0, 0, 0, 0, 0, 0))
2018-04-18 23:18:33.780983;(20, (0, 0, 0, 0, 0, 0, 0, 0, 0, 0, 0, 0, 0, 0, 0, 0))
2018-04-18 23:18:33.793795;(6, (0, 0, 0, 0, 0, 0, 0, 0, 0, 0, 0, 0, 0, 0, 0, 0))
2018-04-18 23:18:33.832679;(15, (254, 128, 0, 0, 0, 0, 0, 0, 253, 255, 255, 255, 255, 255, 0, 1))
2018-04-18 23:18:33.855688;(7, (0, 0, 0, 0, 0, 0, 0, 0, 0, 0, 0, 0, 0, 0, 0, 0))
2018-04-18 23:18:33.873603;(8, (0, 0, 0, 0, 0, 0, 0, 0, 0, 0, 0, 0, 0, 0, 0, 0))
2018-04-18 23:18:33.896092;(16, (0, 0, 0, 0, 0, 0, 0, 0, 0, 0, 0, 0, 0, 0, 0, 0))
2018-04-18 23:18:34.010787;(4, (0, 0, 0, 0, 0, 0, 0, 0, 0, 0, 0, 0, 0, 0, 0, 0))
2018-04-18 23:18:34.164463;(22, (0, 0, 0, 0, 0, 0, 0, 0, 0, 0, 0, 0, 0, 0, 0, 0))
2018-04-18 23:19:01.524340;(1, (0, 0, 0, 0, 0, 0, 0, 0, 0, 0, 0, 0, 0, 0, 0, 0))
2018-04-18 23:19:02.435025;(21, (254, 128, 0, 0, 0, 0, 0, 0, 253, 255, 255, 255, 255, 255, 0, 1))
2018-04-18 23:19:02.454009;(14, (0, 0, 0, 0, 0, 0, 0, 0, 0, 0, 0, 0, 0, 0, 0, 0))
2018-04-18 23:19:02.726071;(11, (0, 0, 0, 0, 0, 0, 0, 0, 0, 0, 0, 0, 0, 0, 0, 0))
2018-04-18 23:19:02.881009;(10, (254, 128, 0, 0, 0, 0, 0, 0, 253, 255, 255, 255, 255, 255, 0, 1))
2018-04-18 23:19:03.166407;(23, (0, 0, 0, 0, 0, 0, 0, 0, 0, 0, 0, 0, 0, 0, 0, 0))
2018-04-18 23:19:03.259757;(13, (0, 0, 0, 0, 0, 0, 0, 0, 0, 0, 0, 0, 0, 0, 0, 0))
2018-04-18 23:19:03.261437;(19, (0, 0, 0, 0, 0, 0, 0, 0, 0, 0, 0, 0, 0, 0, 0, 0))
2018-04-18 23:19:03.435823;(9, (0, 0, 0, 0, 0, 0, 0, 0, 0, 0, 0, 0, 0, 0, 0, 0))
2018-04-18 23:19:03.472131;(5, (254, 128, 0, 0, 0, 0, 0, 0, 253, 255, 255, 255, 255, 255, 0, 21))
2018-04-18 23:19:03.473253;(12, (0, 0, 0, 0, 0, 0, 0, 0, 0, 0, 0, 0, 0, 0, 0, 0))
2018-04-18 23:19:03.474117;(17, (0, 0, 0, 0, 0, 0, 0, 0, 0, 0, 0, 0, 0, 0, 0, 0))
2018-04-18 23:19:03.731512;(3, (0, 0, 0, 0, 0, 0, 0, 0, 0, 0, 0, 0, 0, 0, 0, 0))
2018-04-18 23:19:03.784334;(20, (0, 0, 0, 0, 0, 0, 0, 0, 0, 0, 0, 0, 0, 0, 0, 0))
2018-04-18 23:19:03.798592;(6, (0, 0, 0, 0, 0, 0, 0, 0, 0, 0, 0, 0, 0, 0, 0, 0))
2018-04-18 23:19:03.850296;(15, (254, 128, 0, 0, 0, 0, 0, 0, 253, 255, 255, 255, 255, 255, 0, 1))
2018-04-18 23:19:03.859522;(7, (0, 0, 0, 0, 0, 0, 0, 0, 0, 0, 0, 0, 0, 0, 0, 0))
2018-04-18 23:19:03.883065;(8, (0, 0, 0, 0, 0, 0, 0, 0, 0, 0, 0, 0, 0, 0, 0, 0))
2018-04-18 23:19:03.899637;(16, (0, 0, 0, 0, 0, 0, 0, 0, 0, 0, 0, 0, 0, 0, 0, 0))
2018-04-18 23:19:04.013460;(4, (0, 0, 0, 0, 0, 0, 0, 0, 0, 0, 0, 0, 0, 0, 0, 0))
2018-04-18 23:19:04.168371;(22, (0, 0, 0, 0, 0, 0, 0, 0, 0, 0, 0, 0, 0, 0, 0, 0))
2018-04-18 23:19:31.526908;(1, (0, 0, 0, 0, 0, 0, 0, 0, 0, 0, 0, 0, 0, 0, 0, 0))
2018-04-18 23:19:32.450542;(21, (254, 128, 0, 0, 0, 0, 0, 0, 253, 255, 255, 255, 255, 255, 0, 1))
2018-04-18 23:19:32.461366;(14, (0, 0, 0, 0, 0, 0, 0, 0, 0, 0, 0, 0, 0, 0, 0, 0))
2018-04-18 23:19:32.728796;(11, (0, 0, 0, 0, 0, 0, 0, 0, 0, 0, 0, 0, 0, 0, 0, 0))
2018-04-18 23:19:32.897936;(10, (254, 128, 0, 0, 0, 0, 0, 0, 253, 255, 255, 255, 255, 255, 0, 1))
2018-04-18 23:19:33.169152;(23, (0, 0, 0, 0, 0, 0, 0, 0, 0, 0, 0, 0, 0, 0, 0, 0))
2018-04-18 23:19:33.264492;(19, (0, 0, 0, 0, 0, 0, 0, 0, 0, 0, 0, 0, 0, 0, 0, 0))
2018-04-18 23:19:33.439129;(9, (0, 0, 0, 0, 0, 0, 0, 0, 0, 0, 0, 0, 0, 0, 0, 0))
2018-04-18 23:19:33.485081;(5, (254, 128, 0, 0, 0, 0, 0, 0, 253, 255, 255, 255, 255, 255, 0, 21))
2018-04-18 23:19:33.486447;(12, (0, 0, 0, 0, 0, 0, 0, 0, 0, 0, 0, 0, 0, 0, 0, 0))
2018-04-18 23:19:33.486710;(17, (0, 0, 0, 0, 0, 0, 0, 0, 0, 0, 0, 0, 0, 0, 0, 0))
2018-04-18 23:19:33.734011;(3, (0, 0, 0, 0, 0, 0, 0, 0, 0, 0, 0, 0, 0, 0, 0, 0))
2018-04-18 23:19:33.791012;(20, (0, 0, 0, 0, 0, 0, 0, 0, 0, 0, 0, 0, 0, 0, 0, 0))
2018-04-18 23:19:33.801922;(6, (0, 0, 0, 0, 0, 0, 0, 0, 0, 0, 0, 0, 0, 0, 0, 0))
2018-04-18 23:19:33.865135;(15, (254, 128, 0, 0, 0, 0, 0, 0, 253, 255, 255, 255, 255, 255, 0, 1))
2018-04-18 23:19:33.865814;(7, (0, 0, 0, 0, 0, 0, 0, 0, 0, 0, 0, 0, 0, 0, 0, 0))
2018-04-18 23:19:33.898615;(8, (0, 0, 0, 0, 0, 0, 0, 0, 0, 0, 0, 0, 0, 0, 0, 0))
2018-04-18 23:19:34.021527;(4, (0, 0, 0, 0, 0, 0, 0, 0, 0, 0, 0, 0, 0, 0, 0, 0))
2018-04-18 23:19:34.173999;(22, (0, 0, 0, 0, 0, 0, 0, 0, 0, 0, 0, 0, 0, 0, 0, 0))
2018-04-18 23:19:34.263453;(13, (0, 0, 0, 0, 0, 0, 0, 0, 0, 0, 0, 0, 0, 0, 0, 0))
2018-04-18 23:19:34.903706;(16, (0, 0, 0, 0, 0, 0, 0, 0, 0, 0, 0, 0, 0, 0, 0, 0))
2018-04-18 23:20:01.529439;(1, (0, 0, 0, 0, 0, 0, 0, 0, 0, 0, 0, 0, 0, 0, 0, 0))
2018-04-18 23:20:02.466698;(21, (254, 128, 0, 0, 0, 0, 0, 0, 253, 255, 255, 255, 255, 255, 0, 1))
2018-04-18 23:20:02.467165;(14, (0, 0, 0, 0, 0, 0, 0, 0, 0, 0, 0, 0, 0, 0, 0, 0))
2018-04-18 23:20:02.731371;(11, (0, 0, 0, 0, 0, 0, 0, 0, 0, 0, 0, 0, 0, 0, 0, 0))
2018-04-18 23:20:03.171585;(23, (0, 0, 0, 0, 0, 0, 0, 0, 0, 0, 0, 0, 0, 0, 0, 0))
2018-04-18 23:20:03.268751;(19, (0, 0, 0, 0, 0, 0, 0, 0, 0, 0, 0, 0, 0, 0, 0, 0))
2018-04-18 23:20:03.499034;(5, (254, 128, 0, 0, 0, 0, 0, 0, 253, 255, 255, 255, 255, 255, 0, 21))
2018-04-18 23:20:03.798502;(20, (0, 0, 0, 0, 0, 0, 0, 0, 0, 0, 0, 0, 0, 0, 0, 0))
2018-04-18 23:20:03.880086;(15, (254, 128, 0, 0, 0, 0, 0, 0, 253, 255, 255, 255, 255, 255, 0, 1))
2018-04-18 23:20:03.881538;(7, (0, 0, 0, 0, 0, 0, 0, 0, 0, 0, 0, 0, 0, 0, 0, 0))
2018-04-18 23:20:04.024233;(4, (0, 0, 0, 0, 0, 0, 0, 0, 0, 0, 0, 0, 0, 0, 0, 0))
2018-04-18 23:20:04.176161;(22, (0, 0, 0, 0, 0, 0, 0, 0, 0, 0, 0, 0, 0, 0, 0, 0))
2018-04-18 23:20:04.267660;(13, (0, 0, 0, 0, 0, 0, 0, 0, 0, 0, 0, 0, 0, 0, 0, 0))
2018-04-18 23:20:04.445631;(9, (0, 0, 0, 0, 0, 0, 0, 0, 0, 0, 0, 0, 0, 0, 0, 0))
2018-04-18 23:20:04.499820;(17, (0, 0, 0, 0, 0, 0, 0, 0, 0, 0, 0, 0, 0, 0, 0, 0))
2018-04-18 23:20:04.500197;(12, (0, 0, 0, 0, 0, 0, 0, 0, 0, 0, 0, 0, 0, 0, 0, 0))
2018-04-18 23:20:04.736201;(3, (0, 0, 0, 0, 0, 0, 0, 0, 0, 0, 0, 0, 0, 0, 0, 0))
2018-04-18 23:20:04.804520;(6, (0, 0, 0, 0, 0, 0, 0, 0, 0, 0, 0, 0, 0, 0, 0, 0))
2018-04-18 23:20:04.913691;(8, (0, 0, 0, 0, 0, 0, 0, 0, 0, 0, 0, 0, 0, 0, 0, 0))
2018-04-18 23:20:04.913805;(16, (0, 0, 0, 0, 0, 0, 0, 0, 0, 0, 0, 0, 0, 0, 0, 0))
2018-04-18 23:20:31.531411;(1, (0, 0, 0, 0, 0, 0, 0, 0, 0, 0, 0, 0, 0, 0, 0, 0))
2018-04-18 23:20:33.275168;(19, (0, 0, 0, 0, 0, 0, 0, 0, 0, 0, 0, 0, 0, 0, 0, 0))
2018-04-18 23:20:33.471482;(14, (0, 0, 0, 0, 0, 0, 0, 0, 0, 0, 0, 0, 0, 0, 0, 0))
2018-04-18 23:20:33.480000;(21, (254, 128, 0, 0, 0, 0, 0, 0, 253, 255, 255, 255, 255, 255, 0, 1))
2018-04-18 23:20:33.738361;(11, (0, 0, 0, 0, 0, 0, 0, 0, 0, 0, 0, 0, 0, 0, 0, 0))
2018-04-18 23:20:33.923188;(10, (254, 128, 0, 0, 0, 0, 0, 0, 253, 255, 255, 255, 255, 255, 0, 1))
2018-04-18 23:20:34.027588;(4, (0, 0, 0, 0, 0, 0, 0, 0, 0, 0, 0, 0, 0, 0, 0, 0))
2018-04-18 23:20:34.173889;(23, (0, 0, 0, 0, 0, 0, 0, 0, 0, 0, 0, 0, 0, 0, 0, 0))
2018-04-18 23:20:34.275967;(13, (0, 0, 0, 0, 0, 0, 0, 0, 0, 0, 0, 0, 0, 0, 0, 0))
2018-04-18 23:20:34.451632;(9, (0, 0, 0, 0, 0, 0, 0, 0, 0, 0, 0, 0, 0, 0, 0, 0))
2018-04-18 23:20:34.512625;(12, (0, 0, 0, 0, 0, 0, 0, 0, 0, 0, 0, 0, 0, 0, 0, 0))
2018-04-18 23:20:34.513782;(17, (0, 0, 0, 0, 0, 0, 0, 0, 0, 0, 0, 0, 0, 0, 0, 0))
2018-04-18 23:20:34.740122;(3, (0, 0, 0, 0, 0, 0, 0, 0, 0, 0, 0, 0, 0, 0, 0, 0))
2018-04-18 23:20:34.806791;(20, (0, 0, 0, 0, 0, 0, 0, 0, 0, 0, 0, 0, 0, 0, 0, 0))
2018-04-18 23:20:34.808522;(6, (0, 0, 0, 0, 0, 0, 0, 0, 0, 0, 0, 0, 0, 0, 0, 0))
2018-04-18 23:20:34.895860;(15, (254, 128, 0, 0, 0, 0, 0, 0, 253, 255, 255, 255, 255, 255, 0, 1))
2018-04-18 23:20:34.897717;(7, (0, 0, 0, 0, 0, 0, 0, 0, 0, 0, 0, 0, 0, 0, 0, 0))
2018-04-18 23:20:34.924814;(16, (0, 0, 0, 0, 0, 0, 0, 0, 0, 0, 0, 0, 0, 0, 0, 0))
2018-04-18 23:20:34.925822;(8, (0, 0, 0, 0, 0, 0, 0, 0, 0, 0, 0, 0, 0, 0, 0, 0))
2018-04-18 23:20:35.178805;(22, (0, 0, 0, 0, 0, 0, 0, 0, 0, 0, 0, 0, 0, 0, 0, 0))
