2018-04-18 01:30:47.382749;(13, (22, 11, 34, 1))
2018-04-18 01:30:47.411660;(9, (12, 6, 19, 0))
2018-04-18 01:30:47.479278;(18, (4, 3, 8, 0))
2018-04-18 01:30:47.587411;(20, (0, 0, 0, 0))
2018-04-18 01:30:47.661731;(15, (267, 43, 311, 0))
2018-04-18 01:30:47.749778;(5, (392, 79, 472, 1))
2018-04-18 01:30:47.751072;(7, (5, 10, 16, 1))
2018-04-18 01:30:47.752160;(12, (6, 5, 12, 0))
2018-04-18 01:30:47.765616;(22, (13, 7, 21, 0))
2018-04-18 01:30:47.773779;(23, (0, 0, 0, 0))
2018-04-18 01:30:47.783627;(16, (3, 4, 8, 0))
2018-04-18 01:30:47.814246;(1, (0, 0, 0, 0))
2018-04-18 01:30:47.847643;(3, (3, 3, 7, 0))
2018-04-18 01:30:47.904228;(17, (32, 21, 54, 1))
2018-04-18 01:30:47.987690;(6, (32, 21, 54, 1))
2018-04-18 01:30:48.079114;(4, (432, 64, 497, 0))
2018-04-18 01:30:48.165340;(8, (2, 3, 6, 0))
2018-04-18 01:30:48.174436;(19, (12, 3, 16, 0))
2018-04-18 01:30:48.217502;(14, (13, 11, 25, 1))
2018-04-18 01:30:48.256233;(10, (412, 65, 477, 0))
2018-04-18 01:30:48.265385;(21, (96, 23, 120, 0))
2018-04-18 01:30:48.291755;(11, (3, 3, 7, 0))
2018-04-18 01:31:47.409408;(13, (177, 60, 238, 3))
2018-04-18 01:31:47.423642;(9, (58, 19, 78, 1))
2018-04-18 01:31:47.494039;(18, (4, 5, 10, 0))
2018-04-18 01:31:47.597934;(20, (0, 0, 0, 0))
2018-04-18 01:31:47.720888;(15, (891, 133, 1025, 0))
2018-04-18 01:31:47.762689;(12, (18, 18, 37, 1))
2018-04-18 01:31:47.765578;(7, (23, 27, 51, 3))
2018-04-18 01:31:47.780453;(22, (36, 27, 64, 2))
2018-04-18 01:31:47.787425;(23, (0, 0, 0, 0))
2018-04-18 01:31:47.793764;(16, (16, 23, 40, 2))
2018-04-18 01:31:47.822053;(1, (0, 0, 0, 0))
2018-04-18 01:31:47.861437;(3, (3, 4, 8, 0))
2018-04-18 01:31:47.919518;(17, (62, 43, 106, 3))
2018-04-18 01:31:48.001805;(6, (52, 40, 93, 2))
2018-04-18 01:31:48.177412;(8, (6, 6, 13, 0))
2018-04-18 01:31:48.185420;(19, (17, 10, 28, 0))
2018-04-18 01:31:48.228336;(14, (38, 34, 73, 3))
2018-04-18 01:31:48.299625;(10, (790, 157, 948, 1))
2018-04-18 01:31:48.303379;(11, (11, 9, 21, 0))
2018-04-18 01:32:47.438501;(13, (369, 104, 474, 5))
2018-04-18 01:32:47.439514;(9, (80, 37, 118, 2))
2018-04-18 01:32:47.506763;(18, (8, 7, 16, 0))
2018-04-18 01:32:47.607895;(20, (0, 0, 0, 0))
2018-04-18 01:32:47.780303;(15, (1472, 245, 1718, 0))
2018-04-18 01:32:47.782495;(12, (43, 43, 87, 3))
2018-04-18 01:32:47.783358;(7, (46, 46, 93, 5))
2018-04-18 01:32:47.798313;(23, (0, 0, 0, 0))
2018-04-18 01:32:47.805877;(16, (57, 51, 109, 3))
2018-04-18 01:32:47.837431;(1, (0, 0, 0, 0))
2018-04-18 01:32:47.874424;(3, (3, 5, 9, 0))
2018-04-18 01:32:47.936032;(17, (99, 69, 169, 4))
2018-04-18 01:32:48.027734;(6, (92, 61, 154, 2))
2018-04-18 01:32:48.188283;(8, (7, 7, 15, 0))
2018-04-18 01:32:48.194923;(19, (26, 18, 45, 0))
2018-04-18 01:32:48.242050;(14, (61, 53, 115, 4))
2018-04-18 01:32:48.326548;(11, (22, 15, 38, 0))
2018-04-18 01:33:47.461901;(9, (107, 56, 164, 2))
2018-04-18 01:33:47.620386;(20, (0, 0, 0, 0))
2018-04-18 01:33:47.839329;(15, (2049, 357, 2406, 0))
2018-04-18 01:33:47.840650;(12, (74, 65, 140, 5))
2018-04-18 01:33:47.842654;(16, (86, 75, 162, 5))
2018-04-18 01:33:47.842836;(23, (0, 0, 0, 0))
2018-04-18 01:33:47.843846;(7, (57, 63, 121, 7))
2018-04-18 01:33:47.850120;(1, (0, 0, 0, 0))
2018-04-18 01:33:47.950127;(17, (132, 98, 231, 6))
2018-04-18 01:33:48.042739;(6, (108, 82, 191, 4))
2018-04-18 01:33:48.206519;(8, (7, 8, 16, 0))
2018-04-18 01:33:48.261355;(14, (113, 85, 199, 6))
2018-04-18 01:33:48.342689;(11, (28, 20, 49, 0))
2018-04-18 01:33:48.460783;(13, (493, 151, 645, 7))
2018-04-18 01:33:48.521680;(18, (11, 8, 20, 0))
2018-04-18 01:33:48.845590;(22, (58, 57, 116, 8))
2018-04-18 01:33:48.889618;(3, (3, 5, 9, 0))
2018-04-18 01:33:49.210406;(19, (29, 21, 51, 0))
2018-04-18 01:34:47.892891;(15, (2583, 472, 3056, 1))
2018-04-18 01:34:47.894666;(23, (0, 0, 0, 0))
2018-04-18 01:34:47.895640;(1, (0, 0, 0, 0))
2018-04-18 01:34:48.283898;(14, (206, 125, 332, 7))
2018-04-18 01:34:48.353667;(11, (37, 26, 64, 0))
2018-04-18 01:34:48.486705;(9, (148, 82, 231, 5))
2018-04-18 01:34:48.490376;(13, (606, 199, 806, 9))
2018-04-18 01:34:48.532497;(18, (21, 11, 33, 0))
2018-04-18 01:34:48.635260;(20, (0, 0, 0, 0))
2018-04-18 01:34:48.895185;(16, (98, 94, 193, 7))
2018-04-18 01:34:48.895970;(22, (72, 74, 147, 9))
2018-04-18 01:34:48.896281;(7, (78, 87, 166, 9))
2018-04-18 01:34:48.896643;(12, (96, 84, 181, 7))
2018-04-18 01:34:48.903067;(3, (5, 8, 14, 0))
2018-04-18 01:34:48.966907;(17, (167, 121, 289, 7))
2018-04-18 01:34:49.059150;(6, (130, 102, 233, 7))
2018-04-18 01:34:49.225934;(8, (10, 10, 21, 0))
2018-04-18 01:34:49.227917;(19, (42, 31, 74, 0))
2018-04-18 01:35:47.965669;(1, (0, 0, 0, 0))
2018-04-18 01:35:47.965811;(23, (0, 0, 0, 0))
2018-04-18 01:35:48.511068;(9, (243, 113, 357, 6))
2018-04-18 01:35:48.517558;(13, (695, 245, 941, 11))
2018-04-18 01:35:48.546453;(18, (21, 13, 35, 0))
2018-04-18 01:35:48.651935;(20, (0, 0, 0, 0))
2018-04-18 01:35:48.952697;(15, (3197, 565, 3762, 1))
2018-04-18 01:35:48.953218;(3, (8, 9, 18, 0))
2018-04-18 01:35:48.954340;(12, (98, 97, 196, 9))
2018-04-18 01:35:48.954948;(16, (111, 111, 223, 9))
2018-04-18 01:35:48.955412;(7, (108, 113, 222, 12))
2018-04-18 01:35:48.957516;(22, (81, 86, 168, 10))
2018-04-18 01:35:48.986948;(17, (192, 146, 339, 10))
2018-04-18 01:35:49.082563;(6, (153, 125, 279, 9))
2018-04-18 01:35:49.236316;(8, (10, 11, 22, 0))
2018-04-18 01:35:49.240319;(19, (56, 43, 100, 1))
2018-04-18 01:35:49.303804;(14, (232, 152, 385, 9))
2018-04-18 01:35:49.364478;(11, (43, 31, 75, 0))
2018-04-18 01:36:48.540488;(9, (314, 133, 448, 7))
2018-04-18 01:36:48.540678;(13, (737, 277, 1015, 12))
2018-04-18 01:36:48.568440;(18, (43, 18, 62, 0))
2018-04-18 01:36:48.678679;(20, (0, 0, 0, 0))
2018-04-18 01:36:48.987273;(1, (0, 0, 0, 0))
2018-04-18 01:36:48.989640;(12, (109, 110, 220, 11))
2018-04-18 01:36:48.991604;(23, (0, 0, 0, 0))
2018-04-18 01:36:48.994290;(22, (106, 100, 207, 10))
2018-04-18 01:36:48.996397;(7, (129, 129, 259, 12))
2018-04-18 01:36:48.998589;(16, (133, 127, 261, 10))
2018-04-18 01:36:49.002227;(3, (8, 10, 19, 0))
2018-04-18 01:36:49.003117;(17, (200, 160, 361, 12))
2018-04-18 01:36:49.110756;(6, (174, 142, 317, 10))
2018-04-18 01:36:49.259695;(8, (10, 12, 23, 0))
2018-04-18 01:36:49.263082;(19, (60, 54, 115, 3))
2018-04-18 01:36:49.326445;(14, (264, 176, 441, 11))
2018-04-18 01:36:49.385782;(11, (53, 40, 94, 0))
2018-04-18 01:37:48.568827;(13, (836, 314, 1151, 12))
2018-04-18 01:37:48.569727;(9, (346, 150, 497, 8))
2018-04-18 01:37:48.594374;(18, (56, 26, 83, 0))
2018-04-18 01:37:49.007232;(1, (0, 0, 0, 0))
2018-04-18 01:37:49.008319;(12, (145, 132, 278, 13))
2018-04-18 01:37:49.016348;(22, (125, 118, 244, 12))
2018-04-18 01:37:49.017923;(23, (0, 0, 0, 0))
2018-04-18 01:37:49.024337;(7, (163, 152, 316, 14))
2018-04-18 01:37:49.027282;(3, (13, 11, 25, 0))
2018-04-18 01:37:49.033421;(17, (249, 188, 438, 14))
2018-04-18 01:37:49.127632;(6, (180, 155, 336, 11))
2018-04-18 01:37:49.285698;(19, (69, 61, 131, 4))
2018-04-18 01:37:49.350058;(14, (277, 195, 473, 13))
2018-04-18 01:37:49.398564;(11, (58, 43, 102, 0))
2018-04-18 01:38:48.590256;(13, (923, 351, 1275, 13))
2018-04-18 01:38:48.594135;(9, (459, 183, 643, 10))
2018-04-18 01:38:48.606759;(18, (57, 30, 88, 0))
2018-04-18 01:38:48.713533;(20, (0, 0, 0, 0))
2018-04-18 01:38:49.022111;(1, (0, 0, 0, 0))
2018-04-18 01:38:49.025928;(12, (178, 156, 335, 15))
2018-04-18 01:38:49.028307;(22, (139, 134, 274, 14))
2018-04-18 01:38:49.029450;(23, (0, 0, 0, 0))
2018-04-18 01:38:49.040270;(3, (13, 11, 25, 0))
2018-04-18 01:38:49.040654;(7, (194, 175, 370, 16))
2018-04-18 01:38:49.042129;(16, (185, 162, 348, 11))
2018-04-18 01:38:49.050694;(17, (285, 211, 497, 16))
2018-04-18 01:38:49.146681;(6, (190, 165, 356, 11))
2018-04-18 01:38:49.299301;(8, (13, 15, 29, 0))
2018-04-18 01:38:49.302226;(19, (82, 73, 156, 5))
2018-04-18 01:38:49.364224;(14, (289, 211, 501, 15))
2018-04-18 01:38:49.411832;(11, (68, 51, 120, 0))
2018-04-18 01:39:48.625700;(9, (683, 240, 924, 11))
2018-04-18 01:39:48.727227;(20, (0, 0, 0, 0))
2018-04-18 01:39:49.037729;(1, (0, 0, 0, 0))
2018-04-18 01:39:49.042870;(12, (216, 179, 396, 16))
2018-04-18 01:39:49.050632;(23, (0, 0, 0, 0))
2018-04-18 01:39:49.060389;(16, (214, 181, 396, 12))
2018-04-18 01:39:49.061585;(7, (234, 198, 433, 17))
2018-04-18 01:39:49.314481;(8, (13, 16, 30, 0))
2018-04-18 01:39:49.378644;(14, (312, 234, 547, 17))
2018-04-18 01:39:49.429962;(11, (78, 62, 141, 2))
2018-04-18 01:39:49.608029;(13, (946, 377, 1324, 17))
2018-04-18 01:39:49.627063;(18, (66, 38, 105, 1))
2018-04-18 01:39:50.044231;(22, (149, 151, 301, 16))
2018-04-18 01:39:50.056281;(3, (24, 13, 38, 0))
2018-04-18 01:39:50.062561;(17, (293, 233, 527, 19))
2018-04-18 01:39:50.163812;(6, (204, 176, 381, 12))
2018-04-18 01:39:50.318496;(19, (95, 85, 181, 6))
2018-04-18 01:40:49.051464;(1, (0, 0, 0, 0))
2018-04-18 01:40:49.070992;(23, (0, 0, 0, 0))
2018-04-18 01:40:49.074098;(16, (237, 201, 439, 13))
2018-04-18 01:40:49.401701;(14, (405, 278, 684, 18))
2018-04-18 01:40:49.445749;(11, (96, 73, 170, 2))
2018-04-18 01:40:49.634175;(13, (1021, 405, 1427, 18))
2018-04-18 01:40:49.657563;(18, (105, 57, 163, 2))
2018-04-18 01:40:49.739899;(20, (0, 0, 0, 0))
2018-04-18 01:40:50.054459;(12, (224, 196, 421, 18))
2018-04-18 01:40:50.055607;(22, (154, 164, 319, 18))
2018-04-18 01:40:50.070459;(3, (25, 15, 41, 0))
2018-04-18 01:40:50.077483;(17, (320, 258, 579, 23))
2018-04-18 01:40:50.078939;(7, (259, 220, 480, 21))
2018-04-18 01:40:50.179593;(6, (217, 188, 406, 13))
2018-04-18 01:40:50.330706;(8, (14, 19, 34, 0))
2018-04-18 01:40:50.333662;(19, (108, 96, 205, 6))
2018-04-18 01:41:49.061455;(1, (0, 0, 0, 0))
2018-04-18 01:41:49.081720;(23, (0, 0, 0, 0))
2018-04-18 01:41:49.461937;(11, (116, 84, 201, 2))
2018-04-18 01:41:49.656378;(13, (1099, 431, 1531, 20))
2018-04-18 01:41:49.680446;(9, (947, 330, 1278, 15))
2018-04-18 01:41:49.681957;(18, (116, 71, 188, 3))
2018-04-18 01:41:49.759370;(20, (0, 0, 0, 0))
2018-04-18 01:41:50.069848;(12, (239, 210, 450, 19))
2018-04-18 01:41:50.071087;(22, (157, 178, 336, 20))
2018-04-18 01:41:50.080018;(3, (25, 17, 43, 0))
2018-04-18 01:41:50.086895;(16, (260, 222, 483, 14))
2018-04-18 01:41:50.090058;(17, (327, 271, 599, 24))
2018-04-18 01:41:50.094889;(7, (292, 247, 540, 24))
2018-04-18 01:41:50.195781;(6, (239, 206, 446, 14))
2018-04-18 01:41:50.343664;(8, (14, 20, 35, 0))
2018-04-18 01:41:50.348051;(19, (112, 105, 218, 7))
2018-04-18 01:41:50.417933;(14, (409, 293, 703, 20))
2018-04-18 01:42:49.094812;(23, (0, 0, 0, 0))
2018-04-18 01:42:49.671430;(13, (1107, 444, 1552, 22))
2018-04-18 01:42:49.720557;(9, (1207, 399, 1607, 16))
2018-04-18 01:42:49.721664;(18, (161, 90, 252, 4))
2018-04-18 01:42:49.773426;(20, (0, 0, 0, 0))
2018-04-18 01:42:50.079912;(1, (0, 0, 0, 0))
2018-04-18 01:42:50.086419;(12, (242, 221, 464, 20))
2018-04-18 01:42:50.092292;(22, (180, 201, 382, 22))
2018-04-18 01:42:50.093757;(3, (28, 19, 48, 0))
2018-04-18 01:42:50.101715;(17, (335, 290, 626, 27))
2018-04-18 01:42:50.102811;(16, (269, 235, 505, 15))
2018-04-18 01:42:50.109888;(7, (300, 266, 567, 27))
2018-04-18 01:42:50.213422;(6, (244, 214, 459, 14))
2018-04-18 01:42:50.364437;(19, (113, 109, 223, 7))
2018-04-18 01:42:50.366748;(8, (18, 27, 46, 2))
2018-04-18 01:42:50.438872;(14, (431, 311, 743, 21))
2018-04-18 01:42:50.478668;(11, (131, 94, 226, 2))
2018-04-18 01:43:49.691570;(13, (1174, 473, 1648, 24))
2018-04-18 01:43:49.740243;(18, (204, 111, 316, 4))
2018-04-18 01:43:49.740407;(9, (1262, 432, 1695, 18))
2018-04-18 01:43:49.785853;(20, (0, 0, 0, 0))
2018-04-18 01:43:50.093467;(1, (0, 0, 0, 0))
2018-04-18 01:43:50.098160;(12, (260, 234, 495, 20))
2018-04-18 01:43:50.112442;(22, (194, 213, 408, 22))
2018-04-18 01:43:50.114705;(3, (31, 21, 53, 0))
2018-04-18 01:43:50.119799;(17, (353, 310, 664, 29))
2018-04-18 01:43:50.122430;(16, (308, 255, 564, 17))
2018-04-18 01:43:50.125484;(23, (0, 0, 0, 0))
2018-04-18 01:43:50.126522;(7, (313, 278, 592, 27))
2018-04-18 01:43:50.227824;(6, (260, 225, 486, 14))
2018-04-18 01:43:50.380319;(19, (130, 120, 251, 7))
2018-04-18 01:43:50.386517;(8, (19, 30, 50, 2))
2018-04-18 01:43:50.459589;(14, (464, 332, 797, 22))
2018-04-18 01:43:50.498806;(11, (139, 104, 244, 2))
2018-04-18 01:44:49.759145;(18, (259, 142, 402, 5))
2018-04-18 01:44:49.764480;(9, (1349, 467, 1817, 20))
2018-04-18 01:44:49.798068;(20, (0, 0, 0, 0))
2018-04-18 01:44:50.106783;(1, (0, 0, 0, 0))
2018-04-18 01:44:50.113664;(12, (272, 247, 520, 21))
2018-04-18 01:44:50.125765;(22, (197, 221, 419, 23))
2018-04-18 01:44:50.127775;(3, (31, 22, 54, 0))
2018-04-18 01:44:50.135579;(17, (375, 331, 707, 31))
2018-04-18 01:44:50.139708;(16, (360, 283, 644, 18))
2018-04-18 01:44:50.141938;(23, (0, 0, 0, 0))
2018-04-18 01:44:50.143629;(7, (325, 293, 619, 28))
2018-04-18 01:44:50.242570;(6, (270, 239, 510, 15))
2018-04-18 01:44:50.397355;(8, (19, 31, 51, 2))
2018-04-18 01:44:50.476399;(14, (474, 350, 825, 25))
2018-04-18 01:44:50.520227;(11, (154, 112, 267, 2))
2018-04-18 01:44:50.710631;(13, (1206, 496, 1703, 24))
2018-04-18 01:44:51.395287;(19, (144, 131, 276, 7))
2018-04-18 01:45:49.792289;(9, (1493, 498, 1992, 22))
2018-04-18 01:45:49.814023;(20, (0, 0, 0, 0))
2018-04-18 01:45:50.127192;(1, (0, 0, 0, 0))
2018-04-18 01:45:50.127445;(12, (272, 265, 538, 25))
2018-04-18 01:45:50.151889;(17, (375, 344, 720, 34))
2018-04-18 01:45:50.158661;(7, (326, 308, 635, 31))
2018-04-18 01:45:50.159610;(16, (371, 297, 669, 21))
2018-04-18 01:45:50.160242;(23, (0, 0, 0, 0))
2018-04-18 01:45:50.495633;(14, (476, 367, 844, 28))
2018-04-18 01:45:50.537348;(11, (158, 129, 288, 5))
2018-04-18 01:45:50.729924;(13, (1214, 506, 1721, 24))
2018-04-18 01:45:50.775508;(18, (273, 160, 434, 7))
2018-04-18 01:45:51.139332;(22, (197, 237, 435, 27))
2018-04-18 01:45:51.143611;(3, (31, 23, 55, 0))
2018-04-18 01:45:51.262425;(6, (328, 263, 592, 16))
2018-04-18 01:45:51.413548;(8, (19, 58, 78, 9))
2018-04-18 01:45:51.414788;(19, (144, 146, 291, 11))
