2018-04-07 19:34:25.502359;(7, (76, 39, 0, 0, 0, 0, 0, 0, 0, 0))
2018-04-07 19:34:25.643550;(12, (63, 33, 0, 0, 0, 0, 0, 0, 0, 0))
2018-04-07 19:34:25.686902;(5, (60, 44, 0, 0, 0, 0, 0, 0, 0, 0))
2018-04-07 19:34:25.796804;(17, (28, 32, 0, 0, 0, 0, 0, 0, 0, 0))
2018-04-07 19:34:25.814119;(22, (85, 48, 0, 0, 0, 0, 0, 0, 0, 0))
2018-04-07 19:34:25.832364;(6, (48, 34, 0, 0, 0, 0, 0, 0, 0, 0))
2018-04-07 19:34:25.839323;(11, (58, 36, 0, 0, 0, 0, 0, 0, 0, 0))
2018-04-07 19:34:25.841785;(14, (85, 39, 0, 0, 0, 0, 0, 0, 0, 0))
2018-04-07 19:34:25.875813;(18, (100, 68, 10, 0, 0, 0, 0, 0, 0, 0))
2018-04-07 19:34:25.906344;(15, (114, 79, 16, 0, 0, 0, 0, 0, 0, 0))
2018-04-07 19:34:25.954332;(13, (60, 50, 2, 0, 0, 0, 0, 0, 0, 0))
2018-04-07 19:34:26.057888;(20, (65, 41, 0, 0, 0, 0, 0, 0, 0, 0))
2018-04-07 19:34:26.123381;(23, (57, 29, 0, 0, 0, 0, 0, 0, 0, 0))
2018-04-07 19:34:26.154730;(21, (60, 37, 0, 0, 0, 0, 0, 0, 0, 0))
2018-04-07 19:34:26.250639;(1, (189, 46, 22, 11, 0, 0, 0, 0, 0, 0))
2018-04-07 19:34:26.256017;(19, (55, 39, 0, 0, 0, 0, 0, 0, 0, 0))
2018-04-07 19:34:26.311116;(16, (59, 32, 0, 0, 0, 0, 0, 0, 0, 0))
2018-04-07 19:34:26.314106;(10, (79, 45, 0, 0, 0, 0, 0, 0, 0, 0))
2018-04-07 19:34:26.328748;(3, (100, 63, 0, 0, 0, 0, 0, 0, 0, 0))
2018-04-07 19:34:26.338504;(8, (95, 47, 0, 0, 0, 0, 0, 0, 0, 0))
2018-04-07 19:34:26.364068;(9, (34, 42, 0, 0, 0, 0, 0, 0, 0, 0))
2018-04-07 19:34:26.390808;(4, (45, 40, 2, 0, 0, 0, 0, 0, 0, 0))
2018-04-07 19:34:55.505157;(7, (117, 80, 3, 0, 0, 0, 0, 0, 0, 0))
2018-04-07 19:34:55.646224;(12, (100, 60, 1, 0, 0, 0, 0, 0, 0, 0))
2018-04-07 19:34:55.690377;(5, (93, 80, 0, 0, 0, 0, 0, 0, 0, 0))
2018-04-07 19:34:55.798659;(17, (42, 48, 0, 0, 0, 0, 0, 0, 0, 0))
2018-04-07 19:34:55.816190;(22, (114, 69, 1, 0, 0, 0, 0, 0, 0, 0))
2018-04-07 19:34:55.834547;(6, (81, 70, 0, 0, 0, 0, 0, 0, 0, 0))
2018-04-07 19:34:55.843361;(11, (89, 64, 0, 0, 0, 0, 0, 0, 0, 0))
2018-04-07 19:34:55.845045;(14, (162, 109, 20, 0, 0, 0, 0, 0, 0, 0))
2018-04-07 19:34:55.878559;(18, (228, 197, 81, 0, 0, 0, 0, 0, 0, 0))
2018-04-07 19:34:55.910358;(15, (278, 237, 129, 0, 0, 0, 0, 0, 0, 0))
2018-04-07 19:34:55.956937;(13, (115, 109, 24, 0, 0, 0, 0, 0, 0, 0))
2018-04-07 19:34:56.064001;(20, (95, 69, 0, 0, 0, 0, 0, 0, 0, 0))
2018-04-07 19:34:56.125633;(23, (87, 56, 10, 0, 0, 0, 0, 0, 0, 0))
2018-04-07 19:34:56.157771;(21, (95, 73, 0, 0, 0, 0, 0, 0, 0, 0))
2018-04-07 19:34:56.253630;(1, (422, 245, 210, 105, 0, 0, 0, 0, 0, 0))
2018-04-07 19:34:56.258667;(19, (89, 74, 4, 0, 0, 0, 0, 0, 0, 0))
2018-04-07 19:34:56.314548;(16, (96, 68, 0, 0, 0, 0, 0, 0, 0, 0))
2018-04-07 19:34:56.317286;(10, (137, 102, 19, 0, 0, 0, 0, 0, 0, 0))
2018-04-07 19:34:56.331388;(3, (177, 137, 20, 0, 0, 0, 0, 0, 0, 0))
2018-04-07 19:34:56.341172;(8, (135, 81, 0, 0, 0, 0, 0, 0, 0, 0))
2018-04-07 19:34:56.366673;(9, (64, 78, 0, 0, 0, 0, 0, 0, 0, 0))
2018-04-07 19:34:56.393683;(4, (86, 84, 14, 0, 0, 0, 0, 0, 0, 0))
2018-04-07 19:35:25.509093;(7, (166, 128, 4, 0, 0, 0, 0, 0, 0, 0))
2018-04-07 19:35:25.649786;(12, (144, 102, 1, 0, 0, 0, 0, 0, 0, 0))
2018-04-07 19:35:25.692796;(5, (122, 114, 0, 0, 0, 0, 0, 0, 0, 0))
2018-04-07 19:35:25.801591;(17, (55, 60, 0, 0, 0, 0, 0, 0, 0, 0))
2018-04-07 19:35:25.819096;(22, (201, 155, 42, 0, 0, 0, 0, 0, 0, 0))
2018-04-07 19:35:25.838151;(6, (113, 105, 0, 0, 0, 0, 0, 0, 0, 0))
2018-04-07 19:35:25.846693;(11, (128, 101, 0, 0, 0, 0, 0, 0, 0, 0))
2018-04-07 19:35:25.849223;(14, (235, 173, 42, 0, 0, 0, 0, 0, 0, 0))
2018-04-07 19:35:25.881987;(18, (335, 302, 139, 0, 0, 0, 0, 0, 0, 0))
2018-04-07 19:35:25.914220;(15, (427, 387, 235, 0, 0, 0, 0, 0, 0, 0))
2018-04-07 19:35:25.959446;(13, (167, 167, 48, 0, 0, 0, 0, 0, 0, 0))
2018-04-07 19:35:26.066922;(20, (132, 103, 0, 0, 0, 0, 0, 0, 0, 0))
2018-04-07 19:35:26.127651;(23, (100, 68, 10, 0, 0, 0, 0, 0, 0, 0))
2018-04-07 19:35:26.160169;(21, (125, 107, 0, 0, 0, 0, 0, 0, 0, 0))
2018-04-07 19:35:26.255886;(1, (688, 487, 442, 221, 0, 0, 0, 0, 0, 0))
2018-04-07 19:35:26.262040;(19, (150, 133, 19, 0, 0, 0, 0, 0, 0, 0))
2018-04-07 19:35:26.318150;(16, (136, 107, 0, 0, 0, 0, 0, 0, 0, 0))
2018-04-07 19:35:26.319758;(10, (248, 215, 85, 0, 0, 0, 0, 0, 0, 0))
2018-04-07 19:35:26.335080;(3, (269, 230, 59, 0, 0, 0, 0, 0, 0, 0))
2018-04-07 19:35:26.343451;(8, (182, 121, 0, 0, 0, 0, 0, 0, 0, 0))
2018-04-07 19:35:26.370221;(9, (92, 112, 0, 0, 0, 0, 0, 0, 0, 0))
2018-04-07 19:35:26.395915;(4, (126, 130, 26, 0, 0, 0, 0, 0, 0, 0))
2018-04-07 19:35:55.851095;(11, (183, 148, 3, 0, 0, 0, 0, 0, 0, 0))
2018-04-07 19:35:55.854141;(14, (374, 301, 98, 0, 0, 0, 0, 0, 0, 0))
2018-04-07 19:35:56.131086;(23, (120, 82, 11, 0, 0, 0, 0, 0, 0, 0))
2018-04-07 19:35:56.163540;(21, (158, 143, 0, 0, 0, 0, 0, 0, 0, 0))
2018-04-07 19:35:56.261351;(1, (1012, 758, 702, 351, 0, 0, 0, 0, 0, 0))
2018-04-07 19:35:56.323999;(10, (382, 348, 161, 0, 0, 0, 0, 0, 0, 0))
2018-04-07 19:35:56.513418;(7, (241, 197, 27, 0, 0, 0, 0, 0, 0, 0))
2018-04-07 19:35:56.655156;(12, (198, 152, 6, 0, 0, 0, 0, 0, 0, 0))
2018-04-07 19:35:56.695786;(5, (154, 150, 0, 0, 0, 0, 0, 0, 0, 0))
2018-04-07 19:35:56.806526;(17, (93, 119, 0, 0, 0, 0, 0, 0, 0, 0))
2018-04-07 19:35:56.825279;(22, (319, 261, 94, 0, 0, 0, 0, 0, 0, 0))
2018-04-07 19:35:56.842227;(6, (148, 145, 0, 0, 0, 0, 0, 0, 0, 0))
2018-04-07 19:35:56.886997;(18, (474, 439, 208, 0, 0, 0, 0, 0, 0, 0))
2018-04-07 19:35:56.918158;(15, (582, 541, 337, 0, 0, 0, 0, 0, 0, 0))
2018-04-07 19:35:56.965234;(13, (225, 231, 72, 0, 0, 0, 0, 0, 0, 0))
2018-04-07 19:35:57.071256;(20, (208, 177, 25, 0, 0, 0, 0, 0, 0, 0))
2018-04-07 19:35:57.267259;(19, (226, 211, 46, 0, 0, 0, 0, 0, 0, 0))
2018-04-07 19:35:57.322909;(16, (191, 157, 2, 1, 0, 0, 0, 0, 0, 0))
2018-04-07 19:35:57.341353;(3, (440, 406, 145, 0, 0, 0, 0, 0, 0, 0))
2018-04-07 19:35:57.347451;(8, (247, 173, 7, 0, 0, 0, 0, 0, 0, 0))
2018-04-07 19:35:57.376100;(9, (122, 148, 0, 0, 0, 0, 0, 0, 0, 0))
2018-04-07 19:35:57.401256;(4, (170, 180, 38, 0, 0, 0, 0, 0, 0, 0))
2018-04-07 19:36:26.266976;(1, (1323, 1024, 958, 479, 0, 0, 0, 0, 0, 0))
2018-04-07 19:36:26.676400;(12, (241, 193, 6, 0, 0, 0, 0, 0, 0, 0))
2018-04-07 19:36:26.703103;(5, (185, 187, 0, 0, 0, 0, 0, 0, 0, 0))
2018-04-07 19:36:26.822140;(17, (124, 160, 0, 0, 0, 0, 0, 0, 0, 0))
2018-04-07 19:36:26.831329;(22, (526, 464, 236, 0, 0, 0, 0, 0, 0, 0))
2018-04-07 19:36:26.854362;(6, (186, 189, 3, 0, 0, 0, 0, 0, 0, 0))
2018-04-07 19:36:26.859326;(11, (231, 193, 9, 0, 0, 0, 0, 0, 0, 0))
2018-04-07 19:36:26.869929;(14, (443, 362, 111, 0, 0, 0, 0, 0, 0, 0))
2018-04-07 19:36:26.906861;(18, (554, 526, 240, 0, 0, 0, 0, 0, 0, 0))
2018-04-07 19:36:26.929384;(15, (625, 582, 344, 0, 0, 0, 0, 0, 0, 0))
2018-04-07 19:36:26.975920;(13, (277, 290, 88, 0, 0, 0, 0, 0, 0, 0))
2018-04-07 19:36:27.078636;(20, (243, 215, 25, 0, 0, 0, 0, 0, 0, 0))
2018-04-07 19:36:27.138343;(23, (141, 96, 15, 0, 0, 0, 0, 0, 0, 0))
2018-04-07 19:36:27.173321;(21, (207, 195, 13, 0, 0, 0, 0, 0, 0, 0))
2018-04-07 19:36:27.271984;(19, (291, 276, 62, 0, 0, 0, 0, 0, 0, 0))
2018-04-07 19:36:27.331625;(16, (235, 199, 3, 1, 0, 0, 0, 0, 0, 0))
2018-04-07 19:36:27.333148;(10, (617, 589, 333, 0, 0, 0, 0, 0, 0, 0))
2018-04-07 19:36:27.347976;(3, (611, 574, 243, 0, 0, 0, 0, 0, 0, 0))
2018-04-07 19:36:27.353395;(8, (310, 231, 20, 0, 0, 0, 0, 0, 0, 0))
2018-04-07 19:36:27.382873;(9, (153, 185, 0, 0, 0, 0, 0, 0, 0, 0))
2018-04-07 19:36:27.407437;(4, (216, 239, 50, 0, 0, 0, 0, 0, 0, 0))
2018-04-07 19:36:56.273662;(1, (1654, 1292, 1216, 608, 0, 0, 0, 0, 0, 0))
2018-04-07 19:36:56.529290;(7, (371, 329, 59, 0, 0, 0, 0, 0, 0, 0))
2018-04-07 19:36:56.696579;(12, (292, 233, 6, 0, 0, 0, 0, 0, 0, 0))
2018-04-07 19:36:56.710187;(5, (229, 234, 6, 0, 0, 0, 0, 0, 0, 0))
2018-04-07 19:36:56.837139;(17, (155, 198, 0, 0, 0, 0, 0, 0, 0, 0))
2018-04-07 19:36:56.843367;(22, (665, 592, 294, 0, 0, 0, 0, 0, 0, 0))
2018-04-07 19:36:56.865841;(6, (227, 225, 3, 0, 0, 0, 0, 0, 0, 0))
2018-04-07 19:36:56.873168;(11, (330, 292, 49, 0, 0, 0, 0, 0, 0, 0))
2018-04-07 19:36:56.875176;(14, (495, 407, 111, 0, 0, 0, 0, 0, 0, 0))
2018-04-07 19:36:56.921779;(18, (699, 670, 320, 0, 0, 0, 0, 0, 0, 0))
2018-04-07 19:36:56.945581;(15, (855, 806, 489, 0, 0, 0, 0, 0, 0, 0))
2018-04-07 19:36:56.990740;(13, (348, 364, 125, 0, 0, 0, 0, 0, 0, 0))
2018-04-07 19:36:57.086323;(20, (289, 260, 25, 0, 0, 0, 0, 0, 0, 0))
2018-04-07 19:36:57.147466;(23, (270, 218, 103, 0, 0, 0, 0, 0, 0, 0))
2018-04-07 19:36:57.189432;(21, (274, 258, 37, 0, 0, 0, 0, 0, 0, 0))
2018-04-07 19:36:57.277972;(19, (345, 329, 67, 2, 0, 0, 0, 0, 0, 0))
2018-04-07 19:36:57.341930;(16, (282, 236, 3, 1, 0, 0, 0, 0, 0, 0))
2018-04-07 19:36:57.343110;(10, (735, 696, 383, 0, 0, 0, 0, 0, 0, 0))
2018-04-07 19:36:57.355457;(3, (714, 666, 270, 0, 0, 0, 0, 0, 0, 0))
2018-04-07 19:36:57.361365;(8, (423, 326, 51, 0, 0, 0, 0, 0, 0, 0))
2018-04-07 19:36:57.389925;(9, (183, 219, 0, 0, 0, 0, 0, 0, 0, 0))
2018-04-07 19:36:57.417334;(4, (258, 287, 62, 0, 0, 0, 0, 0, 0, 0))
2018-04-07 19:37:26.280222;(1, (1947, 1548, 1462, 731, 0, 0, 0, 0, 0, 0))
2018-04-07 19:37:26.535642;(7, (428, 395, 74, 0, 0, 0, 0, 0, 0, 0))
2018-04-07 19:37:26.707727;(12, (329, 276, 6, 0, 0, 0, 0, 0, 0, 0))
2018-04-07 19:37:26.717197;(5, (287, 294, 28, 0, 0, 0, 0, 0, 0, 0))
2018-04-07 19:37:26.847952;(17, (193, 244, 0, 0, 0, 0, 0, 0, 0, 0))
2018-04-07 19:37:26.859871;(22, (757, 685, 344, 0, 0, 0, 0, 0, 0, 0))
2018-04-07 19:37:26.873912;(6, (263, 262, 3, 0, 0, 0, 0, 0, 0, 0))
2018-04-07 19:37:26.889492;(11, (392, 354, 70, 0, 0, 0, 0, 0, 0, 0))
2018-04-07 19:37:26.893105;(14, (546, 458, 119, 0, 0, 0, 0, 0, 0, 0))
2018-04-07 19:37:26.941196;(18, (825, 793, 393, 0, 0, 0, 0, 0, 0, 0))
2018-04-07 19:37:26.954574;(15, (1034, 989, 612, 0, 0, 0, 0, 0, 0, 0))
2018-04-07 19:37:27.008565;(13, (405, 422, 149, 0, 0, 0, 0, 0, 0, 0))
2018-04-07 19:37:27.093673;(20, (324, 295, 25, 0, 0, 0, 0, 0, 0, 0))
2018-04-07 19:37:27.154638;(23, (387, 334, 188, 0, 0, 0, 0, 0, 0, 0))
2018-04-07 19:37:27.195817;(21, (374, 356, 93, 0, 0, 0, 0, 0, 0, 0))
2018-04-07 19:37:27.282148;(19, (409, 390, 89, 2, 0, 0, 0, 0, 0, 0))
2018-04-07 19:37:27.348146;(16, (326, 278, 6, 1, 0, 0, 0, 0, 0, 0))
2018-04-07 19:37:27.350505;(10, (857, 816, 456, 0, 0, 0, 0, 0, 0, 0))
2018-04-07 19:37:27.367322;(3, (792, 744, 305, 0, 0, 0, 0, 0, 0, 0))
2018-04-07 19:37:27.368311;(8, (482, 374, 59, 0, 0, 0, 0, 0, 0, 0))
2018-04-07 19:37:27.396111;(9, (212, 253, 0, 0, 0, 0, 0, 0, 0, 0))
2018-04-07 19:37:27.425277;(4, (298, 334, 74, 0, 0, 0, 0, 0, 0, 0))
2018-04-07 19:37:56.543574;(7, (479, 447, 87, 0, 0, 0, 0, 0, 0, 0))
2018-04-07 19:37:56.715043;(12, (389, 341, 21, 0, 0, 0, 0, 0, 0, 0))
2018-04-07 19:37:56.732241;(5, (368, 375, 67, 0, 0, 0, 0, 0, 0, 0))
2018-04-07 19:37:56.854086;(17, (219, 276, 0, 0, 0, 0, 0, 0, 0, 0))
2018-04-07 19:37:56.876443;(22, (909, 838, 443, 0, 0, 0, 0, 0, 0, 0))
2018-04-07 19:37:56.885034;(6, (298, 299, 3, 0, 0, 0, 0, 0, 0, 0))
2018-04-07 19:37:56.897353;(11, (465, 420, 87, 3, 0, 0, 0, 0, 0, 0))
2018-04-07 19:37:56.909982;(14, (600, 508, 123, 0, 0, 0, 0, 0, 0, 0))
2018-04-07 19:37:56.960772;(18, (914, 877, 427, 0, 0, 0, 0, 0, 0, 0))
2018-04-07 19:37:56.968576;(15, (1206, 1160, 729, 0, 0, 0, 0, 0, 0, 0))
2018-04-07 19:37:57.027879;(13, (460, 481, 173, 0, 0, 0, 0, 0, 0, 0))
2018-04-07 19:37:57.101188;(20, (366, 341, 31, 0, 0, 0, 0, 0, 0, 0))
2018-04-07 19:37:57.162134;(23, (441, 380, 218, 0, 0, 0, 0, 0, 0, 0))
2018-04-07 19:37:57.213303;(21, (468, 451, 147, 0, 0, 0, 0, 0, 0, 0))
2018-04-07 19:37:57.286078;(1, (2238, 1812, 1716, 858, 0, 0, 0, 0, 0, 0))
2018-04-07 19:37:57.287580;(19, (511, 492, 149, 2, 0, 0, 0, 0, 0, 0))
2018-04-07 19:37:57.356668;(10, (1032, 995, 575, 0, 0, 0, 0, 0, 0, 0))
2018-04-07 19:37:57.357581;(16, (369, 320, 6, 1, 0, 0, 0, 0, 0, 0))
2018-04-07 19:37:57.379207;(8, (535, 427, 65, 0, 0, 0, 0, 0, 0, 0))
2018-04-07 19:37:57.433653;(4, (341, 381, 86, 0, 0, 0, 0, 0, 0, 0))
2018-04-07 19:37:58.402148;(9, (243, 290, 0, 0, 0, 0, 0, 0, 0, 0))
2018-04-07 19:38:26.547849;(7, (537, 494, 106, 0, 0, 0, 0, 0, 0, 0))
2018-04-07 19:38:26.879759;(22, (1018, 914, 476, 0, 0, 0, 0, 0, 0, 0))
2018-04-07 19:38:26.901153;(11, (520, 481, 92, 3, 0, 0, 0, 0, 0, 0))
2018-04-07 19:38:26.912126;(14, (656, 557, 134, 0, 0, 0, 0, 0, 0, 0))
2018-04-07 19:38:27.164132;(23, (475, 406, 233, 0, 0, 0, 0, 0, 0, 0))
2018-04-07 19:38:27.245013;(21, (522, 508, 170, 0, 0, 0, 0, 0, 0, 0))
2018-04-07 19:38:27.288255;(1, (2525, 2074, 1968, 984, 0, 0, 0, 0, 0, 0))
2018-04-07 19:38:27.359934;(10, (1106, 1063, 608, 0, 0, 0, 0, 0, 0, 0))
2018-04-07 19:38:27.718974;(12, (456, 401, 35, 0, 0, 0, 0, 0, 0, 0))
2018-04-07 19:38:27.735389;(5, (412, 421, 78, 0, 0, 0, 0, 0, 0, 0))
2018-04-07 19:38:27.857466;(17, (238, 301, 0, 0, 0, 0, 0, 0, 0, 0))
2018-04-07 19:38:27.891204;(6, (332, 337, 3, 0, 0, 0, 0, 0, 0, 0))
2018-04-07 19:38:27.971770;(15, (1309, 1263, 789, 0, 0, 0, 0, 0, 0, 0))
2018-04-07 19:38:28.031376;(13, (514, 541, 197, 0, 0, 0, 0, 0, 0, 0))
2018-04-07 19:38:28.103961;(20, (525, 489, 132, 0, 0, 0, 0, 0, 0, 0))
2018-04-07 19:38:28.289906;(19, (622, 619, 209, 2, 0, 0, 0, 0, 0, 0))
2018-04-07 19:38:28.362478;(16, (432, 378, 13, 1, 0, 0, 0, 0, 0, 0))
2018-04-07 19:38:28.379349;(3, (1120, 1077, 500, 0, 0, 0, 0, 0, 0, 0))
2018-04-07 19:38:28.382789;(8, (599, 493, 75, 0, 0, 0, 0, 0, 0, 0))
2018-04-07 19:38:28.404766;(9, (271, 324, 0, 0, 0, 0, 0, 0, 0, 0))
2018-04-07 19:38:28.437282;(4, (383, 429, 98, 0, 0, 0, 0, 0, 0, 0))
2018-04-07 19:38:56.905147;(11, (560, 521, 93, 3, 0, 0, 0, 0, 0, 0))
2018-04-07 19:38:57.222556;(21, (568, 559, 184, 0, 0, 0, 0, 0, 0, 0))
2018-04-07 19:38:57.290842;(1, (2814, 2342, 2226, 1113, 0, 0, 0, 0, 0, 0))
2018-04-07 19:38:57.553069;(7, (570, 541, 110, 0, 0, 0, 0, 0, 0, 0))
2018-04-07 19:38:57.722203;(12, (496, 437, 35, 0, 0, 0, 0, 0, 0, 0))
2018-04-07 19:38:57.738804;(5, (446, 458, 80, 0, 0, 0, 0, 0, 0, 0))
2018-04-07 19:38:57.859784;(17, (252, 318, 0, 0, 0, 0, 0, 0, 0, 0))
2018-04-07 19:38:57.883704;(22, (1058, 950, 477, 0, 0, 0, 0, 0, 0, 0))
2018-04-07 19:38:57.893288;(6, (361, 373, 3, 0, 0, 0, 0, 0, 0, 0))
2018-04-07 19:38:57.915298;(14, (732, 628, 147, 0, 0, 0, 0, 0, 0, 0))
2018-04-07 19:38:57.967754;(18, (1116, 1071, 525, 0, 0, 0, 0, 0, 0, 0))
2018-04-07 19:38:57.975508;(15, (1449, 1405, 891, 0, 0, 0, 0, 0, 0, 0))
2018-04-07 19:38:58.034448;(13, (567, 599, 221, 0, 0, 0, 0, 0, 0, 0))
2018-04-07 19:38:58.106248;(20, (643, 597, 193, 0, 0, 0, 0, 0, 0, 0))
2018-04-07 19:38:58.166572;(23, (500, 428, 243, 0, 0, 0, 0, 0, 0, 0))
2018-04-07 19:38:58.292255;(19, (667, 658, 213, 2, 0, 0, 0, 0, 0, 0))
2018-04-07 19:38:58.363442;(10, (1147, 1106, 614, 0, 0, 0, 0, 0, 0, 0))
2018-04-07 19:38:58.365727;(16, (478, 423, 18, 1, 0, 0, 0, 0, 0, 0))
2018-04-07 19:38:58.382187;(3, (1182, 1135, 522, 0, 0, 0, 0, 0, 0, 0))
2018-04-07 19:38:58.386802;(8, (670, 578, 99, 0, 0, 0, 0, 0, 0, 0))
2018-04-07 19:38:58.407344;(9, (299, 358, 0, 0, 0, 0, 0, 0, 0, 0))
2018-04-07 19:38:58.440308;(4, (423, 475, 110, 0, 0, 0, 0, 0, 0, 0))
2018-04-07 19:39:27.293775;(1, (3123, 2606, 2480, 1240, 0, 0, 0, 0, 0, 0))
2018-04-07 19:39:27.556017;(7, (663, 630, 135, 1, 0, 0, 0, 0, 0, 0))
2018-04-07 19:39:27.726042;(12, (569, 501, 47, 0, 0, 0, 0, 0, 0, 0))
2018-04-07 19:39:27.741704;(5, (518, 531, 113, 0, 0, 0, 0, 0, 0, 0))
2018-04-07 19:39:27.865289;(17, (290, 374, 1, 1, 0, 0, 0, 0, 0, 0))
2018-04-07 19:39:27.889162;(22, (1105, 996, 477, 0, 0, 0, 0, 0, 0, 0))
2018-04-07 19:39:27.898126;(6, (428, 433, 24, 0, 0, 0, 0, 0, 0, 0))
2018-04-07 19:39:27.907533;(11, (632, 587, 107, 3, 0, 0, 0, 0, 0, 0))
2018-04-07 19:39:27.918833;(14, (825, 710, 163, 0, 0, 0, 0, 0, 0, 0))
2018-04-07 19:39:27.970734;(18, (1218, 1167, 564, 2, 0, 0, 0, 0, 0, 0))
2018-04-07 19:39:27.978870;(15, (1557, 1514, 944, 0, 0, 0, 0, 0, 0, 0))
2018-04-07 19:39:28.036832;(13, (621, 658, 245, 0, 0, 0, 0, 0, 0, 0))
2018-04-07 19:39:28.109180;(20, (795, 745, 286, 0, 0, 0, 0, 0, 0, 0))
2018-04-07 19:39:28.168434;(23, (579, 506, 284, 0, 0, 0, 0, 0, 0, 0))
2018-04-07 19:39:28.225662;(21, (652, 643, 229, 0, 0, 0, 0, 0, 0, 0))
2018-04-07 19:39:28.295273;(19, (740, 725, 233, 2, 0, 0, 0, 0, 0, 0))
2018-04-07 19:39:28.367118;(10, (1193, 1150, 618, 0, 0, 0, 0, 0, 0, 0))
2018-04-07 19:39:28.368199;(16, (536, 473, 19, 1, 0, 0, 0, 0, 0, 0))
2018-04-07 19:39:28.385512;(3, (1282, 1220, 558, 0, 0, 0, 0, 0, 0, 0))
2018-04-07 19:39:28.390131;(8, (770, 663, 122, 0, 0, 0, 0, 0, 0, 0))
2018-04-07 19:39:28.411321;(9, (327, 392, 0, 0, 0, 0, 0, 0, 0, 0))
2018-04-07 19:39:28.442848;(4, (464, 521, 122, 0, 0, 0, 0, 0, 0, 0))
2018-04-07 19:39:57.297890;(1, (3390, 2856, 2720, 1360, 0, 0, 0, 0, 0, 0))
2018-04-07 19:39:57.559765;(7, (713, 677, 147, 1, 0, 0, 0, 0, 0, 0))
2018-04-07 19:39:57.729300;(12, (601, 541, 47, 0, 0, 0, 0, 0, 0, 0))
2018-04-07 19:39:57.744119;(5, (564, 577, 123, 0, 0, 0, 0, 0, 0, 0))
2018-04-07 19:39:57.867857;(17, (317, 408, 1, 1, 0, 0, 0, 0, 0, 0))
2018-04-07 19:39:57.891659;(22, (1154, 1042, 486, 0, 0, 0, 0, 0, 0, 0))
2018-04-07 19:39:57.901314;(6, (468, 475, 28, 0, 0, 0, 0, 0, 0, 0))
2018-04-07 19:39:57.911795;(11, (680, 634, 119, 3, 0, 0, 0, 0, 0, 0))
2018-04-07 19:39:57.922417;(14, (876, 754, 171, 0, 0, 0, 0, 0, 0, 0))
2018-04-07 19:39:57.973461;(18, (1279, 1228, 588, 2, 0, 0, 0, 0, 0, 0))
2018-04-07 19:39:57.982677;(15, (1636, 1593, 985, 0, 0, 0, 0, 0, 0, 0))
2018-04-07 19:39:58.039093;(13, (674, 716, 269, 0, 0, 0, 0, 0, 0, 0))
2018-04-07 19:39:58.111442;(20, (938, 890, 392, 0, 0, 0, 0, 0, 0, 0))
2018-04-07 19:39:58.170265;(23, (641, 564, 326, 0, 0, 0, 0, 0, 0, 0))
2018-04-07 19:39:58.229486;(21, (708, 701, 251, 0, 0, 0, 0, 0, 0, 0))
2018-04-07 19:39:58.300057;(19, (785, 770, 237, 2, 0, 0, 0, 0, 0, 0))
2018-04-07 19:39:58.370606;(10, (1230, 1190, 618, 0, 0, 0, 0, 0, 0, 0))
2018-04-07 19:39:58.371702;(16, (573, 509, 19, 1, 0, 0, 0, 0, 0, 0))
2018-04-07 19:39:58.387828;(3, (1361, 1294, 596, 0, 0, 0, 0, 0, 0, 0))
2018-04-07 19:39:58.393282;(8, (832, 719, 142, 0, 0, 0, 0, 0, 0, 0))
2018-04-07 19:39:58.414183;(9, (355, 426, 0, 0, 0, 0, 0, 0, 0, 0))
2018-04-07 19:39:58.445775;(4, (504, 567, 134, 0, 0, 0, 0, 0, 0, 0))
2018-04-07 19:40:27.301893;(1, (3646, 3106, 2960, 1480, 0, 0, 0, 0, 0, 0))
2018-04-07 19:40:27.564721;(7, (755, 724, 159, 1, 0, 0, 0, 0, 0, 0))
2018-04-07 19:40:27.731823;(12, (630, 574, 47, 0, 0, 0, 0, 0, 0, 0))
2018-04-07 19:40:27.746854;(5, (596, 612, 123, 0, 0, 0, 0, 0, 0, 0))
2018-04-07 19:40:27.872051;(17, (344, 440, 1, 1, 0, 0, 0, 0, 0, 0))
2018-04-07 19:40:27.895052;(22, (1200, 1089, 498, 0, 0, 0, 0, 0, 0, 0))
2018-04-07 19:40:27.904120;(6, (499, 508, 28, 0, 0, 0, 0, 0, 0, 0))
2018-04-07 19:40:27.915079;(11, (721, 678, 131, 3, 0, 0, 0, 0, 0, 0))
2018-04-07 19:40:27.926166;(14, (920, 801, 183, 0, 0, 0, 0, 0, 0, 0))
2018-04-07 19:40:27.977082;(18, (1334, 1286, 612, 2, 0, 0, 0, 0, 0, 0))
2018-04-07 19:40:27.986617;(15, (1716, 1676, 1033, 0, 0, 0, 0, 0, 0, 0))
2018-04-07 19:40:28.041584;(13, (728, 774, 293, 0, 0, 0, 0, 0, 0, 0))
2018-04-07 19:40:28.114515;(20, (1080, 1035, 503, 0, 0, 0, 0, 0, 0, 0))
2018-04-07 19:40:28.173413;(23, (703, 623, 374, 0, 0, 0, 0, 0, 0, 0))
2018-04-07 19:40:28.233174;(21, (753, 747, 263, 0, 0, 0, 0, 0, 0, 0))
2018-04-07 19:40:28.310167;(19, (816, 804, 237, 2, 0, 0, 0, 0, 0, 0))
2018-04-07 19:40:28.373453;(10, (1263, 1226, 618, 0, 0, 0, 0, 0, 0, 0))
2018-04-07 19:40:28.375137;(16, (604, 543, 19, 1, 0, 0, 0, 0, 0, 0))
2018-04-07 19:40:28.390655;(3, (1429, 1362, 632, 0, 0, 0, 0, 0, 0, 0))
2018-04-07 19:40:28.397458;(8, (889, 778, 166, 0, 0, 0, 0, 0, 0, 0))
2018-04-07 19:40:28.450843;(4, (544, 614, 146, 0, 0, 0, 0, 0, 0, 0))
2018-04-07 19:40:29.416966;(9, (384, 460, 0, 0, 0, 0, 0, 0, 0, 0))
2018-04-07 19:40:57.305485;(1, (3898, 3356, 3200, 1600, 0, 0, 0, 0, 0, 0))
2018-04-07 19:40:57.568114;(7, (798, 770, 171, 1, 0, 0, 0, 0, 0, 0))
2018-04-07 19:40:57.919056;(11, (761, 723, 143, 3, 0, 0, 0, 0, 0, 0))
2018-04-07 19:40:57.929422;(14, (964, 847, 195, 0, 0, 0, 0, 0, 0, 0))
2018-04-07 19:40:57.979400;(18, (1391, 1344, 636, 2, 0, 0, 0, 0, 0, 0))
2018-04-07 19:40:58.175116;(23, (763, 681, 422, 0, 0, 0, 0, 0, 0, 0))
2018-04-07 19:40:58.235957;(21, (794, 793, 275, 0, 0, 0, 0, 0, 0, 0))
2018-04-07 19:40:58.375910;(10, (1294, 1260, 618, 0, 0, 0, 0, 0, 0, 0))
2018-04-07 19:40:58.736112;(12, (659, 606, 47, 0, 0, 0, 0, 0, 0, 0))
2018-04-07 19:40:58.749927;(5, (626, 646, 123, 0, 0, 0, 0, 0, 0, 0))
2018-04-07 19:40:58.874558;(17, (370, 473, 1, 1, 0, 0, 0, 0, 0, 0))
2018-04-07 19:40:58.899783;(22, (1245, 1135, 510, 0, 0, 0, 0, 0, 0, 0))
2018-04-07 19:40:58.907315;(6, (525, 541, 28, 0, 0, 0, 0, 0, 0, 0))
2018-04-07 19:40:58.990070;(15, (1794, 1761, 1083, 0, 0, 0, 0, 0, 0, 0))
2018-04-07 19:40:59.046692;(13, (781, 832, 317, 0, 0, 0, 0, 0, 0, 0))
2018-04-07 19:40:59.117293;(20, (1217, 1178, 611, 0, 0, 0, 0, 0, 0, 0))
2018-04-07 19:40:59.313834;(19, (846, 838, 237, 2, 0, 0, 0, 0, 0, 0))
2018-04-07 19:40:59.378300;(16, (635, 578, 19, 1, 0, 0, 0, 0, 0, 0))
2018-04-07 19:40:59.393643;(3, (1493, 1431, 668, 0, 0, 0, 0, 0, 0, 0))
2018-04-07 19:40:59.399831;(8, (946, 837, 190, 0, 0, 0, 0, 0, 0, 0))
2018-04-07 19:40:59.421163;(9, (412, 494, 0, 0, 0, 0, 0, 0, 0, 0))
2018-04-07 19:40:59.453672;(4, (584, 660, 158, 0, 0, 0, 0, 0, 0, 0))
2018-04-07 19:41:27.313193;(1, (4198, 3624, 3456, 1728, 0, 0, 0, 0, 0, 0))
2018-04-07 19:41:27.922111;(11, (824, 781, 157, 3, 0, 0, 0, 0, 0, 0))
2018-04-07 19:41:27.934733;(14, (1048, 919, 212, 0, 0, 0, 0, 0, 0, 0))
2018-04-07 19:41:28.178254;(23, (851, 765, 480, 0, 0, 0, 0, 0, 0, 0))
2018-04-07 19:41:28.240273;(21, (862, 864, 309, 0, 0, 0, 0, 0, 0, 0))
2018-04-07 19:41:28.378819;(10, (1344, 1310, 623, 0, 0, 0, 0, 0, 0, 0))
2018-04-07 19:41:28.573789;(7, (866, 830, 184, 3, 0, 0, 0, 0, 0, 0))
2018-04-07 19:41:28.738680;(12, (721, 666, 58, 0, 0, 0, 0, 0, 0, 0))
2018-04-07 19:41:28.752326;(5, (683, 705, 145, 0, 0, 0, 0, 0, 0, 0))
2018-04-07 19:41:28.877688;(17, (400, 515, 1, 3, 0, 0, 0, 0, 0, 0))
2018-04-07 19:41:28.903089;(22, (1305, 1193, 517, 0, 0, 0, 0, 0, 0, 0))
2018-04-07 19:41:28.910309;(6, (583, 602, 46, 0, 0, 0, 0, 0, 0, 0))
2018-04-07 19:41:28.982414;(18, (1481, 1430, 675, 2, 0, 0, 0, 0, 0, 0))
2018-04-07 19:41:28.994140;(15, (1895, 1859, 1138, 0, 0, 0, 0, 0, 0, 0))
2018-04-07 19:41:29.049019;(13, (833, 890, 341, 0, 0, 0, 0, 0, 0, 0))
2018-04-07 19:41:29.121407;(20, (1370, 1338, 705, 1, 0, 0, 0, 0, 0, 0))
2018-04-07 19:41:29.316003;(19, (914, 902, 252, 2, 0, 0, 0, 0, 0, 0))
2018-04-07 19:41:29.381522;(16, (691, 627, 23, 1, 0, 0, 0, 0, 0, 0))
2018-04-07 19:41:29.395965;(3, (1605, 1538, 711, 1, 0, 0, 0, 0, 0, 0))
2018-04-07 19:41:29.402984;(8, (1020, 903, 207, 0, 0, 0, 0, 0, 0, 0))
2018-04-07 19:41:29.423552;(9, (440, 529, 0, 0, 0, 0, 0, 0, 0, 0))
2018-04-07 19:41:29.463454;(4, (625, 706, 170, 0, 0, 0, 0, 0, 0, 0))
2018-04-07 19:41:58.317328;(1, (4463, 3880, 3702, 1851, 0, 0, 0, 0, 0, 0))
2018-04-07 19:41:58.577900;(7, (921, 881, 199, 3, 0, 0, 0, 0, 0, 0))
2018-04-07 19:41:58.742510;(12, (766, 710, 70, 0, 0, 0, 0, 0, 0, 0))
2018-04-07 19:41:58.755116;(5, (740, 764, 170, 0, 0, 0, 0, 0, 0, 0))
2018-04-07 19:41:58.880085;(17, (428, 548, 1, 3, 0, 0, 0, 0, 0, 0))
2018-04-07 19:41:58.908109;(22, (1347, 1234, 518, 0, 0, 0, 0, 0, 0, 0))
2018-04-07 19:41:58.913286;(6, (628, 648, 59, 0, 0, 0, 0, 0, 0, 0))
2018-04-07 19:41:58.925310;(11, (858, 817, 157, 3, 0, 0, 0, 0, 0, 0))
2018-04-07 19:41:58.939058;(14, (1087, 954, 212, 0, 0, 0, 0, 0, 0, 0))
2018-04-07 19:41:58.985051;(18, (1543, 1491, 699, 2, 0, 0, 0, 0, 0, 0))
2018-04-07 19:41:58.997989;(15, (1968, 1931, 1174, 0, 0, 0, 0, 0, 0, 0))
2018-04-07 19:41:59.051297;(13, (885, 948, 365, 0, 0, 0, 0, 0, 0, 0))
2018-04-07 19:41:59.125665;(20, (1504, 1476, 798, 1, 0, 0, 0, 0, 0, 0))
2018-04-07 19:41:59.181061;(23, (906, 816, 518, 0, 0, 0, 0, 0, 0, 0))
2018-04-07 19:41:59.244543;(21, (928, 937, 346, 0, 0, 0, 0, 0, 0, 0))
2018-04-07 19:41:59.321356;(19, (980, 968, 276, 3, 0, 0, 0, 0, 0, 0))
2018-04-07 19:41:59.382019;(10, (1380, 1347, 624, 0, 0, 0, 0, 0, 0, 0))
2018-04-07 19:41:59.383826;(16, (726, 664, 23, 1, 0, 0, 0, 0, 0, 0))
2018-04-07 19:41:59.398393;(3, (1696, 1626, 755, 1, 0, 0, 0, 0, 0, 0))
2018-04-07 19:41:59.406099;(8, (1061, 940, 207, 0, 0, 0, 0, 0, 0, 0))
2018-04-07 19:41:59.425960;(9, (468, 563, 0, 0, 0, 0, 0, 0, 0, 0))
2018-04-07 19:41:59.466314;(4, (666, 752, 182, 0, 0, 0, 0, 0, 0, 0))
2018-04-07 19:42:28.319335;(1, (4726, 4134, 3946, 1973, 0, 0, 0, 0, 0, 0))
2018-04-07 19:42:28.581915;(7, (1015, 969, 246, 3, 0, 0, 0, 0, 0, 0))
2018-04-07 19:42:28.746370;(12, (807, 755, 71, 0, 0, 0, 0, 0, 0, 0))
2018-04-07 19:42:28.759476;(5, (806, 835, 206, 0, 0, 0, 0, 0, 0, 0))
2018-04-07 19:42:28.883355;(17, (454, 581, 1, 3, 0, 0, 0, 0, 0, 0))
2018-04-07 19:42:28.911797;(22, (1383, 1271, 518, 0, 0, 0, 0, 0, 0, 0))
2018-04-07 19:42:28.915468;(6, (682, 706, 83, 0, 0, 0, 0, 0, 0, 0))
2018-04-07 19:42:28.927787;(11, (896, 853, 158, 3, 0, 0, 0, 0, 0, 0))
2018-04-07 19:42:28.942382;(14, (1132, 996, 213, 0, 0, 0, 0, 0, 0, 0))
2018-04-07 19:42:28.989353;(18, (1603, 1551, 724, 2, 0, 0, 0, 0, 0, 0))
2018-04-07 19:42:29.002536;(15, (2036, 2002, 1211, 0, 0, 0, 0, 0, 0, 0))
2018-04-07 19:42:29.057827;(13, (937, 1006, 389, 0, 0, 0, 0, 0, 0, 0))
2018-04-07 19:42:29.130029;(20, (1630, 1605, 885, 1, 0, 0, 0, 0, 0, 0))
2018-04-07 19:42:29.183572;(23, (954, 864, 555, 0, 0, 0, 0, 0, 0, 0))
2018-04-07 19:42:29.247765;(21, (1009, 1023, 394, 0, 0, 0, 0, 0, 0, 0))
2018-04-07 19:42:29.327554;(19, (1031, 1019, 289, 3, 0, 0, 0, 0, 0, 0))
2018-04-07 19:42:29.387158;(10, (1427, 1394, 636, 0, 0, 0, 0, 0, 0, 0))
2018-04-07 19:42:29.388875;(16, (766, 698, 23, 1, 0, 0, 0, 0, 0, 0))
2018-04-07 19:42:29.401765;(3, (1735, 1663, 757, 1, 0, 0, 0, 0, 0, 0))
2018-04-07 19:42:29.408373;(8, (1120, 990, 221, 0, 0, 0, 0, 0, 0, 0))
2018-04-07 19:42:29.429257;(9, (496, 597, 0, 0, 0, 0, 0, 0, 0, 0))
2018-04-07 19:42:29.469525;(4, (706, 798, 194, 0, 0, 0, 0, 0, 0, 0))
2018-04-07 19:42:58.322005;(1, (4978, 4384, 4186, 2093, 0, 0, 0, 0, 0, 0))
2018-04-07 19:42:58.585526;(7, (1095, 1051, 294, 3, 0, 0, 0, 0, 0, 0))
2018-04-07 19:42:58.749768;(12, (835, 788, 71, 0, 0, 0, 0, 0, 0, 0))
2018-04-07 19:42:58.763376;(5, (872, 905, 242, 0, 0, 0, 0, 0, 0, 0))
2018-04-07 19:42:58.886886;(17, (480, 613, 1, 3, 0, 0, 0, 0, 0, 0))
2018-04-07 19:42:58.915568;(22, (1415, 1306, 518, 0, 0, 0, 0, 0, 0, 0))
2018-04-07 19:42:58.918331;(6, (734, 763, 107, 0, 0, 0, 0, 0, 0, 0))
2018-04-07 19:42:58.934004;(11, (925, 885, 158, 3, 0, 0, 0, 0, 0, 0))
2018-04-07 19:42:58.945694;(14, (1164, 1031, 213, 0, 0, 0, 0, 0, 0, 0))
2018-04-07 19:42:58.994318;(18, (1657, 1610, 748, 2, 0, 0, 0, 0, 0, 0))
2018-04-07 19:42:59.061965;(13, (989, 1064, 413, 0, 0, 0, 0, 0, 0, 0))
2018-04-07 19:42:59.133887;(20, (1744, 1723, 969, 1, 0, 0, 0, 0, 0, 0))
2018-04-07 19:42:59.185584;(23, (1003, 910, 591, 0, 0, 0, 0, 0, 0, 0))
2018-04-07 19:42:59.253859;(21, (1085, 1105, 442, 0, 0, 0, 0, 0, 0, 0))
2018-04-07 19:42:59.331642;(19, (1074, 1066, 301, 3, 0, 0, 0, 0, 0, 0))
2018-04-07 19:42:59.390008;(10, (1470, 1441, 648, 0, 0, 0, 0, 0, 0, 0))
2018-04-07 19:42:59.405061;(3, (1766, 1696, 757, 1, 0, 0, 0, 0, 0, 0))
2018-04-07 19:42:59.411515;(8, (1165, 1036, 233, 0, 0, 0, 0, 0, 0, 0))
2018-04-07 19:43:00.005786;(15, (2103, 2072, 1247, 0, 0, 0, 0, 0, 0, 0))
2018-04-07 19:43:00.393809;(16, (799, 734, 23, 1, 0, 0, 0, 0, 0, 0))
2018-04-07 19:43:00.432461;(9, (524, 631, 0, 0, 0, 0, 0, 0, 0, 0))
2018-04-07 19:43:00.474346;(4, (746, 845, 206, 0, 0, 0, 0, 0, 0, 0))
2018-04-07 19:43:28.325066;(1, (5234, 4636, 4428, 2214, 0, 0, 0, 0, 0, 0))
2018-04-07 19:43:28.937393;(11, (953, 918, 158, 3, 0, 0, 0, 0, 0, 0))
2018-04-07 19:43:28.949625;(14, (1196, 1065, 213, 0, 0, 0, 0, 0, 0, 0))
2018-04-07 19:43:29.187326;(23, (1050, 957, 627, 0, 0, 0, 0, 0, 0, 0))
2018-04-07 19:43:29.257614;(21, (1165, 1187, 490, 0, 0, 0, 0, 0, 0, 0))
2018-04-07 19:43:29.393982;(10, (1513, 1487, 660, 0, 0, 0, 0, 0, 0, 0))
2018-04-07 19:43:29.588312;(7, (1174, 1134, 342, 3, 0, 0, 0, 0, 0, 0))
2018-04-07 19:43:29.753226;(12, (865, 820, 71, 0, 0, 0, 0, 0, 0, 0))
2018-04-07 19:43:29.766942;(5, (938, 978, 278, 0, 0, 0, 0, 0, 0, 0))
2018-04-07 19:43:29.890345;(17, (507, 646, 1, 3, 0, 0, 0, 0, 0, 0))
2018-04-07 19:43:29.920058;(22, (1446, 1340, 518, 0, 0, 0, 0, 0, 0, 0))
2018-04-07 19:43:29.922224;(6, (786, 819, 131, 0, 0, 0, 0, 0, 0, 0))
2018-04-07 19:43:29.997235;(18, (1714, 1668, 772, 2, 0, 0, 0, 0, 0, 0))
2018-04-07 19:43:30.010581;(15, (2170, 2144, 1284, 0, 0, 0, 0, 0, 0, 0))
2018-04-07 19:43:30.065810;(13, (1043, 1123, 437, 0, 0, 0, 0, 0, 0, 0))
2018-04-07 19:43:30.137974;(20, (1858, 1842, 1053, 1, 0, 0, 0, 0, 0, 0))
2018-04-07 19:43:30.335004;(19, (1116, 1112, 313, 3, 0, 0, 0, 0, 0, 0))
2018-04-07 19:43:30.397610;(16, (830, 771, 23, 1, 0, 0, 0, 0, 0, 0))
2018-04-07 19:43:30.407359;(3, (1795, 1728, 757, 1, 0, 0, 0, 0, 0, 0))
2018-04-07 19:43:30.415312;(8, (1209, 1083, 245, 0, 0, 0, 0, 0, 0, 0))
2018-04-07 19:43:30.434793;(9, (553, 665, 0, 0, 0, 0, 0, 0, 0, 0))
2018-04-07 19:43:30.477999;(4, (789, 895, 218, 0, 0, 0, 0, 0, 0, 0))
2018-04-07 19:43:58.329573;(1, (5492, 4891, 4669, 2335, 0, 0, 0, 0, 0, 0))
2018-04-07 19:43:58.941313;(11, (980, 954, 158, 3, 0, 0, 0, 0, 0, 0))
2018-04-07 19:43:58.952049;(14, (1239, 1111, 219, 0, 0, 0, 0, 0, 0, 0))
2018-04-07 19:43:59.191814;(23, (1091, 998, 657, 0, 0, 0, 0, 0, 0, 0))
2018-04-07 19:43:59.262348;(21, (1245, 1272, 540, 0, 0, 0, 0, 0, 0, 0))
2018-04-07 19:43:59.397099;(10, (1555, 1533, 672, 0, 0, 0, 0, 0, 0, 0))
2018-04-07 19:43:59.590973;(7, (1253, 1216, 390, 3, 0, 0, 0, 0, 0, 0))
2018-04-07 19:43:59.757190;(12, (895, 852, 71, 0, 0, 0, 0, 0, 0, 0))
2018-04-07 19:43:59.770687;(5, (1005, 1050, 314, 0, 0, 0, 0, 0, 0, 0))
2018-04-07 19:43:59.893779;(17, (533, 678, 1, 3, 0, 0, 0, 0, 0, 0))
2018-04-07 19:43:59.922724;(22, (1476, 1375, 518, 0, 0, 0, 0, 0, 0, 0))
2018-04-07 19:43:59.925046;(6, (837, 875, 155, 0, 0, 0, 0, 0, 0, 0))
2018-04-07 19:44:00.000274;(18, (1766, 1722, 791, 2, 0, 0, 0, 0, 0, 0))
2018-04-07 19:44:00.013438;(15, (2232, 2210, 1315, 0, 0, 0, 0, 0, 0, 0))
2018-04-07 19:44:00.069333;(13, (1096, 1181, 461, 0, 0, 0, 0, 0, 0, 0))
2018-04-07 19:44:00.143042;(20, (1980, 1967, 1143, 1, 0, 0, 0, 0, 0, 0))
2018-04-07 19:44:00.338324;(19, (1157, 1159, 325, 3, 0, 0, 0, 0, 0, 0))
2018-04-07 19:44:00.399913;(16, (862, 805, 23, 1, 0, 0, 0, 0, 0, 0))
2018-04-07 19:44:00.411737;(3, (1824, 1761, 757, 1, 0, 0, 0, 0, 0, 0))
2018-04-07 19:44:00.423037;(8, (1262, 1136, 263, 0, 0, 0, 0, 0, 0, 0))
2018-04-07 19:44:00.441312;(9, (581, 699, 0, 0, 0, 0, 0, 0, 0, 0))
2018-04-07 19:44:00.481526;(4, (829, 941, 230, 0, 0, 0, 0, 0, 0, 0))
2018-04-07 19:44:28.331537;(1, (5743, 5142, 4910, 2455, 0, 0, 0, 0, 0, 0))
2018-04-07 19:44:29.194894;(23, (1125, 1032, 681, 0, 0, 0, 0, 0, 0, 0))
2018-04-07 19:44:29.267685;(21, (1321, 1354, 588, 0, 0, 0, 0, 0, 0, 0))
2018-04-07 19:44:29.594615;(7, (1330, 1299, 438, 3, 0, 0, 0, 0, 0, 0))
2018-04-07 19:44:29.761549;(12, (923, 885, 71, 0, 0, 0, 0, 0, 0, 0))
2018-04-07 19:44:29.776370;(5, (1069, 1120, 350, 0, 0, 0, 0, 0, 0, 0))
2018-04-07 19:44:29.897717;(17, (560, 711, 1, 3, 0, 0, 0, 0, 0, 0))
2018-04-07 19:44:29.925340;(22, (1504, 1409, 518, 0, 0, 0, 0, 0, 0, 0))
2018-04-07 19:44:29.927085;(6, (887, 931, 179, 0, 0, 0, 0, 0, 0, 0))
2018-04-07 19:44:29.946076;(11, (1007, 987, 158, 3, 0, 0, 0, 0, 0, 0))
2018-04-07 19:44:29.957650;(14, (1281, 1157, 231, 0, 0, 0, 0, 0, 0, 0))
2018-04-07 19:44:30.002868;(18, (1808, 1769, 804, 2, 0, 0, 0, 0, 0, 0))
2018-04-07 19:44:30.015647;(15, (2284, 2268, 1339, 0, 0, 0, 0, 0, 0, 0))
2018-04-07 19:44:30.073901;(13, (1150, 1241, 487, 0, 0, 0, 0, 0, 0, 0))
2018-04-07 19:44:30.147212;(20, (2104, 2097, 1239, 1, 0, 0, 0, 0, 0, 0))
2018-04-07 19:44:30.342795;(19, (1199, 1205, 337, 3, 0, 0, 0, 0, 0, 0))
2018-04-07 19:44:30.399958;(10, (1595, 1579, 684, 0, 0, 0, 0, 0, 0, 0))
2018-04-07 19:44:30.403309;(16, (892, 839, 23, 1, 0, 0, 0, 0, 0, 0))
2018-04-07 19:44:30.415070;(3, (1850, 1793, 757, 1, 0, 0, 0, 0, 0, 0))
2018-04-07 19:44:30.426260;(8, (1316, 1194, 287, 0, 0, 0, 0, 0, 0, 0))
2018-04-07 19:44:30.445605;(9, (609, 733, 0, 0, 0, 0, 0, 0, 0, 0))
2018-04-07 19:44:30.485921;(4, (869, 987, 242, 0, 0, 0, 0, 0, 0, 0))
2018-04-07 19:44:58.334332;(1, (6000, 5396, 5154, 2577, 0, 0, 0, 0, 0, 0))
2018-04-07 19:44:59.597572;(7, (1408, 1381, 486, 3, 0, 0, 0, 0, 0, 0))
2018-04-07 19:44:59.765187;(12, (950, 917, 71, 0, 0, 0, 0, 0, 0, 0))
2018-04-07 19:44:59.779295;(5, (1134, 1190, 386, 0, 0, 0, 0, 0, 0, 0))
2018-04-07 19:44:59.901904;(17, (586, 743, 1, 3, 0, 0, 0, 0, 0, 0))
2018-04-07 19:44:59.928219;(22, (1534, 1443, 518, 0, 0, 0, 0, 0, 0, 0))
2018-04-07 19:44:59.929763;(6, (939, 987, 203, 0, 0, 0, 0, 0, 0, 0))
2018-04-07 19:44:59.949250;(11, (1033, 1020, 158, 3, 0, 0, 0, 0, 0, 0))
2018-04-07 19:44:59.959897;(14, (1322, 1203, 243, 0, 0, 0, 0, 0, 0, 0))
2018-04-07 19:45:00.006257;(18, (1850, 1815, 816, 2, 0, 0, 0, 0, 0, 0))
2018-04-07 19:45:00.019707;(15, (2338, 2326, 1363, 0, 0, 0, 0, 0, 0, 0))
2018-04-07 19:45:00.077386;(13, (1202, 1299, 511, 0, 0, 0, 0, 0, 0, 0))
2018-04-07 19:45:00.151827;(20, (2228, 2228, 1335, 1, 0, 0, 0, 0, 0, 0))
2018-04-07 19:45:00.197026;(23, (1161, 1068, 706, 0, 0, 0, 0, 0, 0, 0))
2018-04-07 19:45:00.270686;(21, (1398, 1436, 636, 0, 0, 0, 0, 0, 0, 0))
2018-04-07 19:45:00.345580;(19, (1239, 1251, 349, 3, 0, 0, 0, 0, 0, 0))
2018-04-07 19:45:00.402721;(10, (1636, 1626, 696, 0, 0, 0, 0, 0, 0, 0))
2018-04-07 19:45:00.406526;(16, (921, 873, 23, 1, 0, 0, 0, 0, 0, 0))
2018-04-07 19:45:00.418130;(3, (1878, 1825, 757, 1, 0, 0, 0, 0, 0, 0))
2018-04-07 19:45:00.429542;(8, (1370, 1252, 311, 0, 0, 0, 0, 0, 0, 0))
2018-04-07 19:45:00.488535;(4, (911, 1035, 256, 0, 0, 0, 0, 0, 0, 0))
2018-04-07 19:45:28.338043;(1, (6249, 5642, 5390, 2695, 0, 0, 0, 0, 0, 0))
2018-04-07 19:45:29.600426;(7, (1493, 1473, 532, 3, 0, 0, 0, 0, 0, 0))
2018-04-07 19:45:29.769924;(12, (981, 956, 71, 0, 0, 0, 0, 0, 0, 0))
2018-04-07 19:45:29.905598;(17, (616, 778, 1, 5, 0, 0, 0, 0, 0, 0))
2018-04-07 19:45:29.931720;(22, (1566, 1478, 518, 0, 0, 0, 0, 0, 0, 0))
2018-04-07 19:45:29.934373;(6, (990, 1044, 227, 0, 0, 0, 0, 0, 0, 0))
2018-04-07 19:45:29.952014;(11, (1066, 1058, 159, 3, 0, 0, 0, 0, 0, 0))
2018-04-07 19:45:29.963858;(14, (1382, 1261, 260, 0, 0, 0, 0, 0, 0, 0))
2018-04-07 19:45:30.009494;(18, (1896, 1865, 831, 2, 0, 0, 0, 0, 0, 0))
2018-04-07 19:45:30.082702;(13, (1254, 1357, 535, 0, 0, 0, 0, 0, 0, 0))
2018-04-07 19:45:30.154991;(20, (2359, 2363, 1427, 1, 0, 0, 0, 0, 0, 0))
2018-04-07 19:45:30.200446;(23, (1201, 1106, 734, 0, 0, 0, 0, 0, 0, 0))
2018-04-07 19:45:30.273396;(21, (1474, 1518, 684, 0, 0, 0, 0, 0, 0, 0))
2018-04-07 19:45:30.347827;(19, (1287, 1302, 361, 3, 0, 0, 0, 0, 0, 0))
2018-04-07 19:45:30.406102;(10, (1679, 1672, 708, 0, 0, 0, 0, 0, 0, 0))
2018-04-07 19:45:30.421508;(3, (1913, 1864, 758, 1, 0, 0, 0, 0, 0, 0))
2018-04-07 19:45:30.434060;(8, (1433, 1318, 336, 0, 0, 0, 0, 0, 0, 0))
2018-04-07 19:45:30.782929;(5, (1199, 1260, 422, 0, 0, 0, 0, 0, 0, 0))
2018-04-07 19:45:31.022564;(15, (2395, 2388, 1391, 0, 0, 0, 0, 0, 0, 0))
2018-04-07 19:45:31.409930;(16, (957, 912, 27, 1, 0, 0, 0, 0, 0, 0))
2018-04-07 19:45:31.452087;(9, (664, 801, 0, 0, 0, 0, 0, 0, 0, 0))
2018-04-07 19:45:31.492318;(4, (951, 1081, 268, 0, 0, 0, 0, 0, 0, 0))
2018-04-07 19:45:59.343363;(1, (6551, 5905, 5642, 2821, 0, 0, 0, 0, 0, 0))
2018-04-07 19:45:59.954309;(11, (1153, 1139, 185, 3, 0, 0, 0, 0, 0, 0))
2018-04-07 19:45:59.967103;(14, (1442, 1318, 265, 0, 0, 0, 0, 0, 0, 0))
2018-04-07 19:46:00.203900;(23, (1292, 1190, 787, 0, 0, 0, 0, 0, 0, 0))
2018-04-07 19:46:00.278168;(21, (1587, 1632, 753, 0, 0, 0, 0, 0, 0, 0))
2018-04-07 19:46:00.409382;(10, (1724, 1719, 713, 0, 0, 0, 0, 0, 0, 0))
2018-04-07 19:46:00.603601;(7, (1565, 1531, 552, 3, 0, 0, 0, 0, 0, 0))
2018-04-07 19:46:00.773649;(12, (1029, 996, 72, 0, 0, 0, 0, 0, 0, 0))
2018-04-07 19:46:00.786312;(5, (1284, 1346, 468, 0, 0, 0, 0, 0, 0, 0))
2018-04-07 19:46:00.909569;(17, (645, 814, 1, 5, 0, 0, 0, 0, 0, 0))
2018-04-07 19:46:00.935868;(22, (1640, 1543, 534, 0, 0, 0, 0, 0, 0, 0))
2018-04-07 19:46:00.937919;(6, (1065, 1118, 262, 0, 0, 0, 0, 0, 0, 0))
2018-04-07 19:46:01.014375;(18, (2004, 1966, 873, 2, 0, 0, 0, 0, 0, 0))
2018-04-07 19:46:01.025447;(15, (2484, 2478, 1429, 0, 0, 0, 0, 0, 0, 0))
2018-04-07 19:46:01.085344;(13, (1311, 1419, 559, 0, 0, 0, 0, 0, 0, 0))
2018-04-07 19:46:01.157605;(20, (2464, 2466, 1487, 1, 0, 0, 0, 0, 0, 0))
2018-04-07 19:46:01.350769;(19, (1349, 1362, 377, 3, 0, 0, 0, 0, 0, 0))
2018-04-07 19:46:01.413438;(16, (1008, 959, 28, 1, 0, 0, 0, 0, 0, 0))
2018-04-07 19:46:01.423877;(3, (1993, 1933, 783, 1, 0, 0, 0, 0, 0, 0))
2018-04-07 19:46:01.437066;(8, (1503, 1382, 346, 0, 0, 0, 0, 0, 0, 0))
2018-04-07 19:46:01.455529;(9, (692, 835, 0, 0, 0, 0, 0, 0, 0, 0))
2018-04-07 19:46:01.496372;(4, (991, 1127, 280, 0, 0, 0, 0, 0, 0, 0))
2018-04-07 19:46:29.346305;(1, (6811, 6157, 5884, 2942, 0, 0, 0, 0, 0, 0))
2018-04-07 19:46:29.957322;(11, (1207, 1191, 204, 3, 0, 0, 0, 0, 0, 0))
2018-04-07 19:46:29.970580;(14, (1479, 1354, 265, 0, 0, 0, 0, 0, 0, 0))
2018-04-07 19:46:30.206441;(23, (1361, 1259, 842, 0, 0, 0, 0, 0, 0, 0))
2018-04-07 19:46:30.281475;(21, (1712, 1762, 846, 0, 0, 0, 0, 0, 0, 0))
2018-04-07 19:46:30.412102;(10, (1756, 1755, 713, 0, 0, 0, 0, 0, 0, 0))
2018-04-07 19:46:30.606631;(7, (1614, 1578, 564, 3, 0, 0, 0, 0, 0, 0))
2018-04-07 19:46:30.776014;(12, (1064, 1029, 72, 0, 0, 0, 0, 0, 0, 0))
2018-04-07 19:46:30.789455;(5, (1347, 1413, 499, 0, 0, 0, 0, 0, 0, 0))
2018-04-07 19:46:30.913125;(17, (672, 847, 1, 5, 0, 0, 0, 0, 0, 0))
2018-04-07 19:46:30.938827;(22, (1685, 1585, 541, 0, 0, 0, 0, 0, 0, 0))
2018-04-07 19:46:30.941116;(6, (1115, 1171, 281, 0, 0, 0, 0, 0, 0, 0))
2018-04-07 19:46:31.019204;(18, (2081, 2045, 916, 2, 0, 0, 0, 0, 0, 0))
2018-04-07 19:46:31.027690;(15, (2524, 2520, 1436, 0, 0, 0, 0, 0, 0, 0))
2018-04-07 19:46:31.087752;(13, (1367, 1479, 585, 0, 0, 0, 0, 0, 0, 0))
2018-04-07 19:46:31.161127;(20, (2561, 2563, 1549, 1, 0, 0, 0, 0, 0, 0))
2018-04-07 19:46:31.352965;(19, (1397, 1409, 389, 3, 0, 0, 0, 0, 0, 0))
2018-04-07 19:46:31.417397;(16, (1044, 994, 28, 1, 0, 0, 0, 0, 0, 0))
2018-04-07 19:46:31.426997;(3, (2055, 1990, 807, 1, 0, 0, 0, 0, 0, 0))
2018-04-07 19:46:31.439329;(8, (1539, 1422, 346, 0, 0, 0, 0, 0, 0, 0))
2018-04-07 19:46:31.458747;(9, (721, 870, 0, 0, 0, 0, 0, 0, 0, 0))
2018-04-07 19:46:31.499530;(4, (1033, 1174, 292, 0, 0, 0, 0, 0, 0, 0))
2018-04-07 19:46:59.349050;(1, (7069, 6407, 6124, 3062, 0, 0, 0, 0, 0, 0))
2018-04-07 19:46:59.973968;(14, (1509, 1389, 265, 0, 0, 0, 0, 0, 0, 0))
2018-04-07 19:47:00.209657;(23, (1431, 1325, 896, 0, 0, 0, 0, 0, 0, 0))
2018-04-07 19:47:00.287245;(21, (1806, 1860, 908, 0, 0, 0, 0, 0, 0, 0))
2018-04-07 19:47:00.415012;(10, (1821, 1821, 742, 0, 0, 0, 0, 0, 0, 0))
2018-04-07 19:47:00.609576;(7, (1654, 1624, 576, 3, 0, 0, 0, 0, 0, 0))
2018-04-07 19:47:00.779189;(12, (1092, 1061, 72, 0, 0, 0, 0, 0, 0, 0))
2018-04-07 19:47:00.793239;(5, (1381, 1448, 500, 0, 0, 0, 0, 0, 0, 0))
2018-04-07 19:47:00.917036;(17, (698, 879, 1, 5, 0, 0, 0, 0, 0, 0))
2018-04-07 19:47:00.942490;(22, (1724, 1628, 547, 0, 0, 0, 0, 0, 0, 0))
2018-04-07 19:47:00.943383;(6, (1162, 1227, 299, 0, 0, 0, 0, 0, 0, 0))
2018-04-07 19:47:00.959621;(11, (1253, 1243, 222, 3, 0, 0, 0, 0, 0, 0))
2018-04-07 19:47:01.021711;(18, (2156, 2122, 958, 2, 0, 0, 0, 0, 0, 0))
2018-04-07 19:47:01.030777;(15, (2560, 2561, 1442, 0, 0, 0, 0, 0, 0, 0))
2018-04-07 19:47:01.090770;(13, (1420, 1537, 609, 0, 0, 0, 0, 0, 0, 0))
2018-04-07 19:47:01.165499;(20, (2650, 2657, 1609, 1, 0, 0, 0, 0, 0, 0))
2018-04-07 19:47:01.357285;(19, (1437, 1455, 401, 3, 0, 0, 0, 0, 0, 0))
2018-04-07 19:47:01.419730;(16, (1074, 1029, 28, 1, 0, 0, 0, 0, 0, 0))
2018-04-07 19:47:01.430205;(3, (2106, 2046, 831, 1, 0, 0, 0, 0, 0, 0))
2018-04-07 19:47:01.442467;(8, (1571, 1456, 346, 0, 0, 0, 0, 0, 0, 0))
2018-04-07 19:47:01.461490;(9, (749, 904, 0, 0, 0, 0, 0, 0, 0, 0))
2018-04-07 19:47:01.502954;(4, (1073, 1220, 304, 0, 0, 0, 0, 0, 0, 0))
2018-04-07 19:47:29.351122;(1, (7325, 6661, 6368, 3184, 0, 0, 0, 0, 0, 0))
2018-04-07 19:47:30.613175;(7, (1700, 1671, 588, 3, 0, 0, 0, 0, 0, 0))
2018-04-07 19:47:30.782173;(12, (1125, 1096, 72, 0, 0, 0, 0, 0, 0, 0))
2018-04-07 19:47:30.797052;(5, (1411, 1482, 500, 0, 0, 0, 0, 0, 0, 0))
2018-04-07 19:47:30.919714;(17, (725, 912, 1, 5, 0, 0, 0, 0, 0, 0))
2018-04-07 19:47:30.946176;(22, (1763, 1669, 553, 0, 0, 0, 0, 0, 0, 0))
2018-04-07 19:47:30.946495;(6, (1207, 1278, 317, 0, 0, 0, 0, 0, 0, 0))
2018-04-07 19:47:30.962097;(11, (1303, 1294, 240, 3, 0, 0, 0, 0, 0, 0))
2018-04-07 19:47:30.977547;(14, (1546, 1424, 265, 0, 0, 0, 0, 0, 0, 0))
2018-04-07 19:47:31.024348;(18, (2232, 2199, 1000, 2, 0, 0, 0, 0, 0, 0))
2018-04-07 19:47:31.033758;(15, (2596, 2602, 1448, 0, 0, 0, 0, 0, 0, 0))
2018-04-07 19:47:31.093164;(13, (1473, 1595, 633, 0, 0, 0, 0, 0, 0, 0))
2018-04-07 19:47:31.167779;(20, (2742, 2752, 1669, 1, 0, 0, 0, 0, 0, 0))
2018-04-07 19:47:31.213354;(23, (1500, 1392, 952, 0, 0, 0, 0, 0, 0, 0))
2018-04-07 19:47:31.290373;(21, (1896, 1955, 969, 0, 0, 0, 0, 0, 0, 0))
2018-04-07 19:47:31.359502;(19, (1481, 1502, 413, 3, 0, 0, 0, 0, 0, 0))
2018-04-07 19:47:31.418092;(10, (1886, 1888, 772, 0, 0, 0, 0, 0, 0, 0))
2018-04-07 19:47:31.422809;(16, (1107, 1064, 28, 1, 0, 0, 0, 0, 0, 0))
2018-04-07 19:47:31.434660;(3, (2163, 2103, 855, 1, 0, 0, 0, 0, 0, 0))
2018-04-07 19:47:31.445850;(8, (1608, 1493, 346, 0, 0, 0, 0, 0, 0, 0))
2018-04-07 19:47:31.465142;(9, (777, 938, 0, 0, 0, 0, 0, 0, 0, 0))
2018-04-07 19:47:31.506475;(4, (1113, 1266, 316, 0, 0, 0, 0, 0, 0, 0))
2018-04-07 19:47:59.353271;(1, (7578, 6911, 6608, 3304, 0, 0, 0, 0, 0, 0))
2018-04-07 19:48:00.616162;(7, (1741, 1717, 600, 3, 0, 0, 0, 0, 0, 0))
2018-04-07 19:48:00.784951;(12, (1154, 1130, 72, 0, 0, 0, 0, 0, 0, 0))
2018-04-07 19:48:00.922733;(17, (751, 944, 1, 5, 0, 0, 0, 0, 0, 0))
2018-04-07 19:48:00.949740;(6, (1262, 1339, 341, 0, 0, 0, 0, 0, 0, 0))
2018-04-07 19:48:00.953046;(22, (1806, 1716, 565, 0, 0, 0, 0, 0, 0, 0))
2018-04-07 19:48:00.965092;(11, (1342, 1338, 252, 3, 0, 0, 0, 0, 0, 0))
2018-04-07 19:48:00.979842;(14, (1575, 1458, 265, 0, 0, 0, 0, 0, 0, 0))
2018-04-07 19:48:01.029979;(18, (2298, 2269, 1036, 2, 0, 0, 0, 0, 0, 0))
2018-04-07 19:48:01.095671;(13, (1526, 1653, 657, 0, 0, 0, 0, 0, 0, 0))
2018-04-07 19:48:01.170622;(20, (2831, 2846, 1729, 1, 0, 0, 0, 0, 0, 0))
2018-04-07 19:48:01.218526;(23, (1559, 1451, 1000, 0, 0, 0, 0, 0, 0, 0))
2018-04-07 19:48:01.293712;(21, (1985, 2049, 1029, 0, 0, 0, 0, 0, 0, 0))
2018-04-07 19:48:01.363917;(19, (1522, 1548, 425, 3, 0, 0, 0, 0, 0, 0))
2018-04-07 19:48:01.420783;(10, (1952, 1960, 808, 0, 0, 0, 0, 0, 0, 0))
2018-04-07 19:48:01.800457;(5, (1440, 1516, 500, 0, 0, 0, 0, 0, 0, 0))
2018-04-07 19:48:02.037533;(15, (2626, 2636, 1448, 0, 0, 0, 0, 0, 0, 0))
2018-04-07 19:48:02.425899;(16, (1135, 1098, 28, 1, 0, 0, 0, 0, 0, 0))
2018-04-07 19:48:02.438030;(3, (2218, 2163, 879, 1, 0, 0, 0, 0, 0, 0))
2018-04-07 19:48:02.449097;(8, (1636, 1528, 346, 0, 0, 0, 0, 0, 0, 0))
2018-04-07 19:48:02.467713;(9, (805, 973, 0, 0, 0, 0, 0, 0, 0, 0))
2018-04-07 19:48:02.509900;(4, (1154, 1312, 328, 0, 0, 0, 0, 0, 0, 0))
2018-04-07 19:48:29.357691;(1, (7830, 7163, 6850, 3425, 0, 0, 0, 0, 0, 0))
2018-04-07 19:48:30.967539;(11, (1380, 1382, 264, 3, 0, 0, 0, 0, 0, 0))
2018-04-07 19:48:30.982766;(14, (1603, 1492, 265, 0, 0, 0, 0, 0, 0, 0))
2018-04-07 19:48:31.222334;(23, (1617, 1509, 1048, 0, 0, 0, 0, 0, 0, 0))
2018-04-07 19:48:31.296240;(21, (2073, 2143, 1089, 0, 0, 0, 0, 0, 0, 0))
2018-04-07 19:48:31.423483;(10, (2018, 2032, 846, 0, 0, 0, 0, 0, 0, 0))
2018-04-07 19:48:31.620763;(7, (1784, 1764, 612, 3, 0, 0, 0, 0, 0, 0))
2018-04-07 19:48:31.787507;(12, (1178, 1159, 72, 0, 0, 0, 0, 0, 0, 0))
2018-04-07 19:48:31.803290;(5, (1468, 1550, 500, 0, 0, 0, 0, 0, 0, 0))
2018-04-07 19:48:31.925669;(17, (778, 977, 1, 5, 0, 0, 0, 0, 0, 0))
2018-04-07 19:48:31.953333;(6, (1313, 1395, 365, 0, 0, 0, 0, 0, 0, 0))
2018-04-07 19:48:31.955591;(22, (1846, 1762, 577, 0, 0, 0, 0, 0, 0, 0))
2018-04-07 19:48:32.032449;(18, (2362, 2339, 1072, 2, 0, 0, 0, 0, 0, 0))
2018-04-07 19:48:32.039772;(15, (2654, 2670, 1448, 0, 0, 0, 0, 0, 0, 0))
2018-04-07 19:48:32.098823;(13, (1578, 1711, 681, 0, 0, 0, 0, 0, 0, 0))
2018-04-07 19:48:32.173075;(20, (2925, 2949, 1790, 1, 0, 0, 0, 0, 0, 0))
2018-04-07 19:48:32.367639;(19, (1563, 1597, 436, 3, 0, 0, 0, 0, 0, 0))
2018-04-07 19:48:32.429140;(16, (1163, 1132, 28, 1, 0, 0, 0, 0, 0, 0))
2018-04-07 19:48:32.441193;(3, (2270, 2219, 902, 1, 0, 0, 0, 0, 0, 0))
2018-04-07 19:48:32.451378;(8, (1664, 1562, 346, 0, 0, 0, 0, 0, 0, 0))
2018-04-07 19:48:32.472288;(9, (833, 1007, 0, 0, 0, 0, 0, 0, 0, 0))
2018-04-07 19:48:32.513072;(4, (1194, 1358, 340, 0, 0, 0, 0, 0, 0, 0))
2018-04-07 19:48:59.364900;(1, (8123, 7407, 7084, 3542, 0, 0, 0, 0, 0, 0))
2018-04-07 19:49:00.970635;(11, (1453, 1456, 286, 5, 0, 0, 0, 0, 0, 0))
2018-04-07 19:49:00.985854;(14, (1682, 1564, 283, 1, 0, 0, 0, 0, 0, 0))
2018-04-07 19:49:01.227394;(23, (1708, 1600, 1105, 0, 0, 0, 0, 0, 0, 0))
2018-04-07 19:49:01.303099;(21, (2146, 2218, 1124, 0, 0, 0, 0, 0, 0, 0))
2018-04-07 19:49:01.428222;(10, (2213, 2226, 961, 0, 0, 0, 0, 0, 0, 0))
2018-04-07 19:49:01.623620;(7, (1879, 1855, 638, 3, 0, 0, 0, 0, 0, 0))
2018-04-07 19:49:01.790547;(12, (1217, 1195, 74, 0, 0, 0, 0, 0, 0, 0))
2018-04-07 19:49:01.805835;(5, (1507, 1593, 502, 0, 0, 0, 0, 0, 0, 0))
2018-04-07 19:49:01.929559;(17, (819, 1029, 5, 6, 0, 0, 0, 0, 0, 0))
2018-04-07 19:49:01.956392;(6, (1412, 1499, 416, 0, 0, 0, 0, 0, 0, 0))
2018-04-07 19:49:01.959362;(22, (1978, 1890, 643, 0, 0, 0, 0, 0, 0, 0))
2018-04-07 19:49:02.034898;(18, (2487, 2457, 1123, 3, 0, 0, 0, 0, 0, 0))
2018-04-07 19:49:02.043039;(15, (2706, 2716, 1453, 0, 0, 0, 0, 0, 0, 0))
2018-04-07 19:49:02.104492;(13, (1630, 1769, 705, 0, 0, 0, 0, 0, 0, 0))
2018-04-07 19:49:02.176056;(20, (3011, 3030, 1820, 1, 0, 0, 0, 0, 0, 0))
2018-04-07 19:49:02.374068;(19, (1625, 1657, 444, 5, 0, 0, 0, 0, 0, 0))
2018-04-07 19:49:02.433117;(16, (1212, 1176, 31, 2, 0, 0, 0, 0, 0, 0))
2018-04-07 19:49:02.443504;(3, (2350, 2307, 921, 1, 0, 0, 0, 0, 0, 0))
2018-04-07 19:49:02.454690;(8, (1767, 1641, 376, 0, 0, 0, 0, 0, 0, 0))
2018-04-07 19:49:02.475055;(9, (861, 1041, 0, 0, 0, 0, 0, 0, 0, 0))
2018-04-07 19:49:02.515487;(4, (1235, 1404, 352, 0, 0, 0, 0, 0, 0, 0))
2018-04-07 19:49:29.366752;(1, (8427, 7675, 7342, 3671, 0, 0, 0, 0, 0, 0))
2018-04-07 19:49:30.974672;(11, (1512, 1520, 298, 5, 0, 0, 0, 0, 0, 0))
2018-04-07 19:49:30.989099;(14, (1747, 1620, 289, 1, 0, 0, 0, 0, 0, 0))
2018-04-07 19:49:31.230020;(23, (1779, 1672, 1151, 0, 0, 0, 0, 0, 0, 0))
2018-04-07 19:49:31.306232;(21, (2193, 2265, 1136, 0, 0, 0, 0, 0, 0, 0))
2018-04-07 19:49:31.430646;(10, (2424, 2434, 1118, 0, 0, 0, 0, 0, 0, 0))
2018-04-07 19:49:31.627225;(7, (1933, 1905, 650, 3, 0, 0, 0, 0, 0, 0))
2018-04-07 19:49:31.794384;(12, (1275, 1261, 81, 0, 0, 0, 0, 0, 0, 0))
2018-04-07 19:49:31.808500;(5, (1540, 1628, 502, 0, 0, 0, 0, 0, 0, 0))
2018-04-07 19:49:31.933455;(17, (848, 1065, 5, 6, 0, 0, 0, 0, 0, 0))
2018-04-07 19:49:31.958599;(6, (1480, 1574, 446, 0, 0, 0, 0, 0, 0, 0))
2018-04-07 19:49:31.962727;(22, (2139, 2045, 754, 0, 0, 0, 0, 0, 0, 0))
2018-04-07 19:49:32.037997;(18, (2572, 2531, 1152, 3, 0, 0, 0, 0, 0, 0))
2018-04-07 19:49:32.046695;(15, (2763, 2772, 1470, 0, 0, 0, 0, 0, 0, 0))
2018-04-07 19:49:32.107757;(13, (1683, 1827, 729, 0, 0, 0, 0, 0, 0, 0))
2018-04-07 19:49:32.179330;(20, (3071, 3092, 1845, 1, 0, 0, 0, 0, 0, 0))
2018-04-07 19:49:32.382037;(19, (1684, 1715, 464, 5, 0, 0, 0, 0, 0, 0))
2018-04-07 19:49:32.437754;(16, (1251, 1216, 31, 2, 0, 0, 0, 0, 0, 0))
2018-04-07 19:49:32.447162;(3, (2423, 2377, 953, 1, 0, 0, 0, 0, 0, 0))
2018-04-07 19:49:32.458500;(8, (1832, 1693, 389, 0, 0, 0, 0, 0, 0, 0))
2018-04-07 19:49:32.478122;(9, (889, 1075, 0, 0, 0, 0, 0, 0, 0, 0))
2018-04-07 19:49:32.518914;(4, (1275, 1450, 364, 0, 0, 0, 0, 0, 0, 0))
2018-04-07 19:50:00.369324;(1, (8686, 7927, 7584, 3792, 0, 0, 0, 0, 0, 0))
2018-04-07 19:50:00.991467;(14, (1783, 1659, 289, 1, 0, 0, 0, 0, 0, 0))
2018-04-07 19:50:01.630135;(7, (1979, 1954, 664, 3, 0, 0, 0, 0, 0, 0))
2018-04-07 19:50:01.798865;(12, (1321, 1306, 92, 0, 0, 0, 0, 0, 0, 0))
2018-04-07 19:50:01.810995;(5, (1571, 1663, 502, 0, 0, 0, 0, 0, 0, 0))
2018-04-07 19:50:01.936230;(17, (877, 1099, 5, 6, 0, 0, 0, 0, 0, 0))
2018-04-07 19:50:01.962321;(6, (1509, 1608, 446, 0, 0, 0, 0, 0, 0, 0))
2018-04-07 19:50:01.965876;(22, (2270, 2176, 849, 0, 0, 0, 0, 0, 0, 0))
2018-04-07 19:50:01.977810;(11, (1555, 1567, 310, 5, 0, 0, 0, 0, 0, 0))
2018-04-07 19:50:02.041055;(18, (2633, 2593, 1177, 3, 0, 0, 0, 0, 0, 0))
2018-04-07 19:50:02.110968;(13, (1735, 1885, 753, 0, 0, 0, 0, 0, 0, 0))
2018-04-07 19:50:02.182685;(20, (3127, 3151, 1869, 1, 0, 0, 0, 0, 0, 0))
2018-04-07 19:50:02.232145;(23, (1844, 1735, 1200, 0, 0, 0, 0, 0, 0, 0))
2018-04-07 19:50:02.309429;(21, (2236, 2311, 1148, 0, 0, 0, 0, 0, 0, 0))
2018-04-07 19:50:02.385409;(19, (1740, 1775, 487, 5, 0, 0, 0, 0, 0, 0))
2018-04-07 19:50:02.434085;(10, (2570, 2581, 1229, 0, 0, 0, 0, 0, 0, 0))
2018-04-07 19:50:02.445717;(16, (1286, 1251, 31, 2, 0, 0, 0, 0, 0, 0))
2018-04-07 19:50:02.450389;(3, (2494, 2446, 988, 1, 0, 0, 0, 0, 0, 0))
2018-04-07 19:50:02.462995;(8, (1870, 1728, 389, 0, 0, 0, 0, 0, 0, 0))
2018-04-07 19:50:02.481431;(9, (917, 1109, 0, 0, 0, 0, 0, 0, 0, 0))
2018-04-07 19:50:02.521900;(4, (1315, 1496, 376, 0, 0, 0, 0, 0, 0, 0))
2018-04-07 19:50:03.050057;(15, (2846, 2857, 1519, 0, 0, 0, 0, 0, 0, 0))
2018-04-07 19:50:30.374820;(1, (8945, 8181, 7828, 3914, 0, 0, 0, 0, 0, 0))
2018-04-07 19:50:31.633227;(7, (2026, 2008, 677, 3, 0, 0, 0, 0, 0, 0))
2018-04-07 19:50:31.938820;(17, (887, 1118, 5, 6, 0, 0, 0, 0, 0, 0))
2018-04-07 19:50:31.965356;(6, (1537, 1641, 446, 0, 0, 0, 0, 0, 0, 0))
2018-04-07 19:50:31.969100;(22, (2390, 2297, 934, 0, 0, 0, 0, 0, 0, 0))
2018-04-07 19:50:31.981592;(11, (1597, 1613, 322, 5, 0, 0, 0, 0, 0, 0))
2018-04-07 19:50:31.995419;(14, (1814, 1695, 289, 1, 0, 0, 0, 0, 0, 0))
2018-04-07 19:50:32.043388;(18, (2702, 2664, 1214, 3, 0, 0, 0, 0, 0, 0))
2018-04-07 19:50:32.114277;(13, (1787, 1943, 777, 0, 0, 0, 0, 0, 0, 0))
2018-04-07 19:50:32.186334;(20, (3187, 3213, 1894, 1, 0, 0, 0, 0, 0, 0))
2018-04-07 19:50:32.234194;(23, (1917, 1806, 1261, 0, 0, 0, 0, 0, 0, 0))
2018-04-07 19:50:32.311954;(21, (2277, 2357, 1160, 0, 0, 0, 0, 0, 0, 0))
2018-04-07 19:50:32.437060;(10, (2699, 2715, 1326, 0, 0, 0, 0, 0, 0, 0))
2018-04-07 19:50:32.802116;(12, (1352, 1339, 92, 0, 0, 0, 0, 0, 0, 0))
2018-04-07 19:50:32.814814;(5, (1601, 1698, 502, 0, 0, 0, 0, 0, 0, 0))
2018-04-07 19:50:33.054351;(15, (2936, 2951, 1579, 0, 0, 0, 0, 0, 0, 0))
2018-04-07 19:50:33.387777;(19, (1782, 1822, 499, 5, 0, 0, 0, 0, 0, 0))
2018-04-07 19:50:33.453549;(16, (1319, 1286, 31, 2, 0, 0, 0, 0, 0, 0))
2018-04-07 19:50:33.454625;(3, (2551, 2504, 1014, 1, 0, 0, 0, 0, 0, 0))
2018-04-07 19:50:33.466545;(8, (1905, 1763, 389, 0, 0, 0, 0, 0, 0, 0))
2018-04-07 19:50:33.486653;(9, (945, 1143, 0, 0, 0, 0, 0, 0, 0, 0))
2018-04-07 19:50:33.524313;(4, (1355, 1542, 388, 0, 0, 0, 0, 0, 0, 0))
