2018-03-20 20:24:26.974941;(6, (152, 132, 3, 0, 0, 0, 0, 0, 0, 0))
2018-03-20 20:24:26.987870;(23, (71, 33, 0, 0, 0, 0, 0, 0, 0, 0))
2018-03-20 20:24:27.069312;(24, (75, 42, 6, 0, 0, 0, 0, 0, 0, 0))
2018-03-20 20:24:27.089630;(15, (86, 60, 0, 0, 0, 0, 0, 0, 0, 0))
2018-03-20 20:24:27.169834;(20, (82, 32, 0, 0, 0, 0, 0, 0, 0, 0))
2018-03-20 20:24:27.196169;(3, (181, 160, 22, 0, 0, 0, 0, 0, 0, 0))
2018-03-20 20:24:27.271382;(19, (161, 121, 48, 0, 0, 0, 0, 0, 0, 0))
2018-03-20 20:24:27.292188;(14, (137, 74, 4, 0, 0, 0, 0, 0, 0, 0))
2018-03-20 20:24:27.374356;(25, (52, 38, 0, 0, 0, 0, 0, 0, 0, 0))
2018-03-20 20:24:27.395369;(26, (81, 29, 0, 0, 0, 0, 0, 0, 0, 0))
2018-03-20 20:24:27.464538;(10, (146, 134, 29, 0, 0, 0, 0, 0, 0, 0))
2018-03-20 20:24:27.478474;(7, (110, 76, 7, 0, 0, 0, 0, 0, 0, 0))
2018-03-20 20:24:27.484398;(11, (118, 106, 15, 0, 0, 0, 0, 0, 0, 0))
2018-03-20 20:24:27.555207;(9, (103, 71, 0, 0, 0, 0, 0, 0, 0, 0))
2018-03-20 20:24:27.562531;(12, (80, 66, 0, 0, 0, 0, 0, 0, 0, 0))
2018-03-20 20:24:27.584284;(4, (91, 94, 0, 0, 0, 0, 0, 0, 0, 0))
2018-03-20 20:24:27.639892;(13, (80, 73, 0, 0, 0, 0, 0, 0, 0, 0))
2018-03-20 20:24:27.658311;(8, (133, 114, 0, 0, 0, 0, 0, 0, 0, 0))
2018-03-20 20:24:27.671448;(5, (162, 139, 33, 0, 0, 0, 0, 0, 0, 0))
2018-03-20 20:24:27.704325;(1, (552, 364, 342, 0, 0, 0, 0, 0, 0, 0))
2018-03-20 20:24:27.734258;(21, (147, 72, 32, 0, 0, 0, 0, 0, 0, 0))
2018-03-20 20:24:27.767111;(18, (60, 64, 0, 0, 0, 0, 0, 0, 0, 0))
2018-03-20 20:24:27.792054;(22, (207, 145, 70, 0, 0, 0, 0, 0, 0, 0))
2018-03-20 20:24:27.813496;(16, (158, 98, 39, 0, 0, 0, 0, 0, 0, 0))
2018-03-20 20:24:27.886696;(2, (215, 224, 55, 0, 0, 0, 0, 0, 0, 0))
2018-03-20 20:25:26.990747;(6, (310, 304, 18, 0, 0, 0, 0, 0, 0, 0))
2018-03-20 20:25:27.004094;(23, (366, 333, 165, 0, 0, 0, 0, 0, 0, 0))
2018-03-20 20:25:27.082824;(24, (249, 212, 67, 0, 0, 0, 0, 0, 0, 0))
2018-03-20 20:25:27.104073;(15, (234, 233, 0, 0, 0, 0, 0, 0, 0, 0))
2018-03-20 20:25:27.183247;(20, (181, 136, 0, 0, 0, 0, 0, 0, 0, 0))
2018-03-20 20:25:27.215060;(3, (429, 420, 127, 0, 0, 0, 0, 0, 0, 0))
2018-03-20 20:25:27.283072;(19, (504, 456, 226, 0, 0, 0, 0, 0, 0, 0))
2018-03-20 20:25:27.307428;(14, (343, 283, 46, 0, 0, 0, 0, 0, 0, 0))
2018-03-20 20:25:27.386311;(25, (193, 167, 15, 0, 0, 0, 0, 0, 0, 0))
2018-03-20 20:25:27.406394;(26, (344, 289, 98, 0, 0, 0, 0, 0, 0, 0))
2018-03-20 20:25:27.479475;(10, (519, 538, 241, 0, 0, 0, 0, 0, 0, 0))
2018-03-20 20:25:27.491788;(7, (296, 281, 67, 0, 0, 0, 0, 0, 0, 0))
2018-03-20 20:25:27.499577;(11, (463, 454, 169, 0, 0, 0, 0, 0, 0, 0))
2018-03-20 20:25:27.569634;(9, (291, 278, 41, 0, 0, 0, 0, 0, 0, 0))
2018-03-20 20:25:27.578680;(12, (226, 247, 0, 0, 0, 0, 0, 0, 0, 0))
2018-03-20 20:25:27.599499;(4, (258, 288, 22, 0, 0, 0, 0, 0, 0, 0))
2018-03-20 20:25:27.655355;(13, (260, 285, 33, 0, 0, 0, 0, 0, 0, 0))
2018-03-20 20:25:27.674803;(8, (290, 281, 13, 0, 0, 0, 0, 0, 0, 0))
2018-03-20 20:25:27.690320;(5, (457, 459, 138, 0, 0, 0, 0, 0, 0, 0))
2018-03-20 20:25:27.715769;(1, (2052, 1738, 1706, 0, 0, 0, 0, 0, 0, 0))
2018-03-20 20:25:27.784601;(18, (183, 212, 0, 0, 0, 0, 0, 0, 0, 0))
2018-03-20 20:25:27.808689;(22, (666, 593, 354, 0, 0, 0, 0, 0, 0, 0))
2018-03-20 20:25:27.832117;(16, (450, 401, 164, 0, 0, 0, 0, 0, 0, 0))
2018-03-20 20:25:27.901944;(2, (444, 481, 148, 0, 0, 0, 0, 0, 0, 0))
2018-03-20 20:25:27.907395;(17, (285, 279, 54, 0, 0, 0, 0, 0, 0, 0))
2018-03-20 20:26:27.004678;(6, (435, 458, 18, 0, 0, 0, 0, 0, 0, 0))
2018-03-20 20:26:27.018590;(23, (769, 760, 403, 0, 0, 0, 0, 0, 0, 0))
2018-03-20 20:26:27.096226;(24, (383, 341, 78, 0, 0, 0, 0, 0, 0, 0))
2018-03-20 20:26:27.120583;(15, (381, 408, 1, 0, 0, 0, 0, 0, 0, 0))
2018-03-20 20:26:27.198319;(20, (321, 280, 1, 0, 0, 0, 0, 0, 0, 0))
2018-03-20 20:26:27.235750;(3, (638, 639, 189, 0, 0, 0, 0, 0, 0, 0))
2018-03-20 20:26:27.297818;(19, (848, 794, 353, 0, 0, 0, 0, 0, 0, 0))
2018-03-20 20:26:27.324314;(14, (604, 536, 108, 0, 0, 0, 0, 0, 0, 0))
2018-03-20 20:26:27.398483;(25, (303, 278, 19, 0, 0, 0, 0, 0, 0, 0))
2018-03-20 20:26:27.418128;(26, (705, 647, 224, 0, 0, 0, 0, 0, 0, 0))
2018-03-20 20:26:27.493588;(10, (881, 932, 426, 0, 0, 0, 0, 0, 0, 0))
2018-03-20 20:26:27.505669;(7, (478, 485, 123, 0, 0, 0, 0, 0, 0, 0))
2018-03-20 20:26:27.516419;(11, (799, 810, 302, 0, 0, 0, 0, 0, 0, 0))
2018-03-20 20:26:27.582528;(9, (404, 398, 51, 0, 0, 0, 0, 0, 0, 0))
2018-03-20 20:26:27.595042;(12, (395, 463, 20, 0, 0, 0, 0, 0, 0, 0))
2018-03-20 20:26:27.669001;(13, (374, 411, 35, 0, 0, 0, 0, 0, 0, 0))
2018-03-20 20:26:27.691482;(8, (527, 530, 81, 0, 0, 0, 0, 0, 0, 0))
2018-03-20 20:26:27.704744;(5, (619, 607, 168, 0, 0, 0, 0, 0, 0, 0))
2018-03-20 20:26:27.727549;(1, (3582, 3112, 3070, 0, 0, 0, 0, 0, 0, 0))
2018-03-20 20:26:27.769682;(21, (772, 669, 322, 0, 0, 0, 0, 0, 0, 0))
2018-03-20 20:26:27.800583;(18, (305, 368, 0, 0, 0, 0, 0, 0, 0, 0))
2018-03-20 20:26:27.827189;(22, (1314, 1248, 786, 0, 0, 0, 0, 0, 0, 0))
2018-03-20 20:26:27.851593;(16, (839, 783, 344, 0, 0, 0, 0, 0, 0, 0))
2018-03-20 20:26:27.920399;(2, (567, 629, 151, 0, 0, 0, 0, 0, 0, 0))
2018-03-20 20:26:27.921563;(17, (468, 464, 86, 0, 0, 0, 0, 0, 0, 0))
2018-03-20 20:27:27.018237;(6, (575, 606, 21, 0, 0, 0, 0, 0, 0, 0))
2018-03-20 20:27:27.032622;(23, (1199, 1213, 674, 0, 0, 0, 0, 0, 0, 0))
2018-03-20 20:27:27.110204;(24, (559, 522, 103, 0, 0, 0, 0, 0, 0, 0))
2018-03-20 20:27:27.133267;(15, (559, 606, 11, 0, 0, 0, 0, 0, 0, 0))
2018-03-20 20:27:27.214913;(20, (516, 476, 45, 0, 0, 0, 0, 0, 0, 0))
2018-03-20 20:27:27.252323;(3, (1026, 1055, 422, 0, 0, 0, 0, 0, 0, 0))
2018-03-20 20:27:27.313705;(19, (1263, 1243, 548, 0, 0, 0, 0, 0, 0, 0))
2018-03-20 20:27:27.341335;(14, (898, 807, 210, 0, 0, 0, 0, 0, 0, 0))
2018-03-20 20:27:27.411447;(25, (466, 465, 35, 0, 0, 0, 0, 0, 0, 0))
2018-03-20 20:27:27.429671;(26, (1234, 1188, 523, 0, 0, 0, 0, 0, 0, 0))
2018-03-20 20:27:27.505853;(10, (1286, 1367, 666, 1, 0, 0, 0, 0, 0, 0))
2018-03-20 20:27:27.520201;(7, (648, 674, 166, 0, 0, 0, 0, 0, 0, 0))
2018-03-20 20:27:27.531250;(11, (1171, 1213, 490, 0, 0, 0, 0, 0, 0, 0))
2018-03-20 20:27:27.596821;(9, (549, 582, 68, 0, 0, 0, 0, 0, 0, 0))
2018-03-20 20:27:27.610690;(12, (568, 673, 32, 0, 0, 0, 0, 0, 0, 0))
2018-03-20 20:27:27.626604;(4, (516, 539, 68, 0, 0, 0, 0, 0, 0, 0))
2018-03-20 20:27:27.683786;(13, (508, 559, 51, 0, 0, 0, 0, 0, 0, 0))
2018-03-20 20:27:27.709013;(8, (810, 815, 174, 0, 0, 0, 0, 0, 0, 0))
2018-03-20 20:27:27.721453;(5, (753, 764, 173, 0, 0, 0, 0, 0, 0, 0))
2018-03-20 20:27:27.740820;(1, (5228, 4605, 4553, 0, 0, 0, 0, 0, 0, 0))
2018-03-20 20:27:27.785639;(21, (1183, 1079, 562, 0, 0, 0, 0, 0, 0, 0))
2018-03-20 20:27:27.818350;(18, (533, 641, 96, 0, 0, 0, 0, 0, 0, 0))
2018-03-20 20:27:27.845662;(22, (1748, 1692, 1024, 0, 0, 0, 0, 0, 0, 0))
2018-03-20 20:27:27.867559;(16, (1335, 1287, 591, 0, 0, 0, 0, 0, 0, 0))
2018-03-20 20:27:27.936355;(2, (685, 775, 151, 0, 0, 0, 0, 0, 0, 0))
2018-03-20 20:27:27.937243;(17, (575, 578, 95, 0, 0, 0, 0, 0, 0, 0))
2018-03-20 20:28:27.034180;(6, (1200, 1232, 457, 0, 0, 0, 0, 0, 0, 0))
2018-03-20 20:28:27.048786;(23, (1698, 1775, 1014, 0, 0, 0, 0, 0, 0, 0))
2018-03-20 20:28:27.124611;(24, (682, 657, 107, 0, 0, 0, 0, 0, 0, 0))
2018-03-20 20:28:27.147104;(15, (720, 789, 38, 0, 0, 0, 0, 0, 0, 0))
2018-03-20 20:28:27.231960;(20, (765, 718, 127, 0, 0, 0, 0, 0, 0, 0))
2018-03-20 20:28:27.269322;(3, (1233, 1278, 495, 0, 0, 0, 0, 0, 0, 0))
2018-03-20 20:28:27.332540;(19, (1524, 1499, 612, 0, 0, 0, 0, 0, 0, 0))
2018-03-20 20:28:27.356267;(14, (1148, 1045, 276, 0, 0, 0, 0, 0, 0, 0))
2018-03-20 20:28:27.427915;(25, (628, 654, 40, 0, 0, 0, 0, 0, 0, 0))
2018-03-20 20:28:27.441899;(26, (1730, 1669, 780, 0, 0, 0, 0, 0, 0, 0))
2018-03-20 20:28:27.518026;(10, (1807, 1926, 1007, 1, 0, 0, 0, 0, 0, 0))
2018-03-20 20:28:27.535592;(7, (890, 931, 271, 0, 0, 0, 0, 0, 0, 0))
2018-03-20 20:28:27.544408;(11, (1663, 1707, 785, 0, 0, 0, 0, 0, 0, 0))
2018-03-20 20:28:27.610631;(9, (736, 793, 101, 0, 0, 0, 0, 0, 0, 0))
2018-03-20 20:28:27.625612;(12, (769, 892, 76, 0, 0, 0, 0, 0, 0, 0))
2018-03-20 20:28:27.642982;(4, (741, 783, 127, 0, 0, 0, 0, 0, 0, 0))
2018-03-20 20:28:27.698274;(13, (664, 724, 58, 0, 0, 0, 0, 0, 0, 0))
2018-03-20 20:28:27.725353;(8, (1006, 1049, 213, 0, 0, 0, 0, 0, 0, 0))
2018-03-20 20:28:27.734072;(5, (928, 933, 218, 0, 0, 0, 0, 0, 0, 0))
2018-03-20 20:28:27.752414;(1, (6877, 6124, 6062, 0, 0, 0, 0, 0, 0, 0))
2018-03-20 20:28:27.800052;(21, (1366, 1281, 594, 0, 0, 0, 0, 0, 0, 0))
2018-03-20 20:28:27.837443;(18, (742, 874, 167, 0, 0, 0, 0, 0, 0, 0))
2018-03-20 20:28:27.862006;(22, (2358, 2318, 1425, 0, 0, 0, 0, 0, 0, 0))
2018-03-20 20:28:27.884204;(16, (1854, 1817, 900, 0, 0, 0, 0, 0, 0, 0))
2018-03-20 20:28:27.951102;(17, (701, 723, 110, 0, 0, 0, 0, 0, 0, 0))
2018-03-20 20:28:27.951829;(2, (804, 923, 151, 0, 0, 0, 0, 0, 0, 0))
2018-03-20 20:29:27.048598;(6, (1803, 1836, 881, 0, 0, 0, 0, 0, 0, 0))
2018-03-20 20:29:27.063715;(23, (2211, 2319, 1352, 0, 0, 0, 0, 0, 0, 0))
2018-03-20 20:29:27.136640;(24, (837, 822, 119, 0, 0, 0, 0, 0, 0, 0))
2018-03-20 20:29:27.157631;(15, (894, 978, 49, 0, 0, 0, 0, 0, 0, 0))
2018-03-20 20:29:27.247725;(20, (914, 871, 137, 0, 0, 0, 0, 0, 0, 0))
2018-03-20 20:29:27.285220;(3, (1497, 1556, 605, 0, 0, 0, 0, 0, 0, 0))
2018-03-20 20:29:27.346751;(19, (1839, 1808, 706, 0, 0, 0, 0, 0, 0, 0))
2018-03-20 20:29:27.371719;(14, (1314, 1203, 289, 0, 0, 0, 0, 0, 0, 0))
2018-03-20 20:29:27.440559;(25, (682, 706, 42, 0, 0, 0, 0, 0, 0, 0))
2018-03-20 20:29:27.453032;(26, (2258, 2192, 1094, 1, 0, 0, 0, 0, 0, 0))
2018-03-20 20:29:27.531895;(10, (2381, 2566, 1387, 1, 0, 0, 0, 0, 0, 0))
2018-03-20 20:29:27.551407;(7, (1247, 1283, 460, 0, 0, 0, 0, 0, 0, 0))
2018-03-20 20:29:27.556681;(11, (2218, 2275, 1187, 0, 0, 0, 0, 0, 0, 0))
2018-03-20 20:29:27.624574;(9, (923, 986, 121, 0, 0, 0, 0, 0, 0, 0))
2018-03-20 20:29:27.643354;(12, (954, 1082, 100, 0, 0, 0, 0, 0, 0, 0))
2018-03-20 20:29:27.658189;(4, (977, 1042, 207, 0, 0, 0, 0, 0, 0, 0))
2018-03-20 20:29:27.715663;(13, (845, 920, 77, 0, 0, 0, 0, 0, 0, 0))
2018-03-20 20:29:27.743643;(8, (1201, 1280, 248, 0, 0, 0, 0, 0, 0, 0))
2018-03-20 20:29:27.752054;(5, (1102, 1105, 234, 0, 0, 0, 0, 0, 0, 0))
2018-03-20 20:29:27.765379;(1, (8411, 7528, 7456, 0, 0, 0, 0, 0, 0, 0))
2018-03-20 20:29:27.817422;(21, (1568, 1480, 624, 0, 0, 0, 0, 0, 0, 0))
2018-03-20 20:29:27.855498;(18, (1076, 1227, 333, 0, 0, 0, 0, 0, 0, 0))
2018-03-20 20:29:27.879532;(22, (2834, 2788, 1715, 0, 0, 0, 0, 0, 0, 0))
2018-03-20 20:29:27.901113;(16, (2409, 2357, 1208, 0, 0, 0, 0, 0, 0, 0))
2018-03-20 20:29:27.964346;(17, (915, 955, 175, 0, 0, 0, 0, 0, 0, 0))
2018-03-20 20:29:27.967374;(2, (922, 1066, 151, 0, 0, 0, 0, 0, 0, 0))
2018-03-20 20:30:27.063936;(6, (2577, 2596, 1447, 0, 0, 0, 0, 0, 0, 0))
2018-03-20 20:30:27.081399;(23, (2609, 2750, 1596, 0, 0, 0, 0, 0, 0, 0))
2018-03-20 20:30:27.146911;(24, (900, 877, 120, 0, 0, 0, 0, 0, 0, 0))
2018-03-20 20:30:27.170347;(15, (1101, 1202, 83, 0, 0, 0, 0, 0, 0, 0))
2018-03-20 20:30:27.262204;(20, (1107, 1076, 197, 0, 0, 0, 0, 0, 0, 0))
2018-03-20 20:30:27.300393;(3, (1634, 1710, 610, 0, 0, 0, 0, 0, 0, 0))
2018-03-20 20:30:27.364920;(19, (2142, 2107, 793, 0, 0, 0, 0, 0, 0, 0))
2018-03-20 20:30:27.386168;(14, (1466, 1356, 299, 0, 0, 0, 0, 0, 0, 0))
2018-03-20 20:30:27.452949;(25, (791, 822, 49, 0, 0, 0, 0, 0, 0, 0))
2018-03-20 20:30:27.468873;(26, (2574, 2533, 1220, 1, 0, 0, 0, 0, 0, 0))
2018-03-20 20:30:27.546239;(10, (2823, 3040, 1662, 1, 0, 0, 0, 0, 0, 0))
2018-03-20 20:30:27.568555;(7, (1405, 1452, 482, 0, 0, 0, 0, 0, 0, 0))
2018-03-20 20:30:27.572839;(11, (2619, 2692, 1402, 0, 0, 0, 0, 0, 0, 0))
2018-03-20 20:30:27.636804;(9, (1168, 1226, 216, 0, 0, 0, 0, 0, 0, 0))
2018-03-20 20:30:27.656971;(12, (1077, 1204, 113, 0, 0, 0, 0, 0, 0, 0))
2018-03-20 20:30:27.670170;(4, (1123, 1192, 250, 0, 0, 0, 0, 0, 0, 0))
2018-03-20 20:30:27.728926;(13, (960, 1037, 93, 0, 0, 0, 0, 0, 0, 0))
2018-03-20 20:30:27.757807;(8, (1447, 1542, 344, 0, 0, 0, 0, 0, 0, 0))
2018-03-20 20:30:27.767667;(5, (1263, 1265, 252, 0, 0, 0, 0, 0, 0, 0))
2018-03-20 20:30:27.778404;(1, (9882, 8894, 8812, 0, 0, 0, 0, 0, 0, 0))
2018-03-20 20:30:27.837533;(21, (1932, 1852, 816, 0, 0, 0, 0, 0, 0, 0))
2018-03-20 20:30:27.875339;(18, (1195, 1377, 333, 0, 0, 0, 0, 0, 0, 0))
2018-03-20 20:30:27.898787;(22, (3313, 3285, 1986, 0, 0, 0, 0, 0, 0, 0))
2018-03-20 20:30:27.919257;(16, (2747, 2692, 1347, 0, 0, 0, 0, 0, 0, 0))
2018-03-20 20:30:27.977714;(17, (1124, 1186, 242, 0, 0, 0, 0, 0, 0, 0))
2018-03-20 20:30:27.982712;(2, (1150, 1321, 241, 0, 0, 0, 0, 0, 0, 0))
2018-03-20 20:31:27.079769;(6, (3380, 3406, 2055, 0, 0, 0, 0, 0, 0, 0))
2018-03-20 20:31:27.100265;(23, (2813, 2986, 1669, 0, 0, 0, 0, 0, 0, 0))
2018-03-20 20:31:27.157617;(24, (1008, 973, 123, 0, 0, 0, 0, 0, 0, 0))
2018-03-20 20:31:27.182760;(15, (1267, 1387, 101, 0, 0, 0, 0, 0, 0, 0))
2018-03-20 20:31:27.276938;(20, (1306, 1282, 260, 0, 0, 0, 0, 0, 0, 0))
2018-03-20 20:31:27.315992;(3, (1765, 1854, 610, 0, 0, 0, 0, 0, 0, 0))
2018-03-20 20:31:27.380821;(19, (2355, 2318, 833, 0, 0, 0, 0, 0, 0, 0))
2018-03-20 20:31:27.400811;(14, (1636, 1530, 305, 0, 0, 0, 0, 0, 0, 0))
2018-03-20 20:31:27.464286;(25, (892, 935, 54, 0, 0, 0, 0, 0, 0, 0))
2018-03-20 20:31:27.485721;(26, (2857, 2817, 1301, 1, 0, 0, 0, 0, 0, 0))
2018-03-20 20:31:27.562377;(10, (3257, 3494, 1926, 1, 0, 0, 0, 0, 0, 0))
2018-03-20 20:31:27.585207;(7, (1548, 1610, 497, 0, 0, 0, 0, 0, 0, 0))
2018-03-20 20:31:27.587667;(11, (3001, 3090, 1594, 0, 0, 0, 0, 0, 0, 0))
2018-03-20 20:31:27.651437;(9, (1508, 1563, 383, 0, 0, 0, 0, 0, 0, 0))
2018-03-20 20:31:27.672912;(12, (1244, 1411, 133, 0, 0, 0, 0, 0, 0, 0))
2018-03-20 20:31:27.683817;(4, (1337, 1396, 322, 0, 0, 0, 0, 0, 0, 0))
2018-03-20 20:31:27.741494;(13, (1209, 1278, 183, 0, 0, 0, 0, 0, 0, 0))
2018-03-20 20:31:27.783200;(5, (1433, 1435, 275, 0, 0, 0, 0, 0, 0, 0))
2018-03-20 20:31:27.791192;(1, (11368, 10282, 10190, 0, 0, 0, 0, 0, 0, 0))
2018-03-20 20:31:27.854753;(21, (2140, 2060, 861, 0, 0, 0, 0, 0, 0, 0))
2018-03-20 20:31:27.893092;(18, (1311, 1518, 333, 0, 0, 0, 0, 0, 0, 0))
2018-03-20 20:31:27.917949;(22, (4001, 3989, 2477, 0, 0, 0, 0, 0, 0, 0))
2018-03-20 20:31:27.936759;(16, (2961, 2903, 1411, 0, 0, 0, 0, 0, 0, 0))
2018-03-20 20:31:27.991485;(17, (1304, 1386, 292, 0, 0, 0, 0, 0, 0, 0))
2018-03-20 20:31:27.999075;(2, (1571, 1770, 517, 0, 0, 0, 0, 0, 0, 0))
2018-03-20 20:32:27.095831;(6, (4086, 4137, 2592, 0, 0, 0, 0, 0, 0, 0))
2018-03-20 20:32:27.115620;(23, (3068, 3256, 1780, 0, 0, 0, 0, 0, 0, 0))
2018-03-20 20:32:27.167249;(24, (1116, 1080, 131, 0, 0, 0, 0, 0, 0, 0))
2018-03-20 20:32:27.194174;(15, (1407, 1544, 111, 0, 0, 0, 0, 0, 0, 0))
2018-03-20 20:32:27.291374;(20, (1669, 1648, 461, 0, 0, 0, 0, 0, 0, 0))
2018-03-20 20:32:27.331163;(3, (1892, 1998, 610, 0, 0, 0, 0, 0, 0, 0))
2018-03-20 20:32:27.395386;(19, (2541, 2515, 861, 0, 0, 0, 0, 0, 0, 0))
2018-03-20 20:32:27.413899;(14, (1774, 1676, 307, 0, 0, 0, 0, 0, 0, 0))
2018-03-20 20:32:27.478174;(25, (1059, 1117, 70, 0, 0, 0, 0, 0, 0, 0))
2018-03-20 20:32:27.500460;(26, (3105, 3063, 1392, 1, 0, 0, 0, 0, 0, 0))
2018-03-20 20:32:27.576247;(10, (3735, 4011, 2236, 1, 0, 0, 0, 0, 0, 0))
2018-03-20 20:32:27.601806;(7, (1682, 1763, 497, 0, 0, 0, 0, 0, 0, 0))
2018-03-20 20:32:27.604181;(11, (3573, 3680, 1959, 1, 0, 0, 0, 0, 0, 0))
2018-03-20 20:32:27.666406;(9, (1696, 1761, 423, 0, 0, 0, 0, 0, 0, 0))
2018-03-20 20:32:27.688803;(12, (1491, 1669, 237, 0, 0, 0, 0, 0, 0, 0))
2018-03-20 20:32:27.698595;(4, (1490, 1557, 341, 0, 0, 0, 0, 0, 0, 0))
2018-03-20 20:32:27.753678;(13, (1327, 1399, 207, 0, 0, 0, 0, 0, 0, 0))
2018-03-20 20:32:27.789317;(8, (1911, 2047, 498, 0, 0, 0, 0, 0, 0, 0))
2018-03-20 20:32:27.795411;(5, (1650, 1643, 338, 0, 0, 0, 0, 0, 0, 0))
2018-03-20 20:32:27.803150;(1, (12840, 11634, 11530, 0, 0, 0, 0, 0, 0, 0))
2018-03-20 20:32:27.868973;(21, (2258, 2185, 890, 0, 0, 0, 0, 0, 0, 0))
2018-03-20 20:32:27.909835;(18, (1434, 1676, 335, 0, 0, 0, 0, 0, 0, 0))
2018-03-20 20:32:27.937271;(22, (4588, 4577, 2888, 0, 0, 0, 0, 0, 0, 0))
2018-03-20 20:32:27.955649;(16, (3287, 3230, 1570, 0, 0, 0, 0, 0, 0, 0))
2018-03-20 20:32:28.005786;(17, (1687, 1791, 493, 1, 0, 0, 0, 0, 0, 0))
2018-03-20 20:32:28.015352;(2, (1974, 2210, 770, 0, 0, 0, 0, 0, 0, 0))
2018-03-20 20:33:27.110756;(6, (4762, 4825, 3080, 0, 0, 0, 0, 0, 0, 0))
2018-03-20 20:33:27.129266;(23, (3619, 3809, 2124, 0, 0, 0, 0, 0, 0, 0))
2018-03-20 20:33:27.178004;(24, (1182, 1132, 134, 0, 0, 0, 0, 0, 0, 0))
2018-03-20 20:33:27.205077;(15, (1525, 1659, 111, 0, 0, 0, 0, 0, 0, 0))
2018-03-20 20:33:27.306462;(20, (1928, 1899, 545, 0, 0, 0, 0, 0, 0, 0))
2018-03-20 20:33:27.345950;(3, (2030, 2152, 610, 0, 0, 0, 0, 0, 0, 0))
2018-03-20 20:33:27.406534;(19, (2733, 2704, 927, 0, 0, 0, 0, 0, 0, 0))
2018-03-20 20:33:27.427753;(14, (1973, 1867, 356, 0, 0, 0, 0, 0, 0, 0))
2018-03-20 20:33:27.492151;(25, (1275, 1339, 137, 0, 0, 0, 0, 0, 0, 0))
2018-03-20 20:33:27.512403;(26, (3450, 3409, 1547, 1, 0, 0, 0, 0, 0, 0))
2018-03-20 20:33:27.593500;(10, (4207, 4503, 2514, 1, 0, 0, 0, 0, 0, 0))
2018-03-20 20:33:27.618776;(7, (1880, 1964, 541, 0, 0, 0, 0, 0, 0, 0))
2018-03-20 20:33:27.622560;(11, (4023, 4136, 2180, 1, 0, 0, 0, 0, 0, 0))
2018-03-20 20:33:27.681720;(9, (1987, 2044, 543, 0, 0, 0, 0, 0, 0, 0))
2018-03-20 20:33:27.702608;(12, (1643, 1822, 275, 0, 0, 0, 0, 0, 0, 0))
2018-03-20 20:33:27.712132;(4, (1592, 1666, 346, 0, 0, 0, 0, 0, 0, 0))
2018-03-20 20:33:27.766168;(13, (1400, 1470, 209, 0, 0, 0, 0, 0, 0, 0))
2018-03-20 20:33:27.804880;(8, (2074, 2232, 524, 0, 0, 0, 0, 0, 0, 0))
2018-03-20 20:33:27.811637;(5, (1810, 1797, 354, 0, 0, 0, 0, 0, 0, 0))
2018-03-20 20:33:27.883903;(21, (2394, 2308, 906, 0, 0, 0, 0, 0, 0, 0))
2018-03-20 20:33:27.927213;(18, (1568, 1844, 335, 0, 0, 0, 0, 0, 0, 0))
2018-03-20 20:33:27.956390;(22, (5151, 5148, 3261, 0, 0, 0, 0, 0, 0, 0))
2018-03-20 20:33:27.974153;(16, (3747, 3692, 1830, 0, 0, 0, 0, 0, 0, 0))
2018-03-20 20:33:28.020995;(17, (1887, 2015, 532, 1, 0, 0, 0, 0, 0, 0))
2018-03-20 20:33:28.031237;(2, (2114, 2385, 773, 0, 0, 0, 0, 0, 0, 0))
2018-03-20 20:33:28.817655;(1, (14268, 12901, 12782, 0, 0, 0, 0, 0, 0, 0))
2018-03-20 20:34:27.819718;(8, (2210, 2374, 534, 0, 0, 0, 0, 0, 0, 0))
2018-03-20 20:34:28.127478;(6, (5402, 5491, 3545, 0, 0, 0, 0, 0, 0, 0))
2018-03-20 20:34:28.143811;(23, (4295, 4504, 2622, 0, 0, 0, 0, 0, 0, 0))
2018-03-20 20:34:28.188124;(24, (1317, 1255, 156, 0, 0, 0, 0, 0, 0, 0))
2018-03-20 20:34:28.215555;(15, (1642, 1784, 117, 0, 0, 0, 0, 0, 0, 0))
2018-03-20 20:34:28.321051;(20, (2144, 2128, 627, 0, 0, 0, 0, 0, 0, 0))
2018-03-20 20:34:28.359618;(3, (2160, 2294, 610, 0, 0, 0, 0, 0, 0, 0))
2018-03-20 20:34:28.421773;(19, (2945, 2917, 970, 0, 0, 0, 0, 0, 0, 0))
2018-03-20 20:34:28.441358;(14, (2199, 2106, 415, 0, 0, 0, 0, 0, 0, 0))
2018-03-20 20:34:28.505358;(25, (1533, 1607, 212, 0, 0, 0, 0, 0, 0, 0))
2018-03-20 20:34:28.526536;(26, (3835, 3797, 1714, 1, 0, 0, 0, 0, 0, 0))
2018-03-20 20:34:28.616360;(10, (4827, 5153, 2955, 1, 0, 0, 0, 0, 0, 0))
2018-03-20 20:34:28.638479;(7, (2004, 2109, 541, 0, 0, 0, 0, 0, 0, 0))
2018-03-20 20:34:28.639645;(11, (4621, 4738, 2558, 1, 0, 0, 0, 0, 0, 0))
2018-03-20 20:34:28.695703;(9, (2308, 2354, 682, 0, 0, 0, 0, 0, 0, 0))
2018-03-20 20:34:28.715940;(12, (1832, 2015, 335, 0, 0, 0, 0, 0, 0, 0))
2018-03-20 20:34:28.725346;(4, (1805, 1895, 420, 1, 0, 0, 0, 0, 0, 0))
2018-03-20 20:34:28.781497;(13, (1564, 1650, 219, 0, 0, 0, 0, 0, 0, 0))
2018-03-20 20:34:28.828015;(5, (2095, 2094, 469, 0, 0, 0, 0, 0, 0, 0))
2018-03-20 20:34:28.830530;(1, (15808, 14328, 14196, 0, 0, 0, 0, 0, 0, 0))
2018-03-20 20:34:28.895938;(21, (2519, 2407, 968, 0, 0, 0, 0, 0, 0, 0))
2018-03-20 20:34:28.973316;(22, (5641, 5649, 3576, 0, 0, 0, 0, 0, 0, 0))
2018-03-20 20:34:28.992857;(16, (4199, 4152, 2096, 0, 0, 0, 0, 0, 0, 0))
2018-03-20 20:34:29.037694;(17, (2187, 2346, 667, 1, 0, 0, 0, 0, 0, 0))
2018-03-20 20:34:29.049169;(2, (2233, 2535, 773, 0, 0, 0, 0, 0, 0, 0))
2018-03-20 20:35:28.142906;(6, (6084, 6189, 4067, 0, 0, 0, 0, 0, 0, 0))
2018-03-20 20:35:28.158609;(23, (4465, 4693, 2655, 0, 0, 0, 0, 0, 0, 0))
2018-03-20 20:35:28.199013;(24, (1428, 1366, 164, 0, 0, 0, 0, 0, 0, 0))
2018-03-20 20:35:28.230333;(15, (1788, 1942, 117, 0, 0, 0, 0, 0, 0, 0))
2018-03-20 20:35:28.337985;(20, (2405, 2414, 735, 0, 0, 0, 0, 0, 0, 0))
2018-03-20 20:35:28.374255;(3, (2301, 2441, 612, 0, 0, 0, 0, 0, 0, 0))
2018-03-20 20:35:28.436996;(19, (3112, 3098, 991, 0, 0, 0, 0, 0, 0, 0))
2018-03-20 20:35:28.459012;(14, (2437, 2360, 499, 0, 0, 0, 0, 0, 0, 0))
2018-03-20 20:35:28.517239;(25, (1707, 1797, 271, 0, 0, 0, 0, 0, 0, 0))
2018-03-20 20:35:28.538935;(26, (4146, 4118, 1835, 1, 0, 0, 0, 0, 0, 0))
2018-03-20 20:35:28.637161;(10, (5309, 5656, 3259, 1, 0, 0, 0, 0, 0, 0))
2018-03-20 20:35:28.657815;(11, (5069, 5201, 2811, 1, 0, 0, 0, 0, 0, 0))
2018-03-20 20:35:28.662754;(7, (2249, 2370, 628, 0, 0, 0, 0, 0, 0, 0))
2018-03-20 20:35:28.711685;(9, (2608, 2652, 819, 0, 0, 0, 0, 0, 0, 0))
2018-03-20 20:35:28.733337;(12, (2026, 2225, 383, 0, 0, 0, 0, 0, 0, 0))
2018-03-20 20:35:28.740167;(4, (1887, 1977, 434, 1, 0, 0, 0, 0, 0, 0))
2018-03-20 20:35:28.794999;(13, (1704, 1795, 256, 0, 0, 0, 0, 0, 0, 0))
2018-03-20 20:35:28.837735;(8, (2348, 2538, 558, 0, 0, 0, 0, 0, 0, 0))
2018-03-20 20:35:28.845218;(5, (2210, 2207, 494, 0, 0, 0, 0, 0, 0, 0))
2018-03-20 20:35:28.847838;(1, (17333, 15718, 15576, 0, 0, 0, 0, 0, 0, 0))
2018-03-20 20:35:28.911943;(21, (2659, 2569, 996, 0, 0, 0, 0, 0, 0, 0))
2018-03-20 20:35:28.960467;(18, (1819, 2148, 336, 0, 0, 0, 0, 0, 0, 0))
2018-03-20 20:35:28.991711;(22, (6227, 6241, 3995, 0, 0, 0, 0, 0, 0, 0))
2018-03-20 20:35:29.010368;(16, (4672, 4633, 2406, 0, 0, 0, 0, 0, 0, 0))
2018-03-20 20:35:29.052169;(17, (2363, 2558, 720, 1, 0, 0, 0, 0, 0, 0))
2018-03-20 20:35:29.067864;(2, (2768, 3092, 1129, 0, 0, 0, 0, 0, 0, 0))
2018-03-20 20:36:28.159972;(6, (6590, 6710, 4400, 0, 0, 0, 0, 0, 0, 0))
2018-03-20 20:36:28.209737;(24, (1658, 1583, 256, 1, 0, 0, 0, 0, 0, 0))
2018-03-20 20:36:28.245425;(15, (1966, 2130, 151, 0, 0, 0, 0, 0, 0, 0))
2018-03-20 20:36:28.353769;(20, (2585, 2615, 776, 0, 0, 0, 0, 0, 0, 0))
2018-03-20 20:36:28.389717;(3, (2861, 3008, 996, 0, 0, 0, 0, 0, 0, 0))
2018-03-20 20:36:28.450014;(19, (3412, 3419, 1112, 0, 0, 0, 0, 0, 0, 0))
2018-03-20 20:36:28.474012;(14, (2848, 2769, 711, 1, 0, 0, 0, 0, 0, 0))
2018-03-20 20:36:28.529642;(25, (1839, 1954, 283, 0, 0, 0, 0, 0, 0, 0))
2018-03-20 20:36:28.549825;(26, (4370, 4336, 1887, 1, 0, 0, 0, 0, 0, 0))
2018-03-20 20:36:28.652281;(10, (5681, 6046, 3463, 1, 0, 0, 0, 0, 0, 0))
2018-03-20 20:36:28.683333;(7, (2433, 2568, 675, 0, 0, 0, 0, 0, 0, 0))
2018-03-20 20:36:28.728760;(9, (2792, 2843, 841, 0, 0, 0, 0, 0, 0, 0))
2018-03-20 20:36:28.750190;(12, (2194, 2402, 405, 0, 0, 0, 0, 0, 0, 0))
2018-03-20 20:36:28.753566;(4, (2084, 2165, 517, 1, 0, 0, 0, 0, 0, 0))
2018-03-20 20:36:28.808599;(13, (1813, 1918, 267, 0, 0, 0, 0, 0, 0, 0))
2018-03-20 20:36:28.855994;(8, (2588, 2800, 653, 0, 0, 0, 0, 0, 0, 0))
2018-03-20 20:36:28.861577;(5, (2446, 2442, 550, 0, 0, 0, 0, 0, 0, 0))
2018-03-20 20:36:28.862877;(1, (18917, 17162, 17008, 0, 0, 0, 0, 0, 0, 0))
2018-03-20 20:36:28.929628;(21, (2834, 2755, 1011, 0, 0, 0, 0, 0, 0, 0))
2018-03-20 20:36:28.977496;(18, (1947, 2299, 336, 0, 0, 0, 0, 0, 0, 0))
2018-03-20 20:36:29.008009;(22, (6482, 6506, 4092, 0, 0, 0, 0, 0, 0, 0))
2018-03-20 20:36:29.025624;(16, (4999, 4951, 2553, 0, 0, 0, 0, 0, 0, 0))
2018-03-20 20:36:29.065875;(17, (2579, 2796, 797, 1, 0, 0, 0, 0, 0, 0))
2018-03-20 20:36:29.084874;(2, (3177, 3537, 1390, 0, 0, 0, 0, 0, 0, 0))
2018-03-20 20:37:28.172846;(6, (6812, 6945, 4474, 0, 0, 0, 0, 0, 0, 0))
2018-03-20 20:37:28.189847;(23, (4869, 5118, 2766, 0, 0, 0, 0, 0, 0, 0))
2018-03-20 20:37:28.219645;(24, (1806, 1718, 276, 1, 0, 0, 0, 0, 0, 0))
2018-03-20 20:37:28.259629;(15, (2163, 2334, 183, 0, 0, 0, 0, 0, 0, 0))
2018-03-20 20:37:28.367247;(20, (2796, 2828, 836, 0, 0, 0, 0, 0, 0, 0))
2018-03-20 20:37:28.406290;(3, (3520, 3676, 1484, 0, 0, 0, 0, 0, 0, 0))
2018-03-20 20:37:28.461866;(19, (3532, 3530, 1127, 0, 0, 0, 0, 0, 0, 0))
2018-03-20 20:37:28.487037;(14, (3277, 3179, 945, 1, 0, 0, 0, 0, 0, 0))
2018-03-20 20:37:28.542071;(25, (1947, 2069, 291, 0, 0, 0, 0, 0, 0, 0))
2018-03-20 20:37:28.562046;(26, (4652, 4589, 2005, 2, 0, 0, 0, 0, 0, 0))
2018-03-20 20:37:28.671416;(10, (6058, 6459, 3672, 1, 0, 0, 0, 0, 0, 0))
2018-03-20 20:37:28.693193;(11, (5726, 5868, 3143, 1, 0, 0, 0, 0, 0, 0))
2018-03-20 20:37:28.707430;(7, (2688, 2840, 781, 0, 0, 0, 0, 0, 0, 0))
2018-03-20 20:37:28.748745;(9, (2980, 3037, 867, 0, 0, 0, 0, 0, 0, 0))
2018-03-20 20:37:28.769040;(4, (2278, 2345, 576, 1, 0, 0, 0, 0, 0, 0))
2018-03-20 20:37:28.769484;(12, (2340, 2583, 415, 0, 0, 0, 0, 0, 0, 0))
2018-03-20 20:37:28.822837;(13, (1977, 2083, 281, 0, 0, 0, 0, 0, 0, 0))
2018-03-20 20:37:28.875502;(8, (2735, 2995, 655, 0, 0, 0, 0, 0, 0, 0))
2018-03-20 20:37:28.877144;(1, (20299, 18431, 18267, 0, 0, 0, 0, 0, 0, 0))
2018-03-20 20:37:28.877565;(5, (2567, 2553, 576, 0, 0, 0, 0, 0, 0, 0))
2018-03-20 20:37:28.948096;(21, (2963, 2897, 1019, 0, 0, 0, 0, 0, 0, 0))
2018-03-20 20:37:28.993668;(18, (2072, 2461, 336, 0, 0, 0, 0, 0, 0, 0))
2018-03-20 20:37:29.024206;(22, (6646, 6695, 4114, 0, 0, 0, 0, 0, 0, 0))
2018-03-20 20:37:29.044159;(16, (5312, 5256, 2681, 0, 0, 0, 0, 0, 0, 0))
2018-03-20 20:37:29.080924;(17, (2741, 2969, 859, 1, 0, 0, 0, 0, 0, 0))
2018-03-20 20:37:29.103351;(2, (3512, 3913, 1581, 0, 0, 0, 0, 0, 0, 0))
