2018-04-07 04:39:07.463866;(16, (60, 37, 0, 0, 0, 0, 0, 0, 0, 0))
2018-04-07 04:39:07.536144;(22, (63, 35, 0, 0, 0, 0, 0, 0, 0, 0))
2018-04-07 04:39:07.622185;(21, (80, 58, 10, 0, 0, 0, 0, 0, 0, 0))
2018-04-07 04:39:07.633342;(19, (57, 39, 0, 0, 0, 0, 0, 0, 0, 0))
2018-04-07 04:39:07.738436;(17, (27, 31, 0, 0, 0, 0, 0, 0, 0, 0))
2018-04-07 04:39:07.759230;(4, (63, 62, 0, 0, 0, 0, 0, 0, 0, 0))
2018-04-07 04:39:07.825438;(14, (81, 40, 2, 0, 0, 0, 0, 0, 0, 0))
2018-04-07 04:39:07.833352;(9, (27, 32, 0, 0, 0, 0, 0, 0, 0, 0))
2018-04-07 04:39:07.837584;(5, (80, 64, 0, 0, 0, 0, 0, 0, 0, 0))
2018-04-07 04:39:07.870372;(23, (74, 50, 0, 0, 0, 0, 0, 0, 0, 0))
2018-04-07 04:39:07.886483;(15, (71, 43, 0, 0, 0, 0, 0, 0, 0, 0))
2018-04-07 04:39:07.895948;(8, (98, 53, 0, 0, 0, 0, 0, 0, 0, 0))
2018-04-07 04:39:07.970686;(1, (245, 85, 54, 27, 0, 0, 0, 0, 0, 0))
2018-04-07 04:39:08.061795;(13, (52, 38, 0, 0, 0, 0, 0, 0, 0, 0))
2018-04-07 04:39:08.120413;(12, (63, 39, 0, 0, 0, 0, 0, 0, 0, 0))
2018-04-07 04:39:08.166807;(7, (107, 73, 0, 0, 0, 0, 0, 0, 0, 0))
2018-04-07 04:39:08.177965;(20, (107, 86, 13, 0, 0, 0, 0, 0, 0, 0))
2018-04-07 04:39:08.261071;(11, (56, 35, 0, 0, 0, 0, 0, 0, 0, 0))
2018-04-07 04:39:08.298176;(3, (87, 46, 4, 0, 0, 0, 0, 0, 0, 0))
2018-04-07 04:39:08.334354;(6, (49, 34, 0, 0, 0, 0, 0, 0, 0, 0))
2018-04-07 04:39:08.390325;(18, (68, 39, 0, 0, 0, 0, 0, 0, 0, 0))
2018-04-07 04:39:37.466818;(16, (95, 71, 0, 0, 0, 0, 0, 0, 0, 0))
2018-04-07 04:39:37.541492;(22, (123, 107, 3, 0, 0, 0, 0, 0, 0, 0))
2018-04-07 04:39:37.625443;(21, (171, 153, 70, 0, 0, 0, 0, 0, 0, 0))
2018-04-07 04:39:37.635645;(19, (101, 82, 0, 0, 0, 0, 0, 0, 0, 0))
2018-04-07 04:39:37.743135;(17, (56, 67, 0, 0, 0, 0, 0, 0, 0, 0))
2018-04-07 04:39:37.762915;(4, (126, 134, 14, 0, 0, 0, 0, 0, 0, 0))
2018-04-07 04:39:37.828562;(14, (175, 130, 30, 0, 0, 0, 0, 0, 0, 0))
2018-04-07 04:39:37.837347;(9, (61, 73, 0, 0, 0, 0, 0, 0, 0, 0))
2018-04-07 04:39:37.843129;(5, (129, 120, 0, 0, 0, 0, 0, 0, 0, 0))
2018-04-07 04:39:37.872141;(23, (117, 89, 26, 0, 0, 0, 0, 0, 0, 0))
2018-04-07 04:39:37.889318;(15, (120, 99, 0, 0, 0, 0, 0, 0, 0, 0))
2018-04-07 04:39:37.900157;(8, (167, 123, 5, 0, 0, 0, 0, 0, 0, 0))
2018-04-07 04:39:37.972530;(1, (629, 434, 392, 196, 0, 0, 0, 0, 0, 0))
2018-04-07 04:39:38.066347;(13, (93, 84, 0, 0, 0, 0, 0, 0, 0, 0))
2018-04-07 04:39:38.123305;(12, (120, 101, 2, 0, 0, 0, 0, 0, 0, 0))
2018-04-07 04:39:38.170583;(7, (200, 164, 29, 0, 0, 0, 0, 0, 0, 0))
2018-04-07 04:39:38.181954;(20, (218, 196, 62, 0, 0, 0, 0, 0, 0, 0))
2018-04-07 04:39:38.263805;(11, (97, 75, 0, 0, 0, 0, 0, 0, 0, 0))
2018-04-07 04:39:38.300825;(3, (251, 213, 95, 0, 0, 0, 0, 0, 0, 0))
2018-04-07 04:39:38.314648;(10, (305, 276, 138, 0, 0, 0, 0, 0, 0, 0))
2018-04-07 04:39:38.337904;(6, (94, 80, 1, 0, 0, 0, 0, 0, 0, 0))
2018-04-07 04:39:38.394023;(18, (126, 95, 14, 0, 0, 0, 0, 0, 0, 0))
2018-04-07 04:40:07.473799;(16, (146, 126, 0, 0, 0, 0, 0, 0, 0, 0))
2018-04-07 04:40:07.545735;(22, (177, 174, 3, 0, 0, 0, 0, 0, 0, 0))
2018-04-07 04:40:07.629427;(21, (299, 290, 150, 0, 0, 0, 0, 0, 0, 0))
2018-04-07 04:40:07.641434;(19, (154, 141, 0, 0, 0, 0, 0, 0, 0, 0))
2018-04-07 04:40:07.747023;(17, (102, 123, 0, 0, 0, 0, 0, 0, 0, 0))
2018-04-07 04:40:07.766051;(4, (190, 208, 34, 0, 0, 0, 0, 0, 0, 0))
2018-04-07 04:40:07.831974;(14, (257, 214, 50, 0, 0, 0, 0, 0, 0, 0))
2018-04-07 04:40:07.841384;(9, (105, 127, 0, 0, 0, 0, 0, 0, 0, 0))
2018-04-07 04:40:07.846989;(5, (178, 180, 0, 0, 0, 0, 0, 0, 0, 0))
2018-04-07 04:40:07.875004;(23, (171, 142, 68, 0, 0, 0, 0, 0, 0, 0))
2018-04-07 04:40:07.892456;(15, (166, 155, 0, 0, 0, 0, 0, 0, 0, 0))
2018-04-07 04:40:07.903542;(8, (233, 189, 14, 0, 0, 0, 0, 0, 0, 0))
2018-04-07 04:40:07.975807;(1, (1057, 845, 793, 397, 0, 0, 0, 0, 0, 0))
2018-04-07 04:40:08.071117;(13, (137, 138, 0, 0, 0, 0, 0, 0, 0, 0))
2018-04-07 04:40:08.128135;(12, (166, 157, 2, 0, 0, 0, 0, 0, 0, 0))
2018-04-07 04:40:08.174139;(7, (394, 360, 163, 0, 0, 0, 0, 0, 0, 0))
2018-04-07 04:40:08.185799;(20, (432, 413, 216, 0, 0, 0, 0, 0, 0, 0))
2018-04-07 04:40:08.267424;(11, (148, 131, 0, 0, 0, 0, 0, 0, 0, 0))
2018-04-07 04:40:08.303922;(3, (382, 351, 166, 0, 0, 0, 0, 0, 0, 0))
2018-04-07 04:40:08.321593;(10, (403, 386, 182, 0, 0, 0, 0, 0, 0, 0))
2018-04-07 04:40:08.341425;(6, (111, 102, 1, 0, 0, 0, 0, 0, 0, 0))
2018-04-07 04:40:08.399209;(18, (195, 171, 34, 0, 0, 0, 0, 0, 0, 0))
2018-04-07 04:40:37.636018;(21, (471, 469, 263, 0, 0, 0, 0, 0, 0, 0))
2018-04-07 04:40:37.836267;(14, (350, 313, 80, 0, 0, 0, 0, 0, 0, 0))
2018-04-07 04:40:37.877748;(23, (301, 269, 174, 0, 0, 0, 0, 0, 0, 0))
2018-04-07 04:40:37.979810;(1, (1530, 1273, 1210, 605, 0, 0, 0, 0, 0, 0))
2018-04-07 04:40:38.271400;(11, (201, 187, 0, 0, 0, 0, 0, 0, 0, 0))
2018-04-07 04:40:38.324470;(10, (488, 476, 210, 0, 0, 0, 0, 0, 0, 0))
2018-04-07 04:40:38.478346;(16, (202, 184, 0, 0, 0, 0, 0, 0, 0, 0))
2018-04-07 04:40:38.550578;(22, (231, 241, 3, 0, 0, 0, 0, 0, 0, 0))
2018-04-07 04:40:38.644157;(19, (210, 204, 0, 0, 0, 0, 0, 0, 0, 0))
2018-04-07 04:40:38.753504;(17, (156, 191, 4, 0, 0, 0, 0, 0, 0, 0))
2018-04-07 04:40:38.769791;(4, (264, 295, 54, 0, 0, 0, 0, 0, 0, 0))
2018-04-07 04:40:38.846279;(9, (155, 187, 0, 0, 0, 0, 0, 0, 0, 0))
2018-04-07 04:40:38.854668;(5, (227, 236, 0, 0, 0, 0, 0, 0, 0, 0))
2018-04-07 04:40:38.895251;(15, (215, 211, 0, 0, 0, 0, 0, 0, 0, 0))
2018-04-07 04:40:38.907169;(8, (301, 258, 15, 0, 0, 0, 0, 0, 0, 0))
2018-04-07 04:40:39.075391;(13, (229, 235, 33, 0, 0, 0, 0, 0, 0, 0))
2018-04-07 04:40:39.133769;(12, (231, 224, 5, 1, 0, 0, 0, 0, 0, 0))
2018-04-07 04:40:39.178560;(7, (586, 539, 267, 0, 0, 0, 0, 0, 0, 0))
2018-04-07 04:40:39.190473;(20, (623, 610, 336, 0, 0, 0, 0, 0, 0, 0))
2018-04-07 04:40:39.306908;(3, (518, 491, 230, 0, 0, 0, 0, 0, 0, 0))
2018-04-07 04:40:39.351193;(6, (147, 148, 1, 0, 0, 0, 0, 0, 0, 0))
2018-04-07 04:40:39.403754;(18, (344, 322, 120, 0, 0, 0, 0, 0, 0, 0))
2018-04-07 04:41:07.982902;(1, (1980, 1695, 1622, 811, 0, 0, 0, 0, 0, 0))
2018-04-07 04:41:08.483067;(16, (269, 249, 1, 0, 0, 0, 0, 0, 0, 0))
2018-04-07 04:41:08.554503;(22, (295, 314, 7, 0, 0, 0, 0, 0, 0, 0))
2018-04-07 04:41:08.639343;(21, (625, 627, 358, 0, 0, 0, 0, 0, 0, 0))
2018-04-07 04:41:08.647679;(19, (285, 282, 14, 0, 0, 0, 0, 0, 0, 0))
2018-04-07 04:41:08.757419;(17, (204, 248, 4, 0, 0, 0, 0, 0, 0, 0))
2018-04-07 04:41:08.774551;(4, (337, 378, 76, 0, 0, 0, 0, 0, 0, 0))
2018-04-07 04:41:08.843530;(14, (485, 443, 125, 0, 0, 0, 0, 0, 0, 0))
2018-04-07 04:41:08.851848;(9, (205, 251, 1, 1, 0, 0, 0, 0, 0, 0))
2018-04-07 04:41:08.858483;(5, (273, 292, 0, 0, 0, 0, 0, 0, 0, 0))
2018-04-07 04:41:08.879562;(23, (442, 409, 283, 0, 0, 0, 0, 0, 0, 0))
2018-04-07 04:41:08.902294;(15, (322, 325, 49, 0, 0, 0, 0, 0, 0, 0))
2018-04-07 04:41:08.911499;(8, (374, 328, 21, 0, 0, 0, 0, 0, 0, 0))
2018-04-07 04:41:09.080671;(13, (280, 291, 35, 0, 0, 0, 0, 0, 0, 0))
2018-04-07 04:41:09.137736;(12, (289, 279, 5, 1, 0, 0, 0, 0, 0, 0))
2018-04-07 04:41:09.183022;(7, (742, 692, 355, 0, 0, 0, 0, 0, 0, 0))
2018-04-07 04:41:09.195726;(20, (819, 804, 461, 0, 0, 0, 0, 0, 0, 0))
2018-04-07 04:41:09.274769;(11, (271, 260, 5, 0, 0, 0, 0, 0, 0, 0))
2018-04-07 04:41:09.310384;(3, (614, 595, 250, 0, 0, 0, 0, 0, 0, 0))
2018-04-07 04:41:09.327508;(10, (575, 559, 235, 0, 0, 0, 0, 0, 0, 0))
2018-04-07 04:41:09.354805;(6, (199, 202, 1, 0, 0, 0, 0, 0, 0, 0))
2018-04-07 04:41:09.407708;(18, (531, 511, 213, 0, 0, 0, 0, 0, 0, 0))
2018-04-07 04:41:37.986458;(1, (2416, 2105, 2022, 1011, 0, 0, 0, 0, 0, 0))
2018-04-07 04:41:38.486905;(16, (327, 307, 1, 0, 0, 0, 0, 0, 0, 0))
2018-04-07 04:41:38.559190;(22, (362, 382, 15, 0, 0, 0, 0, 0, 0, 0))
2018-04-07 04:41:38.643980;(21, (790, 799, 468, 0, 0, 0, 0, 0, 0, 0))
2018-04-07 04:41:38.653296;(19, (348, 351, 17, 2, 0, 0, 0, 0, 0, 0))
2018-04-07 04:41:38.761237;(17, (251, 308, 6, 3, 0, 0, 0, 0, 0, 0))
2018-04-07 04:41:38.777413;(4, (405, 458, 98, 0, 0, 0, 0, 0, 0, 0))
2018-04-07 04:41:38.847625;(14, (545, 511, 125, 0, 0, 0, 0, 0, 0, 0))
2018-04-07 04:41:38.857655;(9, (254, 310, 1, 1, 0, 0, 0, 0, 0, 0))
2018-04-07 04:41:38.862646;(5, (330, 356, 9, 0, 0, 0, 0, 0, 0, 0))
2018-04-07 04:41:38.883550;(23, (534, 500, 354, 0, 0, 0, 0, 0, 0, 0))
2018-04-07 04:41:38.906768;(15, (370, 380, 50, 0, 0, 0, 0, 0, 0, 0))
2018-04-07 04:41:38.916033;(8, (442, 392, 22, 0, 0, 0, 0, 0, 0, 0))
2018-04-07 04:41:39.083975;(13, (327, 347, 35, 0, 0, 0, 0, 0, 0, 0))
2018-04-07 04:41:39.141556;(12, (349, 345, 5, 1, 0, 0, 0, 0, 0, 0))
2018-04-07 04:41:39.187221;(7, (902, 841, 434, 0, 0, 0, 0, 0, 0, 0))
2018-04-07 04:41:39.199437;(20, (1009, 1004, 583, 0, 0, 0, 0, 0, 0, 0))
2018-04-07 04:41:39.279610;(11, (364, 353, 35, 0, 0, 0, 0, 0, 0, 0))
2018-04-07 04:41:39.313925;(3, (714, 693, 275, 0, 0, 0, 0, 0, 0, 0))
2018-04-07 04:41:39.331501;(10, (674, 659, 276, 0, 0, 0, 0, 0, 0, 0))
2018-04-07 04:41:39.358523;(6, (250, 262, 1, 0, 0, 0, 0, 0, 0, 0))
2018-04-07 04:41:39.411821;(18, (643, 623, 263, 0, 0, 0, 0, 0, 0, 0))
2018-04-07 04:42:07.989268;(1, (2841, 2517, 2424, 1212, 0, 0, 0, 0, 0, 0))
2018-04-07 04:42:08.491632;(16, (385, 365, 1, 0, 0, 0, 0, 0, 0, 0))
2018-04-07 04:42:08.563412;(22, (536, 563, 128, 0, 0, 0, 0, 0, 0, 0))
2018-04-07 04:42:08.647480;(21, (981, 998, 609, 0, 0, 0, 0, 0, 0, 0))
2018-04-07 04:42:08.657397;(19, (401, 408, 17, 2, 0, 0, 0, 0, 0, 0))
2018-04-07 04:42:08.765884;(17, (302, 372, 6, 3, 0, 0, 0, 0, 0, 0))
2018-04-07 04:42:08.780200;(4, (469, 533, 118, 0, 0, 0, 0, 0, 0, 0))
2018-04-07 04:42:08.855283;(14, (605, 569, 125, 0, 0, 0, 0, 0, 0, 0))
2018-04-07 04:42:08.861728;(9, (301, 366, 1, 1, 0, 0, 0, 0, 0, 0))
2018-04-07 04:42:08.866383;(5, (401, 435, 29, 0, 0, 0, 0, 0, 0, 0))
2018-04-07 04:42:08.887165;(23, (654, 616, 457, 0, 0, 0, 0, 0, 0, 0))
2018-04-07 04:42:08.909747;(15, (420, 436, 50, 0, 0, 0, 0, 0, 0, 0))
2018-04-07 04:42:08.919413;(8, (509, 464, 25, 0, 0, 0, 0, 0, 0, 0))
2018-04-07 04:42:09.087522;(13, (375, 403, 35, 0, 0, 0, 0, 0, 0, 0))
2018-04-07 04:42:09.146365;(12, (405, 402, 5, 1, 0, 0, 0, 0, 0, 0))
2018-04-07 04:42:09.191027;(7, (1037, 971, 488, 4, 0, 0, 0, 0, 0, 0))
2018-04-07 04:42:09.203727;(20, (1083, 1080, 599, 1, 0, 0, 0, 0, 0, 0))
2018-04-07 04:42:09.282629;(11, (478, 471, 95, 0, 0, 0, 0, 0, 0, 0))
2018-04-07 04:42:09.316577;(3, (832, 809, 332, 2, 0, 0, 0, 0, 0, 0))
2018-04-07 04:42:09.334236;(10, (867, 857, 406, 0, 0, 0, 0, 0, 0, 0))
2018-04-07 04:42:09.363186;(6, (309, 327, 5, 0, 0, 0, 0, 0, 0, 0))
2018-04-07 04:42:09.414986;(18, (779, 763, 344, 0, 0, 0, 0, 0, 0, 0))
2018-04-07 04:42:38.497198;(16, (456, 437, 4, 0, 0, 0, 0, 0, 0, 0))
2018-04-07 04:42:38.566917;(22, (785, 809, 299, 0, 0, 0, 0, 0, 0, 0))
2018-04-07 04:42:38.651708;(21, (1164, 1177, 719, 0, 0, 0, 0, 0, 0, 0))
2018-04-07 04:42:38.783422;(4, (558, 634, 149, 0, 0, 0, 0, 0, 0, 0))
2018-04-07 04:42:38.862816;(14, (694, 655, 136, 0, 0, 0, 0, 0, 0, 0))
2018-04-07 04:42:38.865630;(9, (364, 440, 10, 1, 0, 0, 0, 0, 0, 0))
2018-04-07 04:42:38.889791;(23, (783, 733, 537, 0, 0, 0, 0, 0, 0, 0))
2018-04-07 04:42:38.912709;(15, (475, 503, 50, 0, 0, 0, 0, 0, 0, 0))
2018-04-07 04:42:38.922922;(8, (587, 533, 25, 0, 0, 0, 0, 0, 0, 0))
2018-04-07 04:42:38.995190;(1, (3340, 2949, 2846, 1423, 0, 0, 0, 0, 0, 0))
2018-04-07 04:42:39.149456;(12, (505, 504, 25, 1, 0, 0, 0, 0, 0, 0))
2018-04-07 04:42:39.196241;(7, (1173, 1101, 537, 5, 0, 0, 0, 0, 0, 0))
2018-04-07 04:42:39.207433;(20, (1181, 1177, 627, 1, 0, 0, 0, 0, 0, 0))
2018-04-07 04:42:39.285793;(11, (592, 583, 126, 0, 0, 0, 0, 0, 0, 0))
2018-04-07 04:42:39.337877;(10, (1160, 1156, 598, 0, 0, 0, 0, 0, 0, 0))
2018-04-07 04:42:39.366120;(6, (415, 433, 34, 0, 0, 0, 0, 0, 0, 0))
2018-04-07 04:42:39.419590;(18, (899, 878, 387, 0, 0, 0, 0, 0, 0, 0))
2018-04-07 04:42:39.869989;(5, (494, 524, 58, 0, 0, 0, 0, 0, 0, 0))
2018-04-07 04:42:40.092039;(13, (444, 476, 50, 0, 0, 0, 0, 0, 0, 0))
2018-04-07 04:43:08.657734;(21, (1324, 1359, 811, 0, 0, 0, 0, 0, 0, 0))
2018-04-07 04:43:08.870484;(14, (777, 735, 151, 0, 0, 0, 0, 0, 0, 0))
2018-04-07 04:43:08.891611;(23, (935, 892, 650, 0, 0, 0, 0, 0, 0, 0))
2018-04-07 04:43:08.999502;(1, (3873, 3399, 3286, 1643, 0, 0, 0, 0, 0, 0))
2018-04-07 04:43:09.289311;(11, (687, 678, 156, 0, 0, 0, 0, 0, 0, 0))
2018-04-07 04:43:09.342081;(10, (1372, 1379, 729, 0, 0, 0, 0, 0, 0, 0))
2018-04-07 04:43:09.501258;(16, (519, 502, 4, 0, 0, 0, 0, 0, 0, 0))
2018-04-07 04:43:09.570862;(22, (992, 1016, 406, 0, 0, 0, 0, 0, 0, 0))
2018-04-07 04:43:09.772015;(17, (402, 495, 6, 4, 0, 0, 0, 0, 0, 0))
2018-04-07 04:43:09.786284;(4, (625, 710, 169, 0, 0, 0, 0, 0, 0, 0))
2018-04-07 04:43:09.871805;(9, (411, 498, 10, 1, 0, 0, 0, 0, 0, 0))
2018-04-07 04:43:09.874318;(5, (709, 738, 193, 0, 0, 0, 0, 0, 0, 0))
2018-04-07 04:43:09.918107;(15, (529, 571, 50, 0, 0, 0, 0, 0, 0, 0))
2018-04-07 04:43:09.926432;(8, (684, 624, 42, 0, 0, 0, 0, 0, 0, 0))
2018-04-07 04:43:10.095808;(13, (549, 587, 103, 0, 0, 0, 0, 0, 0, 0))
2018-04-07 04:43:10.153549;(12, (567, 564, 25, 1, 0, 0, 0, 0, 0, 0))
2018-04-07 04:43:10.201301;(7, (1280, 1214, 566, 5, 0, 0, 0, 0, 0, 0))
2018-04-07 04:43:10.211748;(20, (1274, 1275, 646, 1, 0, 0, 0, 0, 0, 0))
2018-04-07 04:43:10.369909;(6, (538, 552, 80, 0, 0, 0, 0, 0, 0, 0))
2018-04-07 04:43:10.422694;(18, (1060, 1037, 476, 0, 0, 0, 0, 0, 0, 0))
2018-04-07 04:43:38.878125;(14, (927, 871, 222, 0, 0, 0, 0, 0, 0, 0))
2018-04-07 04:43:39.010388;(1, (4362, 3837, 3714, 1857, 0, 0, 0, 0, 0, 0))
2018-04-07 04:43:39.293352;(11, (762, 756, 163, 0, 0, 0, 0, 0, 0, 0))
2018-04-07 04:43:39.504338;(16, (588, 573, 7, 1, 0, 0, 0, 0, 0, 0))
2018-04-07 04:43:39.574025;(22, (1149, 1170, 497, 0, 0, 0, 0, 0, 0, 0))
2018-04-07 04:43:39.661741;(21, (1390, 1434, 822, 0, 0, 0, 0, 0, 0, 0))
2018-04-07 04:43:39.670957;(19, (585, 604, 30, 3, 0, 0, 0, 0, 0, 0))
2018-04-07 04:43:39.775461;(17, (452, 555, 6, 4, 0, 0, 0, 0, 0, 0))
2018-04-07 04:43:39.789975;(4, (692, 787, 189, 0, 0, 0, 0, 0, 0, 0))
2018-04-07 04:43:39.879402;(9, (457, 551, 10, 1, 0, 0, 0, 0, 0, 0))
2018-04-07 04:43:39.879737;(5, (787, 822, 217, 0, 0, 0, 0, 0, 0, 0))
2018-04-07 04:43:39.893879;(23, (970, 930, 664, 0, 0, 0, 0, 0, 0, 0))
2018-04-07 04:43:39.921114;(15, (582, 628, 50, 0, 0, 0, 0, 0, 0, 0))
2018-04-07 04:43:39.933330;(8, (745, 683, 42, 0, 0, 0, 0, 0, 0, 0))
2018-04-07 04:43:40.157649;(12, (629, 619, 25, 1, 0, 0, 0, 0, 0, 0))
2018-04-07 04:43:40.204177;(7, (1400, 1336, 613, 5, 0, 0, 0, 0, 0, 0))
2018-04-07 04:43:40.215531;(20, (1383, 1385, 690, 1, 0, 0, 0, 0, 0, 0))
2018-04-07 04:43:40.327910;(3, (1304, 1261, 535, 3, 0, 0, 0, 0, 0, 0))
2018-04-07 04:43:40.345960;(10, (1669, 1671, 947, 0, 0, 0, 0, 0, 0, 0))
2018-04-07 04:43:40.373740;(6, (599, 619, 83, 1, 0, 0, 0, 0, 0, 0))
2018-04-07 04:43:40.425874;(18, (1158, 1140, 503, 0, 0, 0, 0, 0, 0, 0))
2018-04-07 04:44:09.013200;(1, (4791, 4255, 4122, 2061, 0, 0, 0, 0, 0, 0))
2018-04-07 04:44:09.507710;(16, (640, 628, 7, 1, 0, 0, 0, 0, 0, 0))
2018-04-07 04:44:09.577797;(22, (1302, 1329, 598, 0, 0, 0, 0, 0, 0, 0))
2018-04-07 04:44:09.666315;(21, (1438, 1488, 822, 0, 0, 0, 0, 0, 0, 0))
2018-04-07 04:44:09.674528;(19, (635, 659, 30, 3, 0, 0, 0, 0, 0, 0))
2018-04-07 04:44:09.779666;(17, (499, 612, 6, 4, 0, 0, 0, 0, 0, 0))
2018-04-07 04:44:09.793739;(4, (756, 862, 209, 0, 0, 0, 0, 0, 0, 0))
2018-04-07 04:44:09.884107;(9, (501, 605, 10, 1, 0, 0, 0, 0, 0, 0))
2018-04-07 04:44:09.886238;(5, (863, 919, 243, 0, 0, 0, 0, 0, 0, 0))
2018-04-07 04:44:09.890064;(14, (1062, 1008, 302, 0, 0, 0, 0, 0, 0, 0))
2018-04-07 04:44:09.895553;(23, (985, 941, 664, 0, 0, 0, 0, 0, 0, 0))
2018-04-07 04:44:09.924038;(15, (637, 687, 50, 0, 0, 0, 0, 0, 0, 0))
2018-04-07 04:44:09.936053;(8, (796, 738, 42, 0, 0, 0, 0, 0, 0, 0))
2018-04-07 04:44:10.102624;(13, (724, 777, 183, 0, 0, 0, 0, 0, 0, 0))
2018-04-07 04:44:10.161668;(12, (681, 678, 25, 1, 0, 0, 0, 0, 0, 0))
2018-04-07 04:44:10.207224;(7, (1490, 1430, 653, 5, 0, 0, 0, 0, 0, 0))
2018-04-07 04:44:10.219327;(20, (1433, 1440, 690, 1, 0, 0, 0, 0, 0, 0))
2018-04-07 04:44:10.297408;(11, (816, 819, 163, 0, 0, 0, 0, 0, 0, 0))
2018-04-07 04:44:10.331828;(3, (1460, 1421, 636, 3, 0, 0, 0, 0, 0, 0))
2018-04-07 04:44:10.349869;(10, (1996, 1997, 1213, 0, 0, 0, 0, 0, 0, 0))
2018-04-07 04:44:10.378292;(6, (650, 678, 83, 1, 0, 0, 0, 0, 0, 0))
2018-04-07 04:44:10.428922;(18, (1237, 1220, 525, 0, 0, 0, 0, 0, 0, 0))
2018-04-07 04:44:39.017603;(1, (5211, 4673, 4530, 2265, 0, 0, 0, 0, 0, 0))
2018-04-07 04:44:39.512119;(16, (687, 684, 7, 1, 0, 0, 0, 0, 0, 0))
2018-04-07 04:44:39.582633;(22, (1451, 1485, 699, 0, 0, 0, 0, 0, 0, 0))
2018-04-07 04:44:39.670462;(21, (1482, 1540, 822, 0, 0, 0, 0, 0, 0, 0))
2018-04-07 04:44:39.678039;(19, (679, 712, 30, 3, 0, 0, 0, 0, 0, 0))
2018-04-07 04:44:39.782757;(17, (546, 668, 6, 4, 0, 0, 0, 0, 0, 0))
2018-04-07 04:44:39.798099;(4, (826, 942, 229, 0, 0, 0, 0, 0, 0, 0))
2018-04-07 04:44:39.887644;(9, (544, 658, 10, 1, 0, 0, 0, 0, 0, 0))
2018-04-07 04:44:39.891923;(5, (927, 994, 263, 0, 0, 0, 0, 0, 0, 0))
2018-04-07 04:44:39.894111;(14, (1189, 1144, 384, 0, 0, 0, 0, 0, 0, 0))
2018-04-07 04:44:39.899066;(23, (995, 951, 664, 0, 0, 0, 0, 0, 0, 0))
2018-04-07 04:44:39.927744;(15, (682, 742, 50, 0, 0, 0, 0, 0, 0, 0))
2018-04-07 04:44:39.939132;(8, (838, 792, 42, 0, 0, 0, 0, 0, 0, 0))
2018-04-07 04:44:40.106246;(13, (807, 869, 223, 0, 0, 0, 0, 0, 0, 0))
2018-04-07 04:44:40.164872;(12, (727, 732, 25, 1, 0, 0, 0, 0, 0, 0))
2018-04-07 04:44:40.211321;(7, (1578, 1526, 696, 5, 0, 0, 0, 0, 0, 0))
2018-04-07 04:44:40.223721;(20, (1477, 1493, 690, 1, 0, 0, 0, 0, 0, 0))
2018-04-07 04:44:40.300420;(11, (861, 873, 163, 0, 0, 0, 0, 0, 0, 0))
2018-04-07 04:44:40.335683;(3, (1613, 1580, 741, 3, 0, 0, 0, 0, 0, 0))
2018-04-07 04:44:40.353158;(10, (2286, 2298, 1458, 0, 0, 0, 0, 0, 0, 0))
2018-04-07 04:44:40.381249;(6, (698, 734, 83, 1, 0, 0, 0, 0, 0, 0))
2018-04-07 04:44:40.432643;(18, (1303, 1296, 545, 0, 0, 0, 0, 0, 0, 0))
2018-04-07 04:45:09.020070;(1, (5650, 5095, 4940, 2470, 0, 0, 0, 0, 0, 0))
2018-04-07 04:45:09.515572;(16, (735, 738, 7, 1, 0, 0, 0, 0, 0, 0))
2018-04-07 04:45:09.585786;(22, (1658, 1696, 851, 0, 0, 0, 0, 0, 0, 0))
2018-04-07 04:45:09.675561;(21, (1541, 1603, 829, 0, 0, 0, 0, 0, 0, 0))
2018-04-07 04:45:09.682167;(19, (728, 767, 30, 3, 0, 0, 0, 0, 0, 0))
2018-04-07 04:45:09.786778;(17, (590, 722, 6, 4, 0, 0, 0, 0, 0, 0))
2018-04-07 04:45:09.802224;(4, (890, 1016, 249, 0, 0, 0, 0, 0, 0, 0))
2018-04-07 04:45:09.895446;(5, (998, 1071, 283, 0, 0, 0, 0, 0, 0, 0))
2018-04-07 04:45:09.901395;(14, (1318, 1277, 464, 0, 0, 0, 0, 0, 0, 0))
2018-04-07 04:45:09.902415;(23, (1011, 962, 664, 0, 0, 0, 0, 0, 0, 0))
2018-04-07 04:45:09.935328;(15, (730, 808, 50, 0, 0, 0, 0, 0, 0, 0))
2018-04-07 04:45:09.946114;(8, (889, 847, 42, 0, 0, 0, 0, 0, 0, 0))
2018-04-07 04:45:10.214430;(7, (1677, 1629, 743, 5, 0, 0, 0, 0, 0, 0))
2018-04-07 04:45:10.303957;(11, (912, 934, 163, 0, 0, 0, 0, 0, 0, 0))
2018-04-07 04:45:10.340048;(3, (1766, 1744, 839, 3, 0, 0, 0, 0, 0, 0))
2018-04-07 04:45:10.356862;(10, (2596, 2606, 1705, 0, 0, 0, 0, 0, 0, 0))
2018-04-07 04:45:10.436642;(18, (1372, 1371, 565, 0, 0, 0, 0, 0, 0, 0))
2018-04-07 04:45:10.891161;(9, (588, 712, 10, 1, 0, 0, 0, 0, 0, 0))
2018-04-07 04:45:11.109954;(13, (896, 963, 263, 0, 0, 0, 0, 0, 0, 0))
2018-04-07 04:45:11.168207;(12, (775, 789, 25, 1, 0, 0, 0, 0, 0, 0))
2018-04-07 04:45:11.227478;(20, (1526, 1552, 690, 1, 0, 0, 0, 0, 0, 0))
2018-04-07 04:45:11.386601;(6, (745, 789, 83, 1, 0, 0, 0, 0, 0, 0))
2018-04-07 04:45:39.024134;(1, (6073, 5505, 5340, 2670, 0, 0, 0, 0, 0, 0))
2018-04-07 04:45:39.683795;(21, (1594, 1661, 833, 0, 0, 0, 0, 0, 0, 0))
2018-04-07 04:45:39.910696;(14, (1448, 1413, 546, 0, 0, 0, 0, 0, 0, 0))
2018-04-07 04:45:39.911999;(23, (1024, 972, 664, 0, 0, 0, 0, 0, 0, 0))
2018-04-07 04:45:40.311350;(11, (959, 988, 163, 0, 0, 0, 0, 0, 0, 0))
2018-04-07 04:45:40.362468;(10, (2893, 2908, 1949, 0, 0, 0, 0, 0, 0, 0))
2018-04-07 04:45:40.525520;(16, (786, 799, 7, 1, 0, 0, 0, 0, 0, 0))
2018-04-07 04:45:40.591570;(22, (1913, 1958, 1055, 0, 0, 0, 0, 0, 0, 0))
2018-04-07 04:45:40.686803;(19, (773, 820, 30, 3, 0, 0, 0, 0, 0, 0))
2018-04-07 04:45:40.793701;(17, (637, 779, 6, 4, 0, 0, 0, 0, 0, 0))
2018-04-07 04:45:40.810407;(4, (956, 1092, 269, 0, 0, 0, 0, 0, 0, 0))
2018-04-07 04:45:40.901653;(9, (630, 764, 10, 1, 0, 0, 0, 0, 0, 0))
2018-04-07 04:45:40.906504;(5, (1067, 1148, 303, 0, 0, 0, 0, 0, 0, 0))
2018-04-07 04:45:40.942224;(15, (775, 869, 50, 0, 0, 0, 0, 0, 0, 0))
2018-04-07 04:45:40.952590;(8, (936, 902, 42, 0, 0, 0, 0, 0, 0, 0))
2018-04-07 04:45:41.114997;(13, (981, 1055, 303, 0, 0, 0, 0, 0, 0, 0))
2018-04-07 04:45:41.175382;(12, (823, 843, 25, 1, 0, 0, 0, 0, 0, 0))
2018-04-07 04:45:41.219443;(7, (1769, 1727, 785, 5, 0, 0, 0, 0, 0, 0))
2018-04-07 04:45:41.235232;(20, (1571, 1605, 690, 1, 0, 0, 0, 0, 0, 0))
2018-04-07 04:45:41.347359;(3, (1896, 1882, 919, 3, 0, 0, 0, 0, 0, 0))
2018-04-07 04:45:41.394404;(6, (792, 845, 83, 1, 0, 0, 0, 0, 0, 0))
2018-04-07 04:45:41.443940;(18, (1440, 1448, 585, 0, 0, 0, 0, 0, 0, 0))
2018-04-07 04:46:09.041231;(1, (6538, 5922, 5747, 2874, 0, 0, 0, 0, 0, 0))
2018-04-07 04:46:09.692832;(21, (1646, 1715, 833, 0, 0, 0, 0, 0, 0, 0))
2018-04-07 04:46:09.921351;(23, (1070, 1009, 689, 0, 0, 0, 0, 0, 0, 0))
2018-04-07 04:46:09.922702;(14, (1631, 1590, 629, 0, 0, 0, 0, 0, 0, 0))
2018-04-07 04:46:10.323624;(11, (1026, 1062, 176, 0, 0, 0, 0, 0, 0, 0))
2018-04-07 04:46:10.534302;(16, (867, 879, 18, 1, 0, 0, 0, 0, 0, 0))
2018-04-07 04:46:10.599723;(22, (2208, 2250, 1241, 0, 0, 0, 0, 0, 0, 0))
2018-04-07 04:46:10.698963;(19, (849, 896, 44, 4, 0, 0, 0, 0, 0, 0))
2018-04-07 04:46:10.802077;(17, (686, 842, 7, 5, 0, 0, 0, 0, 0, 0))
2018-04-07 04:46:10.818357;(4, (1021, 1167, 289, 0, 0, 0, 0, 0, 0, 0))
2018-04-07 04:46:10.907953;(9, (677, 819, 10, 1, 0, 0, 0, 0, 0, 0))
2018-04-07 04:46:10.921135;(5, (1273, 1359, 437, 0, 0, 0, 0, 0, 0, 0))
2018-04-07 04:46:10.950677;(15, (917, 1010, 121, 0, 0, 0, 0, 0, 0, 0))
2018-04-07 04:46:10.962015;(8, (1020, 982, 44, 0, 0, 0, 0, 0, 0, 0))
2018-04-07 04:46:11.134565;(13, (1068, 1149, 343, 0, 0, 0, 0, 0, 0, 0))
2018-04-07 04:46:11.186509;(12, (899, 917, 27, 1, 0, 0, 0, 0, 0, 0))
2018-04-07 04:46:11.226318;(7, (1875, 1832, 820, 6, 0, 0, 0, 0, 0, 0))
2018-04-07 04:46:11.245276;(20, (1685, 1730, 723, 1, 0, 0, 0, 0, 0, 0))
2018-04-07 04:46:11.356098;(3, (2083, 2045, 991, 4, 0, 0, 0, 0, 0, 0))
2018-04-07 04:46:11.370043;(10, (3183, 3214, 2147, 0, 0, 0, 0, 0, 0, 0))
2018-04-07 04:46:11.402251;(6, (856, 914, 90, 1, 0, 0, 0, 0, 0, 0))
2018-04-07 04:46:11.452295;(18, (1530, 1543, 604, 0, 0, 0, 0, 0, 0, 0))
2018-04-07 04:46:40.050348;(1, (6996, 6339, 6154, 3077, 0, 0, 0, 0, 0, 0))
2018-04-07 04:46:40.545631;(16, (929, 938, 18, 1, 0, 0, 0, 0, 0, 0))
2018-04-07 04:46:40.608018;(22, (2316, 2349, 1270, 1, 0, 0, 0, 0, 0, 0))
2018-04-07 04:46:40.702747;(21, (1689, 1767, 833, 0, 0, 0, 0, 0, 0, 0))
2018-04-07 04:46:40.709284;(19, (913, 968, 48, 7, 0, 0, 0, 0, 0, 0))
2018-04-07 04:46:40.810292;(17, (704, 874, 7, 7, 0, 0, 0, 0, 0, 0))
2018-04-07 04:46:40.826764;(4, (1087, 1243, 309, 0, 0, 0, 0, 0, 0, 0))
2018-04-07 04:46:40.915855;(9, (719, 871, 10, 1, 0, 0, 0, 0, 0, 0))
2018-04-07 04:46:40.930362;(5, (1408, 1500, 517, 0, 0, 0, 0, 0, 0, 0))
2018-04-07 04:46:40.930867;(14, (1774, 1740, 693, 0, 0, 0, 0, 0, 0, 0))
2018-04-07 04:46:40.938989;(23, (1189, 1121, 781, 0, 0, 0, 0, 0, 0, 0))
2018-04-07 04:46:40.959368;(15, (966, 1069, 124, 0, 0, 0, 0, 0, 0, 0))
2018-04-07 04:46:40.972152;(8, (1093, 1051, 46, 1, 0, 0, 0, 0, 0, 0))
2018-04-07 04:46:41.142374;(13, (1151, 1241, 383, 0, 0, 0, 0, 0, 0, 0))
2018-04-07 04:46:41.194004;(12, (980, 995, 41, 1, 0, 0, 0, 0, 0, 0))
2018-04-07 04:46:41.233336;(7, (1995, 1937, 862, 11, 0, 0, 0, 0, 0, 0))
2018-04-07 04:46:41.251894;(20, (1879, 1928, 819, 1, 0, 0, 0, 0, 0, 0))
2018-04-07 04:46:41.335804;(11, (1124, 1160, 209, 0, 0, 0, 0, 0, 0, 0))
2018-04-07 04:46:41.364019;(3, (2223, 2175, 1024, 5, 0, 0, 0, 0, 0, 0))
2018-04-07 04:46:41.378637;(10, (3296, 3328, 2196, 0, 0, 0, 0, 0, 0, 0))
2018-04-07 04:46:41.410629;(6, (906, 969, 90, 1, 0, 0, 0, 0, 0, 0))
2018-04-07 04:46:41.459606;(18, (1682, 1696, 684, 0, 0, 0, 0, 0, 0, 0))
2018-04-07 04:47:10.058354;(1, (7497, 6783, 6588, 3294, 0, 0, 0, 0, 0, 0))
2018-04-07 04:47:10.554098;(16, (1012, 1018, 24, 2, 0, 0, 0, 0, 0, 0))
2018-04-07 04:47:10.615446;(22, (2472, 2513, 1341, 1, 0, 0, 0, 0, 0, 0))
2018-04-07 04:47:10.710616;(21, (1738, 1822, 833, 0, 0, 0, 0, 0, 0, 0))
2018-04-07 04:47:10.714395;(19, (973, 1036, 48, 7, 0, 0, 0, 0, 0, 0))
2018-04-07 04:47:10.820058;(17, (759, 948, 7, 7, 0, 0, 0, 0, 0, 0))
2018-04-07 04:47:10.836255;(4, (1152, 1317, 329, 0, 0, 0, 0, 0, 0, 0))
2018-04-07 04:47:10.933810;(9, (763, 925, 10, 1, 0, 0, 0, 0, 0, 0))
2018-04-07 04:47:10.939264;(14, (1985, 1958, 805, 1, 0, 0, 0, 0, 0, 0))
2018-04-07 04:47:10.939611;(5, (1605, 1702, 643, 0, 0, 0, 0, 0, 0, 0))
2018-04-07 04:47:10.954975;(23, (1248, 1167, 815, 0, 0, 0, 0, 0, 0, 0))
2018-04-07 04:47:10.967856;(15, (1018, 1132, 124, 0, 0, 0, 0, 0, 0, 0))
2018-04-07 04:47:10.979601;(8, (1177, 1129, 53, 3, 0, 0, 0, 0, 0, 0))
2018-04-07 04:47:11.151104;(13, (1238, 1337, 424, 0, 0, 0, 0, 0, 0, 0))
2018-04-07 04:47:11.202046;(12, (1092, 1102, 77, 6, 0, 0, 0, 0, 0, 0))
2018-04-07 04:47:11.241604;(7, (2098, 2034, 899, 12, 0, 0, 0, 0, 0, 0))
2018-04-07 04:47:11.260180;(20, (2110, 2163, 962, 1, 0, 0, 0, 0, 0, 0))
2018-04-07 04:47:11.345699;(11, (1223, 1258, 227, 2, 0, 0, 0, 0, 0, 0))
2018-04-07 04:47:11.371493;(3, (2384, 2322, 1090, 6, 0, 0, 0, 0, 0, 0))
2018-04-07 04:47:11.386746;(10, (3439, 3477, 2266, 1, 0, 0, 0, 0, 0, 0))
2018-04-07 04:47:11.419359;(6, (986, 1047, 107, 1, 0, 0, 0, 0, 0, 0))
2018-04-07 04:47:11.470154;(18, (1755, 1773, 694, 0, 0, 0, 0, 0, 0, 0))
2018-04-07 04:47:40.063675;(1, (7952, 7201, 6996, 3498, 0, 0, 0, 0, 0, 0))
2018-04-07 04:47:40.561476;(16, (1097, 1097, 32, 4, 0, 0, 0, 0, 0, 0))
2018-04-07 04:47:40.623559;(22, (2598, 2633, 1393, 1, 0, 0, 0, 0, 0, 0))
2018-04-07 04:47:40.716483;(21, (1783, 1875, 833, 0, 0, 0, 0, 0, 0, 0))
2018-04-07 04:47:40.718680;(19, (1037, 1104, 48, 7, 0, 0, 0, 0, 0, 0))
2018-04-07 04:47:40.835401;(17, (807, 1005, 7, 7, 0, 0, 0, 0, 0, 0))
2018-04-07 04:47:40.843259;(4, (1218, 1393, 349, 0, 0, 0, 0, 0, 0, 0))
2018-04-07 04:47:40.947706;(14, (2209, 2183, 936, 1, 0, 0, 0, 0, 0, 0))
2018-04-07 04:47:40.961418;(23, (1274, 1187, 822, 0, 0, 0, 0, 0, 0, 0))
2018-04-07 04:47:40.982088;(15, (1064, 1191, 124, 0, 0, 0, 0, 0, 0, 0))
2018-04-07 04:47:40.989365;(8, (1259, 1213, 58, 3, 0, 0, 0, 0, 0, 0))
2018-04-07 04:47:41.249749;(7, (2190, 2122, 927, 13, 0, 0, 0, 0, 0, 0))
2018-04-07 04:47:41.351355;(11, (1302, 1341, 234, 5, 0, 0, 0, 0, 0, 0))
2018-04-07 04:47:41.380242;(3, (2555, 2491, 1181, 6, 0, 0, 0, 0, 0, 0))
2018-04-07 04:47:41.393328;(10, (3604, 3643, 2359, 1, 0, 0, 0, 0, 0, 0))
2018-04-07 04:47:41.483733;(18, (1823, 1844, 697, 0, 0, 0, 0, 0, 0, 0))
2018-04-07 04:47:41.942316;(9, (805, 977, 10, 1, 0, 0, 0, 0, 0, 0))
2018-04-07 04:47:41.946542;(5, (1801, 1904, 778, 0, 0, 0, 0, 0, 0, 0))
2018-04-07 04:47:42.158866;(13, (1323, 1430, 465, 0, 0, 0, 0, 0, 0, 0))
2018-04-07 04:47:42.209041;(12, (1228, 1246, 128, 8, 0, 0, 0, 0, 0, 0))
2018-04-07 04:47:42.266447;(20, (2323, 2380, 1097, 1, 0, 0, 0, 0, 0, 0))
2018-04-07 04:47:42.425943;(6, (1038, 1106, 107, 1, 0, 0, 0, 0, 0, 0))
2018-04-07 04:48:10.067852;(1, (8378, 7611, 7396, 3698, 0, 0, 0, 0, 0, 0))
2018-04-07 04:48:10.726956;(21, (1832, 1932, 833, 0, 0, 0, 0, 0, 0, 0))
2018-04-07 04:48:10.849559;(4, (1282, 1467, 369, 0, 0, 0, 0, 0, 0, 0))
2018-04-07 04:48:10.953881;(14, (2338, 2308, 992, 1, 0, 0, 0, 0, 0, 0))
2018-04-07 04:48:10.963192;(23, (1309, 1219, 844, 0, 0, 0, 0, 0, 0, 0))
2018-04-07 04:48:11.355950;(11, (1367, 1405, 239, 5, 0, 0, 0, 0, 0, 0))
2018-04-07 04:48:11.397978;(10, (3671, 3715, 2373, 1, 0, 0, 0, 0, 0, 0))
2018-04-07 04:48:11.567271;(16, (1154, 1158, 32, 4, 0, 0, 0, 0, 0, 0))
2018-04-07 04:48:11.626993;(22, (2640, 2692, 1393, 2, 0, 0, 0, 0, 0, 0))
2018-04-07 04:48:11.723997;(19, (1083, 1156, 48, 7, 0, 0, 0, 0, 0, 0))
2018-04-07 04:48:11.839914;(17, (860, 1066, 11, 9, 0, 0, 0, 0, 0, 0))
2018-04-07 04:48:11.946600;(9, (851, 1033, 10, 1, 0, 0, 0, 0, 0, 0))
2018-04-07 04:48:11.955075;(5, (1902, 2015, 832, 0, 0, 0, 0, 0, 0, 0))
2018-04-07 04:48:11.990814;(15, (1109, 1247, 124, 0, 0, 0, 0, 0, 0, 0))
2018-04-07 04:48:12.002944;(8, (1399, 1349, 110, 3, 0, 0, 0, 0, 0, 0))
2018-04-07 04:48:12.162789;(13, (1408, 1524, 505, 0, 0, 0, 0, 0, 0, 0))
2018-04-07 04:48:12.212081;(12, (1299, 1311, 132, 8, 0, 0, 0, 0, 0, 0))
2018-04-07 04:48:12.253969;(7, (2359, 2290, 1022, 13, 0, 0, 0, 0, 0, 0))
2018-04-07 04:48:12.269557;(20, (2577, 2639, 1279, 1, 0, 0, 0, 0, 0, 0))
2018-04-07 04:48:12.385806;(3, (2681, 2614, 1237, 6, 0, 0, 0, 0, 0, 0))
2018-04-07 04:48:12.428749;(6, (1087, 1162, 107, 1, 0, 0, 0, 0, 0, 0))
2018-04-07 04:48:12.490395;(18, (1880, 1900, 697, 0, 0, 0, 0, 0, 0, 0))
2018-04-07 04:48:40.072364;(1, (8812, 7999, 7768, 3884, 0, 0, 0, 0, 0, 0))
2018-04-07 04:48:40.730433;(21, (1895, 2001, 847, 0, 0, 0, 0, 0, 0, 0))
2018-04-07 04:48:40.959208;(14, (2534, 2501, 1047, 3, 0, 0, 0, 0, 0, 0))
2018-04-07 04:48:40.966123;(23, (1414, 1322, 921, 0, 0, 0, 0, 0, 0, 0))
2018-04-07 04:48:41.360193;(11, (1440, 1481, 245, 8, 0, 0, 0, 0, 0, 0))
2018-04-07 04:48:41.402225;(10, (3794, 3838, 2427, 1, 0, 0, 0, 0, 0, 0))
2018-04-07 04:48:41.571287;(16, (1282, 1276, 55, 4, 0, 0, 0, 0, 0, 0))
2018-04-07 04:48:41.631881;(22, (2714, 2766, 1393, 4, 0, 0, 0, 0, 0, 0))
2018-04-07 04:48:41.727077;(19, (1148, 1224, 53, 9, 0, 0, 0, 0, 0, 0))
2018-04-07 04:48:41.843089;(17, (889, 1113, 11, 13, 0, 0, 0, 0, 0, 0))
2018-04-07 04:48:41.853242;(4, (1348, 1543, 389, 0, 0, 0, 0, 0, 0, 0))
2018-04-07 04:48:41.951522;(9, (896, 1087, 10, 1, 0, 0, 0, 0, 0, 0))
2018-04-07 04:48:41.962698;(5, (2059, 2178, 928, 0, 0, 0, 0, 0, 0, 0))
2018-04-07 04:48:41.997211;(15, (1159, 1301, 124, 0, 0, 0, 0, 0, 0, 0))
2018-04-07 04:48:42.010952;(8, (1533, 1466, 128, 6, 0, 0, 0, 0, 0, 0))
2018-04-07 04:48:42.166415;(13, (1491, 1616, 545, 0, 0, 0, 0, 0, 0, 0))
2018-04-07 04:48:42.216218;(12, (1398, 1392, 148, 8, 0, 0, 0, 0, 0, 0))
2018-04-07 04:48:42.257987;(7, (2496, 2425, 1060, 17, 0, 0, 0, 0, 0, 0))
2018-04-07 04:48:42.272336;(20, (2730, 2788, 1344, 2, 0, 0, 0, 0, 0, 0))
2018-04-07 04:48:42.389912;(3, (2796, 2722, 1257, 6, 0, 0, 0, 0, 0, 0))
2018-04-07 04:48:42.432256;(6, (1141, 1217, 108, 1, 0, 0, 0, 0, 0, 0))
2018-04-07 04:48:42.495435;(18, (2027, 2038, 758, 0, 0, 0, 0, 0, 0, 0))
2018-04-07 04:49:10.075274;(1, (9298, 8429, 8188, 4094, 0, 0, 0, 0, 0, 0))
2018-04-07 04:49:10.736115;(21, (1970, 2083, 865, 0, 0, 0, 0, 0, 0, 0))
2018-04-07 04:49:10.963197;(14, (2722, 2684, 1140, 4, 0, 0, 0, 0, 0, 0))
2018-04-07 04:49:11.363468;(11, (1526, 1572, 259, 8, 0, 0, 0, 0, 0, 0))
2018-04-07 04:49:11.574622;(16, (1359, 1363, 59, 5, 0, 0, 0, 0, 0, 0))
2018-04-07 04:49:11.635875;(22, (2840, 2887, 1442, 5, 0, 0, 0, 0, 0, 0))
2018-04-07 04:49:11.731560;(19, (1218, 1298, 55, 11, 0, 0, 0, 0, 0, 0))
2018-04-07 04:49:11.846471;(17, (904, 1131, 11, 19, 0, 0, 0, 0, 0, 0))
2018-04-07 04:49:11.857545;(4, (1422, 1623, 411, 0, 0, 0, 0, 0, 0, 0))
2018-04-07 04:49:11.954896;(9, (942, 1142, 10, 1, 0, 0, 0, 0, 0, 0))
2018-04-07 04:49:11.970437;(5, (2244, 2367, 1044, 0, 0, 0, 0, 0, 0, 0))
2018-04-07 04:49:11.975153;(23, (1595, 1497, 1058, 0, 0, 0, 0, 0, 0, 0))
2018-04-07 04:49:12.002565;(15, (1264, 1402, 162, 0, 0, 0, 0, 0, 0, 0))
2018-04-07 04:49:12.014813;(8, (1641, 1571, 142, 6, 0, 0, 0, 0, 0, 0))
2018-04-07 04:49:12.170207;(13, (1583, 1723, 586, 0, 0, 0, 0, 0, 0, 0))
2018-04-07 04:49:12.219443;(12, (1508, 1500, 171, 9, 0, 0, 0, 0, 0, 0))
2018-04-07 04:49:12.261744;(7, (2634, 2552, 1107, 17, 0, 0, 0, 0, 0, 0))
2018-04-07 04:49:12.275421;(20, (2911, 2968, 1426, 3, 0, 0, 0, 0, 0, 0))
2018-04-07 04:49:12.393839;(3, (2937, 2855, 1301, 7, 0, 0, 0, 0, 0, 0))
2018-04-07 04:49:12.406714;(10, (3938, 3978, 2497, 1, 0, 0, 0, 0, 0, 0))
2018-04-07 04:49:12.435697;(6, (1215, 1296, 122, 1, 0, 0, 0, 0, 0, 0))
2018-04-07 04:49:12.499401;(18, (2209, 2213, 858, 1, 0, 0, 0, 0, 0, 0))
2018-04-07 04:49:40.078055;(1, (9718, 8829, 8578, 4289, 0, 0, 0, 0, 0, 0))
2018-04-07 04:49:41.578921;(16, (1410, 1419, 59, 5, 0, 0, 0, 0, 0, 0))
2018-04-07 04:49:41.640202;(22, (2921, 2972, 1466, 5, 0, 0, 0, 0, 0, 0))
2018-04-07 04:49:41.734488;(19, (1269, 1354, 55, 11, 0, 0, 0, 0, 0, 0))
2018-04-07 04:49:41.739292;(21, (2015, 2136, 865, 0, 0, 0, 0, 0, 0, 0))
2018-04-07 04:49:41.850606;(17, (917, 1154, 11, 29, 0, 0, 0, 0, 0, 0))
2018-04-07 04:49:41.861529;(4, (1477, 1682, 414, 0, 0, 0, 0, 0, 0, 0))
2018-04-07 04:49:41.959245;(9, (988, 1201, 10, 1, 0, 0, 0, 0, 0, 0))
2018-04-07 04:49:41.967036;(14, (2925, 2883, 1283, 4, 0, 0, 0, 0, 0, 0))
2018-04-07 04:49:41.977915;(5, (2358, 2486, 1107, 0, 0, 0, 0, 0, 0, 0))
2018-04-07 04:49:41.979444;(23, (1814, 1712, 1258, 0, 0, 0, 0, 0, 0, 0))
2018-04-07 04:49:42.007261;(15, (1317, 1459, 163, 0, 0, 0, 0, 0, 0, 0))
2018-04-07 04:49:42.023314;(8, (1723, 1650, 166, 6, 0, 0, 0, 0, 0, 0))
2018-04-07 04:49:42.223010;(12, (1582, 1575, 191, 9, 0, 0, 0, 0, 0, 0))
2018-04-07 04:49:42.265820;(7, (2693, 2620, 1107, 17, 0, 0, 0, 0, 0, 0))
2018-04-07 04:49:42.278182;(20, (2968, 3028, 1428, 3, 0, 0, 0, 0, 0, 0))
2018-04-07 04:49:42.367040;(11, (1576, 1627, 259, 8, 0, 0, 0, 0, 0, 0))
2018-04-07 04:49:42.398360;(3, (3015, 2933, 1321, 7, 0, 0, 0, 0, 0, 0))
2018-04-07 04:49:42.410973;(10, (4033, 4077, 2539, 1, 0, 0, 0, 0, 0, 0))
2018-04-07 04:49:42.439313;(6, (1264, 1355, 122, 1, 0, 0, 0, 0, 0, 0))
2018-04-07 04:49:42.503500;(18, (2429, 2437, 1024, 1, 0, 0, 0, 0, 0, 0))
2018-04-07 04:49:43.173814;(13, (1678, 1828, 630, 0, 0, 0, 0, 0, 0, 0))
2018-04-07 04:50:10.081795;(1, (10126, 9191, 8930, 4465, 0, 0, 0, 0, 0, 0))
2018-04-07 04:50:11.581826;(16, (1472, 1482, 59, 6, 0, 0, 0, 0, 0, 0))
2018-04-07 04:50:11.643120;(22, (3068, 3119, 1531, 5, 0, 0, 0, 0, 0, 0))
2018-04-07 04:50:11.737787;(19, (1321, 1413, 55, 14, 0, 0, 0, 0, 0, 0))
2018-04-07 04:50:11.742969;(21, (2064, 2191, 865, 0, 0, 0, 0, 0, 0, 0))
2018-04-07 04:50:11.852654;(17, (930, 1175, 11, 38, 0, 0, 0, 0, 0, 0))
2018-04-07 04:50:11.865151;(4, (1529, 1741, 416, 0, 0, 0, 0, 0, 0, 0))
2018-04-07 04:50:11.971150;(14, (3111, 3068, 1362, 7, 0, 0, 0, 0, 0, 0))
2018-04-07 04:50:11.986909;(5, (2547, 2684, 1226, 0, 0, 0, 0, 0, 0, 0))
2018-04-07 04:50:11.987182;(23, (1978, 1866, 1383, 0, 0, 0, 0, 0, 0, 0))
2018-04-07 04:50:12.014417;(15, (1374, 1518, 163, 0, 0, 0, 0, 0, 0, 0))
2018-04-07 04:50:12.029881;(8, (1817, 1736, 176, 8, 0, 0, 0, 0, 0, 0))
2018-04-07 04:50:12.268208;(7, (2767, 2688, 1119, 22, 0, 0, 0, 0, 0, 0))
2018-04-07 04:50:12.370374;(11, (1645, 1690, 272, 16, 0, 0, 0, 0, 0, 0))
2018-04-07 04:50:12.402234;(3, (3150, 3060, 1361, 9, 0, 0, 0, 0, 0, 0))
2018-04-07 04:50:12.414064;(10, (4198, 4253, 2629, 1, 0, 0, 0, 0, 0, 0))
2018-04-07 04:50:12.962102;(9, (998, 1223, 10, 1, 0, 0, 0, 0, 0, 0))
2018-04-07 04:50:13.178483;(13, (1762, 1931, 668, 0, 0, 0, 0, 0, 0, 0))
2018-04-07 04:50:13.227076;(12, (1667, 1661, 206, 13, 0, 0, 0, 0, 0, 0))
2018-04-07 04:50:13.281465;(20, (3104, 3161, 1480, 3, 0, 0, 0, 0, 0, 0))
2018-04-07 04:50:13.443892;(6, (1324, 1419, 122, 1, 0, 0, 0, 0, 0, 0))
2018-04-07 04:50:13.507761;(18, (2593, 2599, 1107, 3, 0, 0, 0, 0, 0, 0))
2018-04-07 04:50:41.086036;(1, (10607, 9619, 9348, 4674, 0, 0, 0, 0, 0, 0))
2018-04-07 04:50:41.747103;(21, (2110, 2244, 865, 0, 0, 0, 0, 0, 0, 0))
2018-04-07 04:50:41.870416;(4, (1603, 1823, 442, 0, 0, 0, 0, 0, 0, 0))
2018-04-07 04:50:41.974842;(14, (3284, 3230, 1435, 8, 0, 0, 0, 0, 0, 0))
2018-04-07 04:50:41.995174;(23, (2156, 2038, 1510, 0, 0, 0, 0, 0, 0, 0))
2018-04-07 04:50:42.018249;(15, (1425, 1574, 163, 0, 0, 0, 0, 0, 0, 0))
2018-04-07 04:50:42.374326;(11, (1724, 1775, 275, 18, 0, 0, 0, 0, 0, 0))
2018-04-07 04:50:42.417730;(10, (4397, 4449, 2753, 1, 0, 0, 0, 0, 0, 0))
2018-04-07 04:50:42.584849;(16, (1542, 1557, 61, 9, 0, 0, 0, 0, 0, 0))
2018-04-07 04:50:42.646209;(22, (3138, 3182, 1534, 5, 0, 0, 0, 0, 0, 0))
2018-04-07 04:50:42.741636;(19, (1382, 1478, 55, 14, 0, 0, 0, 0, 0, 0))
2018-04-07 04:50:42.855681;(17, (945, 1196, 11, 46, 0, 0, 0, 0, 0, 0))
2018-04-07 04:50:42.966649;(9, (1050, 1289, 10, 1, 0, 0, 0, 0, 0, 0))
2018-04-07 04:50:42.991329;(5, (2775, 2917, 1383, 0, 0, 0, 0, 0, 0, 0))
2018-04-07 04:50:43.033792;(8, (1901, 1813, 182, 10, 0, 0, 0, 0, 0, 0))
2018-04-07 04:50:43.183696;(13, (1856, 2035, 714, 0, 0, 0, 0, 0, 0, 0))
2018-04-07 04:50:43.229840;(12, (1744, 1734, 217, 13, 0, 0, 0, 0, 0, 0))
2018-04-07 04:50:43.272987;(7, (2899, 2826, 1161, 22, 0, 0, 0, 0, 0, 0))
2018-04-07 04:50:43.285185;(20, (3175, 3229, 1484, 4, 0, 0, 0, 0, 0, 0))
2018-04-07 04:50:43.406281;(3, (3339, 3240, 1454, 9, 0, 0, 0, 0, 0, 0))
2018-04-07 04:50:43.446574;(6, (1377, 1484, 123, 1, 0, 0, 0, 0, 0, 0))
2018-04-07 04:50:43.511781;(18, (2802, 2800, 1212, 6, 0, 0, 0, 0, 0, 0))
2018-04-07 04:51:11.090395;(1, (11057, 10019, 9738, 4869, 0, 0, 0, 0, 0, 0))
2018-04-07 04:51:11.750162;(21, (2160, 2298, 865, 0, 0, 0, 0, 0, 0, 0))
2018-04-07 04:51:11.979621;(14, (3403, 3339, 1466, 8, 0, 0, 0, 0, 0, 0))
2018-04-07 04:51:12.002335;(23, (2345, 2248, 1655, 0, 0, 0, 0, 0, 0, 0))
2018-04-07 04:51:12.421432;(10, (4554, 4605, 2839, 1, 0, 0, 0, 0, 0, 0))
2018-04-07 04:51:12.590311;(16, (1627, 1641, 76, 10, 0, 0, 0, 0, 0, 0))
2018-04-07 04:51:12.649498;(22, (3251, 3283, 1569, 5, 0, 0, 0, 0, 0, 0))
2018-04-07 04:51:12.743988;(19, (1430, 1529, 56, 14, 0, 0, 0, 0, 0, 0))
2018-04-07 04:51:12.857803;(17, (961, 1215, 11, 54, 0, 0, 0, 0, 0, 0))
2018-04-07 04:51:12.874608;(4, (1670, 1899, 462, 0, 0, 0, 0, 0, 0, 0))
2018-04-07 04:51:12.970907;(9, (1097, 1345, 10, 1, 0, 0, 0, 0, 0, 0))
2018-04-07 04:51:12.998621;(5, (3036, 3181, 1567, 0, 0, 0, 0, 0, 0, 0))
2018-04-07 04:51:13.021709;(15, (1478, 1633, 163, 0, 0, 0, 0, 0, 0, 0))
2018-04-07 04:51:13.038657;(8, (1982, 1886, 185, 10, 0, 0, 0, 0, 0, 0))
2018-04-07 04:51:13.187388;(13, (1946, 2133, 754, 0, 0, 0, 0, 0, 0, 0))
2018-04-07 04:51:13.237104;(12, (1823, 1810, 223, 14, 0, 0, 0, 0, 0, 0))
2018-04-07 04:51:13.277281;(7, (2990, 2924, 1171, 24, 0, 0, 0, 0, 0, 0))
2018-04-07 04:51:13.287900;(20, (3237, 3299, 1484, 4, 0, 0, 0, 0, 0, 0))
2018-04-07 04:51:13.409846;(3, (3478, 3381, 1503, 10, 0, 0, 0, 0, 0, 0))
2018-04-07 04:51:13.450951;(6, (1518, 1616, 180, 1, 0, 0, 0, 0, 0, 0))
2018-04-07 04:51:13.515293;(18, (3022, 3016, 1339, 8, 0, 0, 0, 0, 0, 0))
2018-04-07 04:51:41.092338;(1, (11496, 10417, 10126, 5063, 0, 0, 0, 0, 0, 0))
2018-04-07 04:51:41.754539;(21, (2208, 2352, 865, 0, 0, 0, 0, 0, 0, 0))
2018-04-07 04:51:41.983132;(14, (3557, 3475, 1514, 8, 0, 0, 0, 0, 0, 0))
2018-04-07 04:51:42.010194;(23, (2505, 2416, 1774, 0, 0, 0, 0, 0, 0, 0))
2018-04-07 04:51:42.381484;(11, (1924, 1971, 326, 23, 0, 0, 0, 0, 0, 0))
2018-04-07 04:51:42.593546;(16, (1724, 1727, 106, 14, 0, 0, 0, 0, 0, 0))
2018-04-07 04:51:42.652448;(22, (3436, 3463, 1673, 5, 0, 0, 0, 0, 0, 0))
2018-04-07 04:51:42.747341;(19, (1527, 1630, 88, 14, 0, 0, 0, 0, 0, 0))
2018-04-07 04:51:42.859691;(17, (975, 1236, 11, 63, 0, 0, 0, 0, 0, 0))
2018-04-07 04:51:42.976580;(9, (1139, 1397, 10, 1, 0, 0, 0, 0, 0, 0))
2018-04-07 04:51:43.004049;(5, (3254, 3404, 1720, 0, 0, 0, 0, 0, 0, 0))
2018-04-07 04:51:43.025308;(15, (1528, 1690, 163, 0, 0, 0, 0, 0, 0, 0))
2018-04-07 04:51:43.041951;(8, (2052, 1945, 194, 10, 0, 0, 0, 0, 0, 0))
2018-04-07 04:51:43.191860;(13, (2030, 2227, 794, 0, 0, 0, 0, 0, 0, 0))
2018-04-07 04:51:43.240034;(12, (1921, 1914, 245, 16, 0, 0, 0, 0, 0, 0))
2018-04-07 04:51:43.280002;(7, (3069, 3010, 1178, 24, 0, 0, 0, 0, 0, 0))
2018-04-07 04:51:43.290982;(20, (3297, 3360, 1487, 4, 0, 0, 0, 0, 0, 0))
2018-04-07 04:51:43.413074;(3, (3694, 3588, 1617, 10, 0, 0, 0, 0, 0, 0))
2018-04-07 04:51:43.427716;(10, (4752, 4798, 2962, 1, 0, 0, 0, 0, 0, 0))
2018-04-07 04:51:43.455492;(6, (1554, 1659, 186, 1, 0, 0, 0, 0, 0, 0))
2018-04-07 04:51:43.519566;(18, (3199, 3185, 1420, 8, 0, 0, 0, 0, 0, 0))
2018-04-07 04:52:11.095826;(1, (11958, 10822, 10520, 5260, 0, 0, 0, 0, 0, 0))
2018-04-07 04:52:11.987256;(14, (3819, 3737, 1658, 9, 0, 0, 0, 0, 0, 0))
2018-04-07 04:52:12.017570;(23, (2686, 2599, 1915, 0, 0, 0, 0, 0, 0, 0))
2018-04-07 04:52:12.598376;(16, (1805, 1819, 108, 14, 0, 0, 0, 0, 0, 0))
2018-04-07 04:52:12.656268;(22, (3629, 3646, 1775, 6, 0, 0, 0, 0, 0, 0))
2018-04-07 04:52:12.750891;(19, (1607, 1724, 100, 15, 0, 0, 0, 0, 0, 0))
2018-04-07 04:52:12.758859;(21, (2270, 2416, 871, 0, 0, 0, 0, 0, 0, 0))
2018-04-07 04:52:12.862006;(17, (989, 1258, 11, 72, 0, 0, 0, 0, 0, 0))
2018-04-07 04:52:12.882307;(4, (1814, 2063, 499, 2, 0, 0, 0, 0, 0, 0))
2018-04-07 04:52:12.980691;(9, (1176, 1446, 10, 4, 0, 0, 0, 0, 0, 0))
2018-04-07 04:52:13.009049;(5, (3372, 3526, 1786, 0, 0, 0, 0, 0, 0, 0))
2018-04-07 04:52:13.028653;(15, (1590, 1758, 168, 0, 0, 0, 0, 0, 0, 0))
2018-04-07 04:52:13.045230;(8, (2114, 2004, 198, 10, 0, 0, 0, 0, 0, 0))
2018-04-07 04:52:13.245158;(12, (2067, 2052, 301, 19, 0, 0, 0, 0, 0, 0))
2018-04-07 04:52:13.283771;(7, (3122, 3053, 1183, 24, 0, 0, 0, 0, 0, 0))
2018-04-07 04:52:13.294843;(20, (3361, 3425, 1488, 5, 0, 0, 0, 0, 0, 0))
2018-04-07 04:52:13.385106;(11, (1999, 2050, 329, 25, 0, 0, 0, 0, 0, 0))
2018-04-07 04:52:13.416103;(3, (3915, 3809, 1726, 13, 0, 0, 0, 0, 0, 0))
2018-04-07 04:52:13.431641;(10, (4943, 4987, 3075, 1, 0, 0, 0, 0, 0, 0))
2018-04-07 04:52:13.459067;(6, (1583, 1693, 186, 1, 0, 0, 0, 0, 0, 0))
2018-04-07 04:52:13.523681;(18, (3407, 3383, 1534, 8, 0, 0, 0, 0, 0, 0))
2018-04-07 04:52:14.198961;(13, (2127, 2337, 835, 0, 0, 0, 0, 0, 0, 0))
2018-04-07 04:52:41.098417;(1, (12419, 11252, 10940, 5470, 0, 0, 0, 0, 0, 0))
2018-04-07 04:52:42.661527;(22, (3875, 3894, 1957, 6, 0, 0, 0, 0, 0, 0))
2018-04-07 04:52:42.754695;(19, (1680, 1802, 111, 18, 0, 0, 0, 0, 0, 0))
2018-04-07 04:52:42.762376;(21, (2366, 2514, 905, 0, 0, 0, 0, 0, 0, 0))
2018-04-07 04:52:42.885254;(4, (1882, 2140, 519, 2, 0, 0, 0, 0, 0, 0))
2018-04-07 04:52:42.991718;(14, (4016, 3933, 1768, 9, 0, 0, 0, 0, 0, 0))
2018-04-07 04:52:43.015439;(5, (3449, 3607, 1808, 0, 0, 0, 0, 0, 0, 0))
2018-04-07 04:52:43.022650;(23, (2755, 2660, 1954, 0, 0, 0, 0, 0, 0, 0))
2018-04-07 04:52:43.033566;(15, (1639, 1824, 168, 0, 0, 0, 0, 0, 0, 0))
2018-04-07 04:52:43.288936;(7, (3190, 3123, 1183, 24, 0, 0, 0, 0, 0, 0))
2018-04-07 04:52:43.390748;(11, (2083, 2133, 340, 25, 0, 0, 0, 0, 0, 0))
2018-04-07 04:52:43.420254;(3, (4150, 4039, 1888, 13, 0, 0, 0, 0, 0, 0))
2018-04-07 04:52:43.434972;(10, (5225, 5271, 3287, 1, 0, 0, 0, 0, 0, 0))
2018-04-07 04:52:43.601633;(16, (1872, 1886, 109, 14, 0, 0, 0, 0, 0, 0))
2018-04-07 04:52:43.863936;(17, (1001, 1276, 11, 79, 0, 0, 0, 0, 0, 0))
2018-04-07 04:52:43.984159;(9, (1221, 1501, 10, 4, 0, 0, 0, 0, 0, 0))
2018-04-07 04:52:44.049500;(8, (2193, 2083, 202, 10, 0, 0, 0, 0, 0, 0))
2018-04-07 04:52:44.202569;(13, (2227, 2442, 880, 0, 0, 0, 0, 0, 0, 0))
2018-04-07 04:52:44.249445;(12, (2208, 2199, 366, 19, 0, 0, 0, 0, 0, 0))
2018-04-07 04:52:44.299294;(20, (3416, 3479, 1488, 5, 0, 0, 0, 0, 0, 0))
2018-04-07 04:52:44.462886;(6, (1635, 1751, 186, 1, 0, 0, 0, 0, 0, 0))
2018-04-07 04:52:44.527488;(18, (3509, 3487, 1565, 8, 0, 0, 0, 0, 0, 0))
2018-04-07 04:53:11.100545;(1, (12830, 11628, 11306, 5653, 0, 0, 0, 0, 0, 0))
2018-04-07 04:53:12.765750;(21, (2488, 2642, 967, 0, 0, 0, 0, 0, 0, 0))
2018-04-07 04:53:12.998819;(14, (4145, 4064, 1813, 10, 0, 0, 0, 0, 0, 0))
2018-04-07 04:53:13.025317;(23, (2851, 2749, 2016, 0, 0, 0, 0, 0, 0, 0))
2018-04-07 04:53:13.041901;(15, (1692, 1895, 168, 0, 0, 0, 0, 0, 0, 0))
2018-04-07 04:53:13.394349;(11, (2141, 2188, 343, 26, 0, 0, 0, 0, 0, 0))
2018-04-07 04:53:13.438535;(10, (5425, 5471, 3425, 1, 0, 0, 0, 0, 0, 0))
2018-04-07 04:53:13.604528;(16, (1969, 1979, 129, 15, 0, 0, 0, 0, 0, 0))
2018-04-07 04:53:13.665992;(22, (4070, 4079, 2077, 7, 0, 0, 0, 0, 0, 0))
2018-04-07 04:53:13.758246;(19, (1776, 1903, 145, 23, 0, 0, 0, 0, 0, 0))
2018-04-07 04:53:13.866738;(17, (1015, 1297, 11, 88, 0, 0, 0, 0, 0, 0))
2018-04-07 04:53:13.889102;(4, (1950, 2217, 539, 2, 0, 0, 0, 0, 0, 0))
2018-04-07 04:53:13.988120;(9, (1264, 1554, 10, 4, 0, 0, 0, 0, 0, 0))
2018-04-07 04:53:14.020100;(5, (3527, 3689, 1830, 0, 0, 0, 0, 0, 0, 0))
2018-04-07 04:53:14.051861;(8, (2259, 2139, 207, 10, 0, 0, 0, 0, 0, 0))
2018-04-07 04:53:14.206166;(13, (2324, 2545, 925, 0, 0, 0, 0, 0, 0, 0))
2018-04-07 04:53:14.254333;(12, (2322, 2307, 406, 21, 0, 0, 0, 0, 0, 0))
2018-04-07 04:53:14.292070;(7, (3280, 3206, 1192, 24, 0, 0, 0, 0, 0, 0))
2018-04-07 04:53:14.302974;(20, (3483, 3546, 1492, 10, 0, 0, 0, 0, 0, 0))
2018-04-07 04:53:14.423457;(3, (4386, 4270, 2011, 13, 0, 0, 0, 0, 0, 0))
2018-04-07 04:53:14.467876;(6, (1687, 1808, 186, 1, 0, 0, 0, 0, 0, 0))
2018-04-07 04:53:14.532046;(18, (3620, 3595, 1601, 8, 0, 0, 0, 0, 0, 0))
2018-04-07 04:53:41.102478;(1, (13249, 12002, 11670, 5835, 0, 0, 0, 0, 0, 0))
2018-04-07 04:53:42.769084;(21, (2707, 2865, 1108, 0, 0, 0, 0, 0, 0, 0))
2018-04-07 04:53:43.005723;(14, (4448, 4358, 1973, 10, 0, 0, 0, 0, 0, 0))
2018-04-07 04:53:43.027066;(23, (3107, 3005, 2214, 0, 0, 0, 0, 0, 0, 0))
2018-04-07 04:53:43.398852;(11, (2239, 2287, 355, 27, 0, 0, 0, 0, 0, 0))
2018-04-07 04:53:43.442417;(10, (5555, 5599, 3488, 1, 0, 0, 0, 0, 0, 0))
2018-04-07 04:53:43.607585;(16, (2037, 2057, 132, 15, 0, 0, 0, 0, 0, 0))
2018-04-07 04:53:43.669226;(22, (4123, 4115, 2090, 15, 0, 0, 0, 0, 0, 0))
2018-04-07 04:53:43.763071;(19, (1852, 1986, 148, 23, 0, 0, 0, 0, 0, 0))
2018-04-07 04:53:43.870199;(17, (1029, 1318, 11, 97, 0, 0, 0, 0, 0, 0))
2018-04-07 04:53:43.893732;(4, (2017, 2294, 559, 2, 0, 0, 0, 0, 0, 0))
2018-04-07 04:53:43.991416;(9, (1309, 1608, 10, 4, 0, 0, 0, 0, 0, 0))
2018-04-07 04:53:44.023150;(5, (3597, 3768, 1852, 0, 0, 0, 0, 0, 0, 0))
2018-04-07 04:53:44.045943;(15, (1741, 1951, 168, 0, 0, 0, 0, 0, 0, 0))
2018-04-07 04:53:44.055573;(8, (2411, 2282, 241, 11, 0, 0, 0, 0, 0, 0))
2018-04-07 04:53:44.210282;(13, (2411, 2640, 965, 0, 0, 0, 0, 0, 0, 0))
2018-04-07 04:53:44.258316;(12, (2415, 2402, 429, 21, 0, 0, 0, 0, 0, 0))
2018-04-07 04:53:44.295509;(7, (3382, 3310, 1209, 25, 0, 0, 0, 0, 0, 0))
2018-04-07 04:53:44.307531;(20, (3541, 3615, 1493, 10, 0, 0, 0, 0, 0, 0))
2018-04-07 04:53:44.427440;(3, (4505, 4394, 2044, 13, 0, 0, 0, 0, 0, 0))
2018-04-07 04:53:44.471873;(6, (1735, 1863, 186, 1, 0, 0, 0, 0, 0, 0))
2018-04-07 04:53:44.536159;(18, (3927, 3903, 1799, 10, 0, 0, 0, 0, 0, 0))
2018-04-07 04:54:11.104497;(1, (13702, 12412, 12070, 6035, 0, 0, 0, 0, 0, 0))
2018-04-07 04:54:12.771744;(21, (2908, 3072, 1240, 0, 0, 0, 0, 0, 0, 0))
2018-04-07 04:54:13.010966;(14, (4645, 4550, 2064, 12, 0, 0, 0, 0, 0, 0))
2018-04-07 04:54:13.029879;(23, (3282, 3163, 2341, 0, 0, 0, 0, 0, 0, 0))
2018-04-07 04:54:13.402171;(11, (2302, 2350, 357, 30, 0, 0, 0, 0, 0, 0))
2018-04-07 04:54:13.446395;(10, (5748, 5791, 3608, 1, 0, 0, 0, 0, 0, 0))
2018-04-07 04:54:13.611924;(16, (2141, 2156, 146, 19, 0, 0, 0, 0, 0, 0))
2018-04-07 04:54:13.674485;(22, (4299, 4293, 2186, 18, 0, 0, 0, 0, 0, 0))
2018-04-07 04:54:13.766805;(19, (1930, 2068, 151, 25, 0, 0, 0, 0, 0, 0))
2018-04-07 04:54:13.873051;(17, (1043, 1336, 11, 104, 0, 0, 0, 0, 0, 0))
2018-04-07 04:54:13.896643;(4, (2086, 2372, 579, 2, 0, 0, 0, 0, 0, 0))
2018-04-07 04:54:13.999129;(9, (1351, 1661, 10, 4, 0, 0, 0, 0, 0, 0))
2018-04-07 04:54:14.051320;(15, (1791, 2008, 168, 0, 0, 0, 0, 0, 0, 0))
2018-04-07 04:54:14.061449;(8, (2521, 2378, 260, 13, 0, 0, 0, 0, 0, 0))
2018-04-07 04:54:14.214470;(13, (2498, 2736, 1007, 0, 0, 0, 0, 0, 0, 0))
2018-04-07 04:54:14.261748;(12, (2488, 2474, 448, 28, 0, 0, 0, 0, 0, 0))
2018-04-07 04:54:14.298651;(7, (3456, 3381, 1217, 28, 0, 0, 0, 0, 0, 0))
2018-04-07 04:54:14.311067;(20, (3612, 3699, 1509, 10, 0, 0, 0, 0, 0, 0))
2018-04-07 04:54:14.430346;(3, (4669, 4548, 2121, 13, 0, 0, 0, 0, 0, 0))
2018-04-07 04:54:14.475528;(6, (1787, 1920, 186, 1, 0, 0, 0, 0, 0, 0))
2018-04-07 04:54:14.540099;(18, (4129, 4104, 1900, 12, 0, 0, 0, 0, 0, 0))
2018-04-07 04:54:42.107098;(1, (14144, 12804, 12452, 6226, 0, 0, 0, 0, 0, 0))
2018-04-07 04:54:42.774674;(21, (2983, 3154, 1262, 0, 0, 0, 0, 0, 0, 0))
2018-04-07 04:54:43.015011;(14, (4837, 4725, 2148, 14, 0, 0, 0, 0, 0, 0))
2018-04-07 04:54:43.036921;(23, (3328, 3204, 2364, 1, 0, 0, 0, 0, 0, 0))
2018-04-07 04:54:43.615219;(16, (2244, 2244, 156, 19, 0, 0, 0, 0, 0, 0))
2018-04-07 04:54:43.678983;(22, (4590, 4581, 2367, 18, 0, 0, 0, 0, 0, 0))
2018-04-07 04:54:43.770742;(19, (2033, 2173, 182, 25, 0, 0, 0, 0, 0, 0))
2018-04-07 04:54:43.875217;(17, (1057, 1358, 11, 114, 0, 0, 0, 0, 0, 0))
2018-04-07 04:54:43.899644;(4, (2152, 2448, 599, 2, 0, 0, 0, 0, 0, 0))
2018-04-07 04:54:44.034811;(5, (3739, 3923, 1894, 0, 0, 0, 0, 0, 0, 0))
2018-04-07 04:54:44.056945;(15, (1843, 2066, 168, 0, 0, 0, 0, 0, 0, 0))
2018-04-07 04:54:44.065435;(8, (2641, 2488, 302, 13, 0, 0, 0, 0, 0, 0))
2018-04-07 04:54:44.265614;(12, (2570, 2556, 454, 29, 0, 0, 0, 0, 0, 0))
2018-04-07 04:54:44.303005;(7, (3532, 3450, 1222, 28, 0, 0, 0, 0, 0, 0))
2018-04-07 04:54:44.315163;(20, (3710, 3799, 1530, 11, 0, 0, 0, 0, 0, 0))
2018-04-07 04:54:44.406724;(11, (2387, 2434, 361, 30, 0, 0, 0, 0, 0, 0))
2018-04-07 04:54:44.437154;(3, (4945, 4810, 2276, 18, 0, 0, 0, 0, 0, 0))
2018-04-07 04:54:44.451381;(10, (6035, 6090, 3809, 1, 0, 0, 0, 0, 0, 0))
2018-04-07 04:54:44.479245;(6, (1847, 1980, 188, 1, 0, 0, 0, 0, 0, 0))
2018-04-07 04:54:44.545858;(18, (4239, 4231, 1928, 13, 0, 0, 0, 0, 0, 0))
2018-04-07 04:54:45.006652;(9, (1396, 1715, 10, 4, 0, 0, 0, 0, 0, 0))
2018-04-07 04:54:45.218214;(13, (2584, 2832, 1047, 0, 0, 0, 0, 0, 0, 0))
2018-04-07 04:55:12.111276;(1, (14535, 13168, 12806, 6403, 0, 0, 0, 0, 0, 0))
2018-04-07 04:55:13.683955;(22, (4836, 4821, 2526, 18, 0, 0, 0, 0, 0, 0))
2018-04-07 04:55:13.773739;(19, (2125, 2273, 209, 26, 0, 0, 0, 0, 0, 0))
2018-04-07 04:55:13.778536;(21, (3051, 3228, 1278, 0, 0, 0, 0, 0, 0, 0))
2018-04-07 04:55:13.902790;(4, (2220, 2524, 619, 2, 0, 0, 0, 0, 0, 0))
2018-04-07 04:55:14.020653;(14, (4923, 4807, 2163, 14, 0, 0, 0, 0, 0, 0))
2018-04-07 04:55:14.041244;(5, (3813, 4003, 1916, 0, 0, 0, 0, 0, 0, 0))
2018-04-07 04:55:14.042318;(23, (3371, 3237, 2380, 1, 0, 0, 0, 0, 0, 0))
2018-04-07 04:55:14.062897;(15, (1895, 2123, 168, 0, 0, 0, 0, 0, 0, 0))
2018-04-07 04:55:14.307430;(7, (3621, 3533, 1233, 29, 0, 0, 0, 0, 0, 0))
2018-04-07 04:55:14.410285;(11, (2442, 2484, 365, 32, 0, 0, 0, 0, 0, 0))
2018-04-07 04:55:14.620110;(16, (2315, 2307, 169, 19, 0, 0, 0, 0, 0, 0))
2018-04-07 04:55:14.878293;(17, (1071, 1380, 11, 123, 0, 0, 0, 0, 0, 0))
2018-04-07 04:55:15.013779;(9, (1444, 1772, 10, 4, 0, 0, 0, 0, 0, 0))
2018-04-07 04:55:15.067557;(8, (2690, 2524, 306, 13, 0, 0, 0, 0, 0, 0))
2018-04-07 04:55:15.221425;(13, (2670, 2927, 1087, 0, 0, 0, 0, 0, 0, 0))
2018-04-07 04:55:15.270016;(12, (2646, 2632, 459, 29, 0, 0, 0, 0, 0, 0))
2018-04-07 04:55:15.319654;(20, (3796, 3890, 1560, 11, 0, 0, 0, 0, 0, 0))
2018-04-07 04:55:15.440143;(3, (5181, 5031, 2411, 20, 0, 0, 0, 0, 0, 0))
2018-04-07 04:55:15.485712;(6, (1902, 2039, 188, 1, 0, 0, 0, 0, 0, 0))
2018-04-07 04:55:15.551559;(18, (4337, 4340, 1955, 13, 0, 0, 0, 0, 0, 0))
