2018-03-23 01:32:03.973299;(15, (6, 2, 9, 0))
2018-03-23 01:32:04.015971;(8, (24, 5, 30, 0))
2018-03-23 01:32:04.067825;(11, (11, 2, 14, 0))
2018-03-23 01:32:04.105261;(18, (0, 0, 0, 0))
2018-03-23 01:32:04.201507;(16, (0, 0, 0, 0))
2018-03-23 01:32:04.239271;(13, (0, 0, 0, 0))
2018-03-23 01:32:04.259190;(23, (0, 0, 1, 0))
2018-03-23 01:32:04.317962;(26, (2, 1, 4, 0))
2018-03-23 01:32:04.364717;(2, (98, 0, 98, 0))
2018-03-23 01:32:04.399990;(4, (13, 5, 19, 0))
2018-03-23 01:32:04.437895;(10, (35, 1, 37, 0))
2018-03-23 01:32:04.483970;(12, (20, 5, 26, 0))
2018-03-23 01:32:04.529518;(5, (9, 4, 14, 0))
2018-03-23 01:32:04.549214;(1, (0, 0, 0, 0))
2018-03-23 01:32:04.618521;(21, (0, 0, 0, 0))
2018-03-23 01:32:04.628852;(25, (0, 0, 0, 0))
2018-03-23 01:32:04.638238;(3, (47, 0, 47, 0))
2018-03-23 01:32:04.711831;(20, (0, 0, 0, 0))
2018-03-23 01:32:04.714269;(22, (1, 0, 2, 0))
2018-03-23 01:32:04.728150;(17, (0, 0, 0, 0))
2018-03-23 01:32:04.805092;(7, (54, 0, 55, 0))
2018-03-23 01:32:04.814123;(24, (0, 0, 1, 0))
2018-03-23 01:32:04.826074;(9, (9, 4, 14, 0))
2018-03-23 01:32:04.889540;(14, (10, 2, 13, 0))
2018-03-23 01:32:04.918915;(19, (8, 3, 11, 0))
2018-03-23 01:33:03.985815;(15, (28, 15, 44, 0))
2018-03-23 01:33:04.028629;(8, (43, 13, 56, 1))
2018-03-23 01:33:04.080550;(11, (45, 11, 57, 0))
2018-03-23 01:33:04.120209;(18, (36, 9, 46, 0))
2018-03-23 01:33:04.193394;(6, (176, 4, 180, 0))
2018-03-23 01:33:04.216642;(16, (23, 8, 32, 0))
2018-03-23 01:33:04.250604;(13, (10, 8, 19, 1))
2018-03-23 01:33:04.278066;(23, (74, 12, 86, 0))
2018-03-23 01:33:04.333958;(26, (32, 15, 48, 0))
2018-03-23 01:33:04.381506;(2, (156, 12, 169, 0))
2018-03-23 01:33:04.412598;(4, (23, 13, 37, 1))
2018-03-23 01:33:04.454389;(10, (87, 14, 102, 0))
2018-03-23 01:33:04.496966;(12, (47, 17, 65, 0))
2018-03-23 01:33:04.539944;(5, (9, 10, 20, 1))
2018-03-23 01:33:04.559757;(1, (0, 0, 0, 0))
2018-03-23 01:33:04.631749;(21, (24, 11, 36, 1))
2018-03-23 01:33:04.640261;(25, (10, 7, 18, 0))
2018-03-23 01:33:04.662498;(3, (161, 4, 165, 0))
2018-03-23 01:33:04.731534;(20, (78, 10, 89, 0))
2018-03-23 01:33:04.745340;(17, (32, 14, 47, 0))
2018-03-23 01:33:04.828092;(7, (148, 11, 159, 0))
2018-03-23 01:33:04.829299;(24, (4, 7, 12, 1))
2018-03-23 01:33:04.841533;(9, (24, 15, 40, 1))
2018-03-23 01:33:04.904635;(14, (37, 12, 50, 1))
2018-03-23 01:33:04.930024;(19, (19, 10, 30, 0))
2018-03-23 01:34:03.997622;(15, (52, 26, 79, 1))
2018-03-23 01:34:04.045107;(8, (80, 26, 107, 1))
2018-03-23 01:34:04.091756;(11, (62, 20, 83, 1))
2018-03-23 01:34:04.138740;(18, (88, 24, 113, 0))
2018-03-23 01:34:04.214512;(6, (272, 14, 287, 0))
2018-03-23 01:34:04.229481;(16, (42, 17, 60, 2))
2018-03-23 01:34:04.264024;(13, (29, 19, 49, 2))
2018-03-23 01:34:04.298256;(23, (160, 25, 185, 0))
2018-03-23 01:34:04.346554;(26, (40, 24, 65, 1))
2018-03-23 01:34:04.404088;(2, (247, 25, 273, 0))
2018-03-23 01:34:04.425932;(4, (29, 21, 51, 2))
2018-03-23 01:34:04.466524;(10, (104, 24, 129, 0))
2018-03-23 01:34:04.510940;(12, (72, 30, 103, 1))
2018-03-23 01:34:04.550758;(5, (16, 17, 34, 3))
2018-03-23 01:34:04.569888;(1, (0, 0, 0, 0))
2018-03-23 01:34:04.647268;(21, (73, 22, 96, 1))
2018-03-23 01:34:04.651919;(25, (10, 14, 25, 2))
2018-03-23 01:34:04.683838;(3, (256, 12, 268, 0))
2018-03-23 01:34:04.749277;(20, (159, 24, 183, 0))
2018-03-23 01:34:04.759160;(22, (174, 23, 197, 0))
2018-03-23 01:34:04.764658;(17, (60, 25, 86, 0))
2018-03-23 01:34:04.844128;(24, (19, 19, 39, 2))
2018-03-23 01:34:04.849133;(7, (222, 22, 245, 0))
2018-03-23 01:34:04.857968;(9, (38, 23, 62, 2))
2018-03-23 01:34:04.920300;(14, (88, 25, 114, 1))
2018-03-23 01:34:04.942124;(19, (38, 21, 60, 1))
2018-03-23 01:35:04.010407;(15, (73, 35, 109, 2))
2018-03-23 01:35:04.063918;(8, (140, 39, 179, 1))
2018-03-23 01:35:04.103723;(11, (71, 31, 103, 2))
2018-03-23 01:35:04.151264;(18, (98, 34, 133, 1))
2018-03-23 01:35:04.231448;(6, (346, 26, 373, 0))
2018-03-23 01:35:04.245602;(16, (76, 30, 107, 2))
2018-03-23 01:35:04.275936;(13, (36, 24, 61, 3))
2018-03-23 01:35:04.312783;(23, (182, 37, 220, 0))
2018-03-23 01:35:04.360063;(26, (66, 35, 102, 1))
2018-03-23 01:35:04.419945;(2, (279, 37, 317, 0))
2018-03-23 01:35:04.435926;(4, (30, 29, 60, 3))
2018-03-23 01:35:04.484011;(10, (125, 34, 160, 1))
2018-03-23 01:35:04.524898;(12, (105, 42, 148, 1))
2018-03-23 01:35:04.560956;(5, (31, 25, 57, 4))
2018-03-23 01:35:04.580026;(1, (0, 0, 0, 0))
2018-03-23 01:35:04.660405;(21, (115, 32, 148, 2))
2018-03-23 01:35:04.663888;(25, (30, 23, 54, 2))
2018-03-23 01:35:04.702390;(3, (346, 21, 368, 0))
2018-03-23 01:35:04.767730;(20, (227, 37, 265, 0))
2018-03-23 01:35:04.779590;(22, (247, 39, 287, 0))
2018-03-23 01:35:04.780677;(17, (66, 35, 102, 2))
2018-03-23 01:35:04.856240;(24, (30, 27, 58, 3))
2018-03-23 01:35:04.866205;(7, (261, 36, 298, 0))
2018-03-23 01:35:04.875887;(9, (53, 34, 88, 3))
2018-03-23 01:35:04.955729;(19, (42, 29, 72, 2))
2018-03-23 01:36:04.023673;(15, (94, 49, 144, 2))
2018-03-23 01:36:04.075085;(8, (156, 53, 210, 1))
2018-03-23 01:36:04.113973;(11, (74, 39, 114, 3))
2018-03-23 01:36:04.161364;(18, (109, 45, 155, 2))
2018-03-23 01:36:04.252037;(6, (424, 42, 466, 0))
2018-03-23 01:36:04.262642;(16, (108, 39, 148, 3))
2018-03-23 01:36:04.286468;(13, (36, 32, 69, 5))
2018-03-23 01:36:04.329304;(23, (233, 48, 282, 0))
2018-03-23 01:36:04.374137;(26, (76, 44, 121, 3))
2018-03-23 01:36:04.433729;(2, (299, 48, 348, 1))
2018-03-23 01:36:04.452194;(4, (30, 36, 67, 5))
2018-03-23 01:36:04.496099;(10, (129, 43, 173, 3))
2018-03-23 01:36:04.540179;(12, (133, 53, 187, 2))
2018-03-23 01:36:04.575437;(5, (57, 35, 93, 5))
2018-03-23 01:36:04.591300;(1, (0, 0, 0, 0))
2018-03-23 01:36:04.678058;(21, (177, 43, 221, 2))
2018-03-23 01:36:04.679055;(25, (46, 32, 79, 3))
2018-03-23 01:36:04.716972;(3, (376, 28, 405, 1))
2018-03-23 01:36:04.783682;(20, (283, 52, 336, 0))
2018-03-23 01:36:04.796280;(22, (282, 55, 338, 0))
2018-03-23 01:36:04.798521;(17, (81, 44, 126, 3))
2018-03-23 01:36:04.868374;(24, (30, 33, 64, 5))
2018-03-23 01:36:04.880832;(7, (272, 46, 319, 1))
2018-03-23 01:36:04.894186;(9, (76, 45, 122, 3))
2018-03-23 01:36:04.951304;(14, (145, 50, 196, 2))
2018-03-23 01:36:04.974691;(19, (81, 41, 123, 2))
2018-03-23 01:37:04.037922;(15, (94, 53, 148, 3))
2018-03-23 01:37:04.088426;(8, (156, 59, 216, 3))
2018-03-23 01:37:04.129459;(11, (79, 47, 127, 5))
2018-03-23 01:37:04.179608;(18, (137, 54, 191, 3))
2018-03-23 01:37:04.280398;(16, (108, 46, 155, 5))
2018-03-23 01:37:04.280665;(6, (538, 44, 582, 0))
2018-03-23 01:37:04.300202;(13, (36, 39, 76, 7))
2018-03-23 01:37:04.343120;(23, (245, 55, 301, 1))
2018-03-23 01:37:04.389145;(26, (82, 52, 135, 4))
2018-03-23 01:37:04.451147;(2, (325, 58, 384, 2))
2018-03-23 01:37:04.465900;(4, (30, 42, 73, 6))
2018-03-23 01:37:04.554268;(12, (133, 59, 193, 4))
2018-03-23 01:37:04.589621;(5, (57, 42, 100, 6))
2018-03-23 01:37:04.605261;(1, (0, 0, 0, 0))
2018-03-23 01:37:04.692019;(25, (46, 39, 86, 5))
2018-03-23 01:37:04.694299;(21, (177, 47, 225, 3))
2018-03-23 01:37:04.737422;(3, (424, 36, 460, 2))
2018-03-23 01:37:04.796824;(20, (301, 63, 365, 1))
2018-03-23 01:37:04.805827;(22, (282, 60, 343, 1))
2018-03-23 01:37:04.808630;(17, (81, 50, 132, 5))
2018-03-23 01:37:04.884119;(24, (30, 39, 70, 6))
2018-03-23 01:37:04.895508;(7, (272, 52, 325, 2))
2018-03-23 01:37:04.907946;(9, (76, 50, 127, 4))
2018-03-23 01:37:04.964858;(14, (145, 55, 201, 3))
2018-03-23 01:37:04.988334;(19, (81, 48, 130, 4))
2018-03-23 01:38:04.050039;(15, (99, 61, 161, 5))
2018-03-23 01:38:04.099067;(8, (156, 65, 222, 4))
2018-03-23 01:38:04.142406;(11, (95, 55, 151, 6))
2018-03-23 01:38:04.190843;(18, (158, 63, 222, 4))
2018-03-23 01:38:04.293348;(16, (118, 53, 172, 6))
2018-03-23 01:38:04.305106;(6, (655, 46, 701, 0))
2018-03-23 01:38:04.316195;(13, (45, 46, 92, 8))
2018-03-23 01:38:04.358498;(23, (262, 64, 327, 2))
2018-03-23 01:38:04.402436;(26, (90, 60, 151, 5))
2018-03-23 01:38:04.467731;(2, (355, 72, 428, 2))
2018-03-23 01:38:04.480120;(4, (34, 50, 85, 8))
2018-03-23 01:38:04.528003;(10, (199, 58, 258, 4))
2018-03-23 01:38:04.564701;(12, (133, 65, 199, 5))
2018-03-23 01:38:04.602802;(5, (57, 47, 105, 8))
2018-03-23 01:38:04.619944;(1, (0, 0, 0, 0))
2018-03-23 01:38:04.703743;(25, (64, 45, 110, 6))
2018-03-23 01:38:04.706802;(21, (177, 54, 232, 5))
2018-03-23 01:38:04.751334;(3, (446, 44, 491, 3))
2018-03-23 01:38:04.808315;(20, (328, 73, 402, 2))
2018-03-23 01:38:04.816309;(22, (290, 67, 358, 3))
2018-03-23 01:38:04.818325;(17, (90, 59, 150, 6))
2018-03-23 01:38:04.900237;(24, (39, 46, 86, 8))
2018-03-23 01:38:04.918616;(7, (332, 67, 400, 3))
2018-03-23 01:38:04.924525;(9, (88, 58, 147, 6))
2018-03-23 01:38:04.977637;(14, (150, 63, 214, 5))
2018-03-23 01:38:05.000443;(19, (84, 54, 139, 5))
2018-03-23 01:39:04.059772;(15, (103, 70, 174, 6))
2018-03-23 01:39:04.109932;(8, (157, 74, 232, 6))
2018-03-23 01:39:04.156435;(11, (119, 66, 186, 7))
2018-03-23 01:39:04.204718;(18, (188, 76, 265, 4))
2018-03-23 01:39:04.304138;(16, (119, 61, 181, 7))
2018-03-23 01:39:04.325424;(6, (775, 46, 821, 0))
2018-03-23 01:39:04.332831;(13, (47, 55, 100, 9))
2018-03-23 01:39:04.380007;(23, (319, 73, 393, 3))
2018-03-23 01:39:04.417533;(26, (98, 69, 168, 7))
2018-03-23 01:39:04.489286;(2, (438, 84, 522, 2))
2018-03-23 01:39:04.496337;(4, (42, 58, 101, 9))
2018-03-23 01:39:04.543723;(10, (237, 66, 304, 5))
2018-03-23 01:39:04.576440;(12, (135, 72, 208, 7))
2018-03-23 01:39:04.614947;(5, (60, 54, 115, 9))
2018-03-23 01:39:04.631673;(1, (0, 0, 0, 0))
2018-03-23 01:39:04.714619;(25, (66, 54, 121, 7))
2018-03-23 01:39:04.722428;(21, (184, 61, 246, 6))
2018-03-23 01:39:04.766949;(3, (502, 58, 560, 3))
2018-03-23 01:39:04.825054;(20, (393, 88, 482, 2))
2018-03-23 01:39:04.829182;(22, (303, 75, 379, 4))
2018-03-23 01:39:04.836472;(17, (132, 72, 205, 7))
2018-03-23 01:39:04.912312;(24, (39, 52, 92, 9))
2018-03-23 01:39:04.937989;(7, (389, 80, 470, 3))
2018-03-23 01:39:04.938871;(9, (88, 63, 152, 7))
2018-03-23 01:39:04.988091;(14, (150, 69, 220, 6))
2018-03-23 01:39:05.012070;(19, (90, 63, 154, 6))
2018-03-23 01:40:04.069724;(15, (107, 79, 187, 8))
2018-03-23 01:40:04.123272;(8, (174, 86, 261, 6))
2018-03-23 01:40:04.170695;(11, (141, 79, 221, 7))
2018-03-23 01:40:04.222570;(18, (247, 91, 339, 4))
2018-03-23 01:40:04.316300;(16, (150, 70, 220, 8))
2018-03-23 01:40:04.348036;(6, (889, 49, 938, 0))
2018-03-23 01:40:04.349781;(13, (58, 65, 120, 11))
2018-03-23 01:40:04.407189;(23, (414, 85, 500, 3))
2018-03-23 01:40:04.433886;(26, (121, 79, 201, 8))
2018-03-23 01:40:04.511054;(2, (517, 96, 614, 2))
2018-03-23 01:40:04.512189;(4, (56, 67, 124, 10))
2018-03-23 01:40:04.561724;(10, (280, 82, 363, 5))
2018-03-23 01:40:04.588662;(12, (149, 82, 232, 8))
2018-03-23 01:40:04.627795;(5, (76, 65, 142, 10))
2018-03-23 01:40:04.642197;(1, (0, 0, 0, 0))
2018-03-23 01:40:04.725136;(25, (82, 66, 149, 7))
2018-03-23 01:40:04.735584;(21, (213, 70, 284, 7))
2018-03-23 01:40:04.780326;(3, (535, 71, 607, 3))
2018-03-23 01:40:04.840165;(20, (441, 104, 546, 2))
2018-03-23 01:40:04.840788;(22, (303, 82, 386, 6))
2018-03-23 01:40:04.848892;(17, (148, 83, 232, 8))
2018-03-23 01:40:04.924908;(24, (43, 59, 103, 10))
2018-03-23 01:40:04.952112;(7, (426, 94, 521, 3))
2018-03-23 01:40:04.954404;(9, (108, 74, 183, 8))
2018-03-23 01:40:04.999653;(14, (151, 75, 227, 8))
2018-03-23 01:40:05.024389;(19, (104, 71, 176, 7))
2018-03-23 01:41:04.081024;(15, (107, 85, 193, 10))
2018-03-23 01:41:04.232078;(18, (254, 99, 354, 5))
2018-03-23 01:41:04.324287;(16, (151, 77, 229, 9))
2018-03-23 01:41:04.369839;(6, (1007, 50, 1057, 0))
2018-03-23 01:41:04.370447;(13, (61, 72, 130, 12))
2018-03-23 01:41:04.431895;(23, (507, 92, 599, 3))
2018-03-23 01:41:04.448815;(26, (124, 86, 211, 9))
2018-03-23 01:41:04.534257;(2, (619, 103, 722, 2))
2018-03-23 01:41:04.534762;(4, (56, 72, 129, 11))
2018-03-23 01:41:04.577840;(10, (308, 90, 399, 6))
2018-03-23 01:41:04.601541;(12, (153, 91, 245, 9))
2018-03-23 01:41:04.640821;(5, (76, 71, 148, 11))
2018-03-23 01:41:04.736158;(25, (83, 72, 156, 8))
2018-03-23 01:41:04.748596;(21, (213, 77, 291, 9))
2018-03-23 01:41:04.860041;(20, (492, 109, 601, 3))
2018-03-23 01:41:04.860540;(22, (307, 87, 395, 7))
2018-03-23 01:41:04.865405;(17, (151, 90, 242, 9))
2018-03-23 01:41:04.938623;(24, (45, 65, 111, 11))
2018-03-23 01:41:04.974995;(7, (486, 100, 586, 4))
2018-03-23 01:41:04.975878;(9, (108, 81, 190, 10))
2018-03-23 01:41:05.012538;(14, (162, 81, 244, 9))
2018-03-23 01:41:05.040263;(19, (142, 80, 223, 8))
2018-03-23 01:41:05.134451;(8, (180, 93, 274, 7))
2018-03-23 01:41:05.183879;(11, (165, 87, 253, 8))
2018-03-23 01:41:05.653472;(1, (0, 0, 0, 0))
2018-03-23 01:42:04.392463;(6, (1126, 51, 1178, 0))
2018-03-23 01:42:04.557755;(2, (736, 105, 841, 2))
2018-03-23 01:42:05.090200;(15, (107, 92, 200, 11))
2018-03-23 01:42:05.144196;(8, (180, 100, 281, 9))
2018-03-23 01:42:05.194440;(11, (165, 93, 259, 9))
2018-03-23 01:42:05.240620;(18, (254, 107, 362, 7))
2018-03-23 01:42:05.331955;(16, (151, 84, 236, 11))
2018-03-23 01:42:05.393304;(13, (61, 78, 136, 14))
2018-03-23 01:42:05.460926;(23, (627, 92, 719, 3))
2018-03-23 01:42:05.469611;(26, (124, 94, 219, 11))
2018-03-23 01:42:05.558897;(4, (56, 79, 136, 13))
2018-03-23 01:42:05.594637;(10, (308, 95, 404, 7))
2018-03-23 01:42:05.613952;(12, (153, 96, 250, 11))
2018-03-23 01:42:05.655928;(5, (76, 78, 155, 13))
2018-03-23 01:42:05.667668;(1, (0, 0, 0, 0))
2018-03-23 01:42:05.746264;(25, (83, 80, 164, 10))
2018-03-23 01:42:05.760458;(21, (213, 82, 296, 10))
2018-03-23 01:42:05.824581;(3, (767, 76, 843, 3))
2018-03-23 01:42:05.878471;(22, (307, 94, 402, 9))
2018-03-23 01:42:05.886111;(20, (589, 122, 712, 3))
2018-03-23 01:42:05.886937;(17, (151, 96, 248, 10))
2018-03-23 01:42:05.952409;(24, (45, 72, 118, 13))
2018-03-23 01:42:06.000907;(7, (604, 102, 706, 4))
2018-03-23 01:42:06.002217;(9, (108, 86, 195, 11))
2018-03-23 01:42:06.024673;(14, (162, 88, 251, 11))
2018-03-23 01:42:06.049866;(19, (142, 85, 228, 10))
2018-03-23 01:43:05.101763;(15, (107, 98, 206, 13))
2018-03-23 01:43:05.155695;(8, (180, 105, 286, 10))
2018-03-23 01:43:05.204232;(11, (165, 100, 266, 11))
2018-03-23 01:43:05.250392;(18, (254, 114, 369, 9))
2018-03-23 01:43:05.339974;(16, (151, 91, 243, 13))
2018-03-23 01:43:05.412919;(6, (1245, 52, 1297, 0))
2018-03-23 01:43:05.413818;(13, (61, 84, 142, 15))
2018-03-23 01:43:05.489493;(23, (742, 93, 836, 3))
2018-03-23 01:43:05.490487;(26, (124, 100, 225, 13))
2018-03-23 01:43:05.579260;(2, (854, 106, 960, 2))
2018-03-23 01:43:05.580010;(4, (56, 84, 141, 14))
2018-03-23 01:43:05.608660;(10, (308, 102, 411, 9))
2018-03-23 01:43:05.627788;(12, (153, 103, 257, 12))
2018-03-23 01:43:05.670010;(5, (76, 83, 160, 14))
2018-03-23 01:43:05.680081;(1, (0, 0, 0, 0))
2018-03-23 01:43:05.755923;(25, (83, 85, 169, 12))
2018-03-23 01:43:05.770010;(21, (213, 89, 303, 12))
2018-03-23 01:43:05.846009;(3, (887, 76, 963, 3))
2018-03-23 01:43:05.893396;(22, (307, 99, 407, 10))
2018-03-23 01:43:05.913169;(20, (696, 130, 826, 3))
2018-03-23 01:43:05.914172;(17, (151, 102, 254, 12))
2018-03-23 01:43:05.966079;(24, (45, 77, 123, 14))
2018-03-23 01:43:06.025978;(7, (723, 103, 826, 4))
2018-03-23 01:43:06.027259;(9, (108, 93, 202, 13))
2018-03-23 01:43:06.038859;(14, (162, 93, 256, 12))
2018-03-23 01:43:06.061275;(19, (142, 92, 235, 11))
2018-03-23 01:44:05.115433;(15, (126, 108, 235, 14))
2018-03-23 01:44:05.174422;(8, (233, 116, 350, 11))
2018-03-23 01:44:05.213905;(11, (174, 109, 284, 12))
2018-03-23 01:44:05.261046;(18, (269, 125, 395, 10))
2018-03-23 01:44:05.354481;(16, (200, 99, 299, 14))
2018-03-23 01:44:05.431171;(13, (67, 92, 156, 17))
2018-03-23 01:44:05.437256;(6, (1363, 54, 1417, 0))
2018-03-23 01:44:05.503267;(23, (757, 101, 858, 4))
2018-03-23 01:44:05.506099;(26, (134, 109, 244, 14))
2018-03-23 01:44:05.596128;(4, (56, 92, 149, 16))
2018-03-23 01:44:05.596864;(2, (920, 113, 1034, 2))
2018-03-23 01:44:05.622646;(10, (308, 108, 417, 11))
2018-03-23 01:44:05.640700;(12, (159, 113, 273, 13))
2018-03-23 01:44:05.685602;(5, (97, 91, 189, 16))
2018-03-23 01:44:05.689707;(1, (0, 0, 0, 0))
2018-03-23 01:44:05.768951;(25, (84, 93, 178, 13))
2018-03-23 01:44:05.786143;(21, (264, 98, 363, 13))
2018-03-23 01:44:05.870749;(3, (996, 79, 1076, 3))
2018-03-23 01:44:05.909720;(22, (334, 106, 440, 12))
2018-03-23 01:44:05.927406;(17, (152, 111, 264, 13))
2018-03-23 01:44:05.939493;(20, (809, 134, 944, 3))
2018-03-23 01:44:05.980336;(24, (60, 88, 149, 16))
2018-03-23 01:44:06.041183;(7, (778, 110, 889, 4))
2018-03-23 01:44:06.042314;(9, (116, 101, 218, 14))
2018-03-23 01:44:06.055785;(14, (181, 104, 286, 14))
2018-03-23 01:44:06.072115;(19, (143, 100, 244, 13))
2018-03-23 01:45:05.130673;(15, (163, 119, 283, 14))
2018-03-23 01:45:05.196650;(8, (302, 127, 430, 11))
2018-03-23 01:45:05.225620;(11, (185, 117, 303, 13))
2018-03-23 01:45:05.270877;(18, (269, 130, 400, 11))
2018-03-23 01:45:05.363857;(16, (211, 108, 320, 14))
2018-03-23 01:45:05.442847;(13, (84, 99, 180, 17))
2018-03-23 01:45:05.462055;(6, (1478, 57, 1535, 0))
2018-03-23 01:45:05.526735;(23, (863, 106, 970, 4))
2018-03-23 01:45:05.526887;(26, (158, 120, 279, 14))
2018-03-23 01:45:05.613124;(4, (91, 100, 191, 17))
2018-03-23 01:45:05.613559;(2, (961, 122, 1084, 3))
2018-03-23 01:45:05.637782;(10, (335, 122, 458, 11))
2018-03-23 01:45:05.654149;(12, (170, 125, 296, 14))
2018-03-23 01:45:05.700866;(5, (119, 103, 223, 16))
2018-03-23 01:45:05.701981;(1, (0, 0, 0, 0))
2018-03-23 01:45:05.782519;(25, (105, 104, 210, 14))
2018-03-23 01:45:05.807461;(21, (338, 110, 448, 13))
2018-03-23 01:45:05.898434;(3, (1116, 81, 1198, 3))
2018-03-23 01:45:05.929896;(22, (394, 122, 517, 12))
2018-03-23 01:45:05.941218;(17, (160, 118, 279, 14))
2018-03-23 01:45:05.961404;(20, (921, 139, 1061, 3))
2018-03-23 01:45:05.994158;(24, (82, 100, 183, 16))
2018-03-23 01:45:06.058194;(7, (846, 120, 967, 5))
2018-03-23 01:45:06.059406;(9, (132, 111, 244, 15))
2018-03-23 01:45:06.072425;(14, (220, 111, 332, 15))
2018-03-23 01:45:06.086743;(19, (177, 110, 288, 13))
2018-03-23 01:46:05.142677;(15, (165, 128, 294, 16))
2018-03-23 01:46:05.220675;(8, (404, 135, 539, 11))
2018-03-23 01:46:05.237810;(11, (192, 125, 318, 14))
2018-03-23 01:46:05.280429;(18, (269, 138, 408, 13))
2018-03-23 01:46:05.373626;(16, (211, 116, 328, 16))
2018-03-23 01:46:05.453739;(13, (95, 109, 201, 18))
2018-03-23 01:46:05.485179;(6, (1598, 57, 1655, 0))
2018-03-23 01:46:05.541232;(23, (896, 115, 1012, 5))
2018-03-23 01:46:05.542587;(26, (190, 132, 323, 15))
2018-03-23 01:46:05.624098;(4, (102, 110, 213, 18))
2018-03-23 01:46:05.633235;(2, (1055, 129, 1184, 3))
2018-03-23 01:46:05.652569;(10, (342, 130, 473, 12))
2018-03-23 01:46:05.671180;(12, (193, 138, 332, 14))
2018-03-23 01:46:05.712335;(5, (121, 111, 233, 17))
2018-03-23 01:46:05.713445;(1, (0, 0, 0, 0))
2018-03-23 01:46:05.794264;(25, (124, 114, 239, 14))
2018-03-23 01:46:05.828267;(21, (434, 118, 552, 13))
2018-03-23 01:46:05.921484;(3, (1191, 93, 1285, 3))
2018-03-23 01:46:05.954031;(22, (477, 134, 612, 12))
2018-03-23 01:46:05.958097;(17, (167, 126, 294, 16))
2018-03-23 01:46:05.985110;(20, (1025, 147, 1172, 3))
2018-03-23 01:46:06.008007;(24, (82, 106, 189, 17))
2018-03-23 01:46:06.079214;(7, (937, 130, 1067, 5))
2018-03-23 01:46:06.080670;(9, (182, 125, 308, 15))
2018-03-23 01:46:06.089131;(14, (247, 124, 372, 15))
2018-03-23 01:46:06.102370;(19, (188, 118, 307, 14))
2018-03-23 01:47:05.152717;(15, (165, 135, 301, 18))
2018-03-23 01:47:05.241318;(8, (520, 138, 658, 11))
2018-03-23 01:47:05.249399;(11, (192, 132, 325, 16))
2018-03-23 01:47:05.289937;(18, (269, 144, 414, 15))
2018-03-23 01:47:05.383443;(16, (212, 123, 336, 18))
2018-03-23 01:47:05.461302;(13, (95, 116, 208, 20))
2018-03-23 01:47:05.507287;(6, (1719, 57, 1776, 0))
2018-03-23 01:47:05.549657;(23, (896, 121, 1018, 6))
2018-03-23 01:47:05.551852;(26, (193, 141, 335, 16))
2018-03-23 01:47:05.633225;(4, (102, 117, 220, 19))
2018-03-23 01:47:05.654476;(2, (1173, 131, 1304, 3))
2018-03-23 01:47:05.666815;(10, (342, 135, 478, 13))
2018-03-23 01:47:05.685635;(12, (204, 147, 352, 15))
2018-03-23 01:47:05.722329;(5, (121, 117, 239, 19))
2018-03-23 01:47:05.723290;(1, (0, 0, 0, 0))
2018-03-23 01:47:05.804511;(25, (133, 123, 257, 16))
2018-03-23 01:47:05.844316;(21, (488, 129, 618, 13))
2018-03-23 01:47:05.945880;(3, (1286, 100, 1386, 3))
2018-03-23 01:47:05.976839;(17, (167, 132, 300, 17))
2018-03-23 01:47:05.978736;(22, (559, 141, 701, 12))
2018-03-23 01:47:06.007838;(20, (1143, 148, 1291, 3))
2018-03-23 01:47:06.022435;(24, (82, 111, 194, 19))
2018-03-23 01:47:06.091054;(7, (979, 133, 1113, 5))
2018-03-23 01:47:06.093061;(9, (183, 132, 316, 16))
2018-03-23 01:47:06.099310;(14, (248, 131, 380, 16))
2018-03-23 01:47:06.113827;(19, (188, 124, 313, 16))
2018-03-23 01:48:05.164946;(15, (165, 141, 307, 20))
2018-03-23 01:48:05.260232;(8, (624, 145, 769, 11))
2018-03-23 01:48:05.261451;(11, (192, 137, 330, 17))
2018-03-23 01:48:05.299567;(18, (269, 150, 420, 16))
2018-03-23 01:48:05.392719;(16, (212, 128, 341, 19))
2018-03-23 01:48:05.471014;(13, (95, 121, 213, 21))
2018-03-23 01:48:05.528069;(6, (1833, 59, 1893, 0))
2018-03-23 01:48:05.566777;(26, (193, 148, 342, 18))
2018-03-23 01:48:05.571449;(23, (982, 127, 1110, 7))
2018-03-23 01:48:05.644950;(4, (102, 122, 225, 21))
2018-03-23 01:48:05.676727;(2, (1252, 137, 1389, 3))
2018-03-23 01:48:05.681867;(10, (342, 142, 485, 15))
2018-03-23 01:48:05.699097;(12, (204, 152, 357, 17))
2018-03-23 01:48:05.732078;(5, (121, 123, 245, 20))
2018-03-23 01:48:05.733036;(1, (0, 0, 0, 0))
2018-03-23 01:48:05.814700;(25, (133, 131, 265, 18))
2018-03-23 01:48:05.853460;(21, (488, 136, 625, 15))
2018-03-23 01:48:05.969178;(3, (1388, 106, 1495, 3))
2018-03-23 01:48:05.990484;(17, (167, 139, 307, 19))
2018-03-23 01:48:06.002100;(22, (676, 144, 820, 12))
2018-03-23 01:48:06.031377;(20, (1244, 154, 1398, 3))
2018-03-23 01:48:06.039576;(24, (82, 118, 201, 20))
2018-03-23 01:48:06.110122;(7, (1060, 142, 1202, 6))
2018-03-23 01:48:06.110461;(9, (183, 137, 321, 17))
2018-03-23 01:48:06.110702;(14, (248, 136, 385, 17))
2018-03-23 01:48:06.125304;(19, (188, 130, 319, 17))
2018-03-23 01:49:05.177493;(15, (171, 151, 323, 21))
2018-03-23 01:49:05.277421;(8, (711, 149, 861, 11))
2018-03-23 01:49:05.277865;(11, (192, 144, 337, 19))
2018-03-23 01:49:05.310296;(18, (269, 157, 427, 18))
2018-03-23 01:49:05.401783;(16, (221, 138, 360, 21))
2018-03-23 01:49:05.482619;(13, (111, 130, 238, 22))
2018-03-23 01:49:05.546962;(6, (1936, 64, 2001, 0))
2018-03-23 01:49:05.578289;(26, (193, 153, 347, 19))
2018-03-23 01:49:05.588517;(23, (1047, 136, 1184, 7))
2018-03-23 01:49:05.655872;(4, (102, 129, 232, 22))
2018-03-23 01:49:05.697585;(2, (1332, 145, 1477, 3))
2018-03-23 01:49:05.698305;(10, (362, 149, 512, 16))
2018-03-23 01:49:05.714366;(12, (204, 159, 364, 18))
2018-03-23 01:49:05.744134;(1, (0, 0, 0, 0))
2018-03-23 01:49:05.744593;(5, (121, 131, 253, 22))
2018-03-23 01:49:05.825082;(25, (139, 139, 279, 19))
2018-03-23 01:49:05.865529;(21, (488, 141, 630, 16))
2018-03-23 01:49:05.993297;(3, (1490, 111, 1602, 3))
2018-03-23 01:49:06.003927;(17, (167, 144, 312, 20))
2018-03-23 01:49:06.027687;(22, (787, 149, 937, 12))
2018-03-23 01:49:06.054648;(20, (1334, 161, 1495, 3))
2018-03-23 01:49:06.056269;(24, (82, 126, 209, 22))
2018-03-23 01:49:06.125141;(7, (1104, 149, 1254, 6))
2018-03-23 01:49:06.125775;(14, (249, 146, 396, 19))
2018-03-23 01:49:06.126885;(9, (194, 145, 340, 19))
2018-03-23 01:49:06.140619;(19, (208, 142, 351, 19))
