2018-04-04 05:10:20.948100;(5, (254, 128, 0, 0, 0, 0, 0, 0, 253, 255, 255, 255, 255, 255, 0, 1))
2018-04-04 05:10:21.010831;(22, (254, 128, 0, 0, 0, 0, 0, 0, 253, 255, 255, 255, 255, 255, 0, 1))
2018-04-04 05:10:21.044000;(1, (0, 0, 0, 0, 0, 0, 0, 0, 0, 0, 0, 0, 0, 0, 0, 0))
2018-04-04 05:10:21.046185;(19, (254, 128, 0, 0, 0, 0, 0, 0, 253, 255, 255, 255, 255, 255, 0, 3))
2018-04-04 05:10:21.117539;(7, (254, 128, 0, 0, 0, 0, 0, 0, 253, 255, 255, 255, 255, 255, 0, 20))
2018-04-04 05:10:21.159181;(17, (254, 128, 0, 0, 0, 0, 0, 0, 253, 255, 255, 255, 255, 255, 0, 7))
2018-04-04 05:10:21.189552;(8, (254, 128, 0, 0, 0, 0, 0, 0, 253, 255, 255, 255, 255, 255, 0, 20))
2018-04-04 05:10:21.246915;(14, (254, 128, 0, 0, 0, 0, 0, 0, 253, 255, 255, 255, 255, 255, 0, 10))
2018-04-04 05:10:21.270713;(10, (254, 128, 0, 0, 0, 0, 0, 0, 253, 255, 255, 255, 255, 255, 0, 1))
2018-04-04 05:10:21.379827;(20, (254, 128, 0, 0, 0, 0, 0, 0, 253, 255, 255, 255, 255, 255, 0, 1))
2018-04-04 05:10:21.395529;(16, (254, 128, 0, 0, 0, 0, 0, 0, 253, 255, 255, 255, 255, 255, 0, 8))
2018-04-04 05:10:21.482799;(11, (254, 128, 0, 0, 0, 0, 0, 0, 253, 255, 255, 255, 255, 255, 0, 7))
2018-04-04 05:10:21.496300;(6, (254, 128, 0, 0, 0, 0, 0, 0, 253, 255, 255, 255, 255, 255, 0, 5))
2018-04-04 05:10:21.569588;(18, (254, 128, 0, 0, 0, 0, 0, 0, 253, 255, 255, 255, 255, 255, 0, 3))
2018-04-04 05:10:21.603070;(12, (254, 128, 0, 0, 0, 0, 0, 0, 253, 255, 255, 255, 255, 255, 0, 7))
2018-04-04 05:10:21.635681;(23, (254, 128, 0, 0, 0, 0, 0, 0, 253, 255, 255, 255, 255, 255, 0, 15))
2018-04-04 05:10:21.670876;(21, (254, 128, 0, 0, 0, 0, 0, 0, 253, 255, 255, 255, 255, 255, 0, 1))
2018-04-04 05:10:21.684355;(13, (254, 128, 0, 0, 0, 0, 0, 0, 253, 255, 255, 255, 255, 255, 0, 1))
2018-04-04 05:10:21.808223;(15, (254, 128, 0, 0, 0, 0, 0, 0, 253, 255, 255, 255, 255, 255, 0, 1))
2018-04-04 05:10:21.826249;(9, (254, 128, 0, 0, 0, 0, 0, 0, 253, 255, 255, 255, 255, 255, 0, 13))
2018-04-04 05:10:21.950015;(3, (254, 128, 0, 0, 0, 0, 0, 0, 253, 255, 255, 255, 255, 255, 0, 10))
2018-04-04 05:10:50.951675;(5, (254, 128, 0, 0, 0, 0, 0, 0, 253, 255, 255, 255, 255, 255, 0, 1))
2018-04-04 05:10:51.014133;(22, (254, 128, 0, 0, 0, 0, 0, 0, 253, 255, 255, 255, 255, 255, 0, 1))
2018-04-04 05:10:51.048097;(1, (0, 0, 0, 0, 0, 0, 0, 0, 0, 0, 0, 0, 0, 0, 0, 0))
2018-04-04 05:10:51.050265;(19, (254, 128, 0, 0, 0, 0, 0, 0, 253, 255, 255, 255, 255, 255, 0, 3))
2018-04-04 05:10:51.120846;(7, (254, 128, 0, 0, 0, 0, 0, 0, 253, 255, 255, 255, 255, 255, 0, 20))
2018-04-04 05:10:51.161986;(17, (254, 128, 0, 0, 0, 0, 0, 0, 253, 255, 255, 255, 255, 255, 0, 7))
2018-04-04 05:10:51.193581;(8, (254, 128, 0, 0, 0, 0, 0, 0, 253, 255, 255, 255, 255, 255, 0, 20))
2018-04-04 05:10:51.249986;(14, (254, 128, 0, 0, 0, 0, 0, 0, 253, 255, 255, 255, 255, 255, 0, 10))
2018-04-04 05:10:51.258353;(4, (254, 128, 0, 0, 0, 0, 0, 0, 253, 255, 255, 255, 255, 255, 0, 13))
2018-04-04 05:10:51.274168;(10, (254, 128, 0, 0, 0, 0, 0, 0, 253, 255, 255, 255, 255, 255, 0, 1))
2018-04-04 05:10:51.385470;(20, (254, 128, 0, 0, 0, 0, 0, 0, 253, 255, 255, 255, 255, 255, 0, 1))
2018-04-04 05:10:51.398211;(16, (254, 128, 0, 0, 0, 0, 0, 0, 253, 255, 255, 255, 255, 255, 0, 8))
2018-04-04 05:10:51.486558;(11, (254, 128, 0, 0, 0, 0, 0, 0, 253, 255, 255, 255, 255, 255, 0, 7))
2018-04-04 05:10:51.501990;(6, (254, 128, 0, 0, 0, 0, 0, 0, 253, 255, 255, 255, 255, 255, 0, 5))
2018-04-04 05:10:51.571993;(18, (254, 128, 0, 0, 0, 0, 0, 0, 253, 255, 255, 255, 255, 255, 0, 3))
2018-04-04 05:10:51.606764;(12, (254, 128, 0, 0, 0, 0, 0, 0, 253, 255, 255, 255, 255, 255, 0, 7))
2018-04-04 05:10:51.637910;(23, (254, 128, 0, 0, 0, 0, 0, 0, 253, 255, 255, 255, 255, 255, 0, 15))
2018-04-04 05:10:51.673313;(21, (254, 128, 0, 0, 0, 0, 0, 0, 253, 255, 255, 255, 255, 255, 0, 1))
2018-04-04 05:10:51.687749;(13, (254, 128, 0, 0, 0, 0, 0, 0, 253, 255, 255, 255, 255, 255, 0, 1))
2018-04-04 05:10:51.811184;(15, (254, 128, 0, 0, 0, 0, 0, 0, 253, 255, 255, 255, 255, 255, 0, 1))
2018-04-04 05:10:51.829582;(9, (254, 128, 0, 0, 0, 0, 0, 0, 253, 255, 255, 255, 255, 255, 0, 13))
2018-04-04 05:10:51.953445;(3, (254, 128, 0, 0, 0, 0, 0, 0, 253, 255, 255, 255, 255, 255, 0, 10))
2018-04-04 05:11:20.955236;(5, (254, 128, 0, 0, 0, 0, 0, 0, 253, 255, 255, 255, 255, 255, 0, 1))
2018-04-04 05:11:21.018764;(22, (254, 128, 0, 0, 0, 0, 0, 0, 253, 255, 255, 255, 255, 255, 0, 1))
2018-04-04 05:11:21.050376;(1, (0, 0, 0, 0, 0, 0, 0, 0, 0, 0, 0, 0, 0, 0, 0, 0))
2018-04-04 05:11:21.054273;(19, (254, 128, 0, 0, 0, 0, 0, 0, 253, 255, 255, 255, 255, 255, 0, 3))
2018-04-04 05:11:21.125384;(7, (254, 128, 0, 0, 0, 0, 0, 0, 253, 255, 255, 255, 255, 255, 0, 20))
2018-04-04 05:11:21.165073;(17, (254, 128, 0, 0, 0, 0, 0, 0, 253, 255, 255, 255, 255, 255, 0, 7))
2018-04-04 05:11:21.198574;(8, (254, 128, 0, 0, 0, 0, 0, 0, 253, 255, 255, 255, 255, 255, 0, 3))
2018-04-04 05:11:21.252741;(14, (254, 128, 0, 0, 0, 0, 0, 0, 253, 255, 255, 255, 255, 255, 0, 10))
2018-04-04 05:11:21.261691;(4, (0, 0, 0, 0, 0, 0, 0, 0, 0, 0, 0, 0, 0, 0, 0, 0))
2018-04-04 05:11:21.277945;(10, (254, 128, 0, 0, 0, 0, 0, 0, 253, 255, 255, 255, 255, 255, 0, 1))
2018-04-04 05:11:21.389386;(20, (254, 128, 0, 0, 0, 0, 0, 0, 253, 255, 255, 255, 255, 255, 0, 1))
2018-04-04 05:11:21.403135;(16, (254, 128, 0, 0, 0, 0, 0, 0, 253, 255, 255, 255, 255, 255, 0, 18))
2018-04-04 05:11:21.490289;(11, (254, 128, 0, 0, 0, 0, 0, 0, 253, 255, 255, 255, 255, 255, 0, 8))
2018-04-04 05:11:21.505279;(6, (254, 128, 0, 0, 0, 0, 0, 0, 253, 255, 255, 255, 255, 255, 0, 5))
2018-04-04 05:11:21.575576;(18, (254, 128, 0, 0, 0, 0, 0, 0, 253, 255, 255, 255, 255, 255, 0, 14))
2018-04-04 05:11:21.609619;(12, (254, 128, 0, 0, 0, 0, 0, 0, 253, 255, 255, 255, 255, 255, 0, 7))
2018-04-04 05:11:21.639695;(23, (254, 128, 0, 0, 0, 0, 0, 0, 253, 255, 255, 255, 255, 255, 0, 15))
2018-04-04 05:11:21.676010;(21, (254, 128, 0, 0, 0, 0, 0, 0, 253, 255, 255, 255, 255, 255, 0, 1))
2018-04-04 05:11:21.695056;(13, (254, 128, 0, 0, 0, 0, 0, 0, 253, 255, 255, 255, 255, 255, 0, 1))
2018-04-04 05:11:21.814998;(15, (254, 128, 0, 0, 0, 0, 0, 0, 253, 255, 255, 255, 255, 255, 0, 1))
2018-04-04 05:11:21.832331;(9, (254, 128, 0, 0, 0, 0, 0, 0, 253, 255, 255, 255, 255, 255, 0, 13))
2018-04-04 05:11:21.957380;(3, (254, 128, 0, 0, 0, 0, 0, 0, 253, 255, 255, 255, 255, 255, 0, 20))
2018-04-04 05:11:51.053814;(1, (0, 0, 0, 0, 0, 0, 0, 0, 0, 0, 0, 0, 0, 0, 0, 0))
2018-04-04 05:11:51.281695;(10, (254, 128, 0, 0, 0, 0, 0, 0, 253, 255, 255, 255, 255, 255, 0, 1))
2018-04-04 05:11:51.494987;(11, (254, 128, 0, 0, 0, 0, 0, 0, 253, 255, 255, 255, 255, 255, 0, 8))
2018-04-04 05:11:51.642911;(23, (254, 128, 0, 0, 0, 0, 0, 0, 253, 255, 255, 255, 255, 255, 0, 15))
2018-04-04 05:11:51.678709;(21, (254, 128, 0, 0, 0, 0, 0, 0, 253, 255, 255, 255, 255, 255, 0, 1))
2018-04-04 05:11:51.962390;(5, (254, 128, 0, 0, 0, 0, 0, 0, 253, 255, 255, 255, 255, 255, 0, 1))
2018-04-04 05:11:52.022831;(22, (254, 128, 0, 0, 0, 0, 0, 0, 253, 255, 255, 255, 255, 255, 0, 1))
2018-04-04 05:11:52.058641;(19, (254, 128, 0, 0, 0, 0, 0, 0, 253, 255, 255, 255, 255, 255, 0, 12))
2018-04-04 05:11:52.169371;(17, (254, 128, 0, 0, 0, 0, 0, 0, 253, 255, 255, 255, 255, 255, 0, 7))
2018-04-04 05:11:52.201927;(8, (254, 128, 0, 0, 0, 0, 0, 0, 253, 255, 255, 255, 255, 255, 0, 22))
2018-04-04 05:11:52.255546;(14, (254, 128, 0, 0, 0, 0, 0, 0, 253, 255, 255, 255, 255, 255, 0, 8))
2018-04-04 05:11:52.265339;(4, (254, 128, 0, 0, 0, 0, 0, 0, 253, 255, 255, 255, 255, 255, 0, 21))
2018-04-04 05:11:52.392601;(20, (254, 128, 0, 0, 0, 0, 0, 0, 253, 255, 255, 255, 255, 255, 0, 1))
2018-04-04 05:11:52.405868;(16, (254, 128, 0, 0, 0, 0, 0, 0, 253, 255, 255, 255, 255, 255, 0, 11))
2018-04-04 05:11:52.508824;(6, (254, 128, 0, 0, 0, 0, 0, 0, 253, 255, 255, 255, 255, 255, 0, 5))
2018-04-04 05:11:52.581367;(18, (254, 128, 0, 0, 0, 0, 0, 0, 253, 255, 255, 255, 255, 255, 0, 23))
2018-04-04 05:11:52.613297;(12, (254, 128, 0, 0, 0, 0, 0, 0, 253, 255, 255, 255, 255, 255, 0, 8))
2018-04-04 05:11:52.698994;(13, (254, 128, 0, 0, 0, 0, 0, 0, 253, 255, 255, 255, 255, 255, 0, 21))
2018-04-04 05:11:52.819011;(15, (254, 128, 0, 0, 0, 0, 0, 0, 253, 255, 255, 255, 255, 255, 0, 1))
2018-04-04 05:11:52.835231;(9, (254, 128, 0, 0, 0, 0, 0, 0, 253, 255, 255, 255, 255, 255, 0, 13))
2018-04-04 05:11:52.963650;(3, (254, 128, 0, 0, 0, 0, 0, 0, 253, 255, 255, 255, 255, 255, 0, 8))
2018-04-04 05:12:21.056275;(1, (0, 0, 0, 0, 0, 0, 0, 0, 0, 0, 0, 0, 0, 0, 0, 0))
2018-04-04 05:12:21.970823;(5, (254, 128, 0, 0, 0, 0, 0, 0, 253, 255, 255, 255, 255, 255, 0, 1))
2018-04-04 05:12:22.025886;(22, (254, 128, 0, 0, 0, 0, 0, 0, 253, 255, 255, 255, 255, 255, 0, 1))
2018-04-04 05:12:22.062622;(19, (254, 128, 0, 0, 0, 0, 0, 0, 253, 255, 255, 255, 255, 255, 0, 12))
2018-04-04 05:12:22.136039;(7, (254, 128, 0, 0, 0, 0, 0, 0, 253, 255, 255, 255, 255, 255, 0, 14))
2018-04-04 05:12:22.172806;(17, (254, 128, 0, 0, 0, 0, 0, 0, 253, 255, 255, 255, 255, 255, 0, 7))
2018-04-04 05:12:22.205426;(8, (254, 128, 0, 0, 0, 0, 0, 0, 253, 255, 255, 255, 255, 255, 0, 22))
2018-04-04 05:12:22.258646;(14, (254, 128, 0, 0, 0, 0, 0, 0, 253, 255, 255, 255, 255, 255, 0, 8))
2018-04-04 05:12:22.268019;(4, (254, 128, 0, 0, 0, 0, 0, 0, 253, 255, 255, 255, 255, 255, 0, 13))
2018-04-04 05:12:22.285562;(10, (254, 128, 0, 0, 0, 0, 0, 0, 253, 255, 255, 255, 255, 255, 0, 1))
2018-04-04 05:12:22.395735;(20, (254, 128, 0, 0, 0, 0, 0, 0, 253, 255, 255, 255, 255, 255, 0, 1))
2018-04-04 05:12:22.408525;(16, (254, 128, 0, 0, 0, 0, 0, 0, 253, 255, 255, 255, 255, 255, 0, 11))
2018-04-04 05:12:22.498661;(11, (254, 128, 0, 0, 0, 0, 0, 0, 253, 255, 255, 255, 255, 255, 0, 8))
2018-04-04 05:12:22.511730;(6, (254, 128, 0, 0, 0, 0, 0, 0, 253, 255, 255, 255, 255, 255, 0, 5))
2018-04-04 05:12:22.584203;(18, (254, 128, 0, 0, 0, 0, 0, 0, 253, 255, 255, 255, 255, 255, 0, 23))
2018-04-04 05:12:22.617546;(12, (254, 128, 0, 0, 0, 0, 0, 0, 253, 255, 255, 255, 255, 255, 0, 8))
2018-04-04 05:12:22.646263;(23, (254, 128, 0, 0, 0, 0, 0, 0, 253, 255, 255, 255, 255, 255, 0, 15))
2018-04-04 05:12:22.683547;(21, (254, 128, 0, 0, 0, 0, 0, 0, 253, 255, 255, 255, 255, 255, 0, 1))
2018-04-04 05:12:22.702654;(13, (254, 128, 0, 0, 0, 0, 0, 0, 253, 255, 255, 255, 255, 255, 0, 21))
2018-04-04 05:12:22.823067;(15, (254, 128, 0, 0, 0, 0, 0, 0, 253, 255, 255, 255, 255, 255, 0, 1))
2018-04-04 05:12:22.839268;(9, (254, 128, 0, 0, 0, 0, 0, 0, 253, 255, 255, 255, 255, 255, 0, 13))
2018-04-04 05:12:22.969294;(3, (254, 128, 0, 0, 0, 0, 0, 0, 253, 255, 255, 255, 255, 255, 0, 8))
2018-04-04 05:12:51.058446;(1, (0, 0, 0, 0, 0, 0, 0, 0, 0, 0, 0, 0, 0, 0, 0, 0))
2018-04-04 05:12:51.976129;(5, (254, 128, 0, 0, 0, 0, 0, 0, 253, 255, 255, 255, 255, 255, 0, 1))
2018-04-04 05:12:52.029064;(22, (254, 128, 0, 0, 0, 0, 0, 0, 253, 255, 255, 255, 255, 255, 0, 1))
2018-04-04 05:12:52.066837;(19, (254, 128, 0, 0, 0, 0, 0, 0, 253, 255, 255, 255, 255, 255, 0, 3))
2018-04-04 05:12:52.139941;(7, (254, 128, 0, 0, 0, 0, 0, 0, 253, 255, 255, 255, 255, 255, 0, 20))
2018-04-04 05:12:52.176215;(17, (254, 128, 0, 0, 0, 0, 0, 0, 253, 255, 255, 255, 255, 255, 0, 7))
2018-04-04 05:12:52.209120;(8, (254, 128, 0, 0, 0, 0, 0, 0, 253, 255, 255, 255, 255, 255, 0, 20))
2018-04-04 05:12:52.262589;(14, (254, 128, 0, 0, 0, 0, 0, 0, 253, 255, 255, 255, 255, 255, 0, 18))
2018-04-04 05:12:52.273194;(4, (254, 128, 0, 0, 0, 0, 0, 0, 253, 255, 255, 255, 255, 255, 0, 13))
2018-04-04 05:12:52.288428;(10, (254, 128, 0, 0, 0, 0, 0, 0, 253, 255, 255, 255, 255, 255, 0, 1))
2018-04-04 05:12:52.399614;(20, (254, 128, 0, 0, 0, 0, 0, 0, 253, 255, 255, 255, 255, 255, 0, 1))
2018-04-04 05:12:52.413273;(16, (254, 128, 0, 0, 0, 0, 0, 0, 253, 255, 255, 255, 255, 255, 0, 18))
2018-04-04 05:12:52.503666;(11, (254, 128, 0, 0, 0, 0, 0, 0, 253, 255, 255, 255, 255, 255, 0, 18))
2018-04-04 05:12:52.515764;(6, (254, 128, 0, 0, 0, 0, 0, 0, 253, 255, 255, 255, 255, 255, 0, 5))
2018-04-04 05:12:52.587191;(18, (254, 128, 0, 0, 0, 0, 0, 0, 253, 255, 255, 255, 255, 255, 0, 23))
2018-04-04 05:12:52.622136;(12, (254, 128, 0, 0, 0, 0, 0, 0, 253, 255, 255, 255, 255, 255, 0, 11))
2018-04-04 05:12:52.648669;(23, (254, 128, 0, 0, 0, 0, 0, 0, 253, 255, 255, 255, 255, 255, 0, 15))
2018-04-04 05:12:52.687196;(21, (254, 128, 0, 0, 0, 0, 0, 0, 253, 255, 255, 255, 255, 255, 0, 1))
2018-04-04 05:12:52.706822;(13, (254, 128, 0, 0, 0, 0, 0, 0, 253, 255, 255, 255, 255, 255, 0, 1))
2018-04-04 05:12:52.826385;(15, (254, 128, 0, 0, 0, 0, 0, 0, 253, 255, 255, 255, 255, 255, 0, 1))
2018-04-04 05:12:52.973063;(3, (254, 128, 0, 0, 0, 0, 0, 0, 253, 255, 255, 255, 255, 255, 0, 18))
2018-04-04 05:13:21.062069;(1, (0, 0, 0, 0, 0, 0, 0, 0, 0, 0, 0, 0, 0, 0, 0, 0))
2018-04-04 05:13:21.981170;(5, (254, 128, 0, 0, 0, 0, 0, 0, 253, 255, 255, 255, 255, 255, 0, 1))
2018-04-04 05:13:22.032908;(22, (254, 128, 0, 0, 0, 0, 0, 0, 253, 255, 255, 255, 255, 255, 0, 1))
2018-04-04 05:13:22.070695;(19, (254, 128, 0, 0, 0, 0, 0, 0, 253, 255, 255, 255, 255, 255, 0, 3))
2018-04-04 05:13:22.143440;(7, (254, 128, 0, 0, 0, 0, 0, 0, 253, 255, 255, 255, 255, 255, 0, 20))
2018-04-04 05:13:22.179923;(17, (254, 128, 0, 0, 0, 0, 0, 0, 253, 255, 255, 255, 255, 255, 0, 7))
2018-04-04 05:13:22.213141;(8, (254, 128, 0, 0, 0, 0, 0, 0, 253, 255, 255, 255, 255, 255, 0, 20))
2018-04-04 05:13:22.266306;(14, (254, 128, 0, 0, 0, 0, 0, 0, 253, 255, 255, 255, 255, 255, 0, 18))
2018-04-04 05:13:22.277657;(4, (254, 128, 0, 0, 0, 0, 0, 0, 253, 255, 255, 255, 255, 255, 0, 13))
2018-04-04 05:13:22.291513;(10, (254, 128, 0, 0, 0, 0, 0, 0, 253, 255, 255, 255, 255, 255, 0, 1))
2018-04-04 05:13:22.404115;(20, (254, 128, 0, 0, 0, 0, 0, 0, 253, 255, 255, 255, 255, 255, 0, 1))
2018-04-04 05:13:22.417741;(16, (254, 128, 0, 0, 0, 0, 0, 0, 253, 255, 255, 255, 255, 255, 0, 18))
2018-04-04 05:13:22.507558;(11, (254, 128, 0, 0, 0, 0, 0, 0, 253, 255, 255, 255, 255, 255, 0, 18))
2018-04-04 05:13:22.519547;(6, (254, 128, 0, 0, 0, 0, 0, 0, 253, 255, 255, 255, 255, 255, 0, 5))
2018-04-04 05:13:22.590566;(18, (254, 128, 0, 0, 0, 0, 0, 0, 253, 255, 255, 255, 255, 255, 0, 23))
2018-04-04 05:13:22.626289;(12, (254, 128, 0, 0, 0, 0, 0, 0, 253, 255, 255, 255, 255, 255, 0, 11))
2018-04-04 05:13:22.653584;(23, (254, 128, 0, 0, 0, 0, 0, 0, 253, 255, 255, 255, 255, 255, 0, 15))
2018-04-04 05:13:22.690739;(21, (254, 128, 0, 0, 0, 0, 0, 0, 253, 255, 255, 255, 255, 255, 0, 1))
2018-04-04 05:13:22.710677;(13, (254, 128, 0, 0, 0, 0, 0, 0, 253, 255, 255, 255, 255, 255, 0, 1))
2018-04-04 05:13:22.830023;(15, (254, 128, 0, 0, 0, 0, 0, 0, 253, 255, 255, 255, 255, 255, 0, 1))
2018-04-04 05:13:22.847372;(9, (254, 128, 0, 0, 0, 0, 0, 0, 253, 255, 255, 255, 255, 255, 0, 13))
2018-04-04 05:13:22.979448;(3, (254, 128, 0, 0, 0, 0, 0, 0, 253, 255, 255, 255, 255, 255, 0, 18))
2018-04-04 05:13:51.984005;(5, (254, 128, 0, 0, 0, 0, 0, 0, 253, 255, 255, 255, 255, 255, 0, 1))
2018-04-04 05:13:52.066045;(1, (0, 0, 0, 0, 0, 0, 0, 0, 0, 0, 0, 0, 0, 0, 0, 0))
2018-04-04 05:13:52.074136;(19, (254, 128, 0, 0, 0, 0, 0, 0, 253, 255, 255, 255, 255, 255, 0, 7))
2018-04-04 05:13:52.149629;(7, (254, 128, 0, 0, 0, 0, 0, 0, 253, 255, 255, 255, 255, 255, 0, 20))
2018-04-04 05:13:52.182872;(17, (254, 128, 0, 0, 0, 0, 0, 0, 253, 255, 255, 255, 255, 255, 0, 7))
2018-04-04 05:13:52.271112;(14, (254, 128, 0, 0, 0, 0, 0, 0, 253, 255, 255, 255, 255, 255, 0, 8))
2018-04-04 05:13:52.281792;(4, (254, 128, 0, 0, 0, 0, 0, 0, 253, 255, 255, 255, 255, 255, 0, 13))
2018-04-04 05:13:52.294276;(10, (254, 128, 0, 0, 0, 0, 0, 0, 253, 255, 255, 255, 255, 255, 0, 1))
2018-04-04 05:13:52.407220;(20, (254, 128, 0, 0, 0, 0, 0, 0, 253, 255, 255, 255, 255, 255, 0, 1))
2018-04-04 05:13:52.421795;(16, (254, 128, 0, 0, 0, 0, 0, 0, 253, 255, 255, 255, 255, 255, 0, 18))
2018-04-04 05:13:52.511055;(11, (254, 128, 0, 0, 0, 0, 0, 0, 253, 255, 255, 255, 255, 255, 0, 8))
2018-04-04 05:13:52.523119;(6, (254, 128, 0, 0, 0, 0, 0, 0, 253, 255, 255, 255, 255, 255, 0, 5))
2018-04-04 05:13:52.595567;(18, (254, 128, 0, 0, 0, 0, 0, 0, 253, 255, 255, 255, 255, 255, 0, 23))
2018-04-04 05:13:52.630041;(12, (254, 128, 0, 0, 0, 0, 0, 0, 253, 255, 255, 255, 255, 255, 0, 8))
2018-04-04 05:13:52.658460;(23, (254, 128, 0, 0, 0, 0, 0, 0, 253, 255, 255, 255, 255, 255, 0, 15))
2018-04-04 05:13:52.698591;(21, (254, 128, 0, 0, 0, 0, 0, 0, 253, 255, 255, 255, 255, 255, 0, 1))
2018-04-04 05:13:52.714487;(13, (254, 128, 0, 0, 0, 0, 0, 0, 253, 255, 255, 255, 255, 255, 0, 1))
2018-04-04 05:13:52.834227;(15, (254, 128, 0, 0, 0, 0, 0, 0, 253, 255, 255, 255, 255, 255, 0, 1))
2018-04-04 05:13:52.983540;(3, (254, 128, 0, 0, 0, 0, 0, 0, 253, 255, 255, 255, 255, 255, 0, 7))
2018-04-04 05:13:53.038578;(22, (254, 128, 0, 0, 0, 0, 0, 0, 253, 255, 255, 255, 255, 255, 0, 1))
2018-04-04 05:13:53.217102;(8, (254, 128, 0, 0, 0, 0, 0, 0, 253, 255, 255, 255, 255, 255, 0, 20))
2018-04-04 05:13:53.851576;(9, (254, 128, 0, 0, 0, 0, 0, 0, 253, 255, 255, 255, 255, 255, 0, 13))
2018-04-04 05:14:22.069327;(1, (0, 0, 0, 0, 0, 0, 0, 0, 0, 0, 0, 0, 0, 0, 0, 0))
2018-04-04 05:14:22.514381;(11, (254, 128, 0, 0, 0, 0, 0, 0, 253, 255, 255, 255, 255, 255, 0, 8))
2018-04-04 05:14:22.660126;(23, (254, 128, 0, 0, 0, 0, 0, 0, 253, 255, 255, 255, 255, 255, 0, 15))
2018-04-04 05:14:22.703799;(21, (254, 128, 0, 0, 0, 0, 0, 0, 253, 255, 255, 255, 255, 255, 0, 1))
2018-04-04 05:14:22.989372;(5, (254, 128, 0, 0, 0, 0, 0, 0, 253, 255, 255, 255, 255, 255, 0, 1))
2018-04-04 05:14:23.045304;(22, (254, 128, 0, 0, 0, 0, 0, 0, 253, 255, 255, 255, 255, 255, 0, 1))
2018-04-04 05:14:23.077927;(19, (254, 128, 0, 0, 0, 0, 0, 0, 253, 255, 255, 255, 255, 255, 0, 3))
2018-04-04 05:14:23.153114;(7, (254, 128, 0, 0, 0, 0, 0, 0, 253, 255, 255, 255, 255, 255, 0, 20))
2018-04-04 05:14:23.188327;(17, (254, 128, 0, 0, 0, 0, 0, 0, 253, 255, 255, 255, 255, 255, 0, 7))
2018-04-04 05:14:23.219650;(8, (254, 128, 0, 0, 0, 0, 0, 0, 253, 255, 255, 255, 255, 255, 0, 16))
2018-04-04 05:14:23.277331;(14, (254, 128, 0, 0, 0, 0, 0, 0, 253, 255, 255, 255, 255, 255, 0, 18))
2018-04-04 05:14:23.285698;(4, (254, 128, 0, 0, 0, 0, 0, 0, 253, 255, 255, 255, 255, 255, 0, 21))
2018-04-04 05:14:23.411737;(20, (254, 128, 0, 0, 0, 0, 0, 0, 253, 255, 255, 255, 255, 255, 0, 1))
2018-04-04 05:14:23.426038;(16, (254, 128, 0, 0, 0, 0, 0, 0, 253, 255, 255, 255, 255, 255, 0, 18))
2018-04-04 05:14:23.526677;(6, (254, 128, 0, 0, 0, 0, 0, 0, 253, 255, 255, 255, 255, 255, 0, 5))
2018-04-04 05:14:23.599492;(18, (254, 128, 0, 0, 0, 0, 0, 0, 253, 255, 255, 255, 255, 255, 0, 23))
2018-04-04 05:14:23.634629;(12, (254, 128, 0, 0, 0, 0, 0, 0, 253, 255, 255, 255, 255, 255, 0, 8))
2018-04-04 05:14:23.718346;(13, (254, 128, 0, 0, 0, 0, 0, 0, 253, 255, 255, 255, 255, 255, 0, 21))
2018-04-04 05:14:23.839507;(15, (254, 128, 0, 0, 0, 0, 0, 0, 253, 255, 255, 255, 255, 255, 0, 1))
2018-04-04 05:14:23.854392;(9, (254, 128, 0, 0, 0, 0, 0, 0, 253, 255, 255, 255, 255, 255, 0, 13))
2018-04-04 05:14:23.987576;(3, (254, 128, 0, 0, 0, 0, 0, 0, 253, 255, 255, 255, 255, 255, 0, 18))
2018-04-04 05:14:52.071556;(1, (0, 0, 0, 0, 0, 0, 0, 0, 0, 0, 0, 0, 0, 0, 0, 0))
2018-04-04 05:14:52.992257;(5, (254, 128, 0, 0, 0, 0, 0, 0, 253, 255, 255, 255, 255, 255, 0, 1))
2018-04-04 05:14:53.049534;(22, (254, 128, 0, 0, 0, 0, 0, 0, 253, 255, 255, 255, 255, 255, 0, 1))
2018-04-04 05:14:53.080927;(19, (254, 128, 0, 0, 0, 0, 0, 0, 253, 255, 255, 255, 255, 255, 0, 12))
2018-04-04 05:14:53.156180;(7, (254, 128, 0, 0, 0, 0, 0, 0, 253, 255, 255, 255, 255, 255, 0, 20))
2018-04-04 05:14:53.193752;(17, (254, 128, 0, 0, 0, 0, 0, 0, 253, 255, 255, 255, 255, 255, 0, 7))
2018-04-04 05:14:53.222406;(8, (254, 128, 0, 0, 0, 0, 0, 0, 253, 255, 255, 255, 255, 255, 0, 20))
2018-04-04 05:14:53.281594;(14, (254, 128, 0, 0, 0, 0, 0, 0, 253, 255, 255, 255, 255, 255, 0, 7))
2018-04-04 05:14:53.289144;(4, (254, 128, 0, 0, 0, 0, 0, 0, 253, 255, 255, 255, 255, 255, 0, 21))
2018-04-04 05:14:53.301873;(10, (254, 128, 0, 0, 0, 0, 0, 0, 253, 255, 255, 255, 255, 255, 0, 15))
2018-04-04 05:14:53.417717;(20, (254, 128, 0, 0, 0, 0, 0, 0, 253, 255, 255, 255, 255, 255, 0, 1))
2018-04-04 05:14:53.430218;(16, (254, 128, 0, 0, 0, 0, 0, 0, 253, 255, 255, 255, 255, 255, 0, 12))
2018-04-04 05:14:53.518564;(11, (254, 128, 0, 0, 0, 0, 0, 0, 253, 255, 255, 255, 255, 255, 0, 18))
2018-04-04 05:14:53.530314;(6, (254, 128, 0, 0, 0, 0, 0, 0, 253, 255, 255, 255, 255, 255, 0, 5))
2018-04-04 05:14:53.605306;(18, (254, 128, 0, 0, 0, 0, 0, 0, 253, 255, 255, 255, 255, 255, 0, 23))
2018-04-04 05:14:53.640359;(12, (254, 128, 0, 0, 0, 0, 0, 0, 253, 255, 255, 255, 255, 255, 0, 7))
2018-04-04 05:14:53.709423;(21, (254, 128, 0, 0, 0, 0, 0, 0, 253, 255, 255, 255, 255, 255, 0, 1))
2018-04-04 05:14:53.724590;(13, (254, 128, 0, 0, 0, 0, 0, 0, 253, 255, 255, 255, 255, 255, 0, 21))
2018-04-04 05:14:53.843965;(15, (254, 128, 0, 0, 0, 0, 0, 0, 253, 255, 255, 255, 255, 255, 0, 1))
2018-04-04 05:14:53.858609;(9, (254, 128, 0, 0, 0, 0, 0, 0, 253, 255, 255, 255, 255, 255, 0, 13))
2018-04-04 05:14:53.991533;(3, (254, 128, 0, 0, 0, 0, 0, 0, 253, 255, 255, 255, 255, 255, 0, 18))
2018-04-04 05:15:22.076425;(1, (0, 0, 0, 0, 0, 0, 0, 0, 0, 0, 0, 0, 0, 0, 0, 0))
2018-04-04 05:15:22.997486;(5, (254, 128, 0, 0, 0, 0, 0, 0, 253, 255, 255, 255, 255, 255, 0, 1))
2018-04-04 05:15:23.054541;(22, (254, 128, 0, 0, 0, 0, 0, 0, 253, 255, 255, 255, 255, 255, 0, 1))
2018-04-04 05:15:23.084698;(19, (254, 128, 0, 0, 0, 0, 0, 0, 253, 255, 255, 255, 255, 255, 0, 14))
2018-04-04 05:15:23.158905;(7, (254, 128, 0, 0, 0, 0, 0, 0, 253, 255, 255, 255, 255, 255, 0, 14))
2018-04-04 05:15:23.197903;(17, (254, 128, 0, 0, 0, 0, 0, 0, 253, 255, 255, 255, 255, 255, 0, 7))
2018-04-04 05:15:23.224918;(8, (254, 128, 0, 0, 0, 0, 0, 0, 253, 255, 255, 255, 255, 255, 0, 20))
2018-04-04 05:15:23.284547;(14, (254, 128, 0, 0, 0, 0, 0, 0, 253, 255, 255, 255, 255, 255, 0, 10))
2018-04-04 05:15:23.294081;(4, (254, 128, 0, 0, 0, 0, 0, 0, 253, 255, 255, 255, 255, 255, 0, 21))
2018-04-04 05:15:23.306640;(10, (254, 128, 0, 0, 0, 0, 0, 0, 253, 255, 255, 255, 255, 255, 0, 22))
2018-04-04 05:15:23.423296;(20, (254, 128, 0, 0, 0, 0, 0, 0, 253, 255, 255, 255, 255, 255, 0, 1))
2018-04-04 05:15:23.434592;(16, (254, 128, 0, 0, 0, 0, 0, 0, 253, 255, 255, 255, 255, 255, 0, 18))
2018-04-04 05:15:23.522764;(11, (254, 128, 0, 0, 0, 0, 0, 0, 253, 255, 255, 255, 255, 255, 0, 18))
2018-04-04 05:15:23.534588;(6, (254, 128, 0, 0, 0, 0, 0, 0, 253, 255, 255, 255, 255, 255, 0, 5))
2018-04-04 05:15:23.609197;(18, (254, 128, 0, 0, 0, 0, 0, 0, 253, 255, 255, 255, 255, 255, 0, 23))
2018-04-04 05:15:23.644266;(12, (254, 128, 0, 0, 0, 0, 0, 0, 253, 255, 255, 255, 255, 255, 0, 7))
2018-04-04 05:15:23.665492;(23, (254, 128, 0, 0, 0, 0, 0, 0, 253, 255, 255, 255, 255, 255, 0, 6))
2018-04-04 05:15:23.714487;(21, (254, 128, 0, 0, 0, 0, 0, 0, 253, 255, 255, 255, 255, 255, 0, 1))
2018-04-04 05:15:23.728209;(13, (254, 128, 0, 0, 0, 0, 0, 0, 253, 255, 255, 255, 255, 255, 0, 5))
2018-04-04 05:15:23.847075;(15, (254, 128, 0, 0, 0, 0, 0, 0, 253, 255, 255, 255, 255, 255, 0, 1))
2018-04-04 05:15:23.861309;(9, (254, 128, 0, 0, 0, 0, 0, 0, 253, 255, 255, 255, 255, 255, 0, 13))
2018-04-04 05:15:23.995086;(3, (254, 128, 0, 0, 0, 0, 0, 0, 253, 255, 255, 255, 255, 255, 0, 14))
2018-04-04 05:15:52.081277;(1, (0, 0, 0, 0, 0, 0, 0, 0, 0, 0, 0, 0, 0, 0, 0, 0))
2018-04-04 05:15:53.000263;(5, (254, 128, 0, 0, 0, 0, 0, 0, 253, 255, 255, 255, 255, 255, 0, 1))
2018-04-04 05:15:53.058228;(22, (254, 128, 0, 0, 0, 0, 0, 0, 253, 255, 255, 255, 255, 255, 0, 1))
2018-04-04 05:15:53.092456;(19, (254, 128, 0, 0, 0, 0, 0, 0, 253, 255, 255, 255, 255, 255, 0, 14))
2018-04-04 05:15:53.161887;(7, (254, 128, 0, 0, 0, 0, 0, 0, 253, 255, 255, 255, 255, 255, 0, 20))
2018-04-04 05:15:53.201385;(17, (254, 128, 0, 0, 0, 0, 0, 0, 253, 255, 255, 255, 255, 255, 0, 7))
2018-04-04 05:15:53.227447;(8, (254, 128, 0, 0, 0, 0, 0, 0, 253, 255, 255, 255, 255, 255, 0, 3))
2018-04-04 05:15:53.289365;(14, (254, 128, 0, 0, 0, 0, 0, 0, 253, 255, 255, 255, 255, 255, 0, 22))
2018-04-04 05:15:53.297895;(4, (254, 128, 0, 0, 0, 0, 0, 0, 253, 255, 255, 255, 255, 255, 0, 13))
2018-04-04 05:15:53.310348;(10, (254, 128, 0, 0, 0, 0, 0, 0, 253, 255, 255, 255, 255, 255, 0, 22))
2018-04-04 05:15:53.427480;(20, (254, 128, 0, 0, 0, 0, 0, 0, 253, 255, 255, 255, 255, 255, 0, 1))
2018-04-04 05:15:53.438290;(16, (254, 128, 0, 0, 0, 0, 0, 0, 253, 255, 255, 255, 255, 255, 0, 18))
2018-04-04 05:15:53.526762;(11, (254, 128, 0, 0, 0, 0, 0, 0, 253, 255, 255, 255, 255, 255, 0, 14))
2018-04-04 05:15:53.538443;(6, (254, 128, 0, 0, 0, 0, 0, 0, 253, 255, 255, 255, 255, 255, 0, 5))
2018-04-04 05:15:53.612140;(18, (254, 128, 0, 0, 0, 0, 0, 0, 253, 255, 255, 255, 255, 255, 0, 3))
2018-04-04 05:15:53.647468;(12, (254, 128, 0, 0, 0, 0, 0, 0, 253, 255, 255, 255, 255, 255, 0, 8))
2018-04-04 05:15:53.669375;(23, (254, 128, 0, 0, 0, 0, 0, 0, 253, 255, 255, 255, 255, 255, 0, 18))
2018-04-04 05:15:53.718793;(21, (254, 128, 0, 0, 0, 0, 0, 0, 253, 255, 255, 255, 255, 255, 0, 1))
2018-04-04 05:15:53.732656;(13, (254, 128, 0, 0, 0, 0, 0, 0, 253, 255, 255, 255, 255, 255, 0, 21))
2018-04-04 05:15:53.850329;(15, (254, 128, 0, 0, 0, 0, 0, 0, 253, 255, 255, 255, 255, 255, 0, 1))
2018-04-04 05:15:53.863888;(9, (0, 0, 0, 0, 0, 0, 0, 0, 0, 0, 0, 0, 0, 0, 0, 0))
2018-04-04 05:15:53.998067;(3, (254, 128, 0, 0, 0, 0, 0, 0, 253, 255, 255, 255, 255, 255, 0, 22))
2018-04-04 05:16:22.083116;(1, (0, 0, 0, 0, 0, 0, 0, 0, 0, 0, 0, 0, 0, 0, 0, 0))
2018-04-04 05:16:23.003546;(5, (254, 128, 0, 0, 0, 0, 0, 0, 253, 255, 255, 255, 255, 255, 0, 1))
2018-04-04 05:16:23.097289;(19, (254, 128, 0, 0, 0, 0, 0, 0, 253, 255, 255, 255, 255, 255, 0, 14))
2018-04-04 05:16:23.164640;(7, (254, 128, 0, 0, 0, 0, 0, 0, 253, 255, 255, 255, 255, 255, 0, 20))
2018-04-04 05:16:23.205459;(17, (254, 128, 0, 0, 0, 0, 0, 0, 253, 255, 255, 255, 255, 255, 0, 7))
2018-04-04 05:16:23.292272;(14, (254, 128, 0, 0, 0, 0, 0, 0, 253, 255, 255, 255, 255, 255, 0, 22))
2018-04-04 05:16:23.301150;(4, (254, 128, 0, 0, 0, 0, 0, 0, 253, 255, 255, 255, 255, 255, 0, 13))
2018-04-04 05:16:23.313762;(10, (254, 128, 0, 0, 0, 0, 0, 0, 253, 255, 255, 255, 255, 255, 0, 22))
2018-04-04 05:16:23.433416;(20, (254, 128, 0, 0, 0, 0, 0, 0, 253, 255, 255, 255, 255, 255, 0, 3))
2018-04-04 05:16:23.442143;(16, (0, 0, 0, 0, 0, 0, 0, 0, 0, 0, 0, 0, 0, 0, 0, 0))
2018-04-04 05:16:23.530653;(11, (254, 128, 0, 0, 0, 0, 0, 0, 253, 255, 255, 255, 255, 255, 0, 14))
2018-04-04 05:16:23.542956;(6, (254, 128, 0, 0, 0, 0, 0, 0, 253, 255, 255, 255, 255, 255, 0, 5))
2018-04-04 05:16:23.615570;(18, (254, 128, 0, 0, 0, 0, 0, 0, 253, 255, 255, 255, 255, 255, 0, 3))
2018-04-04 05:16:23.671289;(23, (254, 128, 0, 0, 0, 0, 0, 0, 253, 255, 255, 255, 255, 255, 0, 18))
2018-04-04 05:16:23.722775;(21, (254, 128, 0, 0, 0, 0, 0, 0, 253, 255, 255, 255, 255, 255, 0, 1))
2018-04-04 05:16:23.735306;(13, (254, 128, 0, 0, 0, 0, 0, 0, 253, 255, 255, 255, 255, 255, 0, 21))
2018-04-04 05:16:23.853120;(15, (254, 128, 0, 0, 0, 0, 0, 0, 253, 255, 255, 255, 255, 255, 0, 1))
2018-04-04 05:16:24.063493;(22, (254, 128, 0, 0, 0, 0, 0, 0, 253, 255, 255, 255, 255, 255, 0, 1))
2018-04-04 05:16:24.230007;(8, (254, 128, 0, 0, 0, 0, 0, 0, 253, 255, 255, 255, 255, 255, 0, 3))
2018-04-04 05:16:24.652555;(12, (254, 128, 0, 0, 0, 0, 0, 0, 253, 255, 255, 255, 255, 255, 0, 8))
2018-04-04 05:16:24.867130;(9, (254, 128, 0, 0, 0, 0, 0, 0, 253, 255, 255, 255, 255, 255, 0, 13))
2018-04-04 05:16:25.001117;(3, (254, 128, 0, 0, 0, 0, 0, 0, 253, 255, 255, 255, 255, 255, 0, 22))
2018-04-04 05:16:52.085501;(1, (0, 0, 0, 0, 0, 0, 0, 0, 0, 0, 0, 0, 0, 0, 0, 0))
2018-04-04 05:16:53.316334;(10, (254, 128, 0, 0, 0, 0, 0, 0, 253, 255, 255, 255, 255, 255, 0, 1))
2018-04-04 05:16:53.533897;(11, (254, 128, 0, 0, 0, 0, 0, 0, 253, 255, 255, 255, 255, 255, 0, 8))
2018-04-04 05:16:53.673543;(23, (254, 128, 0, 0, 0, 0, 0, 0, 253, 255, 255, 255, 255, 255, 0, 6))
2018-04-04 05:16:53.726436;(21, (254, 128, 0, 0, 0, 0, 0, 0, 253, 255, 255, 255, 255, 255, 0, 1))
2018-04-04 05:16:54.008135;(5, (254, 128, 0, 0, 0, 0, 0, 0, 253, 255, 255, 255, 255, 255, 0, 1))
2018-04-04 05:16:54.068082;(22, (254, 128, 0, 0, 0, 0, 0, 0, 253, 255, 255, 255, 255, 255, 0, 15))
2018-04-04 05:16:54.100240;(19, (254, 128, 0, 0, 0, 0, 0, 0, 253, 255, 255, 255, 255, 255, 0, 7))
2018-04-04 05:16:54.167021;(7, (254, 128, 0, 0, 0, 0, 0, 0, 253, 255, 255, 255, 255, 255, 0, 20))
2018-04-04 05:16:54.210704;(17, (254, 128, 0, 0, 0, 0, 0, 0, 253, 255, 255, 255, 255, 255, 0, 7))
2018-04-04 05:16:54.232718;(8, (254, 128, 0, 0, 0, 0, 0, 0, 253, 255, 255, 255, 255, 255, 0, 3))
2018-04-04 05:16:54.295990;(14, (254, 128, 0, 0, 0, 0, 0, 0, 253, 255, 255, 255, 255, 255, 0, 10))
2018-04-04 05:16:54.303900;(4, (254, 128, 0, 0, 0, 0, 0, 0, 253, 255, 255, 255, 255, 255, 0, 13))
2018-04-04 05:16:54.436155;(20, (254, 128, 0, 0, 0, 0, 0, 0, 253, 255, 255, 255, 255, 255, 0, 1))
2018-04-04 05:16:54.445024;(16, (254, 128, 0, 0, 0, 0, 0, 0, 253, 255, 255, 255, 255, 255, 0, 8))
2018-04-04 05:16:54.546645;(6, (254, 128, 0, 0, 0, 0, 0, 0, 253, 255, 255, 255, 255, 255, 0, 5))
2018-04-04 05:16:54.621337;(18, (254, 128, 0, 0, 0, 0, 0, 0, 253, 255, 255, 255, 255, 255, 0, 16))
2018-04-04 05:16:54.662078;(12, (254, 128, 0, 0, 0, 0, 0, 0, 253, 255, 255, 255, 255, 255, 0, 16))
2018-04-04 05:16:54.739296;(13, (254, 128, 0, 0, 0, 0, 0, 0, 253, 255, 255, 255, 255, 255, 0, 21))
2018-04-04 05:16:54.856227;(15, (254, 128, 0, 0, 0, 0, 0, 0, 253, 255, 255, 255, 255, 255, 0, 1))
2018-04-04 05:16:54.874377;(9, (254, 128, 0, 0, 0, 0, 0, 0, 253, 255, 255, 255, 255, 255, 0, 4))
2018-04-04 05:16:55.004113;(3, (254, 128, 0, 0, 0, 0, 0, 0, 253, 255, 255, 255, 255, 255, 0, 20))
2018-04-04 05:17:22.089420;(1, (0, 0, 0, 0, 0, 0, 0, 0, 0, 0, 0, 0, 0, 0, 0, 0))
2018-04-04 05:17:23.320167;(10, (254, 128, 0, 0, 0, 0, 0, 0, 253, 255, 255, 255, 255, 255, 0, 15))
2018-04-04 05:17:23.675276;(23, (254, 128, 0, 0, 0, 0, 0, 0, 253, 255, 255, 255, 255, 255, 0, 6))
2018-04-04 05:17:23.729888;(21, (254, 128, 0, 0, 0, 0, 0, 0, 253, 255, 255, 255, 255, 255, 0, 1))
2018-04-04 05:17:24.014525;(5, (254, 128, 0, 0, 0, 0, 0, 0, 253, 255, 255, 255, 255, 255, 0, 1))
2018-04-04 05:17:24.071632;(22, (254, 128, 0, 0, 0, 0, 0, 0, 253, 255, 255, 255, 255, 255, 0, 10))
2018-04-04 05:17:24.105102;(19, (254, 128, 0, 0, 0, 0, 0, 0, 253, 255, 255, 255, 255, 255, 0, 7))
2018-04-04 05:17:24.213341;(17, (254, 128, 0, 0, 0, 0, 0, 0, 253, 255, 255, 255, 255, 255, 0, 7))
2018-04-04 05:17:24.235530;(8, (254, 128, 0, 0, 0, 0, 0, 0, 253, 255, 255, 255, 255, 255, 0, 11))
2018-04-04 05:17:24.299089;(14, (254, 128, 0, 0, 0, 0, 0, 0, 253, 255, 255, 255, 255, 255, 0, 10))
2018-04-04 05:17:24.307570;(4, (254, 128, 0, 0, 0, 0, 0, 0, 253, 255, 255, 255, 255, 255, 0, 13))
2018-04-04 05:17:24.439672;(20, (254, 128, 0, 0, 0, 0, 0, 0, 253, 255, 255, 255, 255, 255, 0, 1))
2018-04-04 05:17:24.447694;(16, (254, 128, 0, 0, 0, 0, 0, 0, 253, 255, 255, 255, 255, 255, 0, 19))
2018-04-04 05:17:24.537496;(11, (254, 128, 0, 0, 0, 0, 0, 0, 253, 255, 255, 255, 255, 255, 0, 12))
2018-04-04 05:17:24.551400;(6, (254, 128, 0, 0, 0, 0, 0, 0, 253, 255, 255, 255, 255, 255, 0, 5))
2018-04-04 05:17:24.624367;(18, (254, 128, 0, 0, 0, 0, 0, 0, 253, 255, 255, 255, 255, 255, 0, 14))
2018-04-04 05:17:24.666184;(12, (254, 128, 0, 0, 0, 0, 0, 0, 253, 255, 255, 255, 255, 255, 0, 7))
2018-04-04 05:17:24.742834;(13, (254, 128, 0, 0, 0, 0, 0, 0, 253, 255, 255, 255, 255, 255, 0, 21))
2018-04-04 05:17:24.860547;(15, (254, 128, 0, 0, 0, 0, 0, 0, 253, 255, 255, 255, 255, 255, 0, 1))
2018-04-04 05:17:24.878408;(9, (254, 128, 0, 0, 0, 0, 0, 0, 253, 255, 255, 255, 255, 255, 0, 4))
2018-04-04 05:17:25.009681;(3, (254, 128, 0, 0, 0, 0, 0, 0, 253, 255, 255, 255, 255, 255, 0, 20))
2018-04-04 05:17:53.093899;(1, (0, 0, 0, 0, 0, 0, 0, 0, 0, 0, 0, 0, 0, 0, 0, 0))
2018-04-04 05:17:53.677946;(23, (254, 128, 0, 0, 0, 0, 0, 0, 253, 255, 255, 255, 255, 255, 0, 6))
2018-04-04 05:17:54.023565;(5, (254, 128, 0, 0, 0, 0, 0, 0, 253, 255, 255, 255, 255, 255, 0, 1))
2018-04-04 05:17:54.076171;(22, (254, 128, 0, 0, 0, 0, 0, 0, 253, 255, 255, 255, 255, 255, 0, 8))
2018-04-04 05:17:54.108730;(19, (254, 128, 0, 0, 0, 0, 0, 0, 253, 255, 255, 255, 255, 255, 0, 7))
2018-04-04 05:17:54.172256;(7, (254, 128, 0, 0, 0, 0, 0, 0, 253, 255, 255, 255, 255, 255, 0, 20))
2018-04-04 05:17:54.216220;(17, (254, 128, 0, 0, 0, 0, 0, 0, 253, 255, 255, 255, 255, 255, 0, 7))
2018-04-04 05:17:54.238258;(8, (254, 128, 0, 0, 0, 0, 0, 0, 253, 255, 255, 255, 255, 255, 0, 20))
2018-04-04 05:17:54.303031;(14, (254, 128, 0, 0, 0, 0, 0, 0, 253, 255, 255, 255, 255, 255, 0, 11))
2018-04-04 05:17:54.311968;(4, (254, 128, 0, 0, 0, 0, 0, 0, 253, 255, 255, 255, 255, 255, 0, 13))
2018-04-04 05:17:54.323637;(10, (254, 128, 0, 0, 0, 0, 0, 0, 253, 255, 255, 255, 255, 255, 0, 1))
2018-04-04 05:17:54.443523;(20, (254, 128, 0, 0, 0, 0, 0, 0, 253, 255, 255, 255, 255, 255, 0, 1))
2018-04-04 05:17:54.451642;(16, (254, 128, 0, 0, 0, 0, 0, 0, 253, 255, 255, 255, 255, 255, 0, 11))
2018-04-04 05:17:54.540721;(11, (254, 128, 0, 0, 0, 0, 0, 0, 253, 255, 255, 255, 255, 255, 0, 8))
2018-04-04 05:17:54.554482;(6, (254, 128, 0, 0, 0, 0, 0, 0, 253, 255, 255, 255, 255, 255, 0, 5))
2018-04-04 05:17:54.630077;(18, (254, 128, 0, 0, 0, 0, 0, 0, 253, 255, 255, 255, 255, 255, 0, 11))
2018-04-04 05:17:54.669968;(12, (254, 128, 0, 0, 0, 0, 0, 0, 253, 255, 255, 255, 255, 255, 0, 7))
2018-04-04 05:17:54.732591;(21, (254, 128, 0, 0, 0, 0, 0, 0, 253, 255, 255, 255, 255, 255, 0, 1))
2018-04-04 05:17:54.748307;(13, (254, 128, 0, 0, 0, 0, 0, 0, 253, 255, 255, 255, 255, 255, 0, 1))
2018-04-04 05:17:54.863592;(15, (254, 128, 0, 0, 0, 0, 0, 0, 253, 255, 255, 255, 255, 255, 0, 1))
2018-04-04 05:17:54.883196;(9, (254, 128, 0, 0, 0, 0, 0, 0, 253, 255, 255, 255, 255, 255, 0, 13))
2018-04-04 05:17:55.013697;(3, (254, 128, 0, 0, 0, 0, 0, 0, 253, 255, 255, 255, 255, 255, 0, 20))
2018-04-04 05:18:23.098763;(1, (0, 0, 0, 0, 0, 0, 0, 0, 0, 0, 0, 0, 0, 0, 0, 0))
2018-04-04 05:18:24.030419;(5, (254, 128, 0, 0, 0, 0, 0, 0, 253, 255, 255, 255, 255, 255, 0, 1))
2018-04-04 05:18:24.082861;(22, (254, 128, 0, 0, 0, 0, 0, 0, 253, 255, 255, 255, 255, 255, 0, 10))
2018-04-04 05:18:24.113771;(19, (254, 128, 0, 0, 0, 0, 0, 0, 253, 255, 255, 255, 255, 255, 0, 7))
2018-04-04 05:18:24.177917;(7, (254, 128, 0, 0, 0, 0, 0, 0, 253, 255, 255, 255, 255, 255, 0, 3))
2018-04-04 05:18:24.220687;(17, (254, 128, 0, 0, 0, 0, 0, 0, 253, 255, 255, 255, 255, 255, 0, 7))
2018-04-04 05:18:24.243249;(8, (254, 128, 0, 0, 0, 0, 0, 0, 253, 255, 255, 255, 255, 255, 0, 22))
2018-04-04 05:18:24.309781;(14, (254, 128, 0, 0, 0, 0, 0, 0, 253, 255, 255, 255, 255, 255, 0, 22))
2018-04-04 05:18:24.318059;(4, (254, 128, 0, 0, 0, 0, 0, 0, 253, 255, 255, 255, 255, 255, 0, 13))
2018-04-04 05:18:24.333492;(10, (254, 128, 0, 0, 0, 0, 0, 0, 253, 255, 255, 255, 255, 255, 0, 1))
2018-04-04 05:18:24.449930;(20, (254, 128, 0, 0, 0, 0, 0, 0, 253, 255, 255, 255, 255, 255, 0, 1))
2018-04-04 05:18:24.458224;(16, (254, 128, 0, 0, 0, 0, 0, 0, 253, 255, 255, 255, 255, 255, 0, 18))
2018-04-04 05:18:24.546338;(11, (254, 128, 0, 0, 0, 0, 0, 0, 253, 255, 255, 255, 255, 255, 0, 14))
2018-04-04 05:18:24.559720;(6, (254, 128, 0, 0, 0, 0, 0, 0, 253, 255, 255, 255, 255, 255, 0, 5))
2018-04-04 05:18:24.634901;(18, (254, 128, 0, 0, 0, 0, 0, 0, 253, 255, 255, 255, 255, 255, 0, 11))
2018-04-04 05:18:24.675546;(12, (254, 128, 0, 0, 0, 0, 0, 0, 253, 255, 255, 255, 255, 255, 0, 8))
2018-04-04 05:18:24.683143;(23, (254, 128, 0, 0, 0, 0, 0, 0, 253, 255, 255, 255, 255, 255, 0, 6))
2018-04-04 05:18:24.739470;(21, (254, 128, 0, 0, 0, 0, 0, 0, 253, 255, 255, 255, 255, 255, 0, 1))
2018-04-04 05:18:24.754625;(13, (254, 128, 0, 0, 0, 0, 0, 0, 253, 255, 255, 255, 255, 255, 0, 1))
2018-04-04 05:18:24.874581;(15, (254, 128, 0, 0, 0, 0, 0, 0, 253, 255, 255, 255, 255, 255, 0, 1))
2018-04-04 05:18:24.890489;(9, (254, 128, 0, 0, 0, 0, 0, 0, 253, 255, 255, 255, 255, 255, 0, 13))
2018-04-04 05:18:25.022305;(3, (254, 128, 0, 0, 0, 0, 0, 0, 253, 255, 255, 255, 255, 255, 0, 22))
2018-04-04 05:18:53.105635;(1, (0, 0, 0, 0, 0, 0, 0, 0, 0, 0, 0, 0, 0, 0, 0, 0))
2018-04-04 05:18:54.040157;(5, (254, 128, 0, 0, 0, 0, 0, 0, 253, 255, 255, 255, 255, 255, 0, 1))
2018-04-04 05:18:54.123578;(19, (254, 128, 0, 0, 0, 0, 0, 0, 253, 255, 255, 255, 255, 255, 0, 14))
2018-04-04 05:18:54.192527;(7, (254, 128, 0, 0, 0, 0, 0, 0, 253, 255, 255, 255, 255, 255, 0, 11))
2018-04-04 05:18:54.227210;(17, (254, 128, 0, 0, 0, 0, 0, 0, 253, 255, 255, 255, 255, 255, 0, 7))
2018-04-04 05:18:54.324155;(4, (254, 128, 0, 0, 0, 0, 0, 0, 253, 255, 255, 255, 255, 255, 0, 13))
2018-04-04 05:18:54.351374;(10, (254, 128, 0, 0, 0, 0, 0, 0, 253, 255, 255, 255, 255, 255, 0, 1))
2018-04-04 05:18:54.465728;(16, (254, 128, 0, 0, 0, 0, 0, 0, 253, 255, 255, 255, 255, 255, 0, 18))
2018-04-04 05:18:54.552196;(11, (254, 128, 0, 0, 0, 0, 0, 0, 253, 255, 255, 255, 255, 255, 0, 14))
2018-04-04 05:18:54.570691;(6, (254, 128, 0, 0, 0, 0, 0, 0, 253, 255, 255, 255, 255, 255, 0, 5))
2018-04-04 05:18:54.684223;(12, (254, 128, 0, 0, 0, 0, 0, 0, 253, 255, 255, 255, 255, 255, 0, 11))
2018-04-04 05:18:54.687763;(23, (254, 128, 0, 0, 0, 0, 0, 0, 253, 255, 255, 255, 255, 255, 0, 6))
2018-04-04 05:18:54.749766;(21, (254, 128, 0, 0, 0, 0, 0, 0, 253, 255, 255, 255, 255, 255, 0, 1))
2018-04-04 05:18:54.762334;(13, (254, 128, 0, 0, 0, 0, 0, 0, 253, 255, 255, 255, 255, 255, 0, 1))
2018-04-04 05:18:54.893942;(15, (254, 128, 0, 0, 0, 0, 0, 0, 253, 255, 255, 255, 255, 255, 0, 1))
2018-04-04 05:18:55.090217;(22, (254, 128, 0, 0, 0, 0, 0, 0, 253, 255, 255, 255, 255, 255, 0, 14))
2018-04-04 05:18:55.250151;(8, (254, 128, 0, 0, 0, 0, 0, 0, 253, 255, 255, 255, 255, 255, 0, 12))
2018-04-04 05:18:55.323153;(14, (254, 128, 0, 0, 0, 0, 0, 0, 253, 255, 255, 255, 255, 255, 0, 10))
2018-04-04 05:18:55.457961;(20, (254, 128, 0, 0, 0, 0, 0, 0, 253, 255, 255, 255, 255, 255, 0, 1))
2018-04-04 05:18:55.643738;(18, (254, 128, 0, 0, 0, 0, 0, 0, 253, 255, 255, 255, 255, 255, 0, 14))
2018-04-04 05:18:55.898001;(9, (254, 128, 0, 0, 0, 0, 0, 0, 253, 255, 255, 255, 255, 255, 0, 13))
2018-04-04 05:18:56.039441;(3, (254, 128, 0, 0, 0, 0, 0, 0, 253, 255, 255, 255, 255, 255, 0, 22))
2018-04-04 05:19:23.111721;(1, (0, 0, 0, 0, 0, 0, 0, 0, 0, 0, 0, 0, 0, 0, 0, 0))
2018-04-04 05:19:24.363041;(10, (254, 128, 0, 0, 0, 0, 0, 0, 253, 255, 255, 255, 255, 255, 0, 1))
2018-04-04 05:19:24.562929;(11, (254, 128, 0, 0, 0, 0, 0, 0, 253, 255, 255, 255, 255, 255, 0, 7))
2018-04-04 05:19:24.694811;(23, (254, 128, 0, 0, 0, 0, 0, 0, 253, 255, 255, 255, 255, 255, 0, 6))
2018-04-04 05:19:24.755874;(21, (254, 128, 0, 0, 0, 0, 0, 0, 253, 255, 255, 255, 255, 255, 0, 1))
2018-04-04 05:19:25.049771;(5, (254, 128, 0, 0, 0, 0, 0, 0, 253, 255, 255, 255, 255, 255, 0, 1))
2018-04-04 05:19:25.099353;(22, (254, 128, 0, 0, 0, 0, 0, 0, 253, 255, 255, 255, 255, 255, 0, 10))
2018-04-04 05:19:25.130449;(19, (254, 128, 0, 0, 0, 0, 0, 0, 253, 255, 255, 255, 255, 255, 0, 12))
2018-04-04 05:19:25.210412;(7, (254, 128, 0, 0, 0, 0, 0, 0, 253, 255, 255, 255, 255, 255, 0, 3))
2018-04-04 05:19:25.234600;(17, (254, 128, 0, 0, 0, 0, 0, 0, 253, 255, 255, 255, 255, 255, 0, 7))
2018-04-04 05:19:25.257251;(8, (254, 128, 0, 0, 0, 0, 0, 0, 253, 255, 255, 255, 255, 255, 0, 22))
2018-04-04 05:19:25.331411;(14, (254, 128, 0, 0, 0, 0, 0, 0, 253, 255, 255, 255, 255, 255, 0, 12))
2018-04-04 05:19:25.333402;(4, (254, 128, 0, 0, 0, 0, 0, 0, 253, 255, 255, 255, 255, 255, 0, 13))
2018-04-04 05:19:25.465259;(20, (254, 128, 0, 0, 0, 0, 0, 0, 253, 255, 255, 255, 255, 255, 0, 3))
2018-04-04 05:19:25.476102;(16, (254, 128, 0, 0, 0, 0, 0, 0, 253, 255, 255, 255, 255, 255, 0, 11))
2018-04-04 05:19:25.580063;(6, (254, 128, 0, 0, 0, 0, 0, 0, 253, 255, 255, 255, 255, 255, 0, 5))
2018-04-04 05:19:25.651496;(18, (254, 128, 0, 0, 0, 0, 0, 0, 253, 255, 255, 255, 255, 255, 0, 11))
2018-04-04 05:19:25.693968;(12, (254, 128, 0, 0, 0, 0, 0, 0, 253, 255, 255, 255, 255, 255, 0, 11))
2018-04-04 05:19:25.775563;(13, (254, 128, 0, 0, 0, 0, 0, 0, 253, 255, 255, 255, 255, 255, 0, 9))
2018-04-04 05:19:25.907310;(15, (254, 128, 0, 0, 0, 0, 0, 0, 253, 255, 255, 255, 255, 255, 0, 1))
2018-04-04 05:19:25.910489;(9, (254, 128, 0, 0, 0, 0, 0, 0, 253, 255, 255, 255, 255, 255, 0, 13))
2018-04-04 05:19:26.049005;(3, (254, 128, 0, 0, 0, 0, 0, 0, 253, 255, 255, 255, 255, 255, 0, 22))
2018-04-04 05:19:53.119367;(1, (0, 0, 0, 0, 0, 0, 0, 0, 0, 0, 0, 0, 0, 0, 0, 0))
2018-04-04 05:19:54.371954;(10, (254, 128, 0, 0, 0, 0, 0, 0, 253, 255, 255, 255, 255, 255, 0, 1))
2018-04-04 05:19:54.574217;(11, (254, 128, 0, 0, 0, 0, 0, 0, 253, 255, 255, 255, 255, 255, 0, 18))
2018-04-04 05:19:54.704313;(23, (254, 128, 0, 0, 0, 0, 0, 0, 253, 255, 255, 255, 255, 255, 0, 6))
2018-04-04 05:19:54.763354;(21, (254, 128, 0, 0, 0, 0, 0, 0, 253, 255, 255, 255, 255, 255, 0, 1))
2018-04-04 05:19:55.069749;(5, (254, 128, 0, 0, 0, 0, 0, 0, 253, 255, 255, 255, 255, 255, 0, 1))
2018-04-04 05:19:55.116647;(22, (254, 128, 0, 0, 0, 0, 0, 0, 253, 255, 255, 255, 255, 255, 0, 10))
2018-04-04 05:19:55.137780;(19, (254, 128, 0, 0, 0, 0, 0, 0, 253, 255, 255, 255, 255, 255, 0, 3))
2018-04-04 05:19:55.230574;(7, (254, 128, 0, 0, 0, 0, 0, 0, 253, 255, 255, 255, 255, 255, 0, 3))
2018-04-04 05:19:55.253346;(17, (254, 128, 0, 0, 0, 0, 0, 0, 253, 255, 255, 255, 255, 255, 0, 7))
2018-04-04 05:19:55.267247;(8, (254, 128, 0, 0, 0, 0, 0, 0, 253, 255, 255, 255, 255, 255, 0, 3))
2018-04-04 05:19:55.339547;(14, (254, 128, 0, 0, 0, 0, 0, 0, 253, 255, 255, 255, 255, 255, 0, 18))
2018-04-04 05:19:55.341279;(4, (254, 128, 0, 0, 0, 0, 0, 0, 253, 255, 255, 255, 255, 255, 0, 13))
2018-04-04 05:19:55.472054;(20, (254, 128, 0, 0, 0, 0, 0, 0, 253, 255, 255, 255, 255, 255, 0, 1))
2018-04-04 05:19:55.482622;(16, (254, 128, 0, 0, 0, 0, 0, 0, 253, 255, 255, 255, 255, 255, 0, 18))
2018-04-04 05:19:55.588737;(6, (254, 128, 0, 0, 0, 0, 0, 0, 253, 255, 255, 255, 255, 255, 0, 5))
2018-04-04 05:19:55.661511;(18, (254, 128, 0, 0, 0, 0, 0, 0, 253, 255, 255, 255, 255, 255, 0, 23))
2018-04-04 05:19:55.703406;(12, (254, 128, 0, 0, 0, 0, 0, 0, 253, 255, 255, 255, 255, 255, 0, 11))
2018-04-04 05:19:55.783014;(13, (254, 128, 0, 0, 0, 0, 0, 0, 253, 255, 255, 255, 255, 255, 0, 1))
2018-04-04 05:19:55.917196;(15, (254, 128, 0, 0, 0, 0, 0, 0, 253, 255, 255, 255, 255, 255, 0, 1))
2018-04-04 05:19:55.918257;(9, (254, 128, 0, 0, 0, 0, 0, 0, 253, 255, 255, 255, 255, 255, 0, 13))
2018-04-04 05:19:56.066436;(3, (254, 128, 0, 0, 0, 0, 0, 0, 253, 255, 255, 255, 255, 255, 0, 22))
2018-04-04 05:20:23.134577;(1, (0, 0, 0, 0, 0, 0, 0, 0, 0, 0, 0, 0, 0, 0, 0, 0))
2018-04-04 05:20:24.379744;(10, (254, 128, 0, 0, 0, 0, 0, 0, 253, 255, 255, 255, 255, 255, 0, 1))
2018-04-04 05:20:24.711623;(23, (254, 128, 0, 0, 0, 0, 0, 0, 253, 255, 255, 255, 255, 255, 0, 6))
2018-04-04 05:20:24.770366;(21, (254, 128, 0, 0, 0, 0, 0, 0, 253, 255, 255, 255, 255, 255, 0, 1))
2018-04-04 05:20:25.085106;(5, (254, 128, 0, 0, 0, 0, 0, 0, 253, 255, 255, 255, 255, 255, 0, 1))
2018-04-04 05:20:25.133872;(22, (254, 128, 0, 0, 0, 0, 0, 0, 253, 255, 255, 255, 255, 255, 0, 10))
2018-04-04 05:20:25.150340;(19, (254, 128, 0, 0, 0, 0, 0, 0, 253, 255, 255, 255, 255, 255, 0, 3))
2018-04-04 05:20:25.245147;(7, (254, 128, 0, 0, 0, 0, 0, 0, 253, 255, 255, 255, 255, 255, 0, 12))
2018-04-04 05:20:25.265834;(17, (254, 128, 0, 0, 0, 0, 0, 0, 253, 255, 255, 255, 255, 255, 0, 7))
2018-04-04 05:20:25.277631;(8, (254, 128, 0, 0, 0, 0, 0, 0, 253, 255, 255, 255, 255, 255, 0, 3))
2018-04-04 05:20:25.345953;(14, (254, 128, 0, 0, 0, 0, 0, 0, 253, 255, 255, 255, 255, 255, 0, 18))
2018-04-04 05:20:25.346817;(4, (0, 0, 0, 0, 0, 0, 0, 0, 0, 0, 0, 0, 0, 0, 0, 0))
2018-04-04 05:20:25.485989;(20, (254, 128, 0, 0, 0, 0, 0, 0, 253, 255, 255, 255, 255, 255, 0, 3))
2018-04-04 05:20:25.489099;(16, (254, 128, 0, 0, 0, 0, 0, 0, 253, 255, 255, 255, 255, 255, 0, 18))
2018-04-04 05:20:25.582628;(11, (254, 128, 0, 0, 0, 0, 0, 0, 253, 255, 255, 255, 255, 255, 0, 18))
2018-04-04 05:20:25.597519;(6, (254, 128, 0, 0, 0, 0, 0, 0, 253, 255, 255, 255, 255, 255, 0, 5))
2018-04-04 05:20:25.669643;(18, (254, 128, 0, 0, 0, 0, 0, 0, 253, 255, 255, 255, 255, 255, 0, 23))
2018-04-04 05:20:25.710594;(12, (254, 128, 0, 0, 0, 0, 0, 0, 253, 255, 255, 255, 255, 255, 0, 16))
2018-04-04 05:20:25.789442;(13, (254, 128, 0, 0, 0, 0, 0, 0, 253, 255, 255, 255, 255, 255, 0, 5))
2018-04-04 05:20:25.923141;(15, (254, 128, 0, 0, 0, 0, 0, 0, 253, 255, 255, 255, 255, 255, 0, 1))
2018-04-04 05:20:25.930748;(9, (254, 128, 0, 0, 0, 0, 0, 0, 253, 255, 255, 255, 255, 255, 0, 13))
2018-04-04 05:20:26.079188;(3, (254, 128, 0, 0, 0, 0, 0, 0, 253, 255, 255, 255, 255, 255, 0, 18))
2018-04-04 05:20:53.143060;(1, (0, 0, 0, 0, 0, 0, 0, 0, 0, 0, 0, 0, 0, 0, 0, 0))
2018-04-04 05:20:54.715530;(23, (254, 128, 0, 0, 0, 0, 0, 0, 253, 255, 255, 255, 255, 255, 0, 10))
2018-04-04 05:20:55.091917;(5, (254, 128, 0, 0, 0, 0, 0, 0, 253, 255, 255, 255, 255, 255, 0, 1))
2018-04-04 05:20:55.138438;(22, (254, 128, 0, 0, 0, 0, 0, 0, 253, 255, 255, 255, 255, 255, 0, 10))
2018-04-04 05:20:55.153977;(19, (254, 128, 0, 0, 0, 0, 0, 0, 253, 255, 255, 255, 255, 255, 0, 3))
2018-04-04 05:20:55.249701;(7, (0, 0, 0, 0, 0, 0, 0, 0, 0, 0, 0, 0, 0, 0, 0, 0))
2018-04-04 05:20:55.269538;(17, (0, 0, 0, 0, 0, 0, 0, 0, 0, 0, 0, 0, 0, 0, 0, 0))
2018-04-04 05:20:55.282812;(8, (254, 128, 0, 0, 0, 0, 0, 0, 253, 255, 255, 255, 255, 255, 0, 3))
2018-04-04 05:20:55.349493;(14, (0, 0, 0, 0, 0, 0, 0, 0, 0, 0, 0, 0, 0, 0, 0, 0))
2018-04-04 05:20:55.350297;(4, (254, 128, 0, 0, 0, 0, 0, 0, 253, 255, 255, 255, 255, 255, 0, 13))
2018-04-04 05:20:55.384066;(10, (254, 128, 0, 0, 0, 0, 0, 0, 253, 255, 255, 255, 255, 255, 0, 1))
2018-04-04 05:20:55.489013;(20, (254, 128, 0, 0, 0, 0, 0, 0, 253, 255, 255, 255, 255, 255, 0, 3))
2018-04-04 05:20:55.495464;(16, (254, 128, 0, 0, 0, 0, 0, 0, 253, 255, 255, 255, 255, 255, 0, 18))
2018-04-04 05:20:55.585424;(11, (254, 128, 0, 0, 0, 0, 0, 0, 253, 255, 255, 255, 255, 255, 0, 12))
2018-04-04 05:20:55.601612;(6, (254, 128, 0, 0, 0, 0, 0, 0, 253, 255, 255, 255, 255, 255, 0, 5))
2018-04-04 05:20:55.672392;(18, (0, 0, 0, 0, 0, 0, 0, 0, 0, 0, 0, 0, 0, 0, 0, 0))
2018-04-04 05:20:55.715419;(12, (254, 128, 0, 0, 0, 0, 0, 0, 253, 255, 255, 255, 255, 255, 0, 8))
2018-04-04 05:20:55.774574;(21, (254, 128, 0, 0, 0, 0, 0, 0, 253, 255, 255, 255, 255, 255, 0, 1))
2018-04-04 05:20:55.792185;(13, (254, 128, 0, 0, 0, 0, 0, 0, 253, 255, 255, 255, 255, 255, 0, 1))
2018-04-04 05:20:55.926412;(15, (254, 128, 0, 0, 0, 0, 0, 0, 253, 255, 255, 255, 255, 255, 0, 1))
2018-04-04 05:20:55.935226;(9, (254, 128, 0, 0, 0, 0, 0, 0, 253, 255, 255, 255, 255, 255, 0, 13))
2018-04-04 05:20:56.085815;(3, (254, 128, 0, 0, 0, 0, 0, 0, 253, 255, 255, 255, 255, 255, 0, 22))
2018-04-04 05:21:23.146149;(1, (0, 0, 0, 0, 0, 0, 0, 0, 0, 0, 0, 0, 0, 0, 0, 0))
2018-04-04 05:21:25.101857;(5, (254, 128, 0, 0, 0, 0, 0, 0, 253, 255, 255, 255, 255, 255, 0, 1))
2018-04-04 05:21:25.158519;(19, (254, 128, 0, 0, 0, 0, 0, 0, 253, 255, 255, 255, 255, 255, 0, 3))
2018-04-04 05:21:25.253325;(7, (254, 128, 0, 0, 0, 0, 0, 0, 253, 255, 255, 255, 255, 255, 0, 20))
2018-04-04 05:21:25.279048;(17, (254, 128, 0, 0, 0, 0, 0, 0, 253, 255, 255, 255, 255, 255, 0, 7))
2018-04-04 05:21:25.354593;(4, (254, 128, 0, 0, 0, 0, 0, 0, 253, 255, 255, 255, 255, 255, 0, 13))
2018-04-04 05:21:25.389594;(10, (254, 128, 0, 0, 0, 0, 0, 0, 253, 255, 255, 255, 255, 255, 0, 1))
2018-04-04 05:21:25.499314;(16, (254, 128, 0, 0, 0, 0, 0, 0, 253, 255, 255, 255, 255, 255, 0, 18))
2018-04-04 05:21:25.591218;(11, (254, 128, 0, 0, 0, 0, 0, 0, 253, 255, 255, 255, 255, 255, 0, 12))
2018-04-04 05:21:25.605467;(6, (254, 128, 0, 0, 0, 0, 0, 0, 253, 255, 255, 255, 255, 255, 0, 5))
2018-04-04 05:21:25.719693;(23, (254, 128, 0, 0, 0, 0, 0, 0, 253, 255, 255, 255, 255, 255, 0, 10))
2018-04-04 05:21:25.777389;(21, (254, 128, 0, 0, 0, 0, 0, 0, 253, 255, 255, 255, 255, 255, 0, 1))
2018-04-04 05:21:25.795503;(13, (254, 128, 0, 0, 0, 0, 0, 0, 253, 255, 255, 255, 255, 255, 0, 1))
2018-04-04 05:21:25.931188;(15, (254, 128, 0, 0, 0, 0, 0, 0, 253, 255, 255, 255, 255, 255, 0, 1))
2018-04-04 05:21:26.142345;(22, (254, 128, 0, 0, 0, 0, 0, 0, 253, 255, 255, 255, 255, 255, 0, 10))
2018-04-04 05:21:26.290293;(8, (254, 128, 0, 0, 0, 0, 0, 0, 253, 255, 255, 255, 255, 255, 0, 22))
2018-04-04 05:21:26.352228;(14, (254, 128, 0, 0, 0, 0, 0, 0, 253, 255, 255, 255, 255, 255, 0, 8))
2018-04-04 05:21:26.494742;(20, (254, 128, 0, 0, 0, 0, 0, 0, 253, 255, 255, 255, 255, 255, 0, 10))
2018-04-04 05:21:26.675528;(18, (254, 128, 0, 0, 0, 0, 0, 0, 253, 255, 255, 255, 255, 255, 0, 3))
2018-04-04 05:21:26.719499;(12, (254, 128, 0, 0, 0, 0, 0, 0, 253, 255, 255, 255, 255, 255, 0, 8))
2018-04-04 05:21:26.942640;(9, (254, 128, 0, 0, 0, 0, 0, 0, 253, 255, 255, 255, 255, 255, 0, 13))
2018-04-04 05:21:27.089751;(3, (254, 128, 0, 0, 0, 0, 0, 0, 253, 255, 255, 255, 255, 255, 0, 22))
2018-04-04 05:21:54.148403;(1, (0, 0, 0, 0, 0, 0, 0, 0, 0, 0, 0, 0, 0, 0, 0, 0))
2018-04-04 05:21:55.393899;(10, (254, 128, 0, 0, 0, 0, 0, 0, 253, 255, 255, 255, 255, 255, 0, 1))
2018-04-04 05:21:55.594577;(11, (254, 128, 0, 0, 0, 0, 0, 0, 253, 255, 255, 255, 255, 255, 0, 12))
2018-04-04 05:21:55.723226;(23, (254, 128, 0, 0, 0, 0, 0, 0, 253, 255, 255, 255, 255, 255, 0, 10))
2018-04-04 05:21:55.780051;(21, (254, 128, 0, 0, 0, 0, 0, 0, 253, 255, 255, 255, 255, 255, 0, 1))
2018-04-04 05:21:56.109831;(5, (254, 128, 0, 0, 0, 0, 0, 0, 253, 255, 255, 255, 255, 255, 0, 1))
2018-04-04 05:21:56.148544;(22, (254, 128, 0, 0, 0, 0, 0, 0, 253, 255, 255, 255, 255, 255, 0, 10))
2018-04-04 05:21:56.162458;(19, (254, 128, 0, 0, 0, 0, 0, 0, 253, 255, 255, 255, 255, 255, 0, 7))
2018-04-04 05:21:56.257429;(7, (254, 128, 0, 0, 0, 0, 0, 0, 253, 255, 255, 255, 255, 255, 0, 3))
2018-04-04 05:21:56.283328;(17, (254, 128, 0, 0, 0, 0, 0, 0, 253, 255, 255, 255, 255, 255, 0, 7))
2018-04-04 05:21:56.295610;(8, (254, 128, 0, 0, 0, 0, 0, 0, 253, 255, 255, 255, 255, 255, 0, 20))
2018-04-04 05:21:56.355343;(14, (254, 128, 0, 0, 0, 0, 0, 0, 253, 255, 255, 255, 255, 255, 0, 18))
2018-04-04 05:21:56.358034;(4, (254, 128, 0, 0, 0, 0, 0, 0, 253, 255, 255, 255, 255, 255, 0, 13))
2018-04-04 05:21:56.498712;(20, (254, 128, 0, 0, 0, 0, 0, 0, 253, 255, 255, 255, 255, 255, 0, 1))
2018-04-04 05:21:56.502845;(16, (254, 128, 0, 0, 0, 0, 0, 0, 253, 255, 255, 255, 255, 255, 0, 18))
2018-04-04 05:21:56.610035;(6, (254, 128, 0, 0, 0, 0, 0, 0, 253, 255, 255, 255, 255, 255, 0, 5))
2018-04-04 05:21:56.678373;(18, (254, 128, 0, 0, 0, 0, 0, 0, 253, 255, 255, 255, 255, 255, 0, 3))
2018-04-04 05:21:56.722945;(12, (254, 128, 0, 0, 0, 0, 0, 0, 253, 255, 255, 255, 255, 255, 0, 7))
2018-04-04 05:21:56.798834;(13, (254, 128, 0, 0, 0, 0, 0, 0, 253, 255, 255, 255, 255, 255, 0, 1))
2018-04-04 05:21:56.935864;(15, (254, 128, 0, 0, 0, 0, 0, 0, 253, 255, 255, 255, 255, 255, 0, 1))
2018-04-04 05:21:56.949129;(9, (254, 128, 0, 0, 0, 0, 0, 0, 253, 255, 255, 255, 255, 255, 0, 13))
2018-04-04 05:21:57.093973;(3, (254, 128, 0, 0, 0, 0, 0, 0, 253, 255, 255, 255, 255, 255, 0, 20))
2018-04-04 05:22:24.156092;(1, (0, 0, 0, 0, 0, 0, 0, 0, 0, 0, 0, 0, 0, 0, 0, 0))
2018-04-04 05:22:25.397958;(10, (254, 128, 0, 0, 0, 0, 0, 0, 253, 255, 255, 255, 255, 255, 0, 1))
2018-04-04 05:22:25.726436;(23, (254, 128, 0, 0, 0, 0, 0, 0, 253, 255, 255, 255, 255, 255, 0, 18))
2018-04-04 05:22:25.782998;(21, (254, 128, 0, 0, 0, 0, 0, 0, 253, 255, 255, 255, 255, 255, 0, 1))
2018-04-04 05:22:26.113862;(5, (254, 128, 0, 0, 0, 0, 0, 0, 253, 255, 255, 255, 255, 255, 0, 1))
2018-04-04 05:22:26.154852;(22, (254, 128, 0, 0, 0, 0, 0, 0, 253, 255, 255, 255, 255, 255, 0, 10))
2018-04-04 05:22:26.167104;(19, (254, 128, 0, 0, 0, 0, 0, 0, 253, 255, 255, 255, 255, 255, 0, 7))
2018-04-04 05:22:26.261122;(7, (254, 128, 0, 0, 0, 0, 0, 0, 253, 255, 255, 255, 255, 255, 0, 20))
2018-04-04 05:22:26.287705;(17, (254, 128, 0, 0, 0, 0, 0, 0, 253, 255, 255, 255, 255, 255, 0, 7))
2018-04-04 05:22:26.299006;(8, (254, 128, 0, 0, 0, 0, 0, 0, 253, 255, 255, 255, 255, 255, 0, 20))
2018-04-04 05:22:26.357874;(14, (254, 128, 0, 0, 0, 0, 0, 0, 253, 255, 255, 255, 255, 255, 0, 18))
2018-04-04 05:22:26.362771;(4, (0, 0, 0, 0, 0, 0, 0, 0, 0, 0, 0, 0, 0, 0, 0, 0))
2018-04-04 05:22:26.502498;(20, (254, 128, 0, 0, 0, 0, 0, 0, 253, 255, 255, 255, 255, 255, 0, 1))
2018-04-04 05:22:26.506936;(16, (254, 128, 0, 0, 0, 0, 0, 0, 253, 255, 255, 255, 255, 255, 0, 18))
2018-04-04 05:22:26.613942;(6, (254, 128, 0, 0, 0, 0, 0, 0, 253, 255, 255, 255, 255, 255, 0, 5))
2018-04-04 05:22:26.682334;(18, (254, 128, 0, 0, 0, 0, 0, 0, 253, 255, 255, 255, 255, 255, 0, 3))
2018-04-04 05:22:26.727922;(12, (254, 128, 0, 0, 0, 0, 0, 0, 253, 255, 255, 255, 255, 255, 0, 7))
2018-04-04 05:22:26.801352;(13, (0, 0, 0, 0, 0, 0, 0, 0, 0, 0, 0, 0, 0, 0, 0, 0))
2018-04-04 05:22:26.942057;(15, (254, 128, 0, 0, 0, 0, 0, 0, 253, 255, 255, 255, 255, 255, 0, 1))
2018-04-04 05:22:26.955066;(9, (0, 0, 0, 0, 0, 0, 0, 0, 0, 0, 0, 0, 0, 0, 0, 0))
2018-04-04 05:22:27.098789;(3, (254, 128, 0, 0, 0, 0, 0, 0, 253, 255, 255, 255, 255, 255, 0, 22))
2018-04-04 05:22:54.165492;(1, (0, 0, 0, 0, 0, 0, 0, 0, 0, 0, 0, 0, 0, 0, 0, 0))
2018-04-04 05:22:55.402637;(10, (254, 128, 0, 0, 0, 0, 0, 0, 253, 255, 255, 255, 255, 255, 0, 1))
2018-04-04 05:22:55.728492;(23, (254, 128, 0, 0, 0, 0, 0, 0, 253, 255, 255, 255, 255, 255, 0, 18))
2018-04-04 05:22:55.786634;(21, (254, 128, 0, 0, 0, 0, 0, 0, 253, 255, 255, 255, 255, 255, 0, 1))
2018-04-04 05:22:56.119892;(5, (254, 128, 0, 0, 0, 0, 0, 0, 253, 255, 255, 255, 255, 255, 0, 1))
2018-04-04 05:22:56.164402;(22, (254, 128, 0, 0, 0, 0, 0, 0, 253, 255, 255, 255, 255, 255, 0, 10))
2018-04-04 05:22:56.173610;(19, (254, 128, 0, 0, 0, 0, 0, 0, 253, 255, 255, 255, 255, 255, 0, 7))
2018-04-04 05:22:56.264908;(7, (254, 128, 0, 0, 0, 0, 0, 0, 253, 255, 255, 255, 255, 255, 0, 20))
2018-04-04 05:22:56.291321;(17, (254, 128, 0, 0, 0, 0, 0, 0, 253, 255, 255, 255, 255, 255, 0, 7))
2018-04-04 05:22:56.302451;(8, (254, 128, 0, 0, 0, 0, 0, 0, 253, 255, 255, 255, 255, 255, 0, 20))
2018-04-04 05:22:56.361392;(14, (254, 128, 0, 0, 0, 0, 0, 0, 253, 255, 255, 255, 255, 255, 0, 8))
2018-04-04 05:22:56.366593;(4, (0, 0, 0, 0, 0, 0, 0, 0, 0, 0, 0, 0, 0, 0, 0, 0))
2018-04-04 05:22:56.508078;(20, (254, 128, 0, 0, 0, 0, 0, 0, 253, 255, 255, 255, 255, 255, 0, 1))
2018-04-04 05:22:56.510469;(16, (254, 128, 0, 0, 0, 0, 0, 0, 253, 255, 255, 255, 255, 255, 0, 18))
2018-04-04 05:22:56.603034;(11, (254, 128, 0, 0, 0, 0, 0, 0, 253, 255, 255, 255, 255, 255, 0, 12))
2018-04-04 05:22:56.618364;(6, (254, 128, 0, 0, 0, 0, 0, 0, 253, 255, 255, 255, 255, 255, 0, 5))
2018-04-04 05:22:56.685217;(18, (254, 128, 0, 0, 0, 0, 0, 0, 253, 255, 255, 255, 255, 255, 0, 3))
2018-04-04 05:22:56.730702;(12, (254, 128, 0, 0, 0, 0, 0, 0, 253, 255, 255, 255, 255, 255, 0, 7))
2018-04-04 05:22:56.803791;(13, (0, 0, 0, 0, 0, 0, 0, 0, 0, 0, 0, 0, 0, 0, 0, 0))
2018-04-04 05:22:56.945992;(15, (254, 128, 0, 0, 0, 0, 0, 0, 253, 255, 255, 255, 255, 255, 0, 1))
2018-04-04 05:22:56.958437;(9, (0, 0, 0, 0, 0, 0, 0, 0, 0, 0, 0, 0, 0, 0, 0, 0))
2018-04-04 05:22:57.103694;(3, (254, 128, 0, 0, 0, 0, 0, 0, 253, 255, 255, 255, 255, 255, 0, 20))
2018-04-04 05:23:24.169711;(1, (0, 0, 0, 0, 0, 0, 0, 0, 0, 0, 0, 0, 0, 0, 0, 0))
2018-04-04 05:23:25.730452;(23, (254, 128, 0, 0, 0, 0, 0, 0, 253, 255, 255, 255, 255, 255, 0, 18))
2018-04-04 05:23:26.123937;(5, (254, 128, 0, 0, 0, 0, 0, 0, 253, 255, 255, 255, 255, 255, 0, 1))
2018-04-04 05:23:26.169756;(22, (254, 128, 0, 0, 0, 0, 0, 0, 253, 255, 255, 255, 255, 255, 0, 10))
2018-04-04 05:23:26.177649;(19, (254, 128, 0, 0, 0, 0, 0, 0, 253, 255, 255, 255, 255, 255, 0, 7))
2018-04-04 05:23:26.267572;(7, (254, 128, 0, 0, 0, 0, 0, 0, 253, 255, 255, 255, 255, 255, 0, 20))
2018-04-04 05:23:26.294834;(17, (254, 128, 0, 0, 0, 0, 0, 0, 253, 255, 255, 255, 255, 255, 0, 7))
2018-04-04 05:23:26.306006;(8, (254, 128, 0, 0, 0, 0, 0, 0, 253, 255, 255, 255, 255, 255, 0, 20))
2018-04-04 05:23:26.363966;(14, (254, 128, 0, 0, 0, 0, 0, 0, 253, 255, 255, 255, 255, 255, 0, 18))
2018-04-04 05:23:26.370438;(4, (0, 0, 0, 0, 0, 0, 0, 0, 0, 0, 0, 0, 0, 0, 0, 0))
2018-04-04 05:23:26.408137;(10, (254, 128, 0, 0, 0, 0, 0, 0, 253, 255, 255, 255, 255, 255, 0, 1))
2018-04-04 05:23:26.513481;(20, (254, 128, 0, 0, 0, 0, 0, 0, 253, 255, 255, 255, 255, 255, 0, 1))
2018-04-04 05:23:26.514391;(16, (254, 128, 0, 0, 0, 0, 0, 0, 253, 255, 255, 255, 255, 255, 0, 18))
2018-04-04 05:23:26.606890;(11, (254, 128, 0, 0, 0, 0, 0, 0, 253, 255, 255, 255, 255, 255, 0, 12))
2018-04-04 05:23:26.622875;(6, (254, 128, 0, 0, 0, 0, 0, 0, 253, 255, 255, 255, 255, 255, 0, 5))
2018-04-04 05:23:26.689281;(18, (254, 128, 0, 0, 0, 0, 0, 0, 253, 255, 255, 255, 255, 255, 0, 3))
2018-04-04 05:23:26.733552;(12, (254, 128, 0, 0, 0, 0, 0, 0, 253, 255, 255, 255, 255, 255, 0, 16))
2018-04-04 05:23:26.789722;(21, (254, 128, 0, 0, 0, 0, 0, 0, 253, 255, 255, 255, 255, 255, 0, 1))
2018-04-04 05:23:26.807407;(13, (0, 0, 0, 0, 0, 0, 0, 0, 0, 0, 0, 0, 0, 0, 0, 0))
2018-04-04 05:23:26.950030;(15, (254, 128, 0, 0, 0, 0, 0, 0, 253, 255, 255, 255, 255, 255, 0, 1))
2018-04-04 05:23:26.961461;(9, (0, 0, 0, 0, 0, 0, 0, 0, 0, 0, 0, 0, 0, 0, 0, 0))
2018-04-04 05:23:27.107116;(3, (254, 128, 0, 0, 0, 0, 0, 0, 253, 255, 255, 255, 255, 255, 0, 20))
2018-04-04 05:23:54.183860;(1, (0, 0, 0, 0, 0, 0, 0, 0, 0, 0, 0, 0, 0, 0, 0, 0))
2018-04-04 05:23:56.127823;(5, (254, 128, 0, 0, 0, 0, 0, 0, 253, 255, 255, 255, 255, 255, 0, 1))
2018-04-04 05:23:56.187047;(19, (254, 128, 0, 0, 0, 0, 0, 0, 253, 255, 255, 255, 255, 255, 0, 7))
2018-04-04 05:23:56.270710;(7, (254, 128, 0, 0, 0, 0, 0, 0, 253, 255, 255, 255, 255, 255, 0, 20))
2018-04-04 05:23:56.411956;(10, (254, 128, 0, 0, 0, 0, 0, 0, 253, 255, 255, 255, 255, 255, 0, 1))
2018-04-04 05:23:56.520196;(16, (254, 128, 0, 0, 0, 0, 0, 0, 253, 255, 255, 255, 255, 255, 0, 12))
2018-04-04 05:23:56.611077;(11, (254, 128, 0, 0, 0, 0, 0, 0, 253, 255, 255, 255, 255, 255, 0, 16))
2018-04-04 05:23:56.626428;(6, (254, 128, 0, 0, 0, 0, 0, 0, 253, 255, 255, 255, 255, 255, 0, 5))
2018-04-04 05:23:56.732421;(23, (254, 128, 0, 0, 0, 0, 0, 0, 253, 255, 255, 255, 255, 255, 0, 10))
2018-04-04 05:23:56.793309;(21, (254, 128, 0, 0, 0, 0, 0, 0, 253, 255, 255, 255, 255, 255, 0, 1))
2018-04-04 05:23:56.954831;(15, (254, 128, 0, 0, 0, 0, 0, 0, 253, 255, 255, 255, 255, 255, 0, 21))
2018-04-04 05:23:57.177345;(22, (254, 128, 0, 0, 0, 0, 0, 0, 253, 255, 255, 255, 255, 255, 0, 10))
2018-04-04 05:23:57.297670;(17, (254, 128, 0, 0, 0, 0, 0, 0, 253, 255, 255, 255, 255, 255, 0, 7))
2018-04-04 05:23:57.309433;(8, (254, 128, 0, 0, 0, 0, 0, 0, 253, 255, 255, 255, 255, 255, 0, 20))
2018-04-04 05:23:57.370335;(14, (254, 128, 0, 0, 0, 0, 0, 0, 253, 255, 255, 255, 255, 255, 0, 19))
2018-04-04 05:23:57.373775;(4, (0, 0, 0, 0, 0, 0, 0, 0, 0, 0, 0, 0, 0, 0, 0, 0))
2018-04-04 05:23:57.519158;(20, (254, 128, 0, 0, 0, 0, 0, 0, 253, 255, 255, 255, 255, 255, 0, 1))
2018-04-04 05:23:57.692433;(18, (254, 128, 0, 0, 0, 0, 0, 0, 253, 255, 255, 255, 255, 255, 0, 3))
2018-04-04 05:23:57.736485;(12, (254, 128, 0, 0, 0, 0, 0, 0, 253, 255, 255, 255, 255, 255, 0, 7))
2018-04-04 05:23:57.809619;(13, (0, 0, 0, 0, 0, 0, 0, 0, 0, 0, 0, 0, 0, 0, 0, 0))
2018-04-04 05:23:57.963515;(9, (0, 0, 0, 0, 0, 0, 0, 0, 0, 0, 0, 0, 0, 0, 0, 0))
2018-04-04 05:23:58.110803;(3, (254, 128, 0, 0, 0, 0, 0, 0, 253, 255, 255, 255, 255, 255, 0, 20))
2018-04-04 05:24:24.186340;(1, (0, 0, 0, 0, 0, 0, 0, 0, 0, 0, 0, 0, 0, 0, 0, 0))
2018-04-04 05:24:26.416225;(10, (254, 128, 0, 0, 0, 0, 0, 0, 253, 255, 255, 255, 255, 255, 0, 1))
2018-04-04 05:24:26.614516;(11, (254, 128, 0, 0, 0, 0, 0, 0, 253, 255, 255, 255, 255, 255, 0, 8))
2018-04-04 05:24:26.734620;(23, (254, 128, 0, 0, 0, 0, 0, 0, 253, 255, 255, 255, 255, 255, 0, 10))
2018-04-04 05:24:26.796124;(21, (254, 128, 0, 0, 0, 0, 0, 0, 253, 255, 255, 255, 255, 255, 0, 1))
2018-04-04 05:24:27.131484;(5, (254, 128, 0, 0, 0, 0, 0, 0, 253, 255, 255, 255, 255, 255, 0, 1))
2018-04-04 05:24:27.180024;(22, (254, 128, 0, 0, 0, 0, 0, 0, 253, 255, 255, 255, 255, 255, 0, 10))
2018-04-04 05:24:27.191701;(19, (254, 128, 0, 0, 0, 0, 0, 0, 253, 255, 255, 255, 255, 255, 0, 3))
2018-04-04 05:24:27.274281;(7, (254, 128, 0, 0, 0, 0, 0, 0, 253, 255, 255, 255, 255, 255, 0, 20))
2018-04-04 05:24:27.300212;(17, (254, 128, 0, 0, 0, 0, 0, 0, 253, 255, 255, 255, 255, 255, 0, 7))
2018-04-04 05:24:27.311960;(8, (254, 128, 0, 0, 0, 0, 0, 0, 253, 255, 255, 255, 255, 255, 0, 20))
2018-04-04 05:24:27.373586;(14, (254, 128, 0, 0, 0, 0, 0, 0, 253, 255, 255, 255, 255, 255, 0, 8))
2018-04-04 05:24:27.375718;(4, (0, 0, 0, 0, 0, 0, 0, 0, 0, 0, 0, 0, 0, 0, 0, 0))
2018-04-04 05:24:27.523808;(16, (254, 128, 0, 0, 0, 0, 0, 0, 253, 255, 255, 255, 255, 255, 0, 18))
2018-04-04 05:24:27.525642;(20, (254, 128, 0, 0, 0, 0, 0, 0, 253, 255, 255, 255, 255, 255, 0, 1))
2018-04-04 05:24:27.631090;(6, (254, 128, 0, 0, 0, 0, 0, 0, 253, 255, 255, 255, 255, 255, 0, 5))
2018-04-04 05:24:27.695084;(18, (254, 128, 0, 0, 0, 0, 0, 0, 253, 255, 255, 255, 255, 255, 0, 3))
2018-04-04 05:24:27.738896;(12, (254, 128, 0, 0, 0, 0, 0, 0, 253, 255, 255, 255, 255, 255, 0, 7))
2018-04-04 05:24:27.811475;(13, (0, 0, 0, 0, 0, 0, 0, 0, 0, 0, 0, 0, 0, 0, 0, 0))
2018-04-04 05:24:27.959093;(15, (254, 128, 0, 0, 0, 0, 0, 0, 253, 255, 255, 255, 255, 255, 0, 1))
2018-04-04 05:24:27.966465;(9, (0, 0, 0, 0, 0, 0, 0, 0, 0, 0, 0, 0, 0, 0, 0, 0))
2018-04-04 05:24:28.113973;(3, (254, 128, 0, 0, 0, 0, 0, 0, 253, 255, 255, 255, 255, 255, 0, 22))
2018-04-04 05:24:54.188137;(1, (0, 0, 0, 0, 0, 0, 0, 0, 0, 0, 0, 0, 0, 0, 0, 0))
2018-04-04 05:24:56.422507;(10, (254, 128, 0, 0, 0, 0, 0, 0, 253, 255, 255, 255, 255, 255, 0, 1))
2018-04-04 05:24:56.617994;(11, (254, 128, 0, 0, 0, 0, 0, 0, 253, 255, 255, 255, 255, 255, 0, 8))
2018-04-04 05:24:56.736433;(23, (254, 128, 0, 0, 0, 0, 0, 0, 253, 255, 255, 255, 255, 255, 0, 10))
2018-04-04 05:24:56.799367;(21, (254, 128, 0, 0, 0, 0, 0, 0, 253, 255, 255, 255, 255, 255, 0, 1))
2018-04-04 05:24:57.135220;(5, (254, 128, 0, 0, 0, 0, 0, 0, 253, 255, 255, 255, 255, 255, 0, 1))
2018-04-04 05:24:57.183985;(22, (254, 128, 0, 0, 0, 0, 0, 0, 253, 255, 255, 255, 255, 255, 0, 10))
2018-04-04 05:24:57.195404;(19, (254, 128, 0, 0, 0, 0, 0, 0, 253, 255, 255, 255, 255, 255, 0, 3))
2018-04-04 05:24:57.282241;(7, (254, 128, 0, 0, 0, 0, 0, 0, 253, 255, 255, 255, 255, 255, 0, 20))
2018-04-04 05:24:57.302990;(17, (254, 128, 0, 0, 0, 0, 0, 0, 253, 255, 255, 255, 255, 255, 0, 7))
2018-04-04 05:24:57.316116;(8, (254, 128, 0, 0, 0, 0, 0, 0, 253, 255, 255, 255, 255, 255, 0, 20))
2018-04-04 05:24:57.377430;(14, (254, 128, 0, 0, 0, 0, 0, 0, 253, 255, 255, 255, 255, 255, 0, 8))
2018-04-04 05:24:57.379529;(4, (254, 128, 0, 0, 0, 0, 0, 0, 253, 255, 255, 255, 255, 255, 0, 13))
2018-04-04 05:24:57.527554;(16, (254, 128, 0, 0, 0, 0, 0, 0, 253, 255, 255, 255, 255, 255, 0, 18))
2018-04-04 05:24:57.529182;(20, (254, 128, 0, 0, 0, 0, 0, 0, 253, 255, 255, 255, 255, 255, 0, 1))
2018-04-04 05:24:57.636194;(6, (254, 128, 0, 0, 0, 0, 0, 0, 253, 255, 255, 255, 255, 255, 0, 5))
2018-04-04 05:24:57.698587;(18, (254, 128, 0, 0, 0, 0, 0, 0, 253, 255, 255, 255, 255, 255, 0, 3))
2018-04-04 05:24:57.741890;(12, (254, 128, 0, 0, 0, 0, 0, 0, 253, 255, 255, 255, 255, 255, 0, 7))
2018-04-04 05:24:57.816899;(13, (254, 128, 0, 0, 0, 0, 0, 0, 253, 255, 255, 255, 255, 255, 0, 5))
2018-04-04 05:24:57.962391;(15, (254, 128, 0, 0, 0, 0, 0, 0, 253, 255, 255, 255, 255, 255, 0, 1))
2018-04-04 05:24:57.970175;(9, (254, 128, 0, 0, 0, 0, 0, 0, 253, 255, 255, 255, 255, 255, 0, 13))
2018-04-04 05:24:58.119824;(3, (254, 128, 0, 0, 0, 0, 0, 0, 253, 255, 255, 255, 255, 255, 0, 22))
2018-04-04 05:25:25.195351;(1, (0, 0, 0, 0, 0, 0, 0, 0, 0, 0, 0, 0, 0, 0, 0, 0))
2018-04-04 05:25:26.426662;(10, (254, 128, 0, 0, 0, 0, 0, 0, 253, 255, 255, 255, 255, 255, 0, 1))
2018-04-04 05:25:26.622006;(11, (254, 128, 0, 0, 0, 0, 0, 0, 253, 255, 255, 255, 255, 255, 0, 8))
2018-04-04 05:25:26.738748;(23, (254, 128, 0, 0, 0, 0, 0, 0, 253, 255, 255, 255, 255, 255, 0, 10))
2018-04-04 05:25:26.802882;(21, (254, 128, 0, 0, 0, 0, 0, 0, 253, 255, 255, 255, 255, 255, 0, 1))
2018-04-04 05:25:27.138697;(5, (254, 128, 0, 0, 0, 0, 0, 0, 253, 255, 255, 255, 255, 255, 0, 21))
2018-04-04 05:25:27.189298;(22, (254, 128, 0, 0, 0, 0, 0, 0, 253, 255, 255, 255, 255, 255, 0, 10))
2018-04-04 05:25:27.199528;(19, (254, 128, 0, 0, 0, 0, 0, 0, 253, 255, 255, 255, 255, 255, 0, 3))
2018-04-04 05:25:27.288019;(7, (254, 128, 0, 0, 0, 0, 0, 0, 253, 255, 255, 255, 255, 255, 0, 20))
2018-04-04 05:25:27.306639;(17, (254, 128, 0, 0, 0, 0, 0, 0, 253, 255, 255, 255, 255, 255, 0, 7))
2018-04-04 05:25:27.319351;(8, (254, 128, 0, 0, 0, 0, 0, 0, 253, 255, 255, 255, 255, 255, 0, 3))
2018-04-04 05:25:27.382181;(14, (254, 128, 0, 0, 0, 0, 0, 0, 253, 255, 255, 255, 255, 255, 0, 18))
2018-04-04 05:25:27.385607;(4, (254, 128, 0, 0, 0, 0, 0, 0, 253, 255, 255, 255, 255, 255, 0, 21))
2018-04-04 05:25:27.531864;(16, (254, 128, 0, 0, 0, 0, 0, 0, 253, 255, 255, 255, 255, 255, 0, 18))
2018-04-04 05:25:27.533360;(20, (254, 128, 0, 0, 0, 0, 0, 0, 253, 255, 255, 255, 255, 255, 0, 22))
2018-04-04 05:25:27.640841;(6, (254, 128, 0, 0, 0, 0, 0, 0, 253, 255, 255, 255, 255, 255, 0, 5))
2018-04-04 05:25:27.702436;(18, (254, 128, 0, 0, 0, 0, 0, 0, 253, 255, 255, 255, 255, 255, 0, 23))
2018-04-04 05:25:27.745142;(12, (254, 128, 0, 0, 0, 0, 0, 0, 253, 255, 255, 255, 255, 255, 0, 14))
2018-04-04 05:25:27.820295;(13, (254, 128, 0, 0, 0, 0, 0, 0, 253, 255, 255, 255, 255, 255, 0, 5))
2018-04-04 05:25:27.967281;(15, (254, 128, 0, 0, 0, 0, 0, 0, 253, 255, 255, 255, 255, 255, 0, 1))
2018-04-04 05:25:27.974042;(9, (254, 128, 0, 0, 0, 0, 0, 0, 253, 255, 255, 255, 255, 255, 0, 13))
2018-04-04 05:25:28.123681;(3, (254, 128, 0, 0, 0, 0, 0, 0, 253, 255, 255, 255, 255, 255, 0, 22))
2018-04-04 05:25:55.198470;(1, (0, 0, 0, 0, 0, 0, 0, 0, 0, 0, 0, 0, 0, 0, 0, 0))
2018-04-04 05:25:56.432101;(10, (254, 128, 0, 0, 0, 0, 0, 0, 253, 255, 255, 255, 255, 255, 0, 1))
2018-04-04 05:25:56.741754;(23, (254, 128, 0, 0, 0, 0, 0, 0, 253, 255, 255, 255, 255, 255, 0, 10))
2018-04-04 05:25:56.807128;(21, (254, 128, 0, 0, 0, 0, 0, 0, 253, 255, 255, 255, 255, 255, 0, 1))
2018-04-04 05:25:57.142251;(5, (254, 128, 0, 0, 0, 0, 0, 0, 253, 255, 255, 255, 255, 255, 0, 21))
2018-04-04 05:25:57.191961;(22, (254, 128, 0, 0, 0, 0, 0, 0, 253, 255, 255, 255, 255, 255, 0, 10))
2018-04-04 05:25:57.203444;(19, (254, 128, 0, 0, 0, 0, 0, 0, 253, 255, 255, 255, 255, 255, 0, 3))
2018-04-04 05:25:57.298449;(7, (254, 128, 0, 0, 0, 0, 0, 0, 253, 255, 255, 255, 255, 255, 0, 20))
2018-04-04 05:25:57.309695;(17, (254, 128, 0, 0, 0, 0, 0, 0, 253, 255, 255, 255, 255, 255, 0, 7))
2018-04-04 05:25:57.389366;(4, (254, 128, 0, 0, 0, 0, 0, 0, 253, 255, 255, 255, 255, 255, 0, 21))
2018-04-04 05:25:57.535244;(16, (254, 128, 0, 0, 0, 0, 0, 0, 253, 255, 255, 255, 255, 255, 0, 18))
2018-04-04 05:25:57.536068;(20, (254, 128, 0, 0, 0, 0, 0, 0, 253, 255, 255, 255, 255, 255, 0, 22))
2018-04-04 05:25:57.626055;(11, (254, 128, 0, 0, 0, 0, 0, 0, 253, 255, 255, 255, 255, 255, 0, 16))
2018-04-04 05:25:57.645116;(6, (254, 128, 0, 0, 0, 0, 0, 0, 253, 255, 255, 255, 255, 255, 0, 23))
2018-04-04 05:25:57.707092;(18, (254, 128, 0, 0, 0, 0, 0, 0, 253, 255, 255, 255, 255, 255, 0, 23))
2018-04-04 05:25:57.748707;(12, (254, 128, 0, 0, 0, 0, 0, 0, 253, 255, 255, 255, 255, 255, 0, 16))
2018-04-04 05:25:57.823605;(13, (254, 128, 0, 0, 0, 0, 0, 0, 253, 255, 255, 255, 255, 255, 0, 9))
2018-04-04 05:25:57.972639;(15, (254, 128, 0, 0, 0, 0, 0, 0, 253, 255, 255, 255, 255, 255, 0, 1))
2018-04-04 05:25:57.979739;(9, (254, 128, 0, 0, 0, 0, 0, 0, 253, 255, 255, 255, 255, 255, 0, 13))
2018-04-04 05:25:58.129431;(3, (254, 128, 0, 0, 0, 0, 0, 0, 253, 255, 255, 255, 255, 255, 0, 22))
2018-04-04 05:25:58.323684;(8, (254, 128, 0, 0, 0, 0, 0, 0, 253, 255, 255, 255, 255, 255, 0, 20))
2018-04-04 05:25:58.386683;(14, (254, 128, 0, 0, 0, 0, 0, 0, 253, 255, 255, 255, 255, 255, 0, 18))
2018-04-04 05:26:25.201496;(1, (0, 0, 0, 0, 0, 0, 0, 0, 0, 0, 0, 0, 0, 0, 0, 0))
2018-04-04 05:26:26.744586;(23, (254, 128, 0, 0, 0, 0, 0, 0, 253, 255, 255, 255, 255, 255, 0, 10))
2018-04-04 05:26:27.146634;(5, (254, 128, 0, 0, 0, 0, 0, 0, 253, 255, 255, 255, 255, 255, 0, 21))
2018-04-04 05:26:27.207240;(19, (254, 128, 0, 0, 0, 0, 0, 0, 253, 255, 255, 255, 255, 255, 0, 3))
2018-04-04 05:26:27.437124;(10, (254, 128, 0, 0, 0, 0, 0, 0, 253, 255, 255, 255, 255, 255, 0, 1))
2018-04-04 05:26:27.629931;(11, (254, 128, 0, 0, 0, 0, 0, 0, 253, 255, 255, 255, 255, 255, 0, 8))
2018-04-04 05:26:27.647974;(6, (254, 128, 0, 0, 0, 0, 0, 0, 253, 255, 255, 255, 255, 255, 0, 23))
2018-04-04 05:26:27.810852;(21, (254, 128, 0, 0, 0, 0, 0, 0, 253, 255, 255, 255, 255, 255, 0, 1))
2018-04-04 05:26:28.196063;(22, (254, 128, 0, 0, 0, 0, 0, 0, 253, 255, 255, 255, 255, 255, 0, 10))
2018-04-04 05:26:28.302892;(7, (254, 128, 0, 0, 0, 0, 0, 0, 253, 255, 255, 255, 255, 255, 0, 19))
2018-04-04 05:26:28.313238;(17, (254, 128, 0, 0, 0, 0, 0, 0, 253, 255, 255, 255, 255, 255, 0, 7))
2018-04-04 05:26:28.326050;(8, (254, 128, 0, 0, 0, 0, 0, 0, 253, 255, 255, 255, 255, 255, 0, 20))
2018-04-04 05:26:28.391877;(14, (254, 128, 0, 0, 0, 0, 0, 0, 253, 255, 255, 255, 255, 255, 0, 18))
2018-04-04 05:26:28.393949;(4, (254, 128, 0, 0, 0, 0, 0, 0, 253, 255, 255, 255, 255, 255, 0, 21))
2018-04-04 05:26:28.539278;(16, (254, 128, 0, 0, 0, 0, 0, 0, 253, 255, 255, 255, 255, 255, 0, 18))
2018-04-04 05:26:28.541230;(20, (254, 128, 0, 0, 0, 0, 0, 0, 253, 255, 255, 255, 255, 255, 0, 22))
2018-04-04 05:26:28.710975;(18, (254, 128, 0, 0, 0, 0, 0, 0, 253, 255, 255, 255, 255, 255, 0, 23))
2018-04-04 05:26:28.751333;(12, (254, 128, 0, 0, 0, 0, 0, 0, 253, 255, 255, 255, 255, 255, 0, 16))
2018-04-04 05:26:28.826646;(13, (254, 128, 0, 0, 0, 0, 0, 0, 253, 255, 255, 255, 255, 255, 0, 4))
2018-04-04 05:26:28.976488;(15, (254, 128, 0, 0, 0, 0, 0, 0, 253, 255, 255, 255, 255, 255, 0, 1))
2018-04-04 05:26:28.982936;(9, (254, 128, 0, 0, 0, 0, 0, 0, 253, 255, 255, 255, 255, 255, 0, 13))
2018-04-04 05:26:29.133487;(3, (254, 128, 0, 0, 0, 0, 0, 0, 253, 255, 255, 255, 255, 255, 0, 22))
