2018-04-15 12:03:43.391149;(16, (71, 43, 0, 0, 0, 0, 0, 0, 0, 0))
2018-04-15 12:03:43.433691;(19, (50, 36, 0, 0, 0, 0, 0, 0, 0, 0))
2018-04-15 12:03:43.454992;(6, (175, 106, 0, 0, 0, 0, 0, 0, 0, 0))
2018-04-15 12:03:43.484072;(12, (102, 55, 0, 0, 0, 0, 0, 0, 0, 0))
2018-04-15 12:03:43.525035;(18, (48, 47, 0, 0, 0, 0, 0, 0, 0, 0))
2018-04-15 12:03:43.536043;(1, (191, 27, 0, 0, 0, 0, 0, 0, 0, 0))
2018-04-15 12:03:43.546267;(2, (69, 45, 0, 0, 0, 0, 0, 0, 0, 0))
2018-04-15 12:03:43.621863;(17, (79, 33, 0, 0, 0, 0, 0, 0, 0, 0))
2018-04-15 12:03:43.652114;(10, (54, 37, 0, 0, 0, 0, 0, 0, 0, 0))
2018-04-15 12:03:43.728480;(4, (76, 42, 0, 0, 0, 0, 0, 0, 0, 0))
2018-04-15 12:03:43.752573;(3, (93, 44, 0, 0, 0, 0, 0, 0, 0, 0))
2018-04-15 12:03:43.835609;(8, (79, 35, 0, 0, 0, 0, 0, 0, 0, 0))
2018-04-15 12:03:43.854885;(26, (91, 41, 0, 0, 0, 0, 0, 0, 0, 0))
2018-04-15 12:03:43.939490;(24, (60, 49, 0, 0, 0, 0, 0, 0, 0, 0))
2018-04-15 12:03:43.946090;(9, (67, 42, 0, 0, 0, 0, 0, 0, 0, 0))
2018-04-15 12:03:44.019086;(5, (104, 57, 0, 0, 0, 0, 0, 0, 0, 0))
2018-04-15 12:03:44.040016;(13, (75, 41, 0, 0, 0, 0, 0, 0, 0, 0))
2018-04-15 12:03:44.115472;(21, (87, 36, 0, 0, 0, 0, 0, 0, 0, 0))
2018-04-15 12:03:44.146292;(25, (65, 49, 0, 0, 0, 0, 0, 0, 0, 0))
2018-04-15 12:03:44.151596;(7, (68, 33, 0, 0, 0, 0, 0, 0, 0, 0))
2018-04-15 12:03:44.204778;(20, (109, 59, 0, 0, 0, 0, 0, 0, 0, 0))
2018-04-15 12:03:44.238342;(11, (62, 40, 0, 0, 0, 0, 0, 0, 0, 0))
2018-04-15 12:03:44.238699;(23, (81, 38, 0, 0, 0, 0, 0, 0, 0, 0))
2018-04-15 12:03:44.298764;(14, (59, 35, 0, 0, 0, 0, 0, 0, 0, 0))
2018-04-15 12:03:44.328550;(15, (152, 81, 0, 0, 0, 0, 0, 0, 0, 0))
2018-04-15 12:03:44.348278;(22, (111, 50, 0, 0, 0, 0, 0, 0, 0, 0))
2018-04-15 12:04:43.407821;(16, (86, 53, 0, 0, 0, 0, 0, 0, 0, 0))
2018-04-15 12:04:43.451122;(19, (64, 48, 0, 0, 0, 0, 0, 0, 0, 0))
2018-04-15 12:04:43.471514;(6, (198, 118, 0, 0, 0, 0, 0, 0, 0, 0))
2018-04-15 12:04:43.500869;(12, (124, 71, 0, 0, 0, 0, 0, 0, 0, 0))
2018-04-15 12:04:43.542023;(18, (61, 64, 0, 0, 0, 0, 0, 0, 0, 0))
2018-04-15 12:04:43.553057;(1, (218, 38, 0, 0, 0, 0, 0, 0, 0, 0))
2018-04-15 12:04:43.563421;(2, (84, 58, 0, 0, 0, 0, 0, 0, 0, 0))
2018-04-15 12:04:43.638871;(17, (97, 44, 0, 0, 0, 0, 0, 0, 0, 0))
2018-04-15 12:04:43.668661;(10, (73, 49, 0, 0, 0, 0, 0, 0, 0, 0))
2018-04-15 12:04:43.745154;(4, (95, 53, 0, 0, 0, 0, 0, 0, 0, 0))
2018-04-15 12:04:43.769827;(3, (110, 56, 0, 0, 0, 0, 0, 0, 0, 0))
2018-04-15 12:04:43.852499;(8, (94, 46, 0, 0, 0, 0, 0, 0, 0, 0))
2018-04-15 12:04:43.871866;(26, (118, 52, 0, 0, 0, 0, 0, 0, 0, 0))
2018-04-15 12:04:43.956642;(24, (77, 62, 0, 0, 0, 0, 0, 0, 0, 0))
2018-04-15 12:04:43.964199;(9, (83, 53, 0, 0, 0, 0, 0, 0, 0, 0))
2018-04-15 12:04:44.036884;(5, (131, 69, 0, 0, 0, 0, 0, 0, 0, 0))
2018-04-15 12:04:44.056065;(13, (90, 53, 0, 0, 0, 0, 0, 0, 0, 0))
2018-04-15 12:04:44.132615;(21, (105, 48, 0, 0, 0, 0, 0, 0, 0, 0))
2018-04-15 12:04:44.162849;(25, (80, 61, 0, 0, 0, 0, 0, 0, 0, 0))
2018-04-15 12:04:44.168597;(7, (86, 45, 0, 0, 0, 0, 0, 0, 0, 0))
2018-04-15 12:04:44.220917;(20, (129, 70, 0, 0, 0, 0, 0, 0, 0, 0))
2018-04-15 12:04:44.253654;(11, (78, 53, 0, 0, 0, 0, 0, 0, 0, 0))
2018-04-15 12:04:44.254775;(23, (99, 50, 0, 0, 0, 0, 0, 0, 0, 0))
2018-04-15 12:04:44.315184;(14, (75, 47, 0, 0, 0, 0, 0, 0, 0, 0))
2018-04-15 12:04:44.344973;(15, (172, 93, 0, 0, 0, 0, 0, 0, 0, 0))
2018-04-15 12:04:44.364560;(22, (131, 62, 0, 0, 0, 0, 0, 0, 0, 0))
2018-04-15 12:05:43.424877;(16, (100, 68, 0, 0, 0, 0, 0, 0, 0, 0))
2018-04-15 12:05:43.467906;(19, (79, 62, 0, 0, 0, 0, 0, 0, 0, 0))
2018-04-15 12:05:43.488108;(6, (215, 132, 0, 0, 0, 0, 0, 0, 0, 0))
2018-04-15 12:05:43.517675;(12, (141, 86, 0, 0, 0, 0, 0, 0, 0, 0))
2018-04-15 12:05:43.559973;(18, (75, 81, 0, 0, 0, 0, 0, 0, 0, 0))
2018-04-15 12:05:43.569986;(1, (233, 52, 0, 0, 0, 0, 0, 0, 0, 0))
2018-04-15 12:05:43.580564;(2, (99, 73, 0, 0, 0, 0, 0, 0, 0, 0))
2018-04-15 12:05:43.656415;(17, (112, 58, 0, 0, 0, 0, 0, 0, 0, 0))
2018-04-15 12:05:43.685235;(10, (90, 64, 0, 0, 0, 0, 0, 0, 0, 0))
2018-04-15 12:05:43.762278;(4, (110, 67, 0, 0, 0, 0, 0, 0, 0, 0))
2018-04-15 12:05:43.787337;(3, (125, 70, 0, 0, 0, 0, 0, 0, 0, 0))
2018-04-15 12:05:43.869953;(8, (109, 60, 0, 0, 0, 0, 0, 0, 0, 0))
2018-04-15 12:05:43.888625;(26, (136, 66, 0, 0, 0, 0, 0, 0, 0, 0))
2018-04-15 12:05:43.973898;(24, (91, 77, 0, 0, 0, 0, 0, 0, 0, 0))
2018-04-15 12:05:43.982065;(9, (97, 67, 0, 0, 0, 0, 0, 0, 0, 0))
2018-04-15 12:05:44.054763;(5, (148, 83, 0, 0, 0, 0, 0, 0, 0, 0))
2018-04-15 12:05:44.076220;(13, (104, 67, 0, 0, 0, 0, 0, 0, 0, 0))
2018-04-15 12:05:44.151094;(21, (120, 62, 0, 0, 0, 0, 0, 0, 0, 0))
2018-04-15 12:05:44.179521;(25, (95, 75, 0, 0, 0, 0, 0, 0, 0, 0))
2018-04-15 12:05:44.186709;(7, (101, 59, 0, 0, 0, 0, 0, 0, 0, 0))
2018-04-15 12:05:44.237234;(20, (144, 84, 0, 0, 0, 0, 0, 0, 0, 0))
2018-04-15 12:05:44.271844;(11, (94, 68, 0, 0, 0, 0, 0, 0, 0, 0))
2018-04-15 12:05:44.272623;(23, (113, 64, 0, 0, 0, 0, 0, 0, 0, 0))
2018-04-15 12:05:44.331292;(14, (90, 61, 0, 0, 0, 0, 0, 0, 0, 0))
2018-04-15 12:05:44.360991;(15, (187, 107, 0, 0, 0, 0, 0, 0, 0, 0))
2018-04-15 12:05:44.382256;(22, (147, 76, 0, 0, 0, 0, 0, 0, 0, 0))
2018-04-15 12:06:43.440909;(16, (119, 83, 0, 0, 0, 0, 0, 0, 0, 0))
2018-04-15 12:06:43.484380;(19, (97, 77, 0, 0, 0, 0, 0, 0, 0, 0))
2018-04-15 12:06:43.505676;(6, (245, 157, 0, 0, 0, 0, 0, 0, 0, 0))
2018-04-15 12:06:43.534294;(12, (163, 103, 0, 0, 0, 0, 0, 0, 0, 0))
2018-04-15 12:06:43.576645;(18, (93, 96, 0, 0, 0, 0, 0, 0, 0, 0))
2018-04-15 12:06:43.586730;(1, (264, 67, 0, 0, 0, 0, 0, 0, 0, 0))
2018-04-15 12:06:43.597229;(2, (117, 87, 0, 0, 0, 0, 0, 0, 0, 0))
2018-04-15 12:06:43.673265;(17, (132, 74, 0, 0, 0, 0, 0, 0, 0, 0))
2018-04-15 12:06:43.702406;(10, (110, 80, 0, 0, 0, 0, 0, 0, 0, 0))
2018-04-15 12:06:43.778932;(4, (129, 82, 0, 0, 0, 0, 0, 0, 0, 0))
2018-04-15 12:06:43.803965;(3, (146, 86, 0, 0, 0, 0, 0, 0, 0, 0))
2018-04-15 12:06:43.886697;(8, (127, 76, 0, 0, 0, 0, 0, 0, 0, 0))
2018-04-15 12:06:43.905178;(26, (154, 85, 0, 0, 0, 0, 0, 0, 0, 0))
2018-04-15 12:06:43.991028;(24, (110, 91, 0, 0, 0, 0, 0, 0, 0, 0))
2018-04-15 12:06:43.999577;(9, (116, 83, 0, 0, 0, 0, 0, 0, 0, 0))
2018-04-15 12:06:44.071385;(5, (169, 98, 0, 0, 0, 0, 0, 0, 0, 0))
2018-04-15 12:06:44.093876;(13, (122, 82, 0, 0, 0, 0, 0, 0, 0, 0))
2018-04-15 12:06:44.167839;(21, (139, 77, 0, 0, 0, 0, 0, 0, 0, 0))
2018-04-15 12:06:44.198447;(25, (113, 89, 0, 0, 0, 0, 0, 0, 0, 0))
2018-04-15 12:06:44.203570;(7, (120, 75, 0, 0, 0, 0, 0, 0, 0, 0))
2018-04-15 12:06:44.253272;(20, (167, 102, 0, 0, 0, 0, 0, 0, 0, 0))
2018-04-15 12:06:44.290519;(11, (112, 84, 0, 0, 0, 0, 0, 0, 0, 0))
2018-04-15 12:06:44.291060;(23, (134, 78, 0, 0, 0, 0, 0, 0, 0, 0))
2018-04-15 12:06:44.348141;(14, (108, 77, 0, 0, 0, 0, 0, 0, 0, 0))
2018-04-15 12:06:44.377851;(15, (214, 129, 0, 0, 0, 0, 0, 0, 0, 0))
2018-04-15 12:06:44.398786;(22, (167, 90, 0, 0, 0, 0, 0, 0, 0, 0))
2018-04-15 12:07:43.457560;(16, (134, 97, 0, 0, 0, 0, 0, 0, 0, 0))
2018-04-15 12:07:43.501430;(19, (111, 91, 0, 0, 0, 0, 0, 0, 0, 0))
2018-04-15 12:07:43.523056;(6, (267, 176, 0, 0, 0, 0, 0, 0, 0, 0))
2018-04-15 12:07:43.551275;(12, (179, 118, 0, 0, 0, 0, 0, 0, 0, 0))
2018-04-15 12:07:43.592890;(18, (110, 116, 0, 0, 0, 0, 0, 0, 0, 0))
2018-04-15 12:07:43.603733;(1, (287, 81, 0, 0, 0, 0, 0, 0, 0, 0))
2018-04-15 12:07:43.614897;(2, (132, 102, 0, 0, 0, 0, 0, 0, 0, 0))
2018-04-15 12:07:43.691302;(17, (148, 88, 0, 0, 0, 0, 0, 0, 0, 0))
2018-04-15 12:07:43.720594;(10, (132, 95, 0, 0, 0, 0, 0, 0, 0, 0))
2018-04-15 12:07:43.796073;(4, (153, 98, 0, 0, 0, 0, 0, 0, 0, 0))
2018-04-15 12:07:43.822008;(3, (161, 100, 0, 0, 0, 0, 0, 0, 0, 0))
2018-04-15 12:07:43.903894;(8, (143, 90, 0, 0, 0, 0, 0, 0, 0, 0))
2018-04-15 12:07:43.922261;(26, (178, 101, 0, 0, 0, 0, 0, 0, 0, 0))
2018-04-15 12:07:44.008549;(24, (132, 107, 0, 0, 0, 0, 0, 0, 0, 0))
2018-04-15 12:07:44.017264;(9, (135, 97, 0, 0, 0, 0, 0, 0, 0, 0))
2018-04-15 12:07:44.089276;(5, (196, 116, 0, 0, 0, 0, 0, 0, 0, 0))
2018-04-15 12:07:44.110410;(13, (138, 97, 0, 0, 0, 0, 0, 0, 0, 0))
2018-04-15 12:07:44.186107;(21, (156, 91, 0, 0, 0, 0, 0, 0, 0, 0))
2018-04-15 12:07:44.215423;(25, (131, 105, 0, 0, 0, 0, 0, 0, 0, 0))
2018-04-15 12:07:44.220469;(7, (135, 89, 0, 0, 0, 0, 0, 0, 0, 0))
2018-04-15 12:07:44.273542;(20, (190, 118, 0, 0, 0, 0, 0, 0, 0, 0))
2018-04-15 12:07:44.311093;(23, (149, 93, 0, 0, 0, 0, 0, 0, 0, 0))
2018-04-15 12:07:44.311927;(11, (128, 99, 0, 0, 0, 0, 0, 0, 0, 0))
2018-04-15 12:07:44.364800;(14, (126, 96, 0, 0, 0, 0, 0, 0, 0, 0))
2018-04-15 12:07:44.394602;(15, (237, 148, 0, 0, 0, 0, 0, 0, 0, 0))
2018-04-15 12:07:44.416264;(22, (184, 105, 0, 0, 0, 0, 0, 0, 0, 0))
2018-04-15 12:08:43.474212;(16, (148, 111, 0, 0, 0, 0, 0, 0, 0, 0))
2018-04-15 12:08:43.518596;(19, (125, 105, 0, 0, 0, 0, 0, 0, 0, 0))
2018-04-15 12:08:43.539920;(6, (281, 190, 0, 0, 0, 0, 0, 0, 0, 0))
2018-04-15 12:08:43.567824;(12, (193, 132, 0, 0, 0, 0, 0, 0, 0, 0))
2018-04-15 12:08:43.609105;(18, (124, 131, 0, 0, 0, 0, 0, 0, 0, 0))
2018-04-15 12:08:43.620074;(1, (301, 95, 0, 0, 0, 0, 0, 0, 0, 0))
2018-04-15 12:08:43.631580;(2, (146, 116, 0, 0, 0, 0, 0, 0, 0, 0))
2018-04-15 12:08:43.708858;(17, (162, 102, 0, 0, 0, 0, 0, 0, 0, 0))
2018-04-15 12:08:43.738376;(10, (147, 109, 0, 0, 0, 0, 0, 0, 0, 0))
2018-04-15 12:08:43.813221;(4, (168, 112, 0, 0, 0, 0, 0, 0, 0, 0))
2018-04-15 12:08:43.840096;(3, (175, 114, 0, 0, 0, 0, 0, 0, 0, 0))
2018-04-15 12:08:43.920826;(8, (157, 104, 0, 0, 0, 0, 0, 0, 0, 0))
2018-04-15 12:08:43.939503;(26, (194, 115, 0, 0, 0, 0, 0, 0, 0, 0))
2018-04-15 12:08:44.028007;(24, (147, 121, 0, 0, 0, 0, 0, 0, 0, 0))
2018-04-15 12:08:44.036736;(9, (149, 111, 0, 0, 0, 0, 0, 0, 0, 0))
2018-04-15 12:08:44.107737;(5, (212, 130, 0, 0, 0, 0, 0, 0, 0, 0))
2018-04-15 12:08:44.128003;(13, (152, 111, 0, 0, 0, 0, 0, 0, 0, 0))
2018-04-15 12:08:44.203365;(21, (170, 105, 0, 0, 0, 0, 0, 0, 0, 0))
2018-04-15 12:08:44.232474;(25, (145, 119, 0, 0, 0, 0, 0, 0, 0, 0))
2018-04-15 12:08:44.237187;(7, (149, 103, 0, 0, 0, 0, 0, 0, 0, 0))
2018-04-15 12:08:44.290353;(20, (205, 132, 0, 0, 0, 0, 0, 0, 0, 0))
2018-04-15 12:08:44.326713;(23, (163, 107, 0, 0, 0, 0, 0, 0, 0, 0))
2018-04-15 12:08:44.331650;(11, (142, 113, 0, 0, 0, 0, 0, 0, 0, 0))
2018-04-15 12:08:44.382066;(14, (140, 111, 0, 0, 0, 0, 0, 0, 0, 0))
2018-04-15 12:08:44.411447;(15, (251, 162, 0, 0, 0, 0, 0, 0, 0, 0))
2018-04-15 12:08:44.432552;(22, (198, 119, 0, 0, 0, 0, 0, 0, 0, 0))
2018-04-15 12:09:43.490280;(16, (165, 127, 0, 0, 0, 0, 0, 0, 0, 0))
2018-04-15 12:09:43.534628;(19, (142, 120, 0, 0, 0, 0, 0, 0, 0, 0))
2018-04-15 12:09:43.556731;(6, (305, 211, 0, 0, 0, 0, 0, 0, 0, 0))
2018-04-15 12:09:43.583841;(12, (213, 150, 0, 0, 0, 0, 0, 0, 0, 0))
2018-04-15 12:09:43.624904;(18, (140, 145, 0, 0, 0, 0, 0, 0, 0, 0))
2018-04-15 12:09:43.637274;(1, (326, 109, 0, 0, 0, 0, 0, 0, 0, 0))
2018-04-15 12:09:43.648820;(2, (164, 131, 0, 0, 0, 0, 0, 0, 0, 0))
2018-04-15 12:09:43.724942;(17, (180, 117, 0, 0, 0, 0, 0, 0, 0, 0))
2018-04-15 12:09:43.754790;(10, (163, 125, 0, 0, 0, 0, 0, 0, 0, 0))
2018-04-15 12:09:43.831579;(4, (187, 127, 0, 0, 0, 0, 0, 0, 0, 0))
2018-04-15 12:09:43.858414;(3, (192, 129, 0, 0, 0, 0, 0, 0, 0, 0))
2018-04-15 12:09:43.937712;(8, (174, 119, 0, 0, 0, 0, 0, 0, 0, 0))
2018-04-15 12:09:43.957207;(26, (212, 130, 0, 0, 0, 0, 0, 0, 0, 0))
2018-04-15 12:09:44.044944;(24, (164, 135, 0, 0, 0, 0, 0, 0, 0, 0))
2018-04-15 12:09:44.053948;(9, (166, 125, 0, 0, 0, 0, 0, 0, 0, 0))
2018-04-15 12:09:44.125730;(5, (230, 144, 0, 0, 0, 0, 0, 0, 0, 0))
2018-04-15 12:09:44.144369;(13, (167, 126, 0, 0, 0, 0, 0, 0, 0, 0))
2018-04-15 12:09:44.221536;(21, (187, 120, 0, 0, 0, 0, 0, 0, 0, 0))
2018-04-15 12:09:44.248778;(25, (160, 133, 0, 0, 0, 0, 0, 0, 0, 0))
2018-04-15 12:09:44.252799;(7, (165, 117, 0, 0, 0, 0, 0, 0, 0, 0))
2018-04-15 12:09:44.307465;(20, (226, 149, 0, 0, 0, 0, 0, 0, 0, 0))
2018-04-15 12:09:44.345670;(23, (178, 121, 0, 0, 0, 0, 0, 0, 0, 0))
2018-04-15 12:09:44.348353;(11, (159, 130, 0, 0, 0, 0, 0, 0, 0, 0))
2018-04-15 12:09:44.399408;(14, (156, 129, 0, 0, 0, 0, 0, 0, 0, 0))
2018-04-15 12:09:44.427699;(15, (273, 179, 0, 0, 0, 0, 0, 0, 0, 0))
2018-04-15 12:09:44.448503;(22, (216, 133, 0, 0, 0, 0, 0, 0, 0, 0))
2018-04-15 12:10:43.506686;(16, (179, 141, 0, 0, 0, 0, 0, 0, 0, 0))
2018-04-15 12:10:43.551454;(19, (156, 135, 0, 0, 0, 0, 0, 0, 0, 0))
2018-04-15 12:10:43.573644;(6, (321, 225, 0, 0, 0, 0, 0, 0, 0, 0))
2018-04-15 12:10:43.600034;(12, (229, 165, 0, 0, 0, 0, 0, 0, 0, 0))
2018-04-15 12:10:43.641306;(18, (154, 160, 0, 0, 0, 0, 0, 0, 0, 0))
2018-04-15 12:10:43.653751;(1, (341, 123, 0, 0, 0, 0, 0, 0, 0, 0))
2018-04-15 12:10:43.664998;(2, (178, 145, 0, 0, 0, 0, 0, 0, 0, 0))
2018-04-15 12:10:43.741667;(17, (195, 132, 0, 0, 0, 0, 0, 0, 0, 0))
2018-04-15 12:10:43.771587;(10, (178, 139, 0, 0, 0, 0, 0, 0, 0, 0))
2018-04-15 12:10:43.851002;(4, (204, 141, 0, 0, 0, 0, 0, 0, 0, 0))
2018-04-15 12:10:43.876783;(3, (206, 143, 0, 0, 0, 0, 0, 0, 0, 0))
2018-04-15 12:10:43.954245;(8, (189, 133, 0, 0, 0, 0, 0, 0, 0, 0))
2018-04-15 12:10:43.974245;(26, (231, 144, 0, 0, 0, 0, 0, 0, 0, 0))
2018-04-15 12:10:44.061663;(24, (180, 150, 0, 0, 0, 0, 0, 0, 0, 0))
2018-04-15 12:10:44.070951;(9, (180, 140, 0, 0, 0, 0, 0, 0, 0, 0))
2018-04-15 12:10:44.143425;(5, (249, 158, 0, 0, 0, 0, 0, 0, 0, 0))
2018-04-15 12:10:44.162808;(13, (183, 140, 0, 0, 0, 0, 0, 0, 0, 0))
2018-04-15 12:10:44.239806;(21, (203, 134, 0, 0, 0, 0, 0, 0, 0, 0))
2018-04-15 12:10:44.265169;(25, (175, 147, 0, 0, 0, 0, 0, 0, 0, 0))
2018-04-15 12:10:44.269057;(7, (180, 131, 0, 0, 0, 0, 0, 0, 0, 0))
2018-04-15 12:10:44.325132;(20, (243, 163, 0, 0, 0, 0, 0, 0, 0, 0))
2018-04-15 12:10:44.362868;(23, (195, 135, 0, 0, 0, 0, 0, 0, 0, 0))
2018-04-15 12:10:44.365080;(11, (174, 144, 0, 0, 0, 0, 0, 0, 0, 0))
2018-04-15 12:10:44.416445;(14, (171, 145, 0, 0, 0, 0, 0, 0, 0, 0))
2018-04-15 12:10:44.448500;(15, (288, 193, 0, 0, 0, 0, 0, 0, 0, 0))
2018-04-15 12:10:44.464669;(22, (230, 148, 0, 0, 0, 0, 0, 0, 0, 0))
2018-04-15 12:11:43.523669;(16, (195, 155, 0, 0, 0, 0, 0, 0, 0, 0))
2018-04-15 12:11:43.568256;(19, (171, 149, 0, 0, 0, 0, 0, 0, 0, 0))
2018-04-15 12:11:43.589963;(6, (344, 244, 0, 0, 0, 0, 0, 0, 0, 0))
2018-04-15 12:11:43.617660;(12, (246, 180, 0, 0, 0, 0, 0, 0, 0, 0))
2018-04-15 12:11:43.657878;(18, (168, 174, 0, 0, 0, 0, 0, 0, 0, 0))
2018-04-15 12:11:43.671095;(1, (368, 138, 0, 0, 0, 0, 0, 0, 0, 0))
2018-04-15 12:11:43.681742;(2, (193, 160, 0, 0, 0, 0, 0, 0, 0, 0))
2018-04-15 12:11:43.759564;(17, (212, 146, 0, 0, 0, 0, 0, 0, 0, 0))
2018-04-15 12:11:43.789124;(10, (192, 153, 0, 0, 0, 0, 0, 0, 0, 0))
2018-04-15 12:11:43.868072;(4, (220, 156, 0, 0, 0, 0, 0, 0, 0, 0))
2018-04-15 12:11:43.893720;(3, (224, 158, 0, 0, 0, 0, 0, 0, 0, 0))
2018-04-15 12:11:43.971133;(8, (205, 148, 0, 0, 0, 0, 0, 0, 0, 0))
2018-04-15 12:11:43.991055;(26, (247, 158, 0, 0, 0, 0, 0, 0, 0, 0))
2018-04-15 12:11:44.078814;(24, (197, 164, 0, 0, 0, 0, 0, 0, 0, 0))
2018-04-15 12:11:44.087668;(9, (196, 155, 0, 0, 0, 0, 0, 0, 0, 0))
2018-04-15 12:11:44.161624;(5, (267, 173, 0, 0, 0, 0, 0, 0, 0, 0))
2018-04-15 12:11:44.179807;(13, (198, 155, 0, 0, 0, 0, 0, 0, 0, 0))
2018-04-15 12:11:44.256560;(21, (221, 149, 0, 0, 0, 0, 0, 0, 0, 0))
2018-04-15 12:11:44.281985;(25, (190, 162, 0, 0, 0, 0, 0, 0, 0, 0))
2018-04-15 12:11:44.285438;(7, (196, 147, 0, 0, 0, 0, 0, 0, 0, 0))
2018-04-15 12:11:44.342123;(20, (260, 178, 0, 0, 0, 0, 0, 0, 0, 0))
2018-04-15 12:11:44.381169;(23, (212, 151, 0, 0, 0, 0, 0, 0, 0, 0))
2018-04-15 12:11:44.384919;(11, (189, 158, 0, 0, 0, 0, 0, 0, 0, 0))
2018-04-15 12:11:44.432784;(14, (185, 160, 0, 0, 0, 0, 0, 0, 0, 0))
2018-04-15 12:11:44.465975;(15, (308, 212, 0, 0, 0, 0, 0, 0, 0, 0))
2018-04-15 12:11:44.481406;(22, (249, 163, 0, 0, 0, 0, 0, 0, 0, 0))
2018-04-15 12:12:43.540213;(16, (209, 169, 0, 0, 0, 0, 0, 0, 0, 0))
2018-04-15 12:12:43.584727;(19, (186, 163, 0, 0, 0, 0, 0, 0, 0, 0))
2018-04-15 12:12:43.606299;(6, (362, 261, 0, 0, 0, 0, 0, 0, 0, 0))
2018-04-15 12:12:43.634155;(12, (264, 198, 0, 0, 0, 0, 0, 0, 0, 0))
2018-04-15 12:12:43.674216;(18, (183, 188, 0, 0, 0, 0, 0, 0, 0, 0))
2018-04-15 12:12:43.687266;(1, (387, 156, 0, 0, 0, 0, 0, 0, 0, 0))
2018-04-15 12:12:43.698110;(2, (208, 174, 0, 0, 0, 0, 0, 0, 0, 0))
2018-04-15 12:12:43.776513;(17, (227, 160, 0, 0, 0, 0, 0, 0, 0, 0))
2018-04-15 12:12:43.806580;(10, (209, 169, 0, 0, 0, 0, 0, 0, 0, 0))
2018-04-15 12:12:43.885637;(4, (235, 170, 0, 0, 0, 0, 0, 0, 0, 0))
2018-04-15 12:12:43.910410;(3, (239, 172, 0, 0, 0, 0, 0, 0, 0, 0))
2018-04-15 12:12:43.987941;(8, (220, 162, 0, 0, 0, 0, 0, 0, 0, 0))
2018-04-15 12:12:44.008475;(26, (262, 172, 0, 0, 0, 0, 0, 0, 0, 0))
2018-04-15 12:12:44.095177;(24, (212, 178, 0, 0, 0, 0, 0, 0, 0, 0))
2018-04-15 12:12:44.105064;(9, (211, 169, 0, 0, 0, 0, 0, 0, 0, 0))
2018-04-15 12:12:44.179583;(5, (284, 189, 0, 0, 0, 0, 0, 0, 0, 0))
2018-04-15 12:12:44.197913;(13, (213, 169, 0, 0, 0, 0, 0, 0, 0, 0))
2018-04-15 12:12:44.272055;(21, (235, 163, 0, 0, 0, 0, 0, 0, 0, 0))
2018-04-15 12:12:44.299805;(25, (205, 176, 0, 0, 0, 0, 0, 0, 0, 0))
2018-04-15 12:12:44.301685;(7, (210, 161, 0, 0, 0, 0, 0, 0, 0, 0))
2018-04-15 12:12:44.358581;(20, (277, 194, 0, 0, 0, 0, 0, 0, 0, 0))
2018-04-15 12:12:44.397873;(23, (226, 165, 0, 0, 0, 0, 0, 0, 0, 0))
2018-04-15 12:12:44.401806;(11, (205, 173, 0, 0, 0, 0, 0, 0, 0, 0))
2018-04-15 12:12:44.449238;(14, (200, 174, 0, 0, 0, 0, 0, 0, 0, 0))
2018-04-15 12:12:44.482433;(15, (327, 230, 0, 0, 0, 0, 0, 0, 0, 0))
2018-04-15 12:12:44.497467;(22, (263, 177, 0, 0, 0, 0, 0, 0, 0, 0))
2018-04-15 12:13:44.558443;(16, (344, 345, 6, 0, 0, 0, 0, 0, 0, 0))
2018-04-15 12:13:44.600291;(19, (340, 345, 14, 1, 0, 0, 0, 0, 0, 0))
2018-04-15 12:13:44.620557;(6, (1224, 1120, 675, 0, 0, 0, 0, 0, 0, 0))
2018-04-15 12:13:44.646927;(12, (583, 495, 134, 0, 0, 0, 0, 0, 0, 0))
2018-04-15 12:13:44.688027;(18, (282, 318, 0, 0, 0, 0, 0, 0, 0, 0))
2018-04-15 12:13:44.698208;(1, (2101, 1777, 1602, 801, 0, 0, 0, 0, 0, 0))
2018-04-15 12:13:44.712181;(2, (432, 435, 75, 0, 0, 0, 0, 0, 0, 0))
2018-04-15 12:13:44.793703;(17, (352, 331, 0, 0, 0, 0, 0, 0, 0, 0))
2018-04-15 12:13:44.822553;(10, (388, 391, 34, 1, 0, 0, 0, 0, 0, 0))
2018-04-15 12:13:44.899386;(4, (410, 361, 22, 1, 0, 0, 0, 0, 0, 0))
2018-04-15 12:13:44.923636;(3, (360, 315, 0, 0, 0, 0, 0, 0, 0, 0))
2018-04-15 12:13:45.003168;(8, (439, 401, 83, 0, 0, 0, 0, 0, 0, 0))
2018-04-15 12:13:45.023771;(26, (445, 353, 15, 1, 0, 0, 0, 0, 0, 0))
2018-04-15 12:13:45.109557;(24, (351, 344, 1, 0, 0, 0, 0, 0, 0, 0))
2018-04-15 12:13:45.123081;(9, (671, 644, 298, 0, 0, 0, 0, 0, 0, 0))
2018-04-15 12:13:45.195667;(5, (597, 575, 149, 0, 0, 0, 0, 0, 0, 0))
2018-04-15 12:13:45.215107;(13, (340, 341, 0, 0, 0, 0, 0, 0, 0, 0))
2018-04-15 12:13:45.291826;(21, (394, 348, 21, 0, 0, 0, 0, 0, 0, 0))
2018-04-15 12:13:45.313421;(25, (346, 341, 4, 2, 0, 0, 0, 0, 0, 0))
2018-04-15 12:13:45.317233;(7, (444, 397, 76, 0, 0, 0, 0, 0, 0, 0))
2018-04-15 12:13:45.373369;(20, (544, 489, 113, 0, 0, 0, 0, 0, 0, 0))
2018-04-15 12:13:45.412497;(23, (880, 825, 493, 0, 0, 0, 0, 0, 0, 0))
2018-04-15 12:13:45.419397;(11, (467, 488, 95, 1, 0, 0, 0, 0, 0, 0))
2018-04-15 12:13:45.467582;(14, (342, 335, 1, 1, 0, 0, 0, 0, 0, 0))
2018-04-15 12:13:45.499054;(15, (798, 626, 228, 0, 0, 0, 0, 0, 0, 0))
2018-04-15 12:13:45.512908;(22, (476, 407, 63, 0, 0, 0, 0, 0, 0, 0))
2018-04-15 12:14:44.576211;(16, (370, 371, 6, 0, 0, 0, 0, 0, 0, 0))
2018-04-15 12:14:44.616782;(19, (358, 361, 14, 1, 0, 0, 0, 0, 0, 0))
2018-04-15 12:14:44.636678;(6, (1287, 1167, 697, 0, 0, 0, 0, 0, 0, 0))
2018-04-15 12:14:44.662838;(12, (606, 510, 134, 0, 0, 0, 0, 0, 0, 0))
2018-04-15 12:14:44.704773;(18, (330, 379, 0, 0, 0, 0, 0, 0, 0, 0))
2018-04-15 12:14:44.713998;(1, (2164, 1813, 1624, 812, 0, 0, 0, 0, 0, 0))
2018-04-15 12:14:44.727705;(2, (478, 479, 97, 0, 0, 0, 0, 0, 0, 0))
2018-04-15 12:14:44.811236;(17, (381, 356, 0, 0, 0, 0, 0, 0, 0, 0))
2018-04-15 12:14:44.841038;(10, (442, 438, 56, 1, 0, 0, 0, 0, 0, 0))
2018-04-15 12:14:44.915087;(4, (444, 377, 22, 1, 0, 0, 0, 0, 0, 0))
2018-04-15 12:14:44.939520;(3, (380, 331, 0, 0, 0, 0, 0, 0, 0, 0))
2018-04-15 12:14:45.018963;(8, (469, 418, 83, 0, 0, 0, 0, 0, 0, 0))
2018-04-15 12:14:45.040198;(26, (510, 400, 32, 1, 0, 0, 0, 0, 0, 0))
2018-04-15 12:14:45.125013;(24, (382, 365, 1, 0, 0, 0, 0, 0, 0, 0))
2018-04-15 12:14:45.138764;(9, (713, 670, 298, 0, 0, 0, 0, 0, 0, 0))
2018-04-15 12:14:45.211194;(5, (640, 591, 149, 0, 0, 0, 0, 0, 0, 0))
2018-04-15 12:14:45.230708;(13, (365, 360, 0, 0, 0, 0, 0, 0, 0, 0))
2018-04-15 12:14:45.309173;(21, (416, 363, 21, 0, 0, 0, 0, 0, 0, 0))
2018-04-15 12:14:45.328240;(25, (373, 362, 4, 2, 0, 0, 0, 0, 0, 0))
2018-04-15 12:14:45.335390;(7, (466, 411, 76, 0, 0, 0, 0, 0, 0, 0))
2018-04-15 12:14:45.389261;(20, (591, 510, 113, 0, 0, 0, 0, 0, 0, 0))
2018-04-15 12:14:45.428494;(23, (916, 849, 493, 0, 0, 0, 0, 0, 0, 0))
2018-04-15 12:14:45.435761;(11, (519, 532, 117, 1, 0, 0, 0, 0, 0, 0))
2018-04-15 12:14:45.483668;(14, (370, 360, 1, 1, 0, 0, 0, 0, 0, 0))
2018-04-15 12:14:45.515848;(15, (832, 642, 228, 0, 0, 0, 0, 0, 0, 0))
2018-04-15 12:14:45.529211;(22, (535, 452, 85, 0, 0, 0, 0, 0, 0, 0))
2018-04-15 12:15:44.593120;(16, (386, 386, 6, 0, 0, 0, 0, 0, 0, 0))
2018-04-15 12:15:44.632933;(19, (375, 376, 14, 1, 0, 0, 0, 0, 0, 0))
2018-04-15 12:15:44.652657;(6, (1306, 1181, 697, 0, 0, 0, 0, 0, 0, 0))
2018-04-15 12:15:44.678885;(12, (624, 525, 134, 0, 0, 0, 0, 0, 0, 0))
2018-04-15 12:15:44.720140;(18, (347, 395, 0, 0, 0, 0, 0, 0, 0, 0))
2018-04-15 12:15:44.730757;(1, (2180, 1827, 1624, 812, 0, 0, 0, 0, 0, 0))
2018-04-15 12:15:44.743130;(2, (496, 494, 97, 0, 0, 0, 0, 0, 0, 0))
2018-04-15 12:15:44.829391;(17, (396, 371, 0, 0, 0, 0, 0, 0, 0, 0))
2018-04-15 12:15:44.858174;(10, (461, 453, 56, 1, 0, 0, 0, 0, 0, 0))
2018-04-15 12:15:44.931371;(4, (463, 392, 22, 1, 0, 0, 0, 0, 0, 0))
2018-04-15 12:15:44.955364;(3, (398, 345, 0, 0, 0, 0, 0, 0, 0, 0))
2018-04-15 12:15:45.034995;(8, (485, 433, 83, 0, 0, 0, 0, 0, 0, 0))
2018-04-15 12:15:45.056300;(26, (532, 416, 32, 1, 0, 0, 0, 0, 0, 0))
2018-04-15 12:15:45.141181;(24, (403, 380, 1, 0, 0, 0, 0, 0, 0, 0))
2018-04-15 12:15:45.154635;(9, (729, 684, 298, 0, 0, 0, 0, 0, 0, 0))
2018-04-15 12:15:45.227294;(5, (662, 606, 149, 0, 0, 0, 0, 0, 0, 0))
2018-04-15 12:15:45.246930;(13, (381, 375, 0, 0, 0, 0, 0, 0, 0, 0))
2018-04-15 12:15:45.326788;(21, (434, 378, 21, 0, 0, 0, 0, 0, 0, 0))
2018-04-15 12:15:45.345367;(25, (391, 377, 4, 2, 0, 0, 0, 0, 0, 0))
2018-04-15 12:15:45.352554;(7, (484, 425, 76, 0, 0, 0, 0, 0, 0, 0))
2018-04-15 12:15:45.405095;(20, (610, 524, 113, 0, 0, 0, 0, 0, 0, 0))
2018-04-15 12:15:45.444185;(23, (934, 863, 493, 0, 0, 0, 0, 0, 0, 0))
2018-04-15 12:15:45.451824;(11, (537, 547, 117, 1, 0, 0, 0, 0, 0, 0))
2018-04-15 12:15:45.499093;(14, (387, 376, 1, 1, 0, 0, 0, 0, 0, 0))
2018-04-15 12:15:45.532938;(15, (849, 656, 228, 0, 0, 0, 0, 0, 0, 0))
2018-04-15 12:15:45.545479;(22, (553, 467, 85, 0, 0, 0, 0, 0, 0, 0))
2018-04-15 12:16:44.609693;(16, (409, 403, 6, 0, 0, 0, 0, 0, 0, 0))
2018-04-15 12:16:44.649912;(19, (390, 392, 14, 1, 0, 0, 0, 0, 0, 0))
2018-04-15 12:16:44.669983;(6, (1326, 1197, 697, 0, 0, 0, 0, 0, 0, 0))
2018-04-15 12:16:44.696351;(12, (639, 539, 134, 0, 0, 0, 0, 0, 0, 0))
2018-04-15 12:16:44.736650;(18, (364, 411, 0, 0, 0, 0, 0, 0, 0, 0))
2018-04-15 12:16:44.747619;(1, (2200, 1841, 1624, 812, 0, 0, 0, 0, 0, 0))
2018-04-15 12:16:44.759933;(2, (513, 510, 97, 0, 0, 0, 0, 0, 0, 0))
2018-04-15 12:16:44.848136;(17, (417, 385, 0, 0, 0, 0, 0, 0, 0, 0))
2018-04-15 12:16:44.875593;(10, (476, 467, 56, 1, 0, 0, 0, 0, 0, 0))
2018-04-15 12:16:44.947938;(4, (482, 406, 22, 1, 0, 0, 0, 0, 0, 0))
2018-04-15 12:16:44.972165;(3, (417, 362, 0, 0, 0, 0, 0, 0, 0, 0))
2018-04-15 12:16:45.052301;(8, (505, 450, 83, 0, 0, 0, 0, 0, 0, 0))
2018-04-15 12:16:45.158832;(24, (421, 396, 1, 0, 0, 0, 0, 0, 0, 0))
2018-04-15 12:16:45.172091;(9, (754, 703, 298, 0, 0, 0, 0, 0, 0, 0))
2018-04-15 12:16:45.244741;(5, (687, 622, 149, 0, 0, 0, 0, 0, 0, 0))
2018-04-15 12:16:45.264209;(13, (402, 398, 0, 0, 0, 0, 0, 0, 0, 0))
2018-04-15 12:16:45.345938;(21, (450, 392, 21, 0, 0, 0, 0, 0, 0, 0))
2018-04-15 12:16:45.365164;(25, (409, 394, 4, 2, 0, 0, 0, 0, 0, 0))
2018-04-15 12:16:45.369433;(7, (499, 439, 76, 0, 0, 0, 0, 0, 0, 0))
2018-04-15 12:16:45.422277;(20, (638, 543, 113, 0, 0, 0, 0, 0, 0, 0))
2018-04-15 12:16:45.460995;(23, (955, 879, 493, 0, 0, 0, 0, 0, 0, 0))
2018-04-15 12:16:45.468840;(11, (552, 563, 117, 1, 0, 0, 0, 0, 0, 0))
2018-04-15 12:16:45.515889;(14, (403, 395, 1, 1, 0, 0, 0, 0, 0, 0))
2018-04-15 12:16:45.549763;(15, (872, 671, 228, 0, 0, 0, 0, 0, 0, 0))
2018-04-15 12:16:45.562996;(22, (579, 486, 85, 0, 0, 0, 0, 0, 0, 0))
2018-04-15 12:17:44.626515;(16, (423, 417, 6, 0, 0, 0, 0, 0, 0, 0))
2018-04-15 12:17:44.668016;(19, (408, 407, 14, 1, 0, 0, 0, 0, 0, 0))
2018-04-15 12:17:44.686385;(6, (1346, 1213, 697, 0, 0, 0, 0, 0, 0, 0))
2018-04-15 12:17:44.712975;(12, (659, 556, 134, 0, 0, 0, 0, 0, 0, 0))
2018-04-15 12:17:44.753027;(18, (379, 426, 0, 0, 0, 0, 0, 0, 0, 0))
2018-04-15 12:17:44.765694;(1, (2217, 1857, 1624, 812, 0, 0, 0, 0, 0, 0))
2018-04-15 12:17:44.777224;(2, (530, 525, 97, 0, 0, 0, 0, 0, 0, 0))
2018-04-15 12:17:44.864866;(17, (435, 402, 0, 0, 0, 0, 0, 0, 0, 0))
2018-04-15 12:17:44.892305;(10, (494, 484, 56, 1, 0, 0, 0, 0, 0, 0))
2018-04-15 12:17:44.964918;(4, (501, 423, 22, 1, 0, 0, 0, 0, 0, 0))
2018-04-15 12:17:44.990219;(3, (433, 376, 0, 0, 0, 0, 0, 0, 0, 0))
2018-04-15 12:17:45.069673;(8, (520, 464, 83, 0, 0, 0, 0, 0, 0, 0))
2018-04-15 12:17:45.090799;(26, (568, 443, 32, 1, 0, 0, 0, 0, 0, 0))
2018-04-15 12:17:45.175599;(24, (439, 411, 1, 0, 0, 0, 0, 0, 0, 0))
2018-04-15 12:17:45.189293;(9, (770, 717, 298, 0, 0, 0, 0, 0, 0, 0))
2018-04-15 12:17:45.261615;(5, (706, 636, 149, 0, 0, 0, 0, 0, 0, 0))
2018-04-15 12:17:45.281024;(13, (417, 413, 0, 0, 0, 0, 0, 0, 0, 0))
2018-04-15 12:17:45.363059;(21, (469, 409, 21, 0, 0, 0, 0, 0, 0, 0))
2018-04-15 12:17:45.386985;(25, (425, 408, 4, 2, 0, 0, 0, 0, 0, 0))
2018-04-15 12:17:45.389606;(7, (519, 455, 76, 0, 0, 0, 0, 0, 0, 0))
2018-04-15 12:17:45.438618;(20, (656, 557, 113, 0, 0, 0, 0, 0, 0, 0))
2018-04-15 12:17:45.477578;(23, (973, 895, 493, 0, 0, 0, 0, 0, 0, 0))
2018-04-15 12:17:45.485906;(11, (571, 578, 117, 1, 0, 0, 0, 0, 0, 0))
2018-04-15 12:17:45.533105;(14, (421, 413, 1, 1, 0, 0, 0, 0, 0, 0))
2018-04-15 12:17:45.566593;(15, (891, 687, 228, 0, 0, 0, 0, 0, 0, 0))
2018-04-15 12:17:45.579474;(22, (596, 500, 85, 0, 0, 0, 0, 0, 0, 0))
2018-04-15 12:18:44.643069;(16, (438, 432, 6, 0, 0, 0, 0, 0, 0, 0))
2018-04-15 12:18:44.684792;(19, (422, 421, 14, 1, 0, 0, 0, 0, 0, 0))
2018-04-15 12:18:44.703556;(6, (1360, 1227, 697, 0, 0, 0, 0, 0, 0, 0))
2018-04-15 12:18:44.730173;(12, (673, 570, 134, 0, 0, 0, 0, 0, 0, 0))
2018-04-15 12:18:44.769582;(18, (394, 440, 0, 0, 0, 0, 0, 0, 0, 0))
2018-04-15 12:18:44.782031;(1, (2231, 1871, 1624, 812, 0, 0, 0, 0, 0, 0))
2018-04-15 12:18:44.795701;(2, (544, 539, 97, 0, 0, 0, 0, 0, 0, 0))
2018-04-15 12:18:44.881681;(17, (450, 416, 0, 0, 0, 0, 0, 0, 0, 0))
2018-04-15 12:18:44.909087;(10, (509, 498, 56, 1, 0, 0, 0, 0, 0, 0))
2018-04-15 12:18:44.983142;(4, (518, 437, 22, 1, 0, 0, 0, 0, 0, 0))
2018-04-15 12:18:45.008290;(3, (447, 390, 0, 0, 0, 0, 0, 0, 0, 0))
2018-04-15 12:18:45.088790;(8, (535, 478, 83, 0, 0, 0, 0, 0, 0, 0))
2018-04-15 12:18:45.110311;(26, (584, 458, 32, 1, 0, 0, 0, 0, 0, 0))
2018-04-15 12:18:45.193408;(24, (456, 425, 1, 0, 0, 0, 0, 0, 0, 0))
2018-04-15 12:18:45.206835;(9, (786, 731, 298, 0, 0, 0, 0, 0, 0, 0))
2018-04-15 12:18:45.279262;(5, (724, 650, 149, 0, 0, 0, 0, 0, 0, 0))
2018-04-15 12:18:45.298715;(13, (432, 428, 0, 0, 0, 0, 0, 0, 0, 0))
2018-04-15 12:18:45.382295;(21, (483, 423, 21, 0, 0, 0, 0, 0, 0, 0))
2018-04-15 12:18:45.405903;(25, (440, 423, 4, 2, 0, 0, 0, 0, 0, 0))
2018-04-15 12:18:45.408061;(7, (533, 469, 76, 0, 0, 0, 0, 0, 0, 0))
2018-04-15 12:18:45.455449;(20, (674, 571, 113, 0, 0, 0, 0, 0, 0, 0))
2018-04-15 12:18:45.494322;(23, (987, 909, 493, 0, 0, 0, 0, 0, 0, 0))
2018-04-15 12:18:45.502901;(11, (585, 592, 117, 1, 0, 0, 0, 0, 0, 0))
2018-04-15 12:18:45.550149;(14, (436, 428, 1, 1, 0, 0, 0, 0, 0, 0))
2018-04-15 12:18:45.583384;(15, (907, 701, 228, 0, 0, 0, 0, 0, 0, 0))
2018-04-15 12:18:45.596814;(22, (612, 514, 85, 0, 0, 0, 0, 0, 0, 0))
2018-04-15 12:19:44.659846;(16, (454, 446, 6, 0, 0, 0, 0, 0, 0, 0))
2018-04-15 12:19:44.701137;(19, (436, 435, 14, 1, 0, 0, 0, 0, 0, 0))
2018-04-15 12:19:44.719865;(6, (1374, 1241, 697, 0, 0, 0, 0, 0, 0, 0))
2018-04-15 12:19:44.746296;(12, (687, 584, 134, 0, 0, 0, 0, 0, 0, 0))
2018-04-15 12:19:44.785944;(18, (408, 454, 0, 0, 0, 0, 0, 0, 0, 0))
2018-04-15 12:19:44.798266;(1, (2245, 1885, 1624, 812, 0, 0, 0, 0, 0, 0))
2018-04-15 12:19:44.812342;(2, (558, 553, 97, 0, 0, 0, 0, 0, 0, 0))
2018-04-15 12:19:44.898534;(17, (466, 430, 0, 0, 0, 0, 0, 0, 0, 0))
2018-04-15 12:19:44.925902;(10, (523, 512, 56, 1, 0, 0, 0, 0, 0, 0))
2018-04-15 12:19:45.000623;(4, (533, 451, 22, 1, 0, 0, 0, 0, 0, 0))
2018-04-15 12:19:45.026093;(3, (461, 404, 0, 0, 0, 0, 0, 0, 0, 0))
2018-04-15 12:19:45.106595;(8, (550, 492, 83, 0, 0, 0, 0, 0, 0, 0))
2018-04-15 12:19:45.128487;(26, (598, 472, 32, 1, 0, 0, 0, 0, 0, 0))
2018-04-15 12:19:45.211466;(24, (470, 439, 1, 0, 0, 0, 0, 0, 0, 0))
2018-04-15 12:19:45.224016;(9, (802, 745, 298, 0, 0, 0, 0, 0, 0, 0))
2018-04-15 12:19:45.296573;(5, (739, 664, 149, 0, 0, 0, 0, 0, 0, 0))
2018-04-15 12:19:45.316691;(13, (447, 443, 0, 0, 0, 0, 0, 0, 0, 0))
2018-04-15 12:19:45.400235;(21, (498, 437, 21, 0, 0, 0, 0, 0, 0, 0))
2018-04-15 12:19:45.424310;(25, (454, 437, 4, 2, 0, 0, 0, 0, 0, 0))
2018-04-15 12:19:45.426194;(7, (548, 483, 76, 0, 0, 0, 0, 0, 0, 0))
2018-04-15 12:19:45.472127;(20, (689, 586, 113, 0, 0, 0, 0, 0, 0, 0))
2018-04-15 12:19:45.510813;(23, (1001, 923, 493, 0, 0, 0, 0, 0, 0, 0))
2018-04-15 12:19:45.519897;(11, (599, 606, 117, 1, 0, 0, 0, 0, 0, 0))
2018-04-15 12:19:45.566945;(14, (451, 442, 1, 1, 0, 0, 0, 0, 0, 0))
2018-04-15 12:19:45.599876;(15, (924, 715, 228, 0, 0, 0, 0, 0, 0, 0))
2018-04-15 12:19:45.613327;(22, (629, 528, 85, 0, 0, 0, 0, 0, 0, 0))
2018-04-15 12:20:44.676785;(16, (470, 460, 6, 0, 0, 0, 0, 0, 0, 0))
2018-04-15 12:20:44.717739;(19, (452, 450, 14, 1, 0, 0, 0, 0, 0, 0))
2018-04-15 12:20:44.735938;(6, (1392, 1255, 697, 0, 0, 0, 0, 0, 0, 0))
2018-04-15 12:20:44.762888;(12, (704, 599, 134, 0, 0, 0, 0, 0, 0, 0))
2018-04-15 12:20:44.803042;(18, (422, 468, 0, 0, 0, 0, 0, 0, 0, 0))
2018-04-15 12:20:44.815741;(1, (2261, 1899, 1624, 812, 0, 0, 0, 0, 0, 0))
2018-04-15 12:20:44.830061;(2, (575, 567, 97, 0, 0, 0, 0, 0, 0, 0))
2018-04-15 12:20:44.915547;(17, (481, 445, 0, 0, 0, 0, 0, 0, 0, 0))
2018-04-15 12:20:44.942579;(10, (538, 526, 56, 1, 0, 0, 0, 0, 0, 0))
2018-04-15 12:20:45.017780;(4, (548, 466, 22, 1, 0, 0, 0, 0, 0, 0))
2018-04-15 12:20:45.044213;(3, (477, 419, 0, 0, 0, 0, 0, 0, 0, 0))
2018-04-15 12:20:45.123663;(8, (566, 506, 83, 0, 0, 0, 0, 0, 0, 0))
2018-04-15 12:20:45.145690;(26, (614, 486, 32, 1, 0, 0, 0, 0, 0, 0))
2018-04-15 12:20:45.228679;(24, (486, 453, 1, 0, 0, 0, 0, 0, 0, 0))
2018-04-15 12:20:45.241080;(9, (819, 759, 298, 0, 0, 0, 0, 0, 0, 0))
2018-04-15 12:20:45.313711;(5, (756, 678, 149, 0, 0, 0, 0, 0, 0, 0))
2018-04-15 12:20:45.334349;(13, (463, 457, 0, 0, 0, 0, 0, 0, 0, 0))
2018-04-15 12:20:45.418730;(21, (514, 451, 21, 0, 0, 0, 0, 0, 0, 0))
2018-04-15 12:20:45.441502;(25, (469, 451, 4, 2, 0, 0, 0, 0, 0, 0))
2018-04-15 12:20:45.445676;(7, (564, 497, 76, 0, 0, 0, 0, 0, 0, 0))
2018-04-15 12:20:45.489794;(20, (707, 600, 113, 0, 0, 0, 0, 0, 0, 0))
2018-04-15 12:20:45.527966;(23, (1017, 937, 493, 0, 0, 0, 0, 0, 0, 0))
2018-04-15 12:20:45.536845;(11, (615, 621, 117, 1, 0, 0, 0, 0, 0, 0))
2018-04-15 12:20:45.583795;(14, (466, 457, 1, 1, 0, 0, 0, 0, 0, 0))
2018-04-15 12:20:45.616811;(15, (939, 730, 228, 0, 0, 0, 0, 0, 0, 0))
2018-04-15 12:20:45.630212;(22, (644, 542, 85, 0, 0, 0, 0, 0, 0, 0))
2018-04-15 12:21:44.693356;(16, (486, 474, 6, 0, 0, 0, 0, 0, 0, 0))
2018-04-15 12:21:44.734007;(19, (466, 464, 14, 1, 0, 0, 0, 0, 0, 0))
2018-04-15 12:21:44.751624;(6, (1409, 1269, 697, 0, 0, 0, 0, 0, 0, 0))
2018-04-15 12:21:44.779054;(12, (719, 613, 134, 0, 0, 0, 0, 0, 0, 0))
2018-04-15 12:21:44.820608;(18, (438, 482, 0, 0, 0, 0, 0, 0, 0, 0))
2018-04-15 12:21:44.833769;(1, (2276, 1913, 1624, 812, 0, 0, 0, 0, 0, 0))
2018-04-15 12:21:44.849061;(2, (589, 582, 97, 0, 0, 0, 0, 0, 0, 0))
2018-04-15 12:21:44.931794;(17, (497, 459, 0, 0, 0, 0, 0, 0, 0, 0))
2018-04-15 12:21:44.959060;(10, (553, 541, 56, 1, 0, 0, 0, 0, 0, 0))
2018-04-15 12:21:45.034285;(4, (563, 480, 22, 1, 0, 0, 0, 0, 0, 0))
2018-04-15 12:21:45.061402;(3, (493, 433, 0, 0, 0, 0, 0, 0, 0, 0))
2018-04-15 12:21:45.140411;(8, (581, 521, 83, 0, 0, 0, 0, 0, 0, 0))
2018-04-15 12:21:45.162648;(26, (631, 500, 32, 1, 0, 0, 0, 0, 0, 0))
2018-04-15 12:21:45.245812;(24, (501, 467, 1, 0, 0, 0, 0, 0, 0, 0))
2018-04-15 12:21:45.258906;(9, (834, 774, 298, 0, 0, 0, 0, 0, 0, 0))
2018-04-15 12:21:45.331102;(5, (771, 693, 149, 0, 0, 0, 0, 0, 0, 0))
2018-04-15 12:21:45.351122;(13, (480, 471, 0, 0, 0, 0, 0, 0, 0, 0))
2018-04-15 12:21:45.436428;(21, (530, 465, 21, 0, 0, 0, 0, 0, 0, 0))
2018-04-15 12:21:45.458908;(25, (484, 465, 4, 2, 0, 0, 0, 0, 0, 0))
2018-04-15 12:21:45.462576;(7, (579, 511, 76, 0, 0, 0, 0, 0, 0, 0))
2018-04-15 12:21:45.507878;(20, (723, 614, 113, 0, 0, 0, 0, 0, 0, 0))
2018-04-15 12:21:45.544369;(23, (1034, 951, 493, 0, 0, 0, 0, 0, 0, 0))
2018-04-15 12:21:45.553311;(11, (631, 635, 117, 1, 0, 0, 0, 0, 0, 0))
2018-04-15 12:21:45.600882;(14, (481, 471, 1, 1, 0, 0, 0, 0, 0, 0))
2018-04-15 12:21:45.633124;(15, (957, 744, 228, 0, 0, 0, 0, 0, 0, 0))
2018-04-15 12:21:45.646929;(22, (659, 557, 85, 0, 0, 0, 0, 0, 0, 0))
2018-04-15 12:22:44.709971;(16, (500, 489, 6, 0, 0, 0, 0, 0, 0, 0))
2018-04-15 12:22:44.750280;(19, (481, 478, 14, 1, 0, 0, 0, 0, 0, 0))
2018-04-15 12:22:44.767595;(6, (1428, 1285, 697, 0, 0, 0, 0, 0, 0, 0))
2018-04-15 12:22:44.795303;(12, (734, 627, 134, 0, 0, 0, 0, 0, 0, 0))
2018-04-15 12:22:44.838768;(18, (453, 497, 0, 0, 0, 0, 0, 0, 0, 0))
2018-04-15 12:22:44.849982;(1, (2291, 1928, 1624, 812, 0, 0, 0, 0, 0, 0))
2018-04-15 12:22:44.865249;(2, (604, 596, 97, 0, 0, 0, 0, 0, 0, 0))
2018-04-15 12:22:44.948013;(17, (513, 473, 0, 0, 0, 0, 0, 0, 0, 0))
2018-04-15 12:22:44.977308;(10, (569, 555, 56, 1, 0, 0, 0, 0, 0, 0))
2018-04-15 12:22:45.051346;(4, (579, 494, 22, 1, 0, 0, 0, 0, 0, 0))
2018-04-15 12:22:45.079067;(3, (508, 447, 0, 0, 0, 0, 0, 0, 0, 0))
2018-04-15 12:22:45.159661;(8, (596, 535, 83, 0, 0, 0, 0, 0, 0, 0))
2018-04-15 12:22:45.180666;(26, (647, 515, 32, 1, 0, 0, 0, 0, 0, 0))
2018-04-15 12:22:45.263074;(24, (516, 482, 1, 0, 0, 0, 0, 0, 0, 0))
2018-04-15 12:22:45.276527;(9, (849, 788, 298, 0, 0, 0, 0, 0, 0, 0))
2018-04-15 12:22:45.348086;(5, (788, 707, 149, 0, 0, 0, 0, 0, 0, 0))
2018-04-15 12:22:45.368743;(13, (494, 485, 0, 0, 0, 0, 0, 0, 0, 0))
2018-04-15 12:22:45.455001;(21, (544, 480, 21, 0, 0, 0, 0, 0, 0, 0))
2018-04-15 12:22:45.478869;(25, (500, 479, 4, 2, 0, 0, 0, 0, 0, 0))
2018-04-15 12:22:45.481284;(7, (594, 525, 76, 0, 0, 0, 0, 0, 0, 0))
2018-04-15 12:22:45.526798;(20, (740, 629, 113, 0, 0, 0, 0, 0, 0, 0))
2018-04-15 12:22:45.560784;(23, (1049, 965, 493, 0, 0, 0, 0, 0, 0, 0))
2018-04-15 12:22:45.570468;(11, (645, 649, 117, 1, 0, 0, 0, 0, 0, 0))
2018-04-15 12:22:45.617358;(14, (498, 485, 1, 1, 0, 0, 0, 0, 0, 0))
2018-04-15 12:22:45.649907;(15, (973, 758, 228, 0, 0, 0, 0, 0, 0, 0))
2018-04-15 12:22:45.664679;(22, (691, 587, 101, 0, 0, 0, 0, 0, 0, 0))
2018-04-15 12:23:44.724610;(16, (631, 657, 6, 0, 0, 0, 0, 0, 0, 0))
2018-04-15 12:23:44.767385;(19, (594, 628, 14, 3, 0, 0, 0, 0, 0, 0))
2018-04-15 12:23:44.781382;(6, (2232, 2092, 1335, 0, 0, 0, 0, 0, 0, 0))
2018-04-15 12:23:44.808271;(12, (852, 764, 134, 0, 0, 0, 0, 0, 0, 0))
2018-04-15 12:23:44.854557;(18, (580, 661, 0, 0, 0, 0, 0, 0, 0, 0))
2018-04-15 12:23:44.861012;(1, (3962, 3496, 3174, 1587, 0, 0, 0, 0, 0, 0))
2018-04-15 12:23:44.879810;(2, (804, 854, 166, 1, 0, 0, 0, 0, 0, 0))
2018-04-15 12:23:44.962421;(17, (669, 642, 12, 0, 0, 0, 0, 0, 0, 0))
2018-04-15 12:23:44.995544;(10, (711, 733, 61, 3, 0, 0, 0, 0, 0, 0))
2018-04-15 12:23:45.070142;(4, (754, 694, 41, 1, 0, 0, 0, 0, 0, 0))
2018-04-15 12:23:45.092742;(3, (733, 692, 103, 0, 0, 0, 0, 0, 0, 0))
2018-04-15 12:23:45.175271;(8, (939, 912, 268, 1, 0, 0, 0, 0, 0, 0))
2018-04-15 12:23:45.195570;(26, (915, 785, 114, 2, 0, 0, 0, 0, 0, 0))
2018-04-15 12:23:45.275128;(24, (587, 542, 10, 0, 0, 0, 0, 0, 0, 0))
2018-04-15 12:23:45.290011;(9, (1320, 1288, 583, 0, 0, 0, 0, 0, 0, 0))
2018-04-15 12:23:45.361362;(5, (1220, 1137, 382, 1, 0, 0, 0, 0, 0, 0))
2018-04-15 12:23:45.382194;(13, (635, 646, 31, 1, 0, 0, 0, 0, 0, 0))
2018-04-15 12:23:45.469355;(21, (739, 713, 93, 0, 0, 0, 0, 0, 0, 0))
2018-04-15 12:23:45.493869;(25, (659, 668, 19, 2, 0, 0, 0, 0, 0, 0))
2018-04-15 12:23:45.498068;(7, (738, 694, 101, 0, 0, 0, 0, 0, 0, 0))
2018-04-15 12:23:45.542178;(20, (1101, 1026, 291, 1, 0, 0, 0, 0, 0, 0))
2018-04-15 12:23:45.576425;(23, (1633, 1573, 904, 0, 0, 0, 0, 0, 0, 0))
2018-04-15 12:23:45.585381;(11, (786, 819, 124, 1, 0, 0, 0, 0, 0, 0))
2018-04-15 12:23:45.632087;(14, (739, 750, 78, 1, 0, 0, 0, 0, 0, 0))
2018-04-15 12:23:45.662689;(15, (1274, 1042, 358, 0, 0, 0, 0, 0, 0, 0))
2018-04-15 12:23:45.679627;(22, (1163, 1071, 392, 0, 0, 0, 0, 0, 0, 0))
2018-04-15 12:24:45.211543;(26, (953, 822, 114, 2, 0, 0, 0, 0, 0, 0))
2018-04-15 12:24:45.741621;(16, (660, 684, 6, 0, 0, 0, 0, 0, 0, 0))
2018-04-15 12:24:45.784050;(19, (610, 644, 14, 3, 0, 0, 0, 0, 0, 0))
2018-04-15 12:24:45.800277;(6, (2267, 2109, 1335, 0, 0, 0, 0, 0, 0, 0))
2018-04-15 12:24:45.823948;(12, (871, 778, 134, 0, 0, 0, 0, 0, 0, 0))
2018-04-15 12:24:45.870014;(18, (607, 680, 0, 0, 0, 0, 0, 0, 0, 0))
2018-04-15 12:24:45.876650;(1, (4084, 3580, 3244, 1622, 0, 0, 0, 0, 0, 0))
2018-04-15 12:24:45.897213;(2, (822, 870, 166, 1, 0, 0, 0, 0, 0, 0))
2018-04-15 12:24:45.978210;(17, (703, 660, 12, 0, 0, 0, 0, 0, 0, 0))
2018-04-15 12:24:46.011646;(10, (738, 754, 61, 3, 0, 0, 0, 0, 0, 0))
2018-04-15 12:24:46.087126;(4, (790, 715, 41, 1, 0, 0, 0, 0, 0, 0))
2018-04-15 12:24:46.111804;(3, (757, 706, 103, 0, 0, 0, 0, 0, 0, 0))
2018-04-15 12:24:46.192047;(8, (1000, 966, 290, 1, 0, 0, 0, 0, 0, 0))
2018-04-15 12:24:46.293727;(24, (712, 691, 12, 1, 0, 0, 0, 0, 0, 0))
2018-04-15 12:24:46.309758;(9, (1396, 1346, 619, 0, 0, 0, 0, 0, 0, 0))
2018-04-15 12:24:46.378909;(5, (1304, 1193, 418, 1, 0, 0, 0, 0, 0, 0))
2018-04-15 12:24:46.399430;(13, (662, 671, 31, 1, 0, 0, 0, 0, 0, 0))
2018-04-15 12:24:46.488122;(21, (759, 728, 93, 0, 0, 0, 0, 0, 0, 0))
2018-04-15 12:24:46.511496;(25, (689, 683, 19, 2, 0, 0, 0, 0, 0, 0))
2018-04-15 12:24:46.516638;(7, (755, 708, 101, 0, 0, 0, 0, 0, 0, 0))
2018-04-15 12:24:46.559594;(20, (1171, 1070, 307, 1, 0, 0, 0, 0, 0, 0))
2018-04-15 12:24:46.593905;(23, (1727, 1656, 949, 0, 0, 0, 0, 0, 0, 0))
2018-04-15 12:24:46.601369;(11, (808, 835, 124, 1, 0, 0, 0, 0, 0, 0))
2018-04-15 12:24:46.649145;(14, (804, 802, 97, 1, 0, 0, 0, 0, 0, 0))
2018-04-15 12:24:46.679830;(15, (1313, 1064, 358, 0, 0, 0, 0, 0, 0, 0))
2018-04-15 12:24:46.696944;(22, (1215, 1111, 410, 0, 0, 0, 0, 0, 0, 0))
2018-04-15 12:25:45.758267;(16, (678, 703, 6, 0, 0, 0, 0, 0, 0, 0))
2018-04-15 12:25:45.801678;(19, (626, 658, 14, 3, 0, 0, 0, 0, 0, 0))
2018-04-15 12:25:45.820259;(6, (2287, 2123, 1335, 0, 0, 0, 0, 0, 0, 0))
2018-04-15 12:25:45.840271;(12, (888, 792, 134, 0, 0, 0, 0, 0, 0, 0))
2018-04-15 12:25:45.886580;(18, (625, 695, 0, 0, 0, 0, 0, 0, 0, 0))
2018-04-15 12:25:45.892858;(1, (4129, 3610, 3260, 1630, 0, 0, 0, 0, 0, 0))
2018-04-15 12:25:45.913475;(2, (838, 885, 166, 1, 0, 0, 0, 0, 0, 0))
2018-04-15 12:25:45.994953;(17, (722, 675, 12, 0, 0, 0, 0, 0, 0, 0))
2018-04-15 12:25:46.027866;(10, (758, 768, 61, 3, 0, 0, 0, 0, 0, 0))
2018-04-15 12:25:46.102838;(4, (814, 731, 41, 1, 0, 0, 0, 0, 0, 0))
2018-04-15 12:25:46.127839;(3, (773, 720, 103, 0, 0, 0, 0, 0, 0, 0))
2018-04-15 12:25:46.208459;(8, (1024, 984, 290, 1, 0, 0, 0, 0, 0, 0))
2018-04-15 12:25:46.228819;(26, (979, 841, 114, 2, 0, 0, 0, 0, 0, 0))
2018-04-15 12:25:46.310098;(24, (733, 713, 12, 1, 0, 0, 0, 0, 0, 0))
2018-04-15 12:25:46.327265;(9, (1420, 1363, 619, 0, 0, 0, 0, 0, 0, 0))
2018-04-15 12:25:46.396038;(5, (1333, 1209, 418, 1, 0, 0, 0, 0, 0, 0))
2018-04-15 12:25:46.417166;(13, (686, 701, 31, 1, 0, 0, 0, 0, 0, 0))
2018-04-15 12:25:46.505317;(21, (775, 743, 93, 0, 0, 0, 0, 0, 0, 0))
2018-04-15 12:25:46.528152;(25, (714, 698, 19, 2, 0, 0, 0, 0, 0, 0))
2018-04-15 12:25:46.533904;(7, (771, 722, 101, 0, 0, 0, 0, 0, 0, 0))
2018-04-15 12:25:46.576985;(20, (1200, 1088, 307, 1, 0, 0, 0, 0, 0, 0))
2018-04-15 12:25:46.610228;(23, (1750, 1677, 949, 0, 0, 0, 0, 0, 0, 0))
2018-04-15 12:25:46.620277;(11, (823, 850, 124, 1, 0, 0, 0, 0, 0, 0))
2018-04-15 12:25:46.666496;(14, (832, 818, 97, 1, 0, 0, 0, 0, 0, 0))
2018-04-15 12:25:46.696797;(15, (1338, 1080, 358, 0, 0, 0, 0, 0, 0, 0))
2018-04-15 12:25:46.713792;(22, (1252, 1149, 426, 0, 0, 0, 0, 0, 0, 0))
2018-04-15 12:26:45.775030;(16, (694, 719, 6, 0, 0, 0, 0, 0, 0, 0))
2018-04-15 12:26:45.817881;(19, (641, 672, 14, 3, 0, 0, 0, 0, 0, 0))
2018-04-15 12:26:45.839148;(6, (2303, 2137, 1335, 0, 0, 0, 0, 0, 0, 0))
2018-04-15 12:26:45.857333;(12, (904, 806, 134, 0, 0, 0, 0, 0, 0, 0))
2018-04-15 12:26:45.902632;(18, (641, 709, 0, 0, 0, 0, 0, 0, 0, 0))
2018-04-15 12:26:45.908805;(1, (4164, 3636, 3272, 1636, 0, 0, 0, 0, 0, 0))
2018-04-15 12:26:45.929412;(2, (853, 900, 166, 1, 0, 0, 0, 0, 0, 0))
2018-04-15 12:26:46.011943;(17, (738, 689, 12, 0, 0, 0, 0, 0, 0, 0))
2018-04-15 12:26:46.045034;(10, (773, 783, 61, 3, 0, 0, 0, 0, 0, 0))
2018-04-15 12:26:46.120965;(4, (833, 745, 41, 1, 0, 0, 0, 0, 0, 0))
2018-04-15 12:26:46.143729;(3, (789, 734, 103, 0, 0, 0, 0, 0, 0, 0))
2018-04-15 12:26:46.224639;(8, (1040, 999, 290, 1, 0, 0, 0, 0, 0, 0))
2018-04-15 12:26:46.246099;(26, (999, 856, 114, 2, 0, 0, 0, 0, 0, 0))
2018-04-15 12:26:46.328718;(24, (749, 732, 12, 1, 0, 0, 0, 0, 0, 0))
2018-04-15 12:26:46.344268;(9, (1437, 1379, 619, 0, 0, 0, 0, 0, 0, 0))
2018-04-15 12:26:46.412801;(5, (1354, 1224, 418, 1, 0, 0, 0, 0, 0, 0))
2018-04-15 12:26:46.433379;(13, (704, 724, 31, 1, 0, 0, 0, 0, 0, 0))
2018-04-15 12:26:46.521885;(21, (790, 758, 93, 0, 0, 0, 0, 0, 0, 0))
2018-04-15 12:26:46.545457;(25, (732, 712, 19, 2, 0, 0, 0, 0, 0, 0))
2018-04-15 12:26:46.550055;(7, (787, 736, 101, 0, 0, 0, 0, 0, 0, 0))
2018-04-15 12:26:46.593331;(20, (1218, 1103, 307, 1, 0, 0, 0, 0, 0, 0))
2018-04-15 12:26:46.627035;(23, (1769, 1693, 949, 0, 0, 0, 0, 0, 0, 0))
2018-04-15 12:26:46.638034;(11, (839, 864, 124, 1, 0, 0, 0, 0, 0, 0))
2018-04-15 12:26:46.682754;(14, (851, 834, 97, 1, 0, 0, 0, 0, 0, 0))
2018-04-15 12:26:46.713248;(15, (1353, 1095, 358, 0, 0, 0, 0, 0, 0, 0))
2018-04-15 12:26:46.730402;(22, (1282, 1181, 438, 0, 0, 0, 0, 0, 0, 0))
2018-04-15 12:27:45.791525;(16, (710, 734, 6, 0, 0, 0, 0, 0, 0, 0))
2018-04-15 12:27:45.837698;(19, (656, 687, 14, 3, 0, 0, 0, 0, 0, 0))
2018-04-15 12:27:45.857014;(6, (2320, 2151, 1335, 0, 0, 0, 0, 0, 0, 0))
2018-04-15 12:27:45.873164;(12, (920, 820, 134, 0, 0, 0, 0, 0, 0, 0))
2018-04-15 12:27:45.918034;(18, (656, 724, 0, 0, 0, 0, 0, 0, 0, 0))
2018-04-15 12:27:45.924363;(1, (4206, 3668, 3290, 1645, 0, 0, 0, 0, 0, 0))
2018-04-15 12:27:45.945286;(2, (868, 914, 166, 1, 0, 0, 0, 0, 0, 0))
2018-04-15 12:27:46.028062;(17, (755, 704, 12, 0, 0, 0, 0, 0, 0, 0))
2018-04-15 12:27:46.062141;(10, (790, 797, 61, 3, 0, 0, 0, 0, 0, 0))
2018-04-15 12:27:46.137079;(4, (851, 759, 41, 1, 0, 0, 0, 0, 0, 0))
2018-04-15 12:27:46.159590;(3, (804, 748, 103, 0, 0, 0, 0, 0, 0, 0))
2018-04-15 12:27:46.240988;(8, (1057, 1014, 290, 1, 0, 0, 0, 0, 0, 0))
2018-04-15 12:27:46.262401;(26, (1019, 871, 114, 2, 0, 0, 0, 0, 0, 0))
2018-04-15 12:27:46.345117;(24, (766, 748, 12, 1, 0, 0, 0, 0, 0, 0))
2018-04-15 12:27:46.361377;(9, (1455, 1393, 619, 0, 0, 0, 0, 0, 0, 0))
2018-04-15 12:27:46.428752;(5, (1374, 1238, 418, 1, 0, 0, 0, 0, 0, 0))
2018-04-15 12:27:46.450823;(13, (724, 754, 31, 1, 0, 0, 0, 0, 0, 0))
2018-04-15 12:27:46.538725;(21, (806, 772, 93, 0, 0, 0, 0, 0, 0, 0))
2018-04-15 12:27:46.562723;(25, (749, 727, 19, 2, 0, 0, 0, 0, 0, 0))
2018-04-15 12:27:46.566980;(7, (801, 750, 101, 0, 0, 0, 0, 0, 0, 0))
2018-04-15 12:27:46.610273;(20, (1237, 1118, 307, 1, 0, 0, 0, 0, 0, 0))
2018-04-15 12:27:46.644737;(23, (1785, 1708, 949, 0, 0, 0, 0, 0, 0, 0))
2018-04-15 12:27:46.660165;(11, (854, 879, 124, 1, 0, 0, 0, 0, 0, 0))
2018-04-15 12:27:46.698619;(14, (869, 849, 97, 1, 0, 0, 0, 0, 0, 0))
2018-04-15 12:27:46.729396;(15, (1373, 1109, 358, 0, 0, 0, 0, 0, 0, 0))
2018-04-15 12:27:46.746928;(22, (1317, 1222, 456, 0, 0, 0, 0, 0, 0, 0))
2018-04-15 12:28:45.808371;(16, (725, 748, 6, 0, 0, 0, 0, 0, 0, 0))
2018-04-15 12:28:45.854450;(19, (670, 701, 14, 3, 0, 0, 0, 0, 0, 0))
2018-04-15 12:28:45.875128;(6, (2335, 2165, 1335, 0, 0, 0, 0, 0, 0, 0))
2018-04-15 12:28:45.889761;(12, (934, 834, 134, 0, 0, 0, 0, 0, 0, 0))
2018-04-15 12:28:45.935112;(18, (671, 738, 0, 0, 0, 0, 0, 0, 0, 0))
2018-04-15 12:28:45.940833;(1, (4241, 3696, 3304, 1652, 0, 0, 0, 0, 0, 0))
2018-04-15 12:28:45.961865;(2, (882, 928, 166, 1, 0, 0, 0, 0, 0, 0))
2018-04-15 12:28:46.044661;(17, (770, 718, 12, 0, 0, 0, 0, 0, 0, 0))
2018-04-15 12:28:46.078865;(10, (804, 812, 61, 3, 0, 0, 0, 0, 0, 0))
2018-04-15 12:28:46.154630;(4, (865, 774, 41, 1, 0, 0, 0, 0, 0, 0))
2018-04-15 12:28:46.179479;(3, (819, 762, 103, 0, 0, 0, 0, 0, 0, 0))
2018-04-15 12:28:46.258076;(8, (1072, 1028, 290, 1, 0, 0, 0, 0, 0, 0))
2018-04-15 12:28:46.279836;(26, (1035, 885, 114, 2, 0, 0, 0, 0, 0, 0))
2018-04-15 12:28:46.362118;(24, (781, 762, 12, 1, 0, 0, 0, 0, 0, 0))
2018-04-15 12:28:46.379641;(9, (1471, 1407, 619, 0, 0, 0, 0, 0, 0, 0))
2018-04-15 12:28:46.445337;(5, (1390, 1252, 418, 1, 0, 0, 0, 0, 0, 0))
2018-04-15 12:28:46.467882;(13, (743, 782, 31, 1, 0, 0, 0, 0, 0, 0))
2018-04-15 12:28:46.555503;(21, (820, 786, 93, 0, 0, 0, 0, 0, 0, 0))
2018-04-15 12:28:46.579448;(25, (764, 741, 19, 2, 0, 0, 0, 0, 0, 0))
2018-04-15 12:28:46.584215;(7, (815, 764, 101, 0, 0, 0, 0, 0, 0, 0))
2018-04-15 12:28:46.627790;(20, (1253, 1132, 307, 1, 0, 0, 0, 0, 0, 0))
2018-04-15 12:28:46.661495;(23, (1800, 1722, 949, 0, 0, 0, 0, 0, 0, 0))
2018-04-15 12:28:46.684693;(11, (869, 893, 124, 1, 0, 0, 0, 0, 0, 0))
2018-04-15 12:28:46.714495;(14, (884, 863, 97, 1, 0, 0, 0, 0, 0, 0))
2018-04-15 12:28:46.746758;(15, (1387, 1124, 358, 0, 0, 0, 0, 0, 0, 0))
2018-04-15 12:28:46.764954;(22, (1346, 1257, 470, 0, 0, 0, 0, 0, 0, 0))
2018-04-15 12:29:45.826785;(16, (739, 763, 6, 0, 0, 0, 0, 0, 0, 0))
2018-04-15 12:29:45.871021;(19, (684, 715, 14, 3, 0, 0, 0, 0, 0, 0))
2018-04-15 12:29:45.892119;(6, (2349, 2179, 1335, 0, 0, 0, 0, 0, 0, 0))
2018-04-15 12:29:45.906713;(12, (948, 848, 134, 0, 0, 0, 0, 0, 0, 0))
2018-04-15 12:29:45.951426;(18, (686, 752, 0, 0, 0, 0, 0, 0, 0, 0))
2018-04-15 12:29:45.957203;(1, (4256, 3710, 3304, 1652, 0, 0, 0, 0, 0, 0))
2018-04-15 12:29:45.977920;(2, (896, 942, 166, 1, 0, 0, 0, 0, 0, 0))
2018-04-15 12:29:46.060833;(17, (785, 732, 12, 0, 0, 0, 0, 0, 0, 0))
2018-04-15 12:29:46.095142;(10, (819, 826, 61, 3, 0, 0, 0, 0, 0, 0))
2018-04-15 12:29:46.170811;(4, (879, 788, 41, 1, 0, 0, 0, 0, 0, 0))
2018-04-15 12:29:46.195734;(3, (833, 776, 103, 0, 0, 0, 0, 0, 0, 0))
2018-04-15 12:29:46.274762;(8, (1087, 1042, 290, 1, 0, 0, 0, 0, 0, 0))
2018-04-15 12:29:46.296971;(26, (1049, 900, 114, 2, 0, 0, 0, 0, 0, 0))
2018-04-15 12:29:46.383921;(24, (796, 776, 12, 1, 0, 0, 0, 0, 0, 0))
2018-04-15 12:29:46.397699;(9, (1486, 1421, 619, 0, 0, 0, 0, 0, 0, 0))
2018-04-15 12:29:46.462523;(5, (1405, 1266, 418, 1, 0, 0, 0, 0, 0, 0))
2018-04-15 12:29:46.485048;(13, (757, 796, 31, 1, 0, 0, 0, 0, 0, 0))
2018-04-15 12:29:46.573014;(21, (834, 800, 93, 0, 0, 0, 0, 0, 0, 0))
2018-04-15 12:29:46.597192;(25, (779, 755, 19, 2, 0, 0, 0, 0, 0, 0))
2018-04-15 12:29:46.601887;(7, (829, 779, 101, 0, 0, 0, 0, 0, 0, 0))
2018-04-15 12:29:46.646415;(20, (1269, 1146, 307, 1, 0, 0, 0, 0, 0, 0))
2018-04-15 12:29:46.678999;(23, (1814, 1736, 949, 0, 0, 0, 0, 0, 0, 0))
2018-04-15 12:29:46.703870;(11, (883, 907, 124, 1, 0, 0, 0, 0, 0, 0))
2018-04-15 12:29:46.732579;(14, (899, 877, 97, 1, 0, 0, 0, 0, 0, 0))
2018-04-15 12:29:46.764287;(15, (1402, 1138, 358, 0, 0, 0, 0, 0, 0, 0))
2018-04-15 12:29:46.781860;(22, (1361, 1271, 470, 0, 0, 0, 0, 0, 0, 0))
2018-04-15 12:30:45.844825;(16, (756, 779, 6, 0, 0, 0, 0, 0, 0, 0))
2018-04-15 12:30:45.889164;(19, (701, 732, 14, 3, 0, 0, 0, 0, 0, 0))
2018-04-15 12:30:45.908241;(6, (2368, 2196, 1335, 0, 0, 0, 0, 0, 0, 0))
2018-04-15 12:30:45.923454;(12, (967, 864, 134, 0, 0, 0, 0, 0, 0, 0))
2018-04-15 12:30:45.968758;(18, (702, 768, 0, 0, 0, 0, 0, 0, 0, 0))
2018-04-15 12:30:45.974792;(1, (4274, 3726, 3304, 1652, 0, 0, 0, 0, 0, 0))
2018-04-15 12:30:45.994348;(2, (913, 959, 166, 1, 0, 0, 0, 0, 0, 0))
2018-04-15 12:30:46.077424;(17, (802, 749, 12, 0, 0, 0, 0, 0, 0, 0))
2018-04-15 12:30:46.111481;(10, (836, 842, 61, 3, 0, 0, 0, 0, 0, 0))
2018-04-15 12:30:46.187412;(4, (897, 804, 41, 1, 0, 0, 0, 0, 0, 0))
2018-04-15 12:30:46.211688;(3, (851, 792, 103, 0, 0, 0, 0, 0, 0, 0))
2018-04-15 12:30:46.291554;(8, (1105, 1058, 290, 1, 0, 0, 0, 0, 0, 0))
2018-04-15 12:30:46.315152;(26, (1067, 916, 114, 2, 0, 0, 0, 0, 0, 0))
2018-04-15 12:30:46.402060;(24, (813, 793, 12, 1, 0, 0, 0, 0, 0, 0))
2018-04-15 12:30:46.415010;(9, (1503, 1437, 619, 0, 0, 0, 0, 0, 0, 0))
2018-04-15 12:30:46.479330;(5, (1423, 1282, 418, 1, 0, 0, 0, 0, 0, 0))
2018-04-15 12:30:46.501711;(13, (774, 813, 31, 1, 0, 0, 0, 0, 0, 0))
2018-04-15 12:30:46.589353;(21, (853, 817, 93, 0, 0, 0, 0, 0, 0, 0))
2018-04-15 12:30:46.613792;(25, (796, 772, 19, 2, 0, 0, 0, 0, 0, 0))
2018-04-15 12:30:46.619648;(7, (847, 795, 101, 0, 0, 0, 0, 0, 0, 0))
2018-04-15 12:30:46.663591;(20, (1286, 1162, 307, 1, 0, 0, 0, 0, 0, 0))
2018-04-15 12:30:46.696980;(23, (1832, 1753, 949, 0, 0, 0, 0, 0, 0, 0))
2018-04-15 12:30:46.722538;(11, (901, 924, 124, 1, 0, 0, 0, 0, 0, 0))
2018-04-15 12:30:46.750077;(14, (916, 893, 97, 1, 0, 0, 0, 0, 0, 0))
2018-04-15 12:30:46.781641;(15, (1420, 1154, 358, 0, 0, 0, 0, 0, 0, 0))
2018-04-15 12:30:46.798648;(22, (1380, 1287, 470, 0, 0, 0, 0, 0, 0, 0))
2018-04-15 12:31:45.861413;(16, (773, 793, 6, 0, 0, 0, 0, 0, 0, 0))
2018-04-15 12:31:45.905925;(19, (715, 746, 14, 3, 0, 0, 0, 0, 0, 0))
2018-04-15 12:31:45.927498;(6, (2388, 2212, 1335, 0, 0, 0, 0, 0, 0, 0))
2018-04-15 12:31:45.940265;(12, (981, 878, 134, 0, 0, 0, 0, 0, 0, 0))
2018-04-15 12:31:45.985333;(18, (718, 783, 0, 0, 0, 0, 0, 0, 0, 0))
2018-04-15 12:31:45.991802;(1, (4291, 3740, 3304, 1652, 0, 0, 0, 0, 0, 0))
2018-04-15 12:31:46.011106;(2, (928, 973, 166, 1, 0, 0, 0, 0, 0, 0))
2018-04-15 12:31:46.095118;(17, (818, 769, 12, 0, 0, 0, 0, 0, 0, 0))
2018-04-15 12:31:46.128301;(10, (852, 857, 61, 3, 0, 0, 0, 0, 0, 0))
2018-04-15 12:31:46.204005;(4, (914, 818, 41, 1, 0, 0, 0, 0, 0, 0))
2018-04-15 12:31:46.229731;(3, (867, 806, 103, 0, 0, 0, 0, 0, 0, 0))
2018-04-15 12:31:46.308754;(8, (1124, 1072, 290, 1, 0, 0, 0, 0, 0, 0))
2018-04-15 12:31:46.334526;(26, (1086, 930, 114, 2, 0, 0, 0, 0, 0, 0))
2018-04-15 12:31:46.420596;(24, (829, 807, 12, 1, 0, 0, 0, 0, 0, 0))
2018-04-15 12:31:46.432374;(9, (1518, 1451, 619, 0, 0, 0, 0, 0, 0, 0))
2018-04-15 12:31:46.496959;(5, (1439, 1297, 418, 1, 0, 0, 0, 0, 0, 0))
2018-04-15 12:31:46.519505;(13, (791, 827, 31, 1, 0, 0, 0, 0, 0, 0))
2018-04-15 12:31:46.606835;(21, (868, 831, 93, 0, 0, 0, 0, 0, 0, 0))
2018-04-15 12:31:46.631482;(25, (811, 786, 19, 2, 0, 0, 0, 0, 0, 0))
2018-04-15 12:31:46.638249;(7, (861, 809, 101, 0, 0, 0, 0, 0, 0, 0))
2018-04-15 12:31:46.681212;(20, (1303, 1177, 307, 1, 0, 0, 0, 0, 0, 0))
2018-04-15 12:31:46.719652;(23, (1850, 1767, 949, 0, 0, 0, 0, 0, 0, 0))
2018-04-15 12:31:46.740511;(11, (916, 938, 124, 1, 0, 0, 0, 0, 0, 0))
2018-04-15 12:31:46.768848;(14, (931, 908, 97, 1, 0, 0, 0, 0, 0, 0))
2018-04-15 12:31:46.798274;(15, (1439, 1168, 358, 0, 0, 0, 0, 0, 0, 0))
2018-04-15 12:31:46.817665;(22, (1395, 1302, 470, 0, 0, 0, 0, 0, 0, 0))
2018-04-15 12:32:45.877254;(16, (789, 806, 6, 0, 0, 0, 0, 0, 0, 0))
2018-04-15 12:32:45.922169;(19, (727, 758, 14, 3, 0, 0, 0, 0, 0, 0))
2018-04-15 12:32:45.945475;(6, (2424, 2243, 1351, 0, 0, 0, 0, 0, 0, 0))
2018-04-15 12:32:45.957041;(12, (993, 891, 134, 0, 0, 0, 0, 0, 0, 0))
2018-04-15 12:32:46.002910;(18, (733, 795, 0, 0, 0, 0, 0, 0, 0, 0))
2018-04-15 12:32:46.009263;(1, (4338, 3783, 3332, 1667, 0, 0, 0, 0, 0, 0))
2018-04-15 12:32:46.111122;(17, (836, 785, 12, 0, 0, 0, 0, 0, 0, 0))
2018-04-15 12:32:46.143969;(10, (867, 875, 61, 3, 0, 0, 0, 0, 0, 0))
2018-04-15 12:32:46.219861;(4, (930, 833, 41, 1, 0, 0, 0, 0, 0, 0))
2018-04-15 12:32:46.250308;(3, (915, 866, 103, 0, 0, 0, 0, 0, 0, 0))
2018-04-15 12:32:46.325167;(8, (1141, 1087, 290, 1, 0, 0, 0, 0, 0, 0))
2018-04-15 12:32:46.351561;(26, (1105, 946, 114, 2, 0, 0, 0, 0, 0, 0))
2018-04-15 12:32:46.438306;(24, (845, 821, 12, 1, 0, 0, 0, 0, 0, 0))
2018-04-15 12:32:46.448901;(9, (1537, 1468, 620, 0, 0, 0, 0, 0, 0, 0))
2018-04-15 12:32:46.515533;(5, (1459, 1312, 418, 1, 0, 0, 0, 0, 0, 0))
2018-04-15 12:32:46.536410;(13, (811, 841, 31, 1, 0, 0, 0, 0, 0, 0))
2018-04-15 12:32:46.623339;(21, (882, 845, 93, 0, 0, 0, 0, 0, 0, 0))
2018-04-15 12:32:46.648147;(25, (827, 800, 19, 2, 0, 0, 0, 0, 0, 0))
2018-04-15 12:32:46.655401;(7, (875, 823, 101, 0, 0, 0, 0, 0, 0, 0))
2018-04-15 12:32:46.700133;(20, (1324, 1191, 307, 1, 0, 0, 0, 0, 0, 0))
2018-04-15 12:32:46.736518;(23, (1875, 1788, 955, 0, 0, 0, 0, 0, 0, 0))
2018-04-15 12:32:46.758081;(11, (933, 953, 124, 1, 0, 0, 0, 0, 0, 0))
2018-04-15 12:32:46.787317;(14, (947, 922, 97, 1, 0, 0, 0, 0, 0, 0))
2018-04-15 12:32:46.816914;(15, (1458, 1183, 358, 0, 0, 0, 0, 0, 0, 0))
2018-04-15 12:32:46.835154;(22, (1423, 1330, 482, 0, 0, 0, 0, 0, 0, 0))
2018-04-15 12:33:45.891213;(16, (929, 985, 6, 0, 0, 0, 0, 0, 0, 0))
2018-04-15 12:33:45.935601;(19, (925, 985, 82, 4, 0, 0, 0, 0, 0, 0))
2018-04-15 12:33:45.957049;(6, (3052, 2855, 1771, 0, 0, 0, 0, 0, 0, 0))
2018-04-15 12:33:45.972417;(12, (1233, 1128, 213, 0, 0, 0, 0, 0, 0, 0))
2018-04-15 12:33:46.016387;(18, (820, 892, 4, 2, 0, 0, 0, 0, 0, 0))
2018-04-15 12:33:46.020838;(1, (5990, 5284, 4819, 2410, 0, 0, 0, 0, 0, 0))
2018-04-15 12:33:46.042249;(2, (1266, 1341, 330, 1, 0, 0, 0, 0, 0, 0))
2018-04-15 12:33:46.122796;(17, (1032, 982, 44, 0, 0, 0, 0, 0, 0, 0))
2018-04-15 12:33:46.157870;(10, (1086, 1119, 105, 6, 0, 0, 0, 0, 0, 0))
2018-04-15 12:33:46.232515;(4, (1236, 1167, 186, 1, 0, 0, 0, 0, 0, 0))
2018-04-15 12:33:46.262310;(3, (1144, 1112, 186, 0, 0, 0, 0, 0, 0, 0))
2018-04-15 12:33:46.339484;(8, (1542, 1502, 507, 2, 0, 0, 0, 0, 0, 0))
2018-04-15 12:33:46.367795;(26, (1326, 1181, 143, 2, 0, 0, 0, 0, 0, 0))
2018-04-15 12:33:46.454304;(24, (1013, 1008, 20, 1, 0, 0, 0, 0, 0, 0))
2018-04-15 12:33:46.461973;(9, (1902, 1851, 799, 2, 0, 0, 0, 0, 0, 0))
2018-04-15 12:33:46.533574;(5, (1832, 1680, 559, 3, 0, 0, 0, 0, 0, 0))
2018-04-15 12:33:46.557677;(13, (991, 1045, 53, 1, 0, 0, 0, 0, 0, 0))
2018-04-15 12:33:46.639948;(21, (1130, 1123, 180, 0, 0, 0, 0, 0, 0, 0))
2018-04-15 12:33:46.661185;(25, (936, 931, 31, 2, 0, 0, 0, 0, 0, 0))
2018-04-15 12:33:46.672327;(7, (1073, 1019, 141, 0, 0, 0, 0, 0, 0, 0))
2018-04-15 12:33:46.715078;(20, (1715, 1585, 486, 2, 0, 0, 0, 0, 0, 0))
2018-04-15 12:33:46.751497;(23, (2452, 2383, 1356, 2, 0, 0, 0, 0, 0, 0))
2018-04-15 12:33:46.772691;(11, (1208, 1255, 233, 2, 0, 0, 0, 0, 0, 0))
2018-04-15 12:33:46.800030;(14, (1061, 1051, 100, 2, 0, 0, 0, 0, 0, 0))
2018-04-15 12:33:46.835978;(15, (1723, 1435, 423, 0, 0, 0, 0, 0, 0, 0))
2018-04-15 12:33:46.850283;(22, (2084, 1979, 914, 1, 0, 0, 0, 0, 0, 0))
2018-04-15 12:34:45.905793;(16, (962, 1008, 6, 0, 0, 0, 0, 0, 0, 0))
2018-04-15 12:34:45.949973;(19, (961, 1010, 82, 4, 0, 0, 0, 0, 0, 0))
2018-04-15 12:34:45.970950;(6, (3124, 2896, 1782, 0, 0, 0, 0, 0, 0, 0))
2018-04-15 12:34:45.987560;(12, (1278, 1156, 213, 0, 0, 0, 0, 0, 0, 0))
2018-04-15 12:34:46.033744;(18, (904, 999, 4, 2, 0, 0, 0, 0, 0, 0))
2018-04-15 12:34:46.037043;(1, (6244, 5449, 4970, 2485, 0, 0, 0, 0, 0, 0))
2018-04-15 12:34:46.057784;(2, (1486, 1536, 464, 1, 0, 0, 0, 0, 0, 0))
2018-04-15 12:34:46.139095;(17, (1080, 1002, 44, 0, 0, 0, 0, 0, 0, 0))
2018-04-15 12:34:46.172476;(10, (1285, 1305, 232, 6, 0, 0, 0, 0, 0, 0))
2018-04-15 12:34:46.248651;(4, (1316, 1251, 187, 1, 0, 0, 0, 0, 0, 0))
2018-04-15 12:34:46.277015;(3, (1204, 1150, 197, 0, 0, 0, 0, 0, 0, 0))
2018-04-15 12:34:46.354508;(8, (1586, 1534, 508, 2, 0, 0, 0, 0, 0, 0))
2018-04-15 12:34:46.382314;(26, (1543, 1368, 263, 2, 0, 0, 0, 0, 0, 0))
2018-04-15 12:34:46.470300;(24, (1053, 1045, 20, 1, 0, 0, 0, 0, 0, 0))
2018-04-15 12:34:46.480280;(9, (1956, 1897, 810, 2, 0, 0, 0, 0, 0, 0))
2018-04-15 12:34:46.547529;(5, (1946, 1770, 605, 4, 0, 0, 0, 0, 0, 0))
2018-04-15 12:34:46.572847;(13, (1027, 1062, 53, 1, 0, 0, 0, 0, 0, 0))
2018-04-15 12:34:46.655109;(21, (1183, 1147, 180, 0, 0, 0, 0, 0, 0, 0))
2018-04-15 12:34:46.679728;(25, (1033, 1032, 31, 2, 0, 0, 0, 0, 0, 0))
2018-04-15 12:34:46.686966;(7, (1110, 1046, 141, 0, 0, 0, 0, 0, 0, 0))
2018-04-15 12:34:46.731549;(20, (1771, 1611, 487, 2, 0, 0, 0, 0, 0, 0))
2018-04-15 12:34:46.769797;(23, (2489, 2403, 1356, 2, 0, 0, 0, 0, 0, 0))
2018-04-15 12:34:46.788740;(11, (1413, 1445, 359, 2, 0, 0, 0, 0, 0, 0))
2018-04-15 12:34:46.819905;(14, (1148, 1139, 100, 2, 0, 0, 0, 0, 0, 0))
2018-04-15 12:34:46.853097;(15, (1796, 1472, 434, 0, 0, 0, 0, 0, 0, 0))
2018-04-15 12:34:46.865368;(22, (2312, 2176, 1041, 1, 0, 0, 0, 0, 0, 0))
2018-04-15 12:35:45.922113;(16, (981, 1023, 6, 0, 0, 0, 0, 0, 0, 0))
2018-04-15 12:35:45.966496;(19, (982, 1026, 82, 4, 0, 0, 0, 0, 0, 0))
2018-04-15 12:35:46.004096;(12, (1302, 1172, 213, 0, 0, 0, 0, 0, 0, 0))
2018-04-15 12:35:46.049865;(18, (925, 1020, 4, 2, 0, 0, 0, 0, 0, 0))
2018-04-15 12:35:46.074169;(2, (1518, 1561, 464, 1, 0, 0, 0, 0, 0, 0))
2018-04-15 12:35:46.155797;(17, (1100, 1017, 44, 0, 0, 0, 0, 0, 0, 0))
2018-04-15 12:35:46.188547;(10, (1322, 1330, 232, 6, 0, 0, 0, 0, 0, 0))
2018-04-15 12:35:46.264578;(4, (1346, 1267, 187, 1, 0, 0, 0, 0, 0, 0))
2018-04-15 12:35:46.398463;(26, (1583, 1389, 263, 2, 0, 0, 0, 0, 0, 0))
2018-04-15 12:35:46.487554;(24, (1078, 1061, 20, 1, 0, 0, 0, 0, 0, 0))
2018-04-15 12:35:46.497212;(9, (1981, 1912, 810, 2, 0, 0, 0, 0, 0, 0))
2018-04-15 12:35:46.564288;(5, (1976, 1793, 605, 4, 0, 0, 0, 0, 0, 0))
2018-04-15 12:35:46.589475;(13, (1051, 1077, 53, 1, 0, 0, 0, 0, 0, 0))
2018-04-15 12:35:46.672853;(21, (1208, 1162, 180, 0, 0, 0, 0, 0, 0, 0))
2018-04-15 12:35:46.697693;(25, (1056, 1048, 31, 2, 0, 0, 0, 0, 0, 0))
2018-04-15 12:35:46.704432;(7, (1129, 1062, 141, 0, 0, 0, 0, 0, 0, 0))
2018-04-15 12:35:46.748622;(20, (1796, 1626, 487, 2, 0, 0, 0, 0, 0, 0))
2018-04-15 12:35:46.786753;(23, (2509, 2418, 1356, 2, 0, 0, 0, 0, 0, 0))
2018-04-15 12:35:46.809295;(11, (1441, 1468, 359, 2, 0, 0, 0, 0, 0, 0))
2018-04-15 12:35:46.838302;(14, (1172, 1161, 100, 2, 0, 0, 0, 0, 0, 0))
2018-04-15 12:35:46.871076;(15, (1826, 1487, 434, 0, 0, 0, 0, 0, 0, 0))
2018-04-15 12:35:46.987713;(6, (3148, 2911, 1782, 0, 0, 0, 0, 0, 0, 0))
2018-04-15 12:35:47.053697;(1, (6277, 5463, 4970, 2485, 0, 0, 0, 0, 0, 0))
2018-04-15 12:35:47.293496;(3, (1226, 1163, 197, 0, 0, 0, 0, 0, 0, 0))
2018-04-15 12:35:47.371321;(8, (1608, 1549, 508, 2, 0, 0, 0, 0, 0, 0))
2018-04-15 12:35:47.883379;(22, (2344, 2199, 1041, 1, 0, 0, 0, 0, 0, 0))
2018-04-15 12:36:46.938233;(16, (998, 1038, 6, 0, 0, 0, 0, 0, 0, 0))
2018-04-15 12:36:46.984018;(19, (999, 1041, 82, 4, 0, 0, 0, 0, 0, 0))
2018-04-15 12:36:47.005743;(6, (3167, 2925, 1782, 0, 0, 0, 0, 0, 0, 0))
2018-04-15 12:36:47.022061;(12, (1320, 1187, 213, 0, 0, 0, 0, 0, 0, 0))
2018-04-15 12:36:47.067000;(18, (940, 1035, 4, 2, 0, 0, 0, 0, 0, 0))
2018-04-15 12:36:47.071068;(1, (6295, 5477, 4970, 2485, 0, 0, 0, 0, 0, 0))
2018-04-15 12:36:47.091886;(2, (1536, 1575, 464, 1, 0, 0, 0, 0, 0, 0))
2018-04-15 12:36:47.172621;(17, (1118, 1031, 44, 0, 0, 0, 0, 0, 0, 0))
2018-04-15 12:36:47.205429;(10, (1339, 1344, 232, 6, 0, 0, 0, 0, 0, 0))
2018-04-15 12:36:47.282496;(4, (1363, 1282, 187, 1, 0, 0, 0, 0, 0, 0))
2018-04-15 12:36:47.310811;(3, (1244, 1178, 197, 0, 0, 0, 0, 0, 0, 0))
2018-04-15 12:36:47.388677;(8, (1622, 1562, 508, 2, 0, 0, 0, 0, 0, 0))
2018-04-15 12:36:47.415042;(26, (1603, 1404, 263, 2, 0, 0, 0, 0, 0, 0))
2018-04-15 12:36:47.506609;(24, (1095, 1076, 20, 1, 0, 0, 0, 0, 0, 0))
2018-04-15 12:36:47.515380;(9, (1996, 1927, 810, 2, 0, 0, 0, 0, 0, 0))
2018-04-15 12:36:47.584797;(5, (1996, 1807, 605, 4, 0, 0, 0, 0, 0, 0))
2018-04-15 12:36:47.608756;(13, (1067, 1091, 53, 1, 0, 0, 0, 0, 0, 0))
2018-04-15 12:36:47.693083;(21, (1227, 1176, 180, 0, 0, 0, 0, 0, 0, 0))
2018-04-15 12:36:47.716314;(25, (1073, 1062, 31, 2, 0, 0, 0, 0, 0, 0))
2018-04-15 12:36:47.723849;(7, (1146, 1077, 141, 0, 0, 0, 0, 0, 0, 0))
2018-04-15 12:36:47.766937;(20, (1816, 1640, 487, 2, 0, 0, 0, 0, 0, 0))
2018-04-15 12:36:47.805096;(23, (2526, 2432, 1356, 2, 0, 0, 0, 0, 0, 0))
2018-04-15 12:36:47.827336;(11, (1457, 1483, 359, 2, 0, 0, 0, 0, 0, 0))
2018-04-15 12:36:47.856311;(14, (1188, 1177, 100, 2, 0, 0, 0, 0, 0, 0))
2018-04-15 12:36:47.888982;(15, (1844, 1501, 434, 0, 0, 0, 0, 0, 0, 0))
2018-04-15 12:36:47.901597;(22, (2360, 2214, 1041, 1, 0, 0, 0, 0, 0, 0))
2018-04-15 12:37:46.954771;(16, (1015, 1052, 6, 0, 0, 0, 0, 0, 0, 0))
2018-04-15 12:37:47.001026;(19, (1019, 1059, 82, 4, 0, 0, 0, 0, 0, 0))
2018-04-15 12:37:47.023087;(6, (3192, 2941, 1782, 0, 0, 0, 0, 0, 0, 0))
2018-04-15 12:37:47.083628;(18, (957, 1056, 4, 2, 0, 0, 0, 0, 0, 0))
2018-04-15 12:37:47.088074;(1, (6323, 5491, 4970, 2485, 0, 0, 0, 0, 0, 0))
2018-04-15 12:37:47.109334;(2, (1563, 1596, 464, 1, 0, 0, 0, 0, 0, 0))
2018-04-15 12:37:47.188880;(17, (1137, 1046, 44, 0, 0, 0, 0, 0, 0, 0))
2018-04-15 12:37:47.221829;(10, (1359, 1362, 232, 6, 0, 0, 0, 0, 0, 0))
2018-04-15 12:37:47.298758;(4, (1379, 1296, 187, 1, 0, 0, 0, 0, 0, 0))
2018-04-15 12:37:47.327201;(3, (1267, 1195, 197, 0, 0, 0, 0, 0, 0, 0))
2018-04-15 12:37:47.405683;(8, (1641, 1576, 508, 2, 0, 0, 0, 0, 0, 0))
2018-04-15 12:37:47.431834;(26, (1625, 1419, 263, 2, 0, 0, 0, 0, 0, 0))
2018-04-15 12:37:47.524147;(24, (1110, 1090, 20, 1, 0, 0, 0, 0, 0, 0))
2018-04-15 12:37:47.533066;(9, (2012, 1940, 810, 2, 0, 0, 0, 0, 0, 0))
2018-04-15 12:37:47.602977;(5, (2015, 1822, 605, 4, 0, 0, 0, 0, 0, 0))
2018-04-15 12:37:47.626327;(13, (1084, 1106, 53, 1, 0, 0, 0, 0, 0, 0))
2018-04-15 12:37:47.710853;(21, (1250, 1195, 180, 0, 0, 0, 0, 0, 0, 0))
2018-04-15 12:37:47.734797;(25, (1088, 1077, 31, 2, 0, 0, 0, 0, 0, 0))
2018-04-15 12:37:47.742714;(7, (1170, 1091, 141, 0, 0, 0, 0, 0, 0, 0))
2018-04-15 12:37:47.785220;(20, (1831, 1655, 487, 2, 0, 0, 0, 0, 0, 0))
2018-04-15 12:37:47.824318;(23, (2545, 2447, 1356, 2, 0, 0, 0, 0, 0, 0))
2018-04-15 12:37:47.844624;(11, (1482, 1500, 359, 2, 0, 0, 0, 0, 0, 0))
2018-04-15 12:37:47.874961;(14, (1204, 1191, 100, 2, 0, 0, 0, 0, 0, 0))
2018-04-15 12:37:47.906725;(15, (1866, 1515, 434, 0, 0, 0, 0, 0, 0, 0))
2018-04-15 12:37:47.921968;(22, (2390, 2235, 1041, 1, 0, 0, 0, 0, 0, 0))
2018-04-15 12:37:49.039631;(12, (1343, 1207, 213, 0, 0, 0, 0, 0, 0, 0))
2018-04-15 12:38:46.971180;(16, (1032, 1069, 6, 0, 0, 0, 0, 0, 0, 0))
2018-04-15 12:38:47.018622;(19, (1039, 1077, 82, 4, 0, 0, 0, 0, 0, 0))
2018-04-15 12:38:47.039568;(6, (3213, 2957, 1782, 0, 0, 0, 0, 0, 0, 0))
2018-04-15 12:38:47.099864;(18, (973, 1075, 4, 2, 0, 0, 0, 0, 0, 0))
2018-04-15 12:38:47.103903;(1, (6342, 5507, 4970, 2485, 0, 0, 0, 0, 0, 0))
2018-04-15 12:38:47.125368;(2, (1583, 1611, 464, 1, 0, 0, 0, 0, 0, 0))
2018-04-15 12:38:47.204475;(17, (1153, 1062, 44, 0, 0, 0, 0, 0, 0, 0))
2018-04-15 12:38:47.237903;(10, (1382, 1379, 232, 6, 0, 0, 0, 0, 0, 0))
2018-04-15 12:38:47.314801;(4, (1397, 1311, 187, 1, 0, 0, 0, 0, 0, 0))
2018-04-15 12:38:47.343054;(3, (1286, 1209, 197, 0, 0, 0, 0, 0, 0, 0))
2018-04-15 12:38:47.421910;(8, (1658, 1593, 508, 2, 0, 0, 0, 0, 0, 0))
2018-04-15 12:38:47.448064;(26, (1648, 1437, 263, 2, 0, 0, 0, 0, 0, 0))
2018-04-15 12:38:47.541640;(24, (1128, 1105, 20, 1, 0, 0, 0, 0, 0, 0))
2018-04-15 12:38:47.550332;(9, (2029, 1954, 810, 2, 0, 0, 0, 0, 0, 0))
2018-04-15 12:38:47.620078;(5, (2033, 1835, 605, 4, 0, 0, 0, 0, 0, 0))
2018-04-15 12:38:47.642186;(13, (1097, 1118, 53, 1, 0, 0, 0, 0, 0, 0))
2018-04-15 12:38:47.728356;(21, (1268, 1211, 180, 0, 0, 0, 0, 0, 0, 0))
2018-04-15 12:38:47.751741;(25, (1106, 1091, 31, 2, 0, 0, 0, 0, 0, 0))
2018-04-15 12:38:47.759953;(7, (1187, 1106, 141, 0, 0, 0, 0, 0, 0, 0))
2018-04-15 12:38:47.802073;(20, (1849, 1669, 487, 2, 0, 0, 0, 0, 0, 0))
2018-04-15 12:38:47.843382;(23, (2562, 2461, 1356, 2, 0, 0, 0, 0, 0, 0))
2018-04-15 12:38:47.861431;(11, (1500, 1516, 359, 2, 0, 0, 0, 0, 0, 0))
2018-04-15 12:38:47.892975;(14, (1222, 1206, 100, 2, 0, 0, 0, 0, 0, 0))
2018-04-15 12:38:47.924436;(15, (1884, 1529, 434, 0, 0, 0, 0, 0, 0, 0))
2018-04-15 12:38:47.943058;(22, (2409, 2250, 1041, 1, 0, 0, 0, 0, 0, 0))
2018-04-15 12:38:49.055899;(12, (1367, 1226, 213, 0, 0, 0, 0, 0, 0, 0))
2018-04-15 12:39:46.988512;(16, (1046, 1083, 6, 0, 0, 0, 0, 0, 0, 0))
2018-04-15 12:39:47.035958;(19, (1056, 1092, 82, 4, 0, 0, 0, 0, 0, 0))
2018-04-15 12:39:47.056473;(6, (3229, 2971, 1782, 0, 0, 0, 0, 0, 0, 0))
2018-04-15 12:39:47.116330;(18, (987, 1090, 4, 2, 0, 0, 0, 0, 0, 0))
2018-04-15 12:39:47.120163;(1, (6357, 5521, 4970, 2485, 0, 0, 0, 0, 0, 0))
2018-04-15 12:39:47.141979;(2, (1601, 1627, 464, 1, 0, 0, 0, 0, 0, 0))
2018-04-15 12:39:47.220779;(17, (1168, 1076, 44, 0, 0, 0, 0, 0, 0, 0))
2018-04-15 12:39:47.253948;(10, (1398, 1393, 232, 6, 0, 0, 0, 0, 0, 0))
2018-04-15 12:39:47.331314;(4, (1413, 1327, 187, 1, 0, 0, 0, 0, 0, 0))
2018-04-15 12:39:47.359740;(3, (1302, 1223, 197, 0, 0, 0, 0, 0, 0, 0))
2018-04-15 12:39:47.441428;(8, (1672, 1607, 508, 2, 0, 0, 0, 0, 0, 0))
2018-04-15 12:39:47.464794;(26, (1663, 1451, 263, 2, 0, 0, 0, 0, 0, 0))
2018-04-15 12:39:47.559891;(24, (1140, 1117, 20, 1, 0, 0, 0, 0, 0, 0))
2018-04-15 12:39:47.567968;(9, (2045, 1970, 810, 2, 0, 0, 0, 0, 0, 0))
2018-04-15 12:39:47.638074;(5, (2050, 1851, 605, 4, 0, 0, 0, 0, 0, 0))
2018-04-15 12:39:47.659380;(13, (1113, 1134, 53, 1, 0, 0, 0, 0, 0, 0))
2018-04-15 12:39:47.747843;(21, (1282, 1224, 180, 0, 0, 0, 0, 0, 0, 0))
2018-04-15 12:39:47.770475;(25, (1120, 1105, 31, 2, 0, 0, 0, 0, 0, 0))
2018-04-15 12:39:47.777778;(7, (1204, 1120, 141, 0, 0, 0, 0, 0, 0, 0))
2018-04-15 12:39:47.820633;(20, (1863, 1683, 487, 2, 0, 0, 0, 0, 0, 0))
2018-04-15 12:39:47.863545;(23, (2577, 2475, 1356, 2, 0, 0, 0, 0, 0, 0))
2018-04-15 12:39:47.879232;(11, (1516, 1530, 359, 2, 0, 0, 0, 0, 0, 0))
2018-04-15 12:39:47.911389;(14, (1236, 1220, 100, 2, 0, 0, 0, 0, 0, 0))
2018-04-15 12:39:47.942279;(15, (1899, 1543, 434, 0, 0, 0, 0, 0, 0, 0))
2018-04-15 12:39:47.960344;(22, (2424, 2264, 1041, 1, 0, 0, 0, 0, 0, 0))
2018-04-15 12:39:49.072627;(12, (1383, 1241, 213, 0, 0, 0, 0, 0, 0, 0))
2018-04-15 12:40:47.008142;(16, (1059, 1095, 6, 0, 0, 0, 0, 0, 0, 0))
2018-04-15 12:40:47.053603;(19, (1068, 1104, 82, 4, 0, 0, 0, 0, 0, 0))
2018-04-15 12:40:47.073063;(6, (3243, 2985, 1782, 0, 0, 0, 0, 0, 0, 0))
2018-04-15 12:40:47.133777;(18, (1002, 1110, 4, 2, 0, 0, 0, 0, 0, 0))
2018-04-15 12:40:47.137179;(1, (6374, 5535, 4970, 2485, 0, 0, 0, 0, 0, 0))
2018-04-15 12:40:47.161837;(2, (1618, 1644, 464, 1, 0, 0, 0, 0, 0, 0))
2018-04-15 12:40:47.237378;(17, (1183, 1090, 44, 0, 0, 0, 0, 0, 0, 0))
2018-04-15 12:40:47.270407;(10, (1418, 1411, 232, 6, 0, 0, 0, 0, 0, 0))
2018-04-15 12:40:47.348417;(4, (1428, 1341, 187, 1, 0, 0, 0, 0, 0, 0))
2018-04-15 12:40:47.377765;(3, (1316, 1237, 197, 0, 0, 0, 0, 0, 0, 0))
2018-04-15 12:40:47.458423;(8, (1687, 1621, 508, 2, 0, 0, 0, 0, 0, 0))
2018-04-15 12:40:47.482192;(26, (1684, 1466, 263, 2, 0, 0, 0, 0, 0, 0))
2018-04-15 12:40:47.577148;(24, (1154, 1131, 20, 1, 0, 0, 0, 0, 0, 0))
2018-04-15 12:40:47.587136;(9, (2060, 1984, 810, 2, 0, 0, 0, 0, 0, 0))
2018-04-15 12:40:47.655431;(5, (2068, 1865, 605, 4, 0, 0, 0, 0, 0, 0))
2018-04-15 12:40:47.676826;(13, (1128, 1148, 53, 1, 0, 0, 0, 0, 0, 0))
2018-04-15 12:40:47.765651;(21, (1298, 1240, 180, 0, 0, 0, 0, 0, 0, 0))
2018-04-15 12:40:47.789562;(25, (1134, 1119, 31, 2, 0, 0, 0, 0, 0, 0))
2018-04-15 12:40:47.796746;(7, (1218, 1134, 141, 0, 0, 0, 0, 0, 0, 0))
2018-04-15 12:40:47.838826;(20, (1877, 1698, 487, 2, 0, 0, 0, 0, 0, 0))
2018-04-15 12:40:47.880887;(23, (2591, 2489, 1356, 2, 0, 0, 0, 0, 0, 0))
2018-04-15 12:40:47.897697;(11, (1534, 1547, 359, 2, 0, 0, 0, 0, 0, 0))
2018-04-15 12:40:47.930281;(14, (1251, 1234, 100, 2, 0, 0, 0, 0, 0, 0))
2018-04-15 12:40:47.962286;(15, (1914, 1557, 434, 0, 0, 0, 0, 0, 0, 0))
2018-04-15 12:40:47.978101;(22, (2442, 2281, 1041, 1, 0, 0, 0, 0, 0, 0))
2018-04-15 12:40:49.090229;(12, (1397, 1255, 213, 0, 0, 0, 0, 0, 0, 0))
2018-04-15 12:41:47.027151;(16, (1075, 1110, 6, 0, 0, 0, 0, 0, 0, 0))
2018-04-15 12:41:47.070349;(19, (1084, 1119, 82, 4, 0, 0, 0, 0, 0, 0))
2018-04-15 12:41:47.090563;(6, (3263, 2998, 1782, 0, 0, 0, 0, 0, 0, 0))
2018-04-15 12:41:47.150336;(18, (1015, 1129, 4, 2, 0, 0, 0, 0, 0, 0))
2018-04-15 12:41:47.155049;(1, (6395, 5547, 4970, 2485, 0, 0, 0, 0, 0, 0))
2018-04-15 12:41:47.178605;(2, (1639, 1664, 464, 1, 0, 0, 0, 0, 0, 0))
2018-04-15 12:41:47.253910;(17, (1204, 1106, 44, 0, 0, 0, 0, 0, 0, 0))
2018-04-15 12:41:47.287435;(10, (1442, 1430, 232, 6, 0, 0, 0, 0, 0, 0))
2018-04-15 12:41:47.364545;(4, (1450, 1357, 187, 1, 0, 0, 0, 0, 0, 0))
2018-04-15 12:41:47.393760;(3, (1334, 1252, 197, 0, 0, 0, 0, 0, 0, 0))
2018-04-15 12:41:47.474694;(8, (1704, 1636, 508, 2, 0, 0, 0, 0, 0, 0))
2018-04-15 12:41:47.498835;(26, (1717, 1485, 263, 2, 0, 0, 0, 0, 0, 0))
2018-04-15 12:41:47.593969;(24, (1172, 1151, 20, 1, 0, 0, 0, 0, 0, 0))
2018-04-15 12:41:47.604715;(9, (2079, 2003, 810, 2, 0, 0, 0, 0, 0, 0))
2018-04-15 12:41:47.672362;(5, (2095, 1879, 605, 4, 0, 0, 0, 0, 0, 0))
2018-04-15 12:41:47.694029;(13, (1147, 1162, 53, 1, 0, 0, 0, 0, 0, 0))
2018-04-15 12:41:47.783343;(21, (1317, 1255, 180, 0, 0, 0, 0, 0, 0, 0))
2018-04-15 12:41:47.806877;(25, (1153, 1134, 31, 2, 0, 0, 0, 0, 0, 0))
2018-04-15 12:41:47.814097;(7, (1236, 1148, 141, 0, 0, 0, 0, 0, 0, 0))
2018-04-15 12:41:47.855568;(20, (1899, 1712, 487, 2, 0, 0, 0, 0, 0, 0))
2018-04-15 12:41:47.898295;(23, (2611, 2504, 1356, 2, 0, 0, 0, 0, 0, 0))
2018-04-15 12:41:47.916983;(11, (1556, 1566, 359, 2, 0, 0, 0, 0, 0, 0))
2018-04-15 12:41:47.948630;(14, (1272, 1251, 100, 2, 0, 0, 0, 0, 0, 0))
2018-04-15 12:41:47.981492;(15, (1934, 1573, 434, 0, 0, 0, 0, 0, 0, 0))
2018-04-15 12:41:47.996004;(22, (2467, 2300, 1041, 1, 0, 0, 0, 0, 0, 0))
2018-04-15 12:41:50.107471;(12, (1415, 1270, 213, 0, 0, 0, 0, 0, 0, 0))
2018-04-15 12:42:47.048520;(16, (1090, 1124, 6, 0, 0, 0, 0, 0, 0, 0))
2018-04-15 12:42:47.088203;(19, (1100, 1133, 82, 4, 0, 0, 0, 0, 0, 0))
2018-04-15 12:42:47.106068;(6, (3328, 3062, 1832, 0, 0, 0, 0, 0, 0, 0))
2018-04-15 12:42:47.166104;(18, (1029, 1144, 4, 2, 0, 0, 0, 0, 0, 0))
2018-04-15 12:42:47.171213;(1, (6492, 5641, 5050, 2525, 0, 0, 0, 0, 0, 0))
2018-04-15 12:42:47.195358;(2, (1693, 1729, 469, 1, 0, 0, 0, 0, 0, 0))
2018-04-15 12:42:47.270047;(17, (1218, 1118, 44, 0, 0, 0, 0, 0, 0, 0))
2018-04-15 12:42:47.304179;(10, (1465, 1450, 237, 6, 0, 0, 0, 0, 0, 0))
2018-04-15 12:42:47.382913;(4, (1469, 1374, 187, 1, 0, 0, 0, 0, 0, 0))
2018-04-15 12:42:47.413383;(3, (1439, 1388, 197, 0, 0, 0, 0, 0, 0, 0))
2018-04-15 12:42:47.491186;(8, (1718, 1650, 508, 2, 0, 0, 0, 0, 0, 0))
2018-04-15 12:42:47.516470;(26, (1742, 1506, 268, 2, 0, 0, 0, 0, 0, 0))
2018-04-15 12:42:47.610519;(24, (1187, 1172, 20, 1, 0, 0, 0, 0, 0, 0))
2018-04-15 12:42:47.621497;(9, (2093, 2018, 810, 2, 0, 0, 0, 0, 0, 0))
2018-04-15 12:42:47.689619;(5, (2118, 1899, 605, 4, 0, 0, 0, 0, 0, 0))
2018-04-15 12:42:47.712025;(13, (1162, 1177, 53, 1, 0, 0, 0, 0, 0, 0))
2018-04-15 12:42:47.802919;(21, (1332, 1269, 180, 0, 0, 0, 0, 0, 0, 0))
2018-04-15 12:42:47.824364;(25, (1172, 1148, 31, 2, 0, 0, 0, 0, 0, 0))
2018-04-15 12:42:47.831948;(7, (1250, 1163, 141, 0, 0, 0, 0, 0, 0, 0))
2018-04-15 12:42:47.873260;(20, (1914, 1726, 487, 2, 0, 0, 0, 0, 0, 0))
2018-04-15 12:42:47.916087;(23, (2626, 2518, 1356, 2, 0, 0, 0, 0, 0, 0))
2018-04-15 12:42:47.933619;(11, (1577, 1590, 364, 2, 0, 0, 0, 0, 0, 0))
2018-04-15 12:42:47.965971;(14, (1290, 1265, 100, 2, 0, 0, 0, 0, 0, 0))
2018-04-15 12:42:48.004034;(15, (1950, 1587, 434, 0, 0, 0, 0, 0, 0, 0))
2018-04-15 12:42:48.017820;(22, (2512, 2345, 1070, 1, 0, 0, 0, 0, 0, 0))
2018-04-15 12:42:50.124648;(12, (1439, 1289, 216, 0, 0, 0, 0, 0, 0, 0))
2018-04-15 12:43:47.069653;(16, (1125, 1153, 6, 7, 0, 0, 0, 0, 0, 0))
2018-04-15 12:43:47.104538;(19, (1200, 1253, 82, 6, 0, 0, 0, 0, 0, 0))
2018-04-15 12:43:47.121766;(6, (3975, 3724, 2285, 0, 0, 0, 0, 0, 0, 0))
2018-04-15 12:43:47.180875;(18, (1122, 1254, 11, 4, 0, 0, 0, 0, 0, 0))
2018-04-15 12:43:47.183786;(1, (7732, 6759, 6152, 3076, 0, 0, 0, 0, 0, 0))
2018-04-15 12:43:47.208772;(2, (2158, 2192, 762, 2, 0, 0, 0, 0, 0, 0))
2018-04-15 12:43:47.286003;(17, (1554, 1469, 214, 0, 0, 0, 0, 0, 0, 0))
2018-04-15 12:43:47.319136;(10, (1802, 1796, 403, 13, 0, 0, 0, 0, 0, 0))
2018-04-15 12:43:47.394828;(4, (1598, 1482, 226, 2, 0, 0, 0, 0, 0, 0))
2018-04-15 12:43:47.422001;(3, (1584, 1514, 277, 0, 0, 0, 0, 0, 0, 0))
2018-04-15 12:43:47.505798;(8, (2029, 1971, 663, 2, 0, 0, 0, 0, 0, 0))
2018-04-15 12:43:47.530739;(26, (2052, 1822, 371, 6, 0, 0, 0, 0, 0, 0))
2018-04-15 12:43:47.622587;(24, (1306, 1280, 59, 1, 0, 0, 0, 0, 0, 0))
2018-04-15 12:43:47.634359;(9, (2240, 2184, 811, 2, 0, 0, 0, 0, 0, 0))
2018-04-15 12:43:47.703872;(5, (2315, 2081, 619, 5, 0, 0, 0, 0, 0, 0))
2018-04-15 12:43:47.727950;(13, (1314, 1338, 62, 1, 0, 0, 0, 0, 0, 0))
2018-04-15 12:43:47.817136;(21, (1617, 1560, 287, 2, 0, 0, 0, 0, 0, 0))
2018-04-15 12:43:47.841505;(25, (1248, 1204, 41, 11, 0, 0, 0, 0, 0, 0))
2018-04-15 12:43:47.847908;(7, (1504, 1452, 231, 0, 0, 0, 0, 0, 0, 0))
2018-04-15 12:43:47.889624;(20, (2132, 1958, 544, 2, 0, 0, 0, 0, 0, 0))
2018-04-15 12:43:47.930410;(23, (2844, 2745, 1424, 2, 0, 0, 0, 0, 0, 0))
2018-04-15 12:43:47.950370;(11, (1927, 1937, 573, 3, 0, 0, 0, 0, 0, 0))
2018-04-15 12:43:47.980052;(14, (1422, 1382, 126, 8, 0, 0, 0, 0, 0, 0))
2018-04-15 12:43:48.023567;(15, (2095, 1746, 437, 0, 0, 0, 0, 0, 0, 0))
2018-04-15 12:43:48.036767;(22, (3258, 3098, 1633, 1, 0, 0, 0, 0, 0, 0))
2018-04-15 12:43:50.139639;(12, (1709, 1591, 320, 4, 0, 0, 0, 0, 0, 0))
2018-04-15 12:44:47.090983;(16, (1151, 1178, 6, 13, 0, 0, 0, 0, 0, 0))
2018-04-15 12:44:47.123890;(19, (1265, 1317, 82, 6, 0, 0, 0, 0, 0, 0))
2018-04-15 12:44:47.135470;(6, (4026, 3755, 2294, 0, 0, 0, 0, 0, 0, 0))
2018-04-15 12:44:47.197223;(18, (1232, 1371, 17, 5, 0, 0, 0, 0, 0, 0))
2018-04-15 12:44:47.201448;(1, (8141, 7105, 6484, 3242, 0, 0, 0, 0, 0, 0))
2018-04-15 12:44:47.223104;(2, (2530, 2555, 1062, 2, 0, 0, 0, 0, 0, 0))
2018-04-15 12:44:47.299031;(17, (1584, 1490, 214, 0, 0, 0, 0, 0, 0, 0))
2018-04-15 12:44:47.334039;(10, (2155, 2139, 649, 15, 0, 0, 0, 0, 0, 0))
2018-04-15 12:44:47.410648;(4, (1689, 1576, 241, 4, 0, 0, 0, 0, 0, 0))
2018-04-15 12:44:47.436266;(3, (1631, 1547, 285, 0, 0, 0, 0, 0, 0, 0))
2018-04-15 12:44:47.519475;(8, (2069, 1992, 663, 2, 0, 0, 0, 0, 0, 0))
2018-04-15 12:44:47.546102;(26, (2356, 2104, 571, 6, 0, 0, 0, 0, 0, 0))
2018-04-15 12:44:47.639785;(24, (1442, 1440, 59, 2, 0, 0, 0, 0, 0, 0))
2018-04-15 12:44:47.650687;(9, (2273, 2199, 811, 2, 0, 0, 0, 0, 0, 0))
2018-04-15 12:44:47.718741;(5, (2523, 2281, 741, 5, 0, 0, 0, 0, 0, 0))
2018-04-15 12:44:47.741708;(13, (1341, 1355, 62, 1, 0, 0, 0, 0, 0, 0))
2018-04-15 12:44:47.835567;(21, (2011, 1927, 602, 2, 0, 0, 0, 0, 0, 0))
2018-04-15 12:44:47.859832;(25, (1385, 1370, 44, 11, 0, 0, 0, 0, 0, 0))
2018-04-15 12:44:47.865798;(7, (1552, 1483, 239, 0, 0, 0, 0, 0, 0, 0))
2018-04-15 12:44:47.904268;(20, (2167, 1977, 544, 2, 0, 0, 0, 0, 0, 0))
2018-04-15 12:44:47.946038;(23, (2874, 2760, 1424, 2, 0, 0, 0, 0, 0, 0))
2018-04-15 12:44:47.966172;(11, (2308, 2329, 831, 3, 0, 0, 0, 0, 0, 0))
2018-04-15 12:44:47.997646;(14, (1540, 1509, 135, 9, 0, 0, 0, 0, 0, 0))
2018-04-15 12:44:48.037714;(15, (2137, 1766, 437, 0, 0, 0, 0, 0, 0, 0))
2018-04-15 12:44:48.051421;(22, (3649, 3470, 1950, 1, 0, 0, 0, 0, 0, 0))
2018-04-15 12:44:50.151820;(12, (1750, 1618, 320, 4, 0, 0, 0, 0, 0, 0))
2018-04-15 12:45:47.108324;(16, (1174, 1208, 6, 23, 0, 0, 0, 0, 0, 0))
2018-04-15 12:45:47.144459;(19, (1286, 1332, 82, 6, 0, 0, 0, 0, 0, 0))
2018-04-15 12:45:47.154115;(6, (4054, 3770, 2294, 0, 0, 0, 0, 0, 0, 0))
2018-04-15 12:45:47.214092;(18, (1252, 1386, 17, 5, 0, 0, 0, 0, 0, 0))
2018-04-15 12:45:47.217550;(1, (8224, 7165, 6530, 3265, 0, 0, 0, 0, 0, 0))
2018-04-15 12:45:47.239307;(2, (2608, 2626, 1107, 2, 0, 0, 0, 0, 0, 0))
2018-04-15 12:45:47.316282;(17, (1605, 1505, 214, 0, 0, 0, 0, 0, 0, 0))
2018-04-15 12:45:47.350942;(10, (2231, 2211, 694, 15, 0, 0, 0, 0, 0, 0))
2018-04-15 12:45:47.429848;(4, (1788, 1693, 241, 4, 0, 0, 0, 0, 0, 0))
2018-04-15 12:45:47.452045;(3, (1656, 1564, 285, 0, 0, 0, 0, 0, 0, 0))
2018-04-15 12:45:47.535804;(8, (2088, 2007, 663, 2, 0, 0, 0, 0, 0, 0))
2018-04-15 12:45:47.562442;(26, (2447, 2176, 616, 6, 0, 0, 0, 0, 0, 0))
2018-04-15 12:45:47.655613;(24, (1472, 1467, 59, 2, 0, 0, 0, 0, 0, 0))
2018-04-15 12:45:47.667296;(9, (2298, 2214, 811, 2, 0, 0, 0, 0, 0, 0))
2018-04-15 12:45:47.735659;(5, (2609, 2350, 783, 5, 0, 0, 0, 0, 0, 0))
2018-04-15 12:45:47.758285;(13, (1360, 1369, 62, 1, 0, 0, 0, 0, 0, 0))
2018-04-15 12:45:47.852492;(21, (2094, 2000, 648, 2, 0, 0, 0, 0, 0, 0))
2018-04-15 12:45:47.877657;(25, (1417, 1389, 44, 11, 0, 0, 0, 0, 0, 0))
2018-04-15 12:45:47.882549;(7, (1575, 1498, 239, 0, 0, 0, 0, 0, 0, 0))
2018-04-15 12:45:47.921328;(20, (2192, 1992, 544, 2, 0, 0, 0, 0, 0, 0))
2018-04-15 12:45:47.962935;(23, (2896, 2775, 1424, 2, 0, 0, 0, 0, 0, 0))
2018-04-15 12:45:47.983852;(11, (2385, 2399, 876, 3, 0, 0, 0, 0, 0, 0))
2018-04-15 12:45:48.018122;(14, (1571, 1529, 138, 9, 0, 0, 0, 0, 0, 0))
2018-04-15 12:45:48.055025;(15, (2162, 1781, 437, 0, 0, 0, 0, 0, 0, 0))
2018-04-15 12:45:48.068275;(22, (3725, 3542, 1996, 1, 0, 0, 0, 0, 0, 0))
2018-04-15 12:45:50.172121;(12, (1770, 1638, 320, 4, 0, 0, 0, 0, 0, 0))
2018-04-15 12:46:47.127767;(16, (1197, 1237, 6, 31, 0, 0, 0, 0, 0, 0))
2018-04-15 12:46:47.161970;(19, (1303, 1346, 82, 6, 0, 0, 0, 0, 0, 0))
2018-04-15 12:46:47.173210;(6, (4073, 3785, 2294, 0, 0, 0, 0, 0, 0, 0))
2018-04-15 12:46:47.230888;(18, (1269, 1401, 17, 5, 0, 0, 0, 0, 0, 0))
2018-04-15 12:46:47.255526;(2, (2627, 2641, 1107, 2, 0, 0, 0, 0, 0, 0))
2018-04-15 12:46:47.333868;(17, (1623, 1520, 214, 0, 0, 0, 0, 0, 0, 0))
2018-04-15 12:46:47.368055;(10, (2249, 2226, 694, 15, 0, 0, 0, 0, 0, 0))
2018-04-15 12:46:47.445598;(4, (1805, 1707, 241, 4, 0, 0, 0, 0, 0, 0))
2018-04-15 12:46:47.578488;(26, (2465, 2191, 616, 6, 0, 0, 0, 0, 0, 0))
2018-04-15 12:46:47.672152;(24, (1489, 1482, 59, 2, 0, 0, 0, 0, 0, 0))
2018-04-15 12:46:47.684317;(9, (2312, 2226, 811, 2, 0, 0, 0, 0, 0, 0))
2018-04-15 12:46:47.752424;(5, (2624, 2363, 783, 5, 0, 0, 0, 0, 0, 0))
2018-04-15 12:46:47.775330;(13, (1377, 1383, 62, 1, 0, 0, 0, 0, 0, 0))
2018-04-15 12:46:47.870276;(21, (2113, 2014, 648, 2, 0, 0, 0, 0, 0, 0))
2018-04-15 12:46:47.894722;(25, (1434, 1404, 44, 11, 0, 0, 0, 0, 0, 0))
2018-04-15 12:46:47.899686;(7, (1591, 1513, 239, 0, 0, 0, 0, 0, 0, 0))
2018-04-15 12:46:47.939009;(20, (2212, 2006, 544, 2, 0, 0, 0, 0, 0, 0))
2018-04-15 12:46:47.982219;(23, (2915, 2789, 1424, 2, 0, 0, 0, 0, 0, 0))
2018-04-15 12:46:48.000616;(11, (2402, 2414, 876, 3, 0, 0, 0, 0, 0, 0))
2018-04-15 12:46:48.036091;(14, (1587, 1543, 138, 9, 0, 0, 0, 0, 0, 0))
2018-04-15 12:46:48.071940;(15, (2182, 1796, 437, 0, 0, 0, 0, 0, 0, 0))
2018-04-15 12:46:48.235240;(1, (8242, 7179, 6530, 3265, 0, 0, 0, 0, 0, 0))
2018-04-15 12:46:48.467865;(3, (1676, 1578, 285, 0, 0, 0, 0, 0, 0, 0))
2018-04-15 12:46:48.552338;(8, (2107, 2022, 663, 2, 0, 0, 0, 0, 0, 0))
2018-04-15 12:46:49.085727;(22, (3743, 3557, 1996, 1, 0, 0, 0, 0, 0, 0))
2018-04-15 12:46:50.190548;(12, (1788, 1653, 320, 4, 0, 0, 0, 0, 0, 0))
2018-04-15 12:47:47.912194;(25, (1451, 1418, 44, 11, 0, 0, 0, 0, 0, 0))
2018-04-15 12:47:48.018070;(11, (2418, 2428, 876, 3, 0, 0, 0, 0, 0, 0))
2018-04-15 12:47:48.053499;(14, (1604, 1557, 138, 9, 0, 0, 0, 0, 0, 0))
2018-04-15 12:47:48.146225;(16, (1220, 1261, 6, 38, 0, 0, 0, 0, 0, 0))
2018-04-15 12:47:48.180884;(19, (1320, 1361, 82, 6, 0, 0, 0, 0, 0, 0))
2018-04-15 12:47:48.190725;(6, (4099, 3800, 2294, 0, 0, 0, 0, 0, 0, 0))
2018-04-15 12:47:48.248480;(18, (1284, 1415, 17, 5, 0, 0, 0, 0, 0, 0))
2018-04-15 12:47:48.251388;(1, (8270, 7193, 6530, 3265, 0, 0, 0, 0, 0, 0))
2018-04-15 12:47:48.273997;(2, (2644, 2655, 1107, 2, 0, 0, 0, 0, 0, 0))
2018-04-15 12:47:48.352016;(17, (1649, 1541, 214, 0, 0, 0, 0, 0, 0, 0))
2018-04-15 12:47:48.385985;(10, (2264, 2240, 694, 15, 0, 0, 0, 0, 0, 0))
2018-04-15 12:47:48.462365;(4, (1821, 1722, 241, 4, 0, 0, 0, 0, 0, 0))
2018-04-15 12:47:48.483868;(3, (1695, 1597, 285, 0, 0, 0, 0, 0, 0, 0))
2018-04-15 12:47:48.569288;(8, (2136, 2042, 663, 2, 0, 0, 0, 0, 0, 0))
2018-04-15 12:47:48.595605;(26, (2482, 2206, 616, 6, 0, 0, 0, 0, 0, 0))
2018-04-15 12:47:48.689408;(24, (1505, 1497, 59, 2, 0, 0, 0, 0, 0, 0))
2018-04-15 12:47:48.702067;(9, (2338, 2244, 811, 2, 0, 0, 0, 0, 0, 0))
2018-04-15 12:47:48.770849;(5, (2644, 2377, 783, 5, 0, 0, 0, 0, 0, 0))
2018-04-15 12:47:48.793314;(13, (1395, 1402, 62, 1, 0, 0, 0, 0, 0, 0))
2018-04-15 12:47:48.888814;(21, (2135, 2030, 648, 2, 0, 0, 0, 0, 0, 0))
2018-04-15 12:47:48.918113;(7, (1609, 1526, 239, 0, 0, 0, 0, 0, 0, 0))
2018-04-15 12:47:48.956681;(20, (2239, 2025, 544, 2, 0, 0, 0, 0, 0, 0))
2018-04-15 12:47:49.000281;(23, (2936, 2804, 1424, 2, 0, 0, 0, 0, 0, 0))
2018-04-15 12:47:49.090240;(15, (2208, 1815, 437, 0, 0, 0, 0, 0, 0, 0))
2018-04-15 12:47:49.103830;(22, (3773, 3578, 1996, 1, 0, 0, 0, 0, 0, 0))
2018-04-15 12:47:50.209271;(12, (1808, 1668, 320, 4, 0, 0, 0, 0, 0, 0))
2018-04-15 12:48:48.165167;(16, (1242, 1290, 6, 47, 0, 0, 0, 0, 0, 0))
2018-04-15 12:48:48.201352;(19, (1335, 1375, 82, 6, 0, 0, 0, 0, 0, 0))
2018-04-15 12:48:48.211870;(6, (4119, 3814, 2294, 0, 0, 0, 0, 0, 0, 0))
2018-04-15 12:48:48.269063;(18, (1300, 1430, 17, 5, 0, 0, 0, 0, 0, 0))
2018-04-15 12:48:48.270531;(1, (8291, 7207, 6530, 3265, 0, 0, 0, 0, 0, 0))
2018-04-15 12:48:48.291639;(2, (2665, 2676, 1107, 2, 0, 0, 0, 0, 0, 0))
2018-04-15 12:48:48.368965;(17, (1668, 1557, 214, 0, 0, 0, 0, 0, 0, 0))
2018-04-15 12:48:48.403277;(10, (2287, 2261, 694, 15, 0, 0, 0, 0, 0, 0))
2018-04-15 12:48:48.478636;(4, (1843, 1745, 241, 4, 0, 0, 0, 0, 0, 0))
2018-04-15 12:48:48.499616;(3, (1712, 1612, 285, 0, 0, 0, 0, 0, 0, 0))
2018-04-15 12:48:48.586579;(8, (2155, 2056, 663, 2, 0, 0, 0, 0, 0, 0))
2018-04-15 12:48:48.612329;(26, (2515, 2226, 616, 6, 0, 0, 0, 0, 0, 0))
2018-04-15 12:48:48.706297;(24, (1524, 1518, 59, 2, 0, 0, 0, 0, 0, 0))
2018-04-15 12:48:48.719077;(9, (2361, 2258, 811, 2, 0, 0, 0, 0, 0, 0))
2018-04-15 12:48:48.787474;(5, (2676, 2395, 783, 5, 0, 0, 0, 0, 0, 0))
2018-04-15 12:48:48.810565;(13, (1414, 1419, 62, 1, 0, 0, 0, 0, 0, 0))
2018-04-15 12:48:48.906146;(21, (2155, 2048, 648, 2, 0, 0, 0, 0, 0, 0))
2018-04-15 12:48:48.929706;(25, (1472, 1431, 44, 11, 0, 0, 0, 0, 0, 0))
2018-04-15 12:48:48.935816;(7, (1625, 1540, 239, 0, 0, 0, 0, 0, 0, 0))
2018-04-15 12:48:48.973718;(20, (2260, 2037, 544, 2, 0, 0, 0, 0, 0, 0))
2018-04-15 12:48:49.017670;(23, (2952, 2816, 1424, 2, 0, 0, 0, 0, 0, 0))
2018-04-15 12:48:49.035426;(11, (2438, 2447, 876, 3, 0, 0, 0, 0, 0, 0))
2018-04-15 12:48:49.071619;(14, (1628, 1573, 138, 9, 0, 0, 0, 0, 0, 0))
2018-04-15 12:48:49.107541;(15, (2226, 1829, 437, 0, 0, 0, 0, 0, 0, 0))
2018-04-15 12:48:49.121185;(22, (3799, 3598, 1996, 1, 0, 0, 0, 0, 0, 0))
2018-04-15 12:48:50.227351;(12, (1825, 1682, 320, 4, 0, 0, 0, 0, 0, 0))
2018-04-15 12:49:48.183071;(16, (1262, 1320, 6, 57, 0, 0, 0, 0, 0, 0))
2018-04-15 12:49:48.224211;(19, (1350, 1389, 82, 6, 0, 0, 0, 0, 0, 0))
2018-04-15 12:49:48.230223;(6, (4137, 3828, 2294, 0, 0, 0, 0, 0, 0, 0))
2018-04-15 12:49:48.288578;(18, (1314, 1444, 17, 5, 0, 0, 0, 0, 0, 0))
2018-04-15 12:49:48.289229;(1, (8307, 7221, 6530, 3265, 0, 0, 0, 0, 0, 0))
2018-04-15 12:49:48.307902;(2, (2680, 2690, 1107, 2, 0, 0, 0, 0, 0, 0))
2018-04-15 12:49:48.387684;(17, (1684, 1572, 214, 0, 0, 0, 0, 0, 0, 0))
2018-04-15 12:49:48.421221;(10, (2301, 2275, 694, 15, 0, 0, 0, 0, 0, 0))
2018-04-15 12:49:48.495387;(4, (1859, 1761, 241, 4, 0, 0, 0, 0, 0, 0))
2018-04-15 12:49:48.516064;(3, (1730, 1629, 285, 0, 0, 0, 0, 0, 0, 0))
2018-04-15 12:49:48.603966;(8, (2172, 2070, 663, 2, 0, 0, 0, 0, 0, 0))
2018-04-15 12:49:48.628331;(26, (2533, 2240, 616, 6, 0, 0, 0, 0, 0, 0))
2018-04-15 12:49:48.722644;(24, (1540, 1534, 59, 2, 0, 0, 0, 0, 0, 0))
2018-04-15 12:49:48.735533;(9, (2378, 2272, 811, 2, 0, 0, 0, 0, 0, 0))
2018-04-15 12:49:48.803728;(5, (2696, 2409, 783, 5, 0, 0, 0, 0, 0, 0))
2018-04-15 12:49:48.828311;(13, (1430, 1434, 62, 1, 0, 0, 0, 0, 0, 0))
2018-04-15 12:49:48.923691;(21, (2171, 2062, 648, 2, 0, 0, 0, 0, 0, 0))
2018-04-15 12:49:48.946744;(25, (1490, 1445, 44, 11, 0, 0, 0, 0, 0, 0))
2018-04-15 12:49:48.955100;(7, (1641, 1554, 239, 0, 0, 0, 0, 0, 0, 0))
2018-04-15 12:49:48.991290;(20, (2278, 2051, 544, 2, 0, 0, 0, 0, 0, 0))
2018-04-15 12:49:49.035290;(23, (2968, 2830, 1424, 2, 0, 0, 0, 0, 0, 0))
2018-04-15 12:49:49.052720;(11, (2453, 2461, 876, 3, 0, 0, 0, 0, 0, 0))
2018-04-15 12:49:49.089124;(14, (1646, 1587, 138, 9, 0, 0, 0, 0, 0, 0))
2018-04-15 12:49:49.124939;(15, (2243, 1844, 437, 0, 0, 0, 0, 0, 0, 0))
2018-04-15 12:49:49.138611;(22, (3814, 3610, 1996, 1, 0, 0, 0, 0, 0, 0))
2018-04-15 12:49:50.246421;(12, (1839, 1697, 320, 4, 0, 0, 0, 0, 0, 0))
2018-04-15 12:50:48.201345;(16, (1279, 1343, 6, 63, 0, 0, 0, 0, 0, 0))
2018-04-15 12:50:48.241077;(19, (1364, 1403, 82, 6, 0, 0, 0, 0, 0, 0))
2018-04-15 12:50:48.248332;(6, (4154, 3842, 2294, 0, 0, 0, 0, 0, 0, 0))
2018-04-15 12:50:48.308081;(1, (8324, 7235, 6530, 3265, 0, 0, 0, 0, 0, 0))
2018-04-15 12:50:48.308569;(18, (1328, 1458, 17, 5, 0, 0, 0, 0, 0, 0))
2018-04-15 12:50:48.328060;(2, (2695, 2704, 1107, 2, 0, 0, 0, 0, 0, 0))
2018-04-15 12:50:48.405336;(17, (1699, 1586, 214, 0, 0, 0, 0, 0, 0, 0))
2018-04-15 12:50:48.437951;(10, (2317, 2291, 694, 15, 0, 0, 0, 0, 0, 0))
2018-04-15 12:50:48.511666;(4, (1875, 1778, 241, 4, 0, 0, 0, 0, 0, 0))
2018-04-15 12:50:48.532392;(3, (1745, 1644, 285, 0, 0, 0, 0, 0, 0, 0))
2018-04-15 12:50:48.619792;(8, (2191, 2086, 663, 2, 0, 0, 0, 0, 0, 0))
2018-04-15 12:50:48.644557;(26, (2551, 2256, 616, 6, 0, 0, 0, 0, 0, 0))
2018-04-15 12:50:48.738539;(24, (1555, 1549, 59, 2, 0, 0, 0, 0, 0, 0))
2018-04-15 12:50:48.820945;(5, (2714, 2425, 783, 5, 0, 0, 0, 0, 0, 0))
2018-04-15 12:50:48.847553;(13, (1447, 1450, 62, 1, 0, 0, 0, 0, 0, 0))
2018-04-15 12:50:48.940883;(21, (2188, 2076, 648, 2, 0, 0, 0, 0, 0, 0))
2018-04-15 12:50:48.963495;(25, (1506, 1459, 44, 11, 0, 0, 0, 0, 0, 0))
2018-04-15 12:50:48.972372;(7, (1658, 1570, 239, 0, 0, 0, 0, 0, 0, 0))
2018-04-15 12:50:49.008634;(20, (2296, 2067, 544, 2, 0, 0, 0, 0, 0, 0))
2018-04-15 12:50:49.052583;(23, (2983, 2845, 1424, 2, 0, 0, 0, 0, 0, 0))
2018-04-15 12:50:49.069765;(11, (2468, 2477, 876, 3, 0, 0, 0, 0, 0, 0))
2018-04-15 12:50:49.106179;(14, (1662, 1601, 138, 9, 0, 0, 0, 0, 0, 0))
2018-04-15 12:50:49.142432;(15, (2260, 1858, 437, 0, 0, 0, 0, 0, 0, 0))
2018-04-15 12:50:49.155477;(22, (3831, 3627, 1996, 1, 0, 0, 0, 0, 0, 0))
2018-04-15 12:50:50.265052;(12, (1854, 1711, 320, 4, 0, 0, 0, 0, 0, 0))
2018-04-15 12:51:48.221939;(16, (1299, 1372, 6, 72, 0, 0, 0, 0, 0, 0))
2018-04-15 12:51:48.258949;(19, (1379, 1417, 82, 6, 0, 0, 0, 0, 0, 0))
2018-04-15 12:51:48.265080;(6, (4172, 3856, 2294, 0, 0, 0, 0, 0, 0, 0))
2018-04-15 12:51:48.328093;(18, (1342, 1472, 17, 5, 0, 0, 0, 0, 0, 0))
2018-04-15 12:51:48.330806;(1, (8338, 7249, 6530, 3265, 0, 0, 0, 0, 0, 0))
2018-04-15 12:51:48.346352;(2, (2710, 2719, 1107, 2, 0, 0, 0, 0, 0, 0))
2018-04-15 12:51:48.422179;(17, (1714, 1601, 214, 0, 0, 0, 0, 0, 0, 0))
2018-04-15 12:51:48.457038;(10, (2329, 2303, 694, 15, 0, 0, 0, 0, 0, 0))
2018-04-15 12:51:48.530171;(4, (1891, 1793, 241, 4, 0, 0, 0, 0, 0, 0))
2018-04-15 12:51:48.548070;(3, (1761, 1658, 285, 0, 0, 0, 0, 0, 0, 0))
2018-04-15 12:51:48.635964;(8, (2207, 2100, 663, 2, 0, 0, 0, 0, 0, 0))
2018-04-15 12:51:48.660715;(26, (2567, 2270, 616, 6, 0, 0, 0, 0, 0, 0))
2018-04-15 12:51:48.754352;(24, (1571, 1563, 59, 2, 0, 0, 0, 0, 0, 0))
2018-04-15 12:51:48.767789;(9, (2412, 2302, 811, 2, 0, 0, 0, 0, 0, 0))
2018-04-15 12:51:48.839403;(5, (2731, 2439, 783, 5, 0, 0, 0, 0, 0, 0))
2018-04-15 12:51:48.864175;(13, (1463, 1465, 62, 1, 0, 0, 0, 0, 0, 0))
2018-04-15 12:51:48.959992;(21, (2203, 2091, 648, 2, 0, 0, 0, 0, 0, 0))
2018-04-15 12:51:48.980680;(25, (1523, 1476, 44, 11, 0, 0, 0, 0, 0, 0))
2018-04-15 12:51:48.989927;(7, (1674, 1584, 239, 0, 0, 0, 0, 0, 0, 0))
2018-04-15 12:51:49.026596;(20, (2312, 2081, 544, 2, 0, 0, 0, 0, 0, 0))
2018-04-15 12:51:49.070054;(23, (3002, 2861, 1424, 2, 0, 0, 0, 0, 0, 0))
2018-04-15 12:51:49.087051;(11, (2484, 2491, 876, 3, 0, 0, 0, 0, 0, 0))
2018-04-15 12:51:49.123698;(14, (1678, 1617, 138, 9, 0, 0, 0, 0, 0, 0))
2018-04-15 12:51:49.159947;(15, (2278, 1875, 437, 0, 0, 0, 0, 0, 0, 0))
2018-04-15 12:51:49.172670;(22, (3849, 3641, 1996, 1, 0, 0, 0, 0, 0, 0))
2018-04-15 12:51:50.284565;(12, (1870, 1725, 320, 4, 0, 0, 0, 0, 0, 0))
2018-04-15 12:52:48.239077;(16, (1315, 1395, 6, 78, 0, 0, 0, 0, 0, 0))
2018-04-15 12:52:48.275747;(19, (1396, 1432, 82, 6, 0, 0, 0, 0, 0, 0))
2018-04-15 12:52:48.283565;(6, (4224, 3920, 2294, 0, 0, 0, 0, 0, 0, 0))
2018-04-15 12:52:48.345438;(18, (1358, 1487, 17, 5, 0, 0, 0, 0, 0, 0))
2018-04-15 12:52:48.347779;(1, (8440, 7347, 6614, 3307, 0, 0, 0, 0, 0, 0))
2018-04-15 12:52:48.366063;(2, (2801, 2836, 1114, 2, 0, 0, 0, 0, 0, 0))
2018-04-15 12:52:48.437717;(17, (1728, 1615, 214, 0, 0, 0, 0, 0, 0, 0))
2018-04-15 12:52:48.474482;(10, (2354, 2325, 701, 15, 0, 0, 0, 0, 0, 0))
2018-04-15 12:52:48.545920;(4, (1905, 1807, 241, 4, 0, 0, 0, 0, 0, 0))
2018-04-15 12:52:48.564088;(3, (1787, 1693, 285, 0, 0, 0, 0, 0, 0, 0))
2018-04-15 12:52:48.653608;(8, (2235, 2135, 664, 2, 0, 0, 0, 0, 0, 0))
2018-04-15 12:52:48.676273;(26, (2588, 2289, 622, 6, 0, 0, 0, 0, 0, 0))
2018-04-15 12:52:48.769781;(24, (1586, 1578, 59, 2, 0, 0, 0, 0, 0, 0))
2018-04-15 12:52:48.785029;(9, (2428, 2319, 811, 2, 0, 0, 0, 0, 0, 0))
2018-04-15 12:52:48.856605;(5, (2755, 2464, 784, 5, 0, 0, 0, 0, 0, 0))
2018-04-15 12:52:48.880178;(13, (1477, 1479, 62, 1, 0, 0, 0, 0, 0, 0))
2018-04-15 12:52:48.976859;(21, (2295, 2171, 709, 2, 0, 0, 0, 0, 0, 0))
2018-04-15 12:52:48.997684;(25, (1539, 1490, 44, 11, 0, 0, 0, 0, 0, 0))
2018-04-15 12:52:49.007150;(7, (1694, 1607, 239, 0, 0, 0, 0, 0, 0, 0))
2018-04-15 12:52:49.044996;(20, (2330, 2097, 546, 2, 0, 0, 0, 0, 0, 0))
2018-04-15 12:52:49.087247;(23, (3016, 2875, 1424, 2, 0, 0, 0, 0, 0, 0))
2018-04-15 12:52:49.103697;(11, (2511, 2517, 883, 3, 0, 0, 0, 0, 0, 0))
2018-04-15 12:52:49.140628;(14, (1695, 1631, 138, 9, 0, 0, 0, 0, 0, 0))
2018-04-15 12:52:49.176418;(15, (2292, 1889, 437, 0, 0, 0, 0, 0, 0, 0))
2018-04-15 12:52:49.188827;(22, (3941, 3732, 2070, 1, 0, 0, 0, 0, 0, 0))
2018-04-15 12:52:50.304623;(12, (1904, 1754, 329, 4, 0, 0, 0, 0, 0, 0))
2018-04-15 12:53:48.251689;(16, (1367, 1424, 6, 87, 0, 0, 0, 0, 0, 0))
2018-04-15 12:53:48.292567;(19, (1538, 1602, 86, 6, 0, 0, 0, 0, 0, 0))
2018-04-15 12:53:48.297057;(6, (5327, 4981, 3189, 0, 0, 0, 0, 0, 0, 0))
2018-04-15 12:53:48.358781;(18, (1462, 1609, 25, 7, 0, 0, 0, 0, 0, 0))
2018-04-15 12:53:48.360706;(1, (9619, 8426, 7678, 3839, 0, 0, 0, 0, 0, 0))
2018-04-15 12:53:48.382070;(2, (2899, 2929, 1128, 3, 0, 0, 0, 0, 0, 0))
2018-04-15 12:53:48.453104;(17, (2341, 2256, 623, 0, 0, 0, 0, 0, 0, 0))
2018-04-15 12:53:48.488205;(10, (2445, 2404, 717, 19, 0, 0, 0, 0, 0, 0))
2018-04-15 12:53:48.559660;(4, (2098, 1994, 291, 7, 0, 0, 0, 0, 0, 0))
2018-04-15 12:53:48.579150;(3, (2206, 2161, 544, 0, 0, 0, 0, 0, 0, 0))
2018-04-15 12:53:48.666598;(8, (2632, 2522, 894, 3, 0, 0, 0, 0, 0, 0))
2018-04-15 12:53:48.686448;(26, (2751, 2421, 666, 7, 0, 0, 0, 0, 0, 0))
2018-04-15 12:53:48.781990;(24, (1673, 1647, 64, 5, 0, 0, 0, 0, 0, 0))
2018-04-15 12:53:48.802479;(9, (2784, 2709, 978, 3, 0, 0, 0, 0, 0, 0))
2018-04-15 12:53:48.872418;(5, (3139, 2823, 941, 7, 0, 0, 0, 0, 0, 0))
2018-04-15 12:53:48.894190;(13, (1806, 1817, 221, 1, 0, 0, 0, 0, 0, 0))
2018-04-15 12:53:48.994060;(21, (2754, 2624, 955, 4, 0, 0, 0, 0, 0, 0))
2018-04-15 12:53:49.009672;(25, (1628, 1561, 56, 19, 0, 0, 0, 0, 0, 0))
2018-04-15 12:53:49.024055;(7, (1830, 1770, 239, 0, 0, 0, 0, 0, 0, 0))
2018-04-15 12:53:49.059673;(20, (2532, 2299, 574, 3, 0, 0, 0, 0, 0, 0))
2018-04-15 12:53:49.103531;(23, (3330, 3206, 1580, 2, 0, 0, 0, 0, 0, 0))
2018-04-15 12:53:49.115970;(11, (2569, 2568, 888, 6, 0, 0, 0, 0, 0, 0))
2018-04-15 12:53:49.155359;(14, (1809, 1749, 143, 13, 0, 0, 0, 0, 0, 0))
2018-04-15 12:53:49.192249;(15, (2547, 2147, 504, 1, 0, 0, 0, 0, 0, 0))
2018-04-15 12:53:49.203806;(22, (4273, 4066, 2229, 1, 0, 0, 0, 0, 0, 0))
2018-04-15 12:53:51.322896;(12, (2052, 1921, 332, 4, 0, 0, 0, 0, 0, 0))
2018-04-15 12:54:48.267285;(16, (1400, 1447, 6, 93, 0, 0, 0, 0, 0, 0))
2018-04-15 12:54:48.307083;(19, (1563, 1618, 86, 6, 0, 0, 0, 0, 0, 0))
2018-04-15 12:54:48.311495;(6, (5594, 5231, 3389, 0, 0, 0, 0, 0, 0, 0))
2018-04-15 12:54:48.375634;(18, (1550, 1707, 29, 8, 0, 0, 0, 0, 0, 0))
2018-04-15 12:54:48.378134;(1, (9884, 8644, 7882, 3941, 0, 0, 0, 0, 0, 0))
2018-04-15 12:54:48.397876;(2, (2928, 2945, 1128, 3, 0, 0, 0, 0, 0, 0))
2018-04-15 12:54:48.469084;(17, (2612, 2509, 821, 0, 0, 0, 0, 0, 0, 0))
2018-04-15 12:54:48.503527;(10, (2619, 2565, 814, 22, 0, 0, 0, 0, 0, 0))
2018-04-15 12:54:48.573930;(4, (2243, 2112, 308, 9, 0, 0, 0, 0, 0, 0))
2018-04-15 12:54:48.595605;(3, (2237, 2177, 544, 0, 0, 0, 0, 0, 0, 0))
2018-04-15 12:54:48.681468;(8, (2662, 2539, 895, 3, 0, 0, 0, 0, 0, 0))
2018-04-15 12:54:48.702410;(26, (3059, 2715, 765, 9, 0, 0, 0, 0, 0, 0))
2018-04-15 12:54:48.797289;(24, (1758, 1714, 70, 5, 0, 0, 0, 0, 0, 0))
2018-04-15 12:54:48.818832;(9, (3070, 3001, 1179, 4, 0, 0, 0, 0, 0, 0))
2018-04-15 12:54:48.887236;(5, (3429, 3070, 1126, 7, 0, 0, 0, 0, 0, 0))
2018-04-15 12:54:48.909765;(13, (2064, 2035, 383, 1, 0, 0, 0, 0, 0, 0))
2018-04-15 12:54:49.010689;(21, (2783, 2640, 955, 4, 0, 0, 0, 0, 0, 0))
2018-04-15 12:54:49.027978;(25, (1841, 1785, 112, 23, 0, 0, 0, 0, 0, 0))
2018-04-15 12:54:49.040233;(7, (1853, 1786, 239, 0, 0, 0, 0, 0, 0, 0))
2018-04-15 12:54:49.075750;(20, (2689, 2423, 638, 3, 0, 0, 0, 0, 0, 0))
2018-04-15 12:54:49.119326;(23, (3598, 3455, 1777, 2, 0, 0, 0, 0, 0, 0))
2018-04-15 12:54:49.133755;(11, (2725, 2762, 922, 7, 0, 0, 0, 0, 0, 0))
2018-04-15 12:54:49.171267;(14, (2050, 1991, 235, 13, 0, 0, 0, 0, 0, 0))
2018-04-15 12:54:49.206777;(15, (2593, 2175, 505, 1, 0, 0, 0, 0, 0, 0))
2018-04-15 12:54:49.218152;(22, (4306, 4087, 2229, 1, 0, 0, 0, 0, 0, 0))
2018-04-15 12:54:51.337796;(12, (2082, 1936, 332, 4, 0, 0, 0, 0, 0, 0))
2018-04-15 12:55:48.282976;(16, (1433, 1475, 6, 101, 0, 0, 0, 0, 0, 0))
2018-04-15 12:55:48.322917;(19, (1588, 1633, 86, 6, 0, 0, 0, 0, 0, 0))
2018-04-15 12:55:48.326797;(6, (5881, 5509, 3605, 0, 0, 0, 0, 0, 0, 0))
2018-04-15 12:55:48.394155;(18, (1644, 1799, 55, 10, 0, 0, 0, 0, 0, 0))
2018-04-15 12:55:48.395499;(1, (10172, 8876, 8100, 4050, 0, 0, 0, 0, 0, 0))
2018-04-15 12:55:48.413305;(2, (2956, 2959, 1128, 3, 0, 0, 0, 0, 0, 0))
2018-04-15 12:55:48.485710;(17, (2901, 2785, 1037, 0, 0, 0, 0, 0, 0, 0))
2018-04-15 12:55:48.521909;(10, (2774, 2746, 815, 22, 0, 0, 0, 0, 0, 0))
2018-04-15 12:55:48.591429;(4, (2335, 2193, 318, 9, 0, 0, 0, 0, 0, 0))
2018-04-15 12:55:48.612022;(3, (2260, 2192, 544, 0, 0, 0, 0, 0, 0, 0))
2018-04-15 12:55:48.695650;(8, (2684, 2554, 895, 3, 0, 0, 0, 0, 0, 0))
2018-04-15 12:55:48.718182;(26, (3261, 2899, 830, 9, 0, 0, 0, 0, 0, 0))
2018-04-15 12:55:48.815194;(24, (1875, 1844, 73, 5, 0, 0, 0, 0, 0, 0))
2018-04-15 12:55:48.833967;(9, (3358, 3308, 1395, 4, 0, 0, 0, 0, 0, 0))
2018-04-15 12:55:48.902597;(5, (3750, 3347, 1342, 7, 0, 0, 0, 0, 0, 0))
2018-04-15 12:55:48.924579;(13, (2150, 2081, 412, 1, 0, 0, 0, 0, 0, 0))
2018-04-15 12:55:49.028132;(21, (2804, 2655, 955, 4, 0, 0, 0, 0, 0, 0))
2018-04-15 12:55:49.045503;(25, (1967, 1917, 143, 24, 0, 0, 0, 0, 0, 0))
2018-04-15 12:55:49.056073;(7, (1869, 1799, 239, 0, 0, 0, 0, 0, 0, 0))
2018-04-15 12:55:49.091396;(20, (2818, 2526, 695, 3, 0, 0, 0, 0, 0, 0))
2018-04-15 12:55:49.134830;(23, (3886, 3731, 1993, 2, 0, 0, 0, 0, 0, 0))
2018-04-15 12:55:49.150759;(11, (2756, 2794, 922, 7, 0, 0, 0, 0, 0, 0))
2018-04-15 12:55:49.187969;(14, (2207, 2158, 294, 13, 0, 0, 0, 0, 0, 0))
2018-04-15 12:55:49.222447;(15, (2765, 2335, 636, 1, 0, 0, 0, 0, 0, 0))
2018-04-15 12:55:49.233619;(22, (4328, 4106, 2229, 1, 0, 0, 0, 0, 0, 0))
2018-04-15 12:55:51.353159;(12, (2108, 1951, 332, 4, 0, 0, 0, 0, 0, 0))
