2018-04-04 19:27:02.674905;(22, (100, 64, 15, 0, 0, 0, 0, 0, 0, 0))
2018-04-04 19:27:02.721963;(6, (59, 54, 0, 0, 0, 0, 0, 0, 0, 0))
2018-04-04 19:27:02.779263;(11, (67, 42, 0, 0, 0, 0, 0, 0, 0, 0))
2018-04-04 19:27:02.826551;(18, (73, 42, 0, 0, 0, 0, 0, 0, 0, 0))
2018-04-04 19:27:02.910154;(15, (76, 53, 2, 0, 0, 0, 0, 0, 0, 0))
2018-04-04 19:27:02.911086;(17, (32, 37, 0, 0, 0, 0, 0, 0, 0, 0))
2018-04-04 19:27:02.946542;(19, (47, 37, 0, 0, 0, 0, 0, 0, 0, 0))
2018-04-04 19:27:03.066590;(20, (110, 86, 22, 0, 0, 0, 0, 0, 0, 0))
2018-04-04 19:27:03.084838;(16, (48, 36, 0, 0, 0, 0, 0, 0, 0, 0))
2018-04-04 19:27:03.127602;(23, (60, 45, 2, 0, 0, 0, 0, 0, 0, 0))
2018-04-04 19:27:03.135016;(21, (59, 39, 0, 0, 0, 0, 0, 0, 0, 0))
2018-04-04 19:27:03.154756;(10, (90, 54, 1, 0, 0, 0, 0, 0, 0, 0))
2018-04-04 19:27:03.278220;(4, (39, 31, 0, 0, 0, 0, 0, 0, 0, 0))
2018-04-04 19:27:03.285774;(9, (38, 37, 0, 0, 0, 0, 0, 0, 0, 0))
2018-04-04 19:27:03.340647;(5, (81, 49, 0, 0, 0, 0, 0, 0, 0, 0))
2018-04-04 19:27:03.349641;(12, (66, 34, 0, 0, 0, 0, 0, 0, 0, 0))
2018-04-04 19:27:03.495697;(8, (91, 59, 10, 0, 0, 0, 0, 0, 0, 0))
2018-04-04 19:27:03.499910;(7, (92, 71, 0, 0, 0, 0, 0, 0, 0, 0))
2018-04-04 19:27:03.510283;(13, (60, 44, 0, 0, 0, 0, 0, 0, 0, 0))
2018-04-04 19:27:03.603558;(1, (226, 85, 60, 30, 0, 0, 0, 0, 0, 0))
2018-04-04 19:27:03.655414;(3, (108, 67, 0, 0, 0, 0, 0, 0, 0, 0))
2018-04-04 19:27:32.678622;(22, (223, 193, 77, 0, 0, 0, 0, 0, 0, 0))
2018-04-04 19:27:32.725229;(6, (124, 129, 9, 0, 0, 0, 0, 0, 0, 0))
2018-04-04 19:27:32.783054;(11, (117, 99, 0, 0, 0, 0, 0, 0, 0, 0))
2018-04-04 19:27:32.831244;(18, (137, 108, 10, 0, 0, 0, 0, 0, 0, 0))
2018-04-04 19:27:32.913949;(15, (168, 152, 42, 0, 0, 0, 0, 0, 0, 0))
2018-04-04 19:27:32.914793;(17, (55, 65, 0, 0, 0, 0, 0, 0, 0, 0))
2018-04-04 19:27:32.950241;(19, (93, 87, 0, 0, 0, 0, 0, 0, 0, 0))
2018-04-04 19:27:33.071156;(20, (233, 214, 90, 0, 0, 0, 0, 0, 0, 0))
2018-04-04 19:27:33.087369;(16, (76, 67, 0, 0, 0, 0, 0, 0, 0, 0))
2018-04-04 19:27:33.131445;(23, (118, 99, 42, 0, 0, 0, 0, 0, 0, 0))
2018-04-04 19:27:33.137083;(21, (115, 88, 24, 0, 0, 0, 0, 0, 0, 0))
2018-04-04 19:27:33.158479;(10, (231, 188, 67, 0, 0, 0, 0, 0, 0, 0))
2018-04-04 19:27:33.281175;(4, (86, 94, 0, 0, 0, 0, 0, 0, 0, 0))
2018-04-04 19:27:33.288416;(9, (88, 90, 5, 0, 0, 0, 0, 0, 0, 0))
2018-04-04 19:27:33.344842;(5, (162, 129, 20, 0, 0, 0, 0, 0, 0, 0))
2018-04-04 19:27:33.353404;(12, (107, 76, 0, 0, 0, 0, 0, 0, 0, 0))
2018-04-04 19:27:33.501258;(8, (180, 140, 51, 0, 0, 0, 0, 0, 0, 0))
2018-04-04 19:27:33.505614;(7, (182, 161, 29, 0, 0, 0, 0, 0, 0, 0))
2018-04-04 19:27:33.514726;(13, (120, 110, 25, 0, 0, 0, 0, 0, 0, 0))
2018-04-04 19:27:33.612139;(1, (615, 427, 391, 196, 0, 0, 0, 0, 0, 0))
2018-04-04 19:27:33.659655;(3, (185, 153, 10, 0, 0, 0, 0, 0, 0, 0))
2018-04-04 19:28:02.682700;(22, (334, 305, 127, 0, 0, 0, 0, 0, 0, 0))
2018-04-04 19:28:02.730401;(6, (169, 184, 9, 0, 0, 0, 0, 0, 0, 0))
2018-04-04 19:28:02.786627;(11, (169, 158, 0, 0, 0, 0, 0, 0, 0, 0))
2018-04-04 19:28:02.835125;(18, (235, 207, 50, 0, 0, 0, 0, 0, 0, 0))
2018-04-04 19:28:02.918317;(15, (296, 291, 122, 0, 0, 0, 0, 0, 0, 0))
2018-04-04 19:28:02.918889;(17, (99, 119, 0, 0, 0, 0, 0, 0, 0, 0))
2018-04-04 19:28:02.954621;(19, (149, 157, 4, 0, 0, 0, 0, 0, 0, 0))
2018-04-04 19:28:03.075531;(20, (385, 373, 184, 0, 0, 0, 0, 0, 0, 0))
2018-04-04 19:28:03.091279;(16, (121, 127, 0, 0, 0, 0, 0, 0, 0, 0))
2018-04-04 19:28:03.134452;(23, (215, 193, 122, 0, 0, 0, 0, 0, 0, 0))
2018-04-04 19:28:03.140136;(21, (196, 175, 53, 0, 0, 0, 0, 0, 0, 0))
2018-04-04 19:28:03.163028;(10, (393, 351, 160, 0, 0, 0, 0, 0, 0, 0))
2018-04-04 19:28:03.284346;(4, (134, 153, 0, 2, 0, 0, 0, 0, 0, 0))
2018-04-04 19:28:03.292274;(9, (158, 167, 25, 3, 0, 0, 0, 0, 0, 0))
2018-04-04 19:28:03.350163;(5, (214, 185, 20, 0, 0, 0, 0, 0, 0, 0))
2018-04-04 19:28:03.357714;(12, (156, 130, 0, 0, 0, 0, 0, 0, 0, 0))
2018-04-04 19:28:03.504584;(8, (299, 267, 105, 0, 0, 0, 0, 0, 0, 0))
2018-04-04 19:28:03.510872;(7, (294, 274, 83, 0, 0, 0, 0, 0, 0, 0))
2018-04-04 19:28:03.518287;(13, (187, 189, 64, 1, 0, 0, 0, 0, 0, 0))
2018-04-04 19:28:03.614616;(1, (1046, 828, 782, 391, 0, 0, 0, 0, 0, 0))
2018-04-04 19:28:03.662703;(3, (254, 237, 20, 0, 0, 0, 0, 0, 0, 0))
2018-04-04 19:28:32.790710;(11, (222, 216, 0, 0, 0, 0, 0, 0, 0, 0))
2018-04-04 19:28:33.137847;(23, (358, 338, 251, 0, 0, 0, 0, 0, 0, 0))
2018-04-04 19:28:33.143540;(21, (305, 288, 107, 0, 0, 0, 0, 0, 0, 0))
2018-04-04 19:28:33.169398;(10, (559, 518, 265, 0, 0, 0, 0, 0, 0, 0))
2018-04-04 19:28:33.617534;(1, (1477, 1238, 1182, 591, 0, 0, 0, 0, 0, 0))
2018-04-04 19:28:33.686476;(22, (387, 360, 127, 0, 0, 0, 0, 0, 0, 0))
2018-04-04 19:28:33.735312;(6, (220, 241, 9, 0, 0, 0, 0, 0, 0, 0))
2018-04-04 19:28:33.839507;(18, (385, 355, 138, 0, 0, 0, 0, 0, 0, 0))
2018-04-04 19:28:33.922035;(15, (479, 480, 252, 0, 0, 0, 0, 0, 0, 0))
2018-04-04 19:28:33.922967;(17, (146, 176, 0, 0, 0, 0, 0, 0, 0, 0))
2018-04-04 19:28:33.959477;(19, (222, 243, 17, 0, 0, 0, 0, 0, 0, 0))
2018-04-04 19:28:34.079999;(20, (537, 528, 278, 0, 0, 0, 0, 0, 0, 0))
2018-04-04 19:28:34.095215;(16, (170, 187, 0, 0, 0, 0, 0, 0, 0, 0))
2018-04-04 19:28:34.287803;(4, (190, 218, 2, 2, 0, 0, 0, 0, 0, 0))
2018-04-04 19:28:34.295508;(9, (217, 236, 27, 3, 0, 0, 0, 0, 0, 0))
2018-04-04 19:28:34.354890;(5, (263, 240, 20, 0, 0, 0, 0, 0, 0, 0))
2018-04-04 19:28:34.362374;(12, (209, 187, 0, 0, 0, 0, 0, 0, 0, 0))
2018-04-04 19:28:34.508349;(8, (405, 373, 152, 0, 0, 0, 0, 0, 0, 0))
2018-04-04 19:28:34.519218;(7, (417, 400, 146, 0, 0, 0, 0, 0, 0, 0))
2018-04-04 19:28:34.522868;(13, (242, 248, 87, 1, 0, 0, 0, 0, 0, 0))
2018-04-04 19:28:34.666828;(3, (324, 317, 30, 0, 0, 0, 0, 0, 0, 0))
2018-04-04 19:29:03.621516;(1, (1918, 1648, 1582, 791, 0, 0, 0, 0, 0, 0))
2018-04-04 19:29:03.689379;(22, (461, 432, 140, 0, 0, 0, 0, 0, 0, 0))
2018-04-04 19:29:03.738579;(6, (272, 306, 11, 1, 0, 0, 0, 0, 0, 0))
2018-04-04 19:29:03.794469;(11, (293, 294, 11, 0, 0, 0, 0, 0, 0, 0))
2018-04-04 19:29:03.843523;(18, (540, 510, 230, 0, 0, 0, 0, 0, 0, 0))
2018-04-04 19:29:03.925721;(15, (616, 621, 334, 0, 0, 0, 0, 0, 0, 0))
2018-04-04 19:29:03.926880;(17, (197, 237, 0, 3, 0, 0, 0, 0, 0, 0))
2018-04-04 19:29:03.963628;(19, (284, 313, 22, 1, 0, 0, 0, 0, 0, 0))
2018-04-04 19:29:04.086114;(20, (689, 686, 361, 0, 0, 0, 0, 0, 0, 0))
2018-04-04 19:29:04.098875;(16, (218, 243, 0, 0, 0, 0, 0, 0, 0, 0))
2018-04-04 19:29:04.140222;(23, (519, 506, 386, 0, 0, 0, 0, 0, 0, 0))
2018-04-04 19:29:04.146781;(21, (417, 404, 162, 0, 0, 0, 0, 0, 0, 0))
2018-04-04 19:29:04.291061;(4, (276, 313, 28, 2, 0, 0, 0, 0, 0, 0))
2018-04-04 19:29:04.299090;(9, (272, 304, 29, 3, 0, 0, 0, 0, 0, 0))
2018-04-04 19:29:04.358798;(5, (316, 296, 20, 0, 0, 0, 0, 0, 0, 0))
2018-04-04 19:29:04.366735;(12, (253, 236, 1, 0, 0, 0, 0, 0, 0, 0))
2018-04-04 19:29:04.513458;(8, (498, 470, 182, 0, 0, 0, 0, 0, 0, 0))
2018-04-04 19:29:04.523511;(7, (555, 543, 215, 3, 0, 0, 0, 0, 0, 0))
2018-04-04 19:29:04.525942;(13, (289, 300, 92, 1, 0, 0, 0, 0, 0, 0))
2018-04-04 19:29:04.670223;(3, (379, 385, 30, 0, 0, 0, 0, 0, 0, 0))
2018-04-04 19:29:06.740001;(14, (301, 280, 7, 1, 0, 0, 0, 0, 0, 0))
2018-04-04 19:29:33.627056;(1, (2372, 2071, 1995, 998, 0, 0, 0, 0, 0, 0))
2018-04-04 19:29:33.696064;(22, (556, 531, 181, 0, 0, 0, 0, 0, 0, 0))
2018-04-04 19:29:33.746151;(6, (332, 377, 15, 1, 0, 0, 0, 0, 0, 0))
2018-04-04 19:29:33.800034;(11, (390, 387, 32, 1, 0, 0, 0, 0, 0, 0))
2018-04-04 19:29:33.853530;(18, (697, 667, 307, 0, 0, 0, 0, 0, 0, 0))
2018-04-04 19:29:33.932021;(15, (676, 689, 343, 0, 0, 0, 0, 0, 0, 0))
2018-04-04 19:29:33.933682;(17, (242, 295, 0, 3, 0, 0, 0, 0, 0, 0))
2018-04-04 19:29:33.969941;(19, (337, 370, 22, 1, 0, 0, 0, 0, 0, 0))
2018-04-04 19:29:34.093521;(20, (832, 835, 442, 0, 0, 0, 0, 0, 0, 0))
2018-04-04 19:29:34.105887;(16, (269, 303, 0, 0, 0, 0, 0, 0, 0, 0))
2018-04-04 19:29:34.149689;(23, (651, 635, 485, 0, 0, 0, 0, 0, 0, 0))
2018-04-04 19:29:34.155195;(21, (535, 528, 226, 0, 0, 0, 0, 0, 0, 0))
2018-04-04 19:29:34.178591;(10, (1165, 1128, 712, 0, 0, 0, 0, 0, 0, 0))
2018-04-04 19:29:34.297480;(4, (323, 377, 28, 2, 0, 0, 0, 0, 0, 0))
2018-04-04 19:29:34.304111;(9, (322, 359, 31, 3, 0, 0, 0, 0, 0, 0))
2018-04-04 19:29:34.367602;(5, (407, 389, 50, 0, 0, 0, 0, 0, 0, 0))
2018-04-04 19:29:34.371910;(12, (314, 301, 1, 0, 0, 0, 0, 0, 0, 0))
2018-04-04 19:29:34.525455;(8, (572, 550, 189, 0, 0, 0, 0, 0, 0, 0))
2018-04-04 19:29:34.535660;(13, (354, 377, 113, 1, 0, 0, 0, 0, 0, 0))
2018-04-04 19:29:34.537085;(7, (678, 664, 275, 3, 0, 0, 0, 0, 0, 0))
2018-04-04 19:29:34.675606;(3, (457, 465, 50, 0, 0, 0, 0, 0, 0, 0))
2018-04-04 19:29:36.748232;(14, (380, 358, 14, 2, 0, 0, 0, 0, 0, 0))
2018-04-04 19:30:03.641530;(1, (2833, 2464, 2378, 1189, 0, 0, 0, 0, 0, 0))
2018-04-04 19:30:03.707042;(22, (736, 711, 277, 0, 0, 0, 0, 0, 0, 0))
2018-04-04 19:30:03.754629;(6, (393, 447, 22, 1, 0, 0, 0, 0, 0, 0))
2018-04-04 19:30:03.811791;(11, (460, 460, 42, 1, 0, 0, 0, 0, 0, 0))
2018-04-04 19:30:03.861627;(18, (817, 790, 364, 0, 0, 0, 0, 0, 0, 0))
2018-04-04 19:30:03.940257;(15, (924, 935, 509, 0, 0, 0, 0, 0, 0, 0))
2018-04-04 19:30:03.941496;(17, (293, 354, 0, 3, 0, 0, 0, 0, 0, 0))
2018-04-04 19:30:03.978273;(19, (411, 451, 31, 1, 0, 0, 0, 0, 0, 0))
2018-04-04 19:30:04.101524;(20, (982, 990, 509, 0, 0, 0, 0, 0, 0, 0))
2018-04-04 19:30:04.114147;(16, (325, 367, 0, 0, 0, 0, 0, 0, 0, 0))
2018-04-04 19:30:04.157395;(23, (760, 742, 566, 0, 0, 0, 0, 0, 0, 0))
2018-04-04 19:30:04.165773;(21, (616, 615, 248, 0, 0, 0, 0, 0, 0, 0))
2018-04-04 19:30:04.187385;(10, (1518, 1488, 963, 0, 0, 0, 0, 0, 0, 0))
2018-04-04 19:30:04.303364;(4, (372, 435, 35, 5, 0, 0, 0, 0, 0, 0))
2018-04-04 19:30:04.310309;(9, (348, 398, 33, 11, 0, 0, 0, 0, 0, 0))
2018-04-04 19:30:04.377830;(5, (485, 463, 66, 0, 0, 0, 0, 0, 0, 0))
2018-04-04 19:30:04.378930;(12, (372, 367, 1, 1, 0, 0, 0, 0, 0, 0))
2018-04-04 19:30:04.533629;(8, (642, 619, 193, 0, 0, 0, 0, 0, 0, 0))
2018-04-04 19:30:04.543466;(13, (381, 409, 117, 8, 0, 0, 0, 0, 0, 0))
2018-04-04 19:30:04.549201;(7, (790, 784, 316, 3, 0, 0, 0, 0, 0, 0))
2018-04-04 19:30:04.684199;(3, (631, 640, 129, 0, 0, 0, 0, 0, 0, 0))
2018-04-04 19:30:07.757938;(14, (443, 421, 15, 2, 0, 0, 0, 0, 0, 0))
2018-04-04 19:30:33.715346;(22, (979, 958, 454, 0, 0, 0, 0, 0, 0, 0))
2018-04-04 19:30:33.763484;(6, (443, 504, 22, 1, 0, 0, 0, 0, 0, 0))
2018-04-04 19:30:33.819727;(11, (513, 521, 42, 1, 0, 0, 0, 0, 0, 0))
2018-04-04 19:30:33.871197;(18, (900, 870, 384, 0, 0, 0, 0, 0, 0, 0))
2018-04-04 19:30:33.949627;(17, (343, 413, 0, 3, 0, 0, 0, 0, 0, 0))
2018-04-04 19:30:34.111361;(20, (1042, 1054, 515, 0, 0, 0, 0, 0, 0, 0))
2018-04-04 19:30:34.123594;(16, (378, 423, 0, 0, 0, 0, 0, 0, 0, 0))
2018-04-04 19:30:34.164399;(23, (813, 793, 606, 0, 0, 0, 0, 0, 0, 0))
2018-04-04 19:30:34.174335;(21, (662, 670, 248, 0, 0, 0, 0, 0, 0, 0))
2018-04-04 19:30:34.197380;(10, (1794, 1770, 1177, 0, 0, 0, 0, 0, 0, 0))
2018-04-04 19:30:34.311306;(4, (384, 456, 35, 13, 0, 0, 0, 0, 0, 0))
2018-04-04 19:30:34.386969;(12, (433, 430, 1, 1, 0, 0, 0, 0, 0, 0))
2018-04-04 19:30:34.546358;(8, (726, 703, 213, 0, 0, 0, 0, 0, 0, 0))
2018-04-04 19:30:34.564195;(7, (868, 865, 338, 3, 0, 0, 0, 0, 0, 0))
2018-04-04 19:30:34.647466;(1, (3204, 2818, 2722, 1361, 0, 0, 0, 0, 0, 0))
2018-04-04 19:30:34.704063;(3, (861, 869, 291, 0, 0, 0, 0, 0, 0, 0))
2018-04-04 19:30:34.949381;(15, (1017, 1033, 549, 0, 0, 0, 0, 0, 0, 0))
2018-04-04 19:30:35.550827;(13, (395, 439, 117, 22, 0, 0, 0, 0, 0, 0))
2018-04-04 19:30:37.765598;(14, (499, 478, 15, 2, 0, 0, 0, 0, 0, 0))
2018-04-04 19:31:03.828132;(11, (565, 580, 42, 1, 0, 0, 0, 0, 0, 0))
2018-04-04 19:31:04.170432;(23, (869, 846, 646, 0, 0, 0, 0, 0, 0, 0))
2018-04-04 19:31:04.184094;(21, (713, 728, 248, 0, 0, 0, 0, 0, 0, 0))
2018-04-04 19:31:04.206309;(10, (2077, 2057, 1393, 0, 0, 0, 0, 0, 0, 0))
2018-04-04 19:31:04.654001;(1, (3578, 3174, 3068, 1534, 0, 0, 0, 0, 0, 0))
2018-04-04 19:31:04.730127;(22, (1236, 1217, 641, 0, 0, 0, 0, 0, 0, 0))
2018-04-04 19:31:04.771871;(6, (492, 561, 22, 1, 0, 0, 0, 0, 0, 0))
2018-04-04 19:31:04.883937;(18, (973, 947, 404, 0, 0, 0, 0, 0, 0, 0))
2018-04-04 19:31:04.960121;(15, (1103, 1128, 589, 0, 0, 0, 0, 0, 0, 0))
2018-04-04 19:31:04.961248;(17, (391, 469, 0, 3, 0, 0, 0, 0, 0, 0))
2018-04-04 19:31:04.994945;(19, (561, 614, 74, 1, 0, 0, 0, 0, 0, 0))
2018-04-04 19:31:05.121718;(20, (1096, 1112, 515, 0, 0, 0, 0, 0, 0, 0))
2018-04-04 19:31:05.134128;(16, (429, 482, 0, 0, 0, 0, 0, 0, 0, 0))
2018-04-04 19:31:05.321962;(4, (398, 477, 35, 20, 0, 0, 0, 0, 0, 0))
2018-04-04 19:31:05.322132;(9, (372, 462, 33, 46, 0, 0, 0, 0, 0, 0))
2018-04-04 19:31:05.394869;(5, (621, 611, 106, 0, 0, 0, 0, 0, 0, 0))
2018-04-04 19:31:05.396468;(12, (488, 490, 1, 1, 0, 0, 0, 0, 0, 0))
2018-04-04 19:31:05.561975;(8, (797, 781, 233, 0, 0, 0, 0, 0, 0, 0))
2018-04-04 19:31:05.563942;(13, (407, 467, 117, 36, 0, 0, 0, 0, 0, 0))
2018-04-04 19:31:05.716372;(3, (1102, 1126, 459, 0, 0, 0, 0, 0, 0, 0))
2018-04-04 19:31:07.774773;(14, (554, 538, 16, 3, 0, 0, 0, 0, 0, 0))
2018-04-04 19:31:33.834423;(11, (653, 674, 51, 1, 0, 0, 0, 0, 0, 0))
2018-04-04 19:31:34.665524;(1, (3946, 3496, 3380, 1690, 0, 0, 0, 0, 0, 0))
2018-04-04 19:31:34.737557;(22, (1317, 1292, 663, 2, 0, 0, 0, 0, 0, 0))
2018-04-04 19:31:34.778028;(6, (553, 620, 26, 1, 0, 0, 0, 0, 0, 0))
2018-04-04 19:31:34.891277;(18, (1108, 1073, 454, 6, 0, 0, 0, 0, 0, 0))
2018-04-04 19:31:34.966929;(15, (1236, 1271, 653, 0, 0, 0, 0, 0, 0, 0))
2018-04-04 19:31:34.967996;(17, (429, 523, 0, 5, 0, 0, 0, 0, 0, 0))
2018-04-04 19:31:35.000211;(19, (645, 707, 88, 6, 0, 0, 0, 0, 0, 0))
2018-04-04 19:31:35.127501;(20, (1300, 1317, 632, 1, 0, 0, 0, 0, 0, 0))
2018-04-04 19:31:35.139077;(16, (490, 541, 1, 0, 0, 0, 0, 0, 0, 0))
2018-04-04 19:31:35.174913;(23, (977, 946, 711, 0, 0, 0, 0, 0, 0, 0))
2018-04-04 19:31:35.191177;(21, (764, 782, 248, 0, 0, 0, 0, 0, 0, 0))
2018-04-04 19:31:35.327019;(4, (410, 499, 35, 29, 0, 0, 0, 0, 0, 0))
2018-04-04 19:31:35.329218;(9, (384, 496, 33, 65, 0, 0, 0, 0, 0, 0))
2018-04-04 19:31:35.402162;(5, (703, 689, 130, 0, 0, 0, 0, 0, 0, 0))
2018-04-04 19:31:35.406899;(12, (567, 569, 5, 3, 0, 0, 0, 0, 0, 0))
2018-04-04 19:31:35.569986;(8, (952, 929, 294, 1, 0, 0, 0, 0, 0, 0))
2018-04-04 19:31:35.571109;(13, (418, 495, 117, 50, 0, 0, 0, 0, 0, 0))
2018-04-04 19:31:35.589098;(7, (1035, 1041, 383, 7, 0, 0, 0, 0, 0, 0))
2018-04-04 19:31:35.721596;(3, (1288, 1326, 542, 2, 0, 0, 0, 0, 0, 0))
2018-04-04 19:31:37.779432;(14, (649, 629, 37, 4, 0, 0, 0, 0, 0, 0))
2018-04-04 19:32:04.667502;(1, (4318, 3858, 3732, 1866, 0, 0, 0, 0, 0, 0))
2018-04-04 19:32:04.741744;(22, (1375, 1358, 663, 2, 0, 0, 0, 0, 0, 0))
2018-04-04 19:32:04.781673;(6, (600, 673, 26, 1, 0, 0, 0, 0, 0, 0))
2018-04-04 19:32:04.839431;(11, (728, 749, 66, 1, 0, 0, 0, 0, 0, 0))
2018-04-04 19:32:04.894899;(18, (1214, 1180, 501, 6, 0, 0, 0, 0, 0, 0))
2018-04-04 19:32:04.970803;(15, (1354, 1396, 720, 0, 0, 0, 0, 0, 0, 0))
2018-04-04 19:32:04.971879;(17, (476, 580, 0, 5, 0, 0, 0, 0, 0, 0))
2018-04-04 19:32:05.003644;(19, (700, 764, 88, 6, 0, 0, 0, 0, 0, 0))
2018-04-04 19:32:05.132118;(20, (1490, 1517, 772, 1, 0, 0, 0, 0, 0, 0))
2018-04-04 19:32:05.142513;(16, (548, 605, 8, 0, 0, 0, 0, 0, 0, 0))
2018-04-04 19:32:05.177748;(23, (1062, 1027, 778, 0, 0, 0, 0, 0, 0, 0))
2018-04-04 19:32:05.194869;(21, (811, 838, 248, 0, 0, 0, 0, 0, 0, 0))
2018-04-04 19:32:05.219072;(10, (2530, 2513, 1710, 0, 0, 0, 0, 0, 0, 0))
2018-04-04 19:32:05.330911;(4, (420, 516, 35, 35, 0, 0, 0, 0, 0, 0))
2018-04-04 19:32:05.333520;(9, (394, 525, 33, 81, 0, 0, 0, 0, 0, 0))
2018-04-04 19:32:05.406568;(5, (777, 769, 150, 0, 0, 0, 0, 0, 0, 0))
2018-04-04 19:32:05.410829;(12, (621, 632, 5, 3, 0, 0, 0, 0, 0, 0))
2018-04-04 19:32:05.575179;(8, (1046, 1020, 328, 1, 0, 0, 0, 0, 0, 0))
2018-04-04 19:32:05.575301;(13, (428, 520, 117, 63, 0, 0, 0, 0, 0, 0))
2018-04-04 19:32:05.591940;(7, (1111, 1119, 403, 7, 0, 0, 0, 0, 0, 0))
2018-04-04 19:32:05.724383;(3, (1405, 1443, 602, 2, 0, 0, 0, 0, 0, 0))
2018-04-04 19:32:07.783157;(14, (703, 686, 37, 4, 0, 0, 0, 0, 0, 0))
2018-04-04 19:32:34.671852;(1, (4688, 4210, 4074, 2037, 0, 0, 0, 0, 0, 0))
2018-04-04 19:32:34.745752;(22, (1424, 1415, 663, 2, 0, 0, 0, 0, 0, 0))
2018-04-04 19:32:34.784454;(6, (646, 727, 26, 1, 0, 0, 0, 0, 0, 0))
2018-04-04 19:32:34.844130;(11, (777, 804, 66, 1, 0, 0, 0, 0, 0, 0))
2018-04-04 19:32:34.899458;(18, (1333, 1301, 563, 6, 0, 0, 0, 0, 0, 0))
2018-04-04 19:32:34.973994;(15, (1489, 1548, 802, 0, 0, 0, 0, 0, 0, 0))
2018-04-04 19:32:34.976025;(17, (523, 636, 0, 5, 0, 0, 0, 0, 0, 0))
2018-04-04 19:32:35.007655;(19, (752, 820, 88, 6, 0, 0, 0, 0, 0, 0))
2018-04-04 19:32:35.137555;(20, (1671, 1704, 897, 1, 0, 0, 0, 0, 0, 0))
2018-04-04 19:32:35.147252;(16, (617, 681, 28, 0, 0, 0, 0, 0, 0, 0))
2018-04-04 19:32:35.179689;(23, (1164, 1126, 860, 0, 0, 0, 0, 0, 0, 0))
2018-04-04 19:32:35.198816;(21, (884, 915, 267, 0, 0, 0, 0, 0, 0, 0))
2018-04-04 19:32:35.222807;(10, (2731, 2714, 1851, 0, 0, 0, 0, 0, 0, 0))
2018-04-04 19:32:35.334509;(4, (430, 538, 35, 45, 0, 0, 0, 0, 0, 0))
2018-04-04 19:32:35.335682;(9, (404, 558, 33, 100, 0, 0, 0, 0, 0, 0))
2018-04-04 19:32:35.411072;(5, (847, 843, 170, 0, 0, 0, 0, 0, 0, 0))
2018-04-04 19:32:35.414573;(12, (673, 687, 5, 3, 0, 0, 0, 0, 0, 0))
2018-04-04 19:32:35.578589;(13, (438, 547, 117, 77, 0, 0, 0, 0, 0, 0))
2018-04-04 19:32:35.580644;(8, (1121, 1097, 348, 1, 0, 0, 0, 0, 0, 0))
2018-04-04 19:32:35.595237;(7, (1201, 1221, 440, 7, 0, 0, 0, 0, 0, 0))
2018-04-04 19:32:35.729515;(3, (1494, 1541, 637, 2, 0, 0, 0, 0, 0, 0))
2018-04-04 19:33:04.675114;(1, (5066, 4558, 4412, 2206, 0, 0, 0, 0, 0, 0))
2018-04-04 19:33:04.749700;(22, (1510, 1505, 690, 2, 0, 0, 0, 0, 0, 0))
2018-04-04 19:33:04.787116;(6, (693, 779, 26, 1, 0, 0, 0, 0, 0, 0))
2018-04-04 19:33:04.850648;(11, (838, 867, 72, 1, 0, 0, 0, 0, 0, 0))
2018-04-04 19:33:04.902689;(18, (1467, 1441, 624, 6, 0, 0, 0, 0, 0, 0))
2018-04-04 19:33:04.979947;(17, (558, 677, 0, 9, 0, 0, 0, 0, 0, 0))
2018-04-04 19:33:05.011149;(19, (808, 882, 88, 6, 0, 0, 0, 0, 0, 0))
2018-04-04 19:33:05.141722;(20, (1860, 1900, 1012, 1, 0, 0, 0, 0, 0, 0))
2018-04-04 19:33:05.151902;(16, (687, 761, 43, 0, 0, 0, 0, 0, 0, 0))
2018-04-04 19:33:05.182819;(23, (1262, 1224, 929, 0, 0, 0, 0, 0, 0, 0))
2018-04-04 19:33:05.203476;(21, (931, 969, 267, 0, 0, 0, 0, 0, 0, 0))
2018-04-04 19:33:05.226353;(10, (2918, 2905, 1977, 0, 0, 0, 0, 0, 0, 0))
2018-04-04 19:33:05.337951;(4, (441, 557, 35, 52, 0, 0, 0, 0, 0, 0))
2018-04-04 19:33:05.339318;(9, (415, 590, 33, 118, 0, 0, 0, 0, 0, 0))
2018-04-04 19:33:05.415329;(5, (916, 919, 190, 0, 0, 0, 0, 0, 0, 0))
2018-04-04 19:33:05.418191;(12, (729, 753, 6, 4, 0, 0, 0, 0, 0, 0))
2018-04-04 19:33:05.586634;(8, (1217, 1203, 384, 2, 0, 0, 0, 0, 0, 0))
2018-04-04 19:33:05.598825;(7, (1329, 1353, 493, 7, 0, 0, 0, 0, 0, 0))
2018-04-04 19:33:05.732212;(3, (1615, 1667, 679, 2, 0, 0, 0, 0, 0, 0))
2018-04-04 19:33:06.582949;(13, (448, 575, 117, 91, 0, 0, 0, 0, 0, 0))
2018-04-04 19:33:08.790582;(14, (812, 806, 37, 4, 0, 0, 0, 0, 0, 0))
2018-04-04 19:33:34.678393;(1, (5455, 4920, 4762, 2381, 0, 0, 0, 0, 0, 0))
2018-04-04 19:33:34.854032;(11, (917, 947, 91, 1, 0, 0, 0, 0, 0, 0))
2018-04-04 19:33:35.190065;(23, (1324, 1281, 974, 0, 0, 0, 0, 0, 0, 0))
2018-04-04 19:33:35.207191;(21, (979, 1025, 267, 0, 0, 0, 0, 0, 0, 0))
2018-04-04 19:33:35.229976;(10, (2973, 2966, 1980, 0, 0, 0, 0, 0, 0, 0))
2018-04-04 19:33:35.753636;(22, (1783, 1781, 892, 2, 0, 0, 0, 0, 0, 0))
2018-04-04 19:33:35.791183;(6, (742, 833, 26, 1, 0, 0, 0, 0, 0, 0))
2018-04-04 19:33:35.906597;(18, (1550, 1525, 649, 6, 0, 0, 0, 0, 0, 0))
2018-04-04 19:33:35.981475;(15, (1710, 1787, 913, 0, 0, 0, 0, 0, 0, 0))
2018-04-04 19:33:35.983453;(17, (614, 748, 2, 10, 0, 0, 0, 0, 0, 0))
2018-04-04 19:33:36.014099;(19, (866, 941, 88, 6, 0, 0, 0, 0, 0, 0))
2018-04-04 19:33:36.145016;(20, (1921, 1968, 1015, 1, 0, 0, 0, 0, 0, 0))
2018-04-04 19:33:36.157919;(16, (740, 817, 43, 0, 0, 0, 0, 0, 0, 0))
2018-04-04 19:33:36.341956;(4, (451, 576, 35, 60, 0, 0, 0, 0, 0, 0))
2018-04-04 19:33:36.342975;(9, (425, 620, 33, 135, 0, 0, 0, 0, 0, 0))
2018-04-04 19:33:36.420053;(5, (985, 993, 210, 0, 0, 0, 0, 0, 0, 0))
2018-04-04 19:33:36.421787;(12, (782, 814, 6, 4, 0, 0, 0, 0, 0, 0))
2018-04-04 19:33:36.586494;(13, (458, 602, 117, 105, 0, 0, 0, 0, 0, 0))
2018-04-04 19:33:36.590278;(8, (1382, 1357, 467, 2, 0, 0, 0, 0, 0, 0))
2018-04-04 19:33:36.602552;(7, (1440, 1463, 527, 7, 0, 0, 0, 0, 0, 0))
2018-04-04 19:33:36.736304;(3, (1753, 1809, 748, 2, 0, 0, 0, 0, 0, 0))
2018-04-04 19:33:38.794659;(14, (865, 866, 37, 4, 0, 0, 0, 0, 0, 0))
2018-04-04 19:34:04.682280;(1, (5813, 5264, 5096, 2548, 0, 0, 0, 0, 0, 0))
2018-04-04 19:34:04.857527;(11, (983, 1012, 101, 1, 0, 0, 0, 0, 0, 0))
2018-04-04 19:34:05.192151;(23, (1404, 1346, 1026, 0, 0, 0, 0, 0, 0, 0))
2018-04-04 19:34:05.211911;(21, (1026, 1080, 267, 0, 0, 0, 0, 0, 0, 0))
2018-04-04 19:34:05.233776;(10, (3033, 3033, 1985, 0, 0, 0, 0, 0, 0, 0))
2018-04-04 19:34:05.757572;(22, (2015, 2021, 1063, 2, 0, 0, 0, 0, 0, 0))
2018-04-04 19:34:05.794874;(6, (789, 886, 26, 1, 0, 0, 0, 0, 0, 0))
2018-04-04 19:34:05.909910;(18, (1662, 1660, 705, 6, 0, 0, 0, 0, 0, 0))
2018-04-04 19:34:05.985204;(15, (1813, 1896, 966, 0, 0, 0, 0, 0, 0, 0))
2018-04-04 19:34:05.986977;(17, (657, 803, 3, 12, 0, 0, 0, 0, 0, 0))
2018-04-04 19:34:06.017569;(19, (926, 1005, 91, 7, 0, 0, 0, 0, 0, 0))
2018-04-04 19:34:06.149561;(20, (1971, 2026, 1015, 1, 0, 0, 0, 0, 0, 0))
2018-04-04 19:34:06.160721;(16, (801, 884, 53, 0, 0, 0, 0, 0, 0, 0))
2018-04-04 19:34:06.346178;(4, (462, 597, 35, 68, 0, 0, 0, 0, 0, 0))
2018-04-04 19:34:06.347565;(9, (436, 653, 33, 153, 0, 0, 0, 0, 0, 0))
2018-04-04 19:34:06.424453;(5, (1057, 1069, 230, 0, 0, 0, 0, 0, 0, 0))
2018-04-04 19:34:06.425843;(12, (833, 876, 6, 4, 0, 0, 0, 0, 0, 0))
2018-04-04 19:34:06.590051;(13, (470, 627, 117, 118, 0, 0, 0, 0, 0, 0))
2018-04-04 19:34:06.594130;(8, (1484, 1457, 510, 2, 0, 0, 0, 0, 0, 0))
2018-04-04 19:34:06.606421;(7, (1530, 1556, 550, 7, 0, 0, 0, 0, 0, 0))
2018-04-04 19:34:06.741021;(3, (1929, 1983, 839, 2, 0, 0, 0, 0, 0, 0))
2018-04-04 19:34:08.798019;(14, (925, 926, 39, 4, 0, 0, 0, 0, 0, 0))
2018-04-04 19:34:35.237692;(10, (3314, 3325, 2190, 0, 0, 0, 0, 0, 0, 0))
2018-04-04 19:34:35.684400;(1, (6286, 5690, 5512, 2756, 0, 0, 0, 0, 0, 0))
2018-04-04 19:34:35.761949;(22, (2310, 2321, 1278, 2, 0, 0, 0, 0, 0, 0))
2018-04-04 19:34:35.798454;(6, (839, 940, 26, 1, 0, 0, 0, 0, 0, 0))
2018-04-04 19:34:35.861770;(11, (1040, 1070, 101, 1, 0, 0, 0, 0, 0, 0))
2018-04-04 19:34:35.912827;(18, (1752, 1753, 732, 6, 0, 0, 0, 0, 0, 0))
2018-04-04 19:34:35.988265;(15, (1883, 1973, 983, 0, 0, 0, 0, 0, 0, 0))
2018-04-04 19:34:35.990786;(17, (709, 866, 3, 12, 0, 0, 0, 0, 0, 0))
2018-04-04 19:34:36.020455;(19, (987, 1067, 91, 7, 0, 0, 0, 0, 0, 0))
2018-04-04 19:34:36.154126;(20, (2031, 2091, 1015, 1, 0, 0, 0, 0, 0, 0))
2018-04-04 19:34:36.163670;(16, (865, 948, 57, 0, 0, 0, 0, 0, 0, 0))
2018-04-04 19:34:36.194714;(23, (1443, 1378, 1044, 0, 0, 0, 0, 0, 0, 0))
2018-04-04 19:34:36.351371;(4, (499, 646, 35, 70, 0, 0, 0, 0, 0, 0))
2018-04-04 19:34:36.352217;(9, (476, 713, 33, 161, 0, 0, 0, 0, 0, 0))
2018-04-04 19:34:36.428018;(5, (1129, 1144, 250, 0, 0, 0, 0, 0, 0, 0))
2018-04-04 19:34:36.429506;(12, (886, 938, 6, 4, 0, 0, 0, 0, 0, 0))
2018-04-04 19:34:36.593304;(13, (546, 719, 152, 123, 0, 0, 0, 0, 0, 0))
2018-04-04 19:34:36.597990;(8, (1642, 1618, 593, 2, 0, 0, 0, 0, 0, 0))
2018-04-04 19:34:36.611337;(7, (1615, 1641, 573, 7, 0, 0, 0, 0, 0, 0))
2018-04-04 19:34:36.749414;(3, (2094, 2143, 935, 2, 0, 0, 0, 0, 0, 0))
2018-04-04 19:34:38.802336;(14, (986, 991, 39, 4, 0, 0, 0, 0, 0, 0))
2018-04-04 19:35:05.687251;(1, (6723, 6106, 5918, 2959, 0, 0, 0, 0, 0, 0))
2018-04-04 19:35:05.767668;(22, (2583, 2594, 1479, 2, 0, 0, 0, 0, 0, 0))
2018-04-04 19:35:05.801648;(6, (885, 993, 26, 1, 0, 0, 0, 0, 0, 0))
2018-04-04 19:35:05.865895;(11, (1123, 1151, 115, 1, 0, 0, 0, 0, 0, 0))
2018-04-04 19:35:05.915852;(18, (1828, 1838, 749, 6, 0, 0, 0, 0, 0, 0))
2018-04-04 19:35:05.991932;(15, (1959, 2058, 1007, 0, 0, 0, 0, 0, 0, 0))
2018-04-04 19:35:05.995443;(17, (752, 920, 3, 12, 0, 0, 0, 0, 0, 0))
2018-04-04 19:35:06.023247;(19, (1039, 1123, 91, 7, 0, 0, 0, 0, 0, 0))
2018-04-04 19:35:06.157044;(20, (2073, 2138, 1015, 1, 0, 0, 0, 0, 0, 0))
2018-04-04 19:35:06.167699;(16, (918, 1009, 57, 0, 0, 0, 0, 0, 0, 0))
2018-04-04 19:35:06.197332;(23, (1486, 1416, 1067, 0, 0, 0, 0, 0, 0, 0))
2018-04-04 19:35:06.221636;(21, (1144, 1215, 282, 0, 0, 0, 0, 0, 0, 0))
2018-04-04 19:35:06.241071;(10, (3587, 3607, 2400, 0, 0, 0, 0, 0, 0, 0))
2018-04-04 19:35:06.355828;(4, (546, 702, 35, 70, 0, 0, 0, 0, 0, 0))
2018-04-04 19:35:06.358252;(9, (523, 768, 33, 161, 0, 0, 0, 0, 0, 0))
2018-04-04 19:35:06.433621;(5, (1202, 1224, 274, 0, 0, 0, 0, 0, 0, 0))
2018-04-04 19:35:06.434361;(12, (939, 998, 8, 6, 0, 0, 0, 0, 0, 0))
2018-04-04 19:35:06.600034;(13, (634, 819, 195, 123, 0, 0, 0, 0, 0, 0))
2018-04-04 19:35:06.601732;(8, (1813, 1795, 683, 2, 0, 0, 0, 0, 0, 0))
2018-04-04 19:35:06.614762;(7, (1698, 1720, 593, 7, 0, 0, 0, 0, 0, 0))
2018-04-04 19:35:06.754323;(3, (2222, 2279, 1006, 2, 0, 0, 0, 0, 0, 0))
2018-04-04 19:35:09.807885;(14, (1060, 1063, 45, 6, 0, 0, 0, 0, 0, 0))
2018-04-04 19:35:35.690097;(1, (7156, 6518, 6320, 3160, 0, 0, 0, 0, 0, 0))
2018-04-04 19:35:35.772099;(22, (2784, 2817, 1616, 2, 0, 0, 0, 0, 0, 0))
2018-04-04 19:35:35.806586;(6, (933, 1047, 26, 1, 0, 0, 0, 0, 0, 0))
2018-04-04 19:35:35.876074;(11, (1181, 1213, 116, 1, 0, 0, 0, 0, 0, 0))
2018-04-04 19:35:36.000041;(17, (796, 974, 3, 12, 0, 0, 0, 0, 0, 0))
2018-04-04 19:35:36.026034;(19, (1091, 1180, 91, 7, 0, 0, 0, 0, 0, 0))
2018-04-04 19:35:36.171549;(16, (969, 1065, 57, 0, 0, 0, 0, 0, 0, 0))
2018-04-04 19:35:36.199164;(23, (1594, 1522, 1157, 0, 0, 0, 0, 0, 0, 0))
2018-04-04 19:35:36.225414;(21, (1191, 1271, 282, 0, 0, 0, 0, 0, 0, 0))
2018-04-04 19:35:36.244266;(10, (3695, 3711, 2445, 0, 0, 0, 0, 0, 0, 0))
2018-04-04 19:35:36.439246;(5, (1269, 1298, 294, 0, 0, 0, 0, 0, 0, 0))
2018-04-04 19:35:36.605952;(8, (1923, 1917, 728, 2, 0, 0, 0, 0, 0, 0))
2018-04-04 19:35:36.619781;(7, (1771, 1795, 613, 7, 0, 0, 0, 0, 0, 0))
2018-04-04 19:35:36.759892;(3, (2341, 2400, 1067, 2, 0, 0, 0, 0, 0, 0))
2018-04-04 19:35:36.921348;(18, (1961, 1970, 818, 6, 0, 0, 0, 0, 0, 0))
2018-04-04 19:35:36.996890;(15, (2101, 2209, 1096, 0, 0, 0, 0, 0, 0, 0))
2018-04-04 19:35:37.360325;(4, (594, 759, 35, 70, 0, 0, 0, 0, 0, 0))
2018-04-04 19:35:37.362033;(9, (571, 825, 33, 161, 0, 0, 0, 0, 0, 0))
2018-04-04 19:35:37.440107;(12, (1002, 1065, 12, 6, 0, 0, 0, 0, 0, 0))
2018-04-04 19:35:37.604193;(13, (718, 912, 235, 123, 0, 0, 0, 0, 0, 0))
2018-04-04 19:35:39.813700;(14, (1155, 1152, 74, 6, 0, 0, 0, 0, 0, 0))
2018-04-04 19:36:05.692252;(1, (7594, 6932, 6724, 3362, 0, 0, 0, 0, 0, 0))
2018-04-04 19:36:05.880080;(11, (1256, 1298, 126, 1, 0, 0, 0, 0, 0, 0))
2018-04-04 19:36:06.202381;(23, (1708, 1632, 1247, 0, 0, 0, 0, 0, 0, 0))
2018-04-04 19:36:06.230293;(21, (1237, 1325, 282, 0, 0, 0, 0, 0, 0, 0))
2018-04-04 19:36:06.247147;(10, (3762, 3775, 2454, 0, 0, 0, 0, 0, 0, 0))
2018-04-04 19:36:06.776031;(22, (2991, 3038, 1755, 2, 0, 0, 0, 0, 0, 0))
2018-04-04 19:36:06.810761;(6, (979, 1101, 26, 1, 0, 0, 0, 0, 0, 0))
2018-04-04 19:36:06.924402;(18, (2109, 2117, 893, 6, 0, 0, 0, 0, 0, 0))
2018-04-04 19:36:07.000067;(15, (2251, 2369, 1188, 0, 0, 0, 0, 0, 0, 0))
2018-04-04 19:36:07.005622;(17, (845, 1040, 4, 13, 0, 0, 0, 0, 0, 0))
2018-04-04 19:36:07.028805;(19, (1148, 1248, 92, 8, 0, 0, 0, 0, 0, 0))
2018-04-04 19:36:07.165712;(20, (2178, 2259, 1015, 2, 0, 0, 0, 0, 0, 0))
2018-04-04 19:36:07.175295;(16, (1034, 1137, 64, 0, 0, 0, 0, 0, 0, 0))
2018-04-04 19:36:07.365497;(4, (643, 817, 35, 70, 0, 0, 0, 0, 0, 0))
2018-04-04 19:36:07.365949;(9, (616, 880, 33, 161, 0, 0, 0, 0, 0, 0))
2018-04-04 19:36:07.445648;(5, (1339, 1374, 314, 0, 0, 0, 0, 0, 0, 0))
2018-04-04 19:36:07.446750;(12, (1076, 1143, 21, 6, 0, 0, 0, 0, 0, 0))
2018-04-04 19:36:07.607635;(13, (803, 1008, 275, 123, 0, 0, 0, 0, 0, 0))
2018-04-04 19:36:07.609673;(8, (2051, 2038, 772, 2, 0, 0, 0, 0, 0, 0))
2018-04-04 19:36:07.625778;(7, (1878, 1897, 642, 7, 0, 0, 0, 0, 0, 0))
2018-04-04 19:36:07.763578;(3, (2486, 2540, 1133, 2, 0, 0, 0, 0, 0, 0))
2018-04-04 19:36:09.817152;(14, (1273, 1271, 119, 6, 0, 0, 0, 0, 0, 0))
2018-04-04 19:36:35.694601;(1, (8043, 7328, 7104, 3552, 0, 0, 0, 0, 0, 0))
2018-04-04 19:36:35.886042;(11, (1352, 1396, 145, 1, 0, 0, 0, 0, 0, 0))
2018-04-04 19:36:36.205797;(23, (1821, 1744, 1331, 0, 0, 0, 0, 0, 0, 0))
2018-04-04 19:36:36.233822;(21, (1288, 1381, 282, 0, 0, 0, 0, 0, 0, 0))
2018-04-04 19:36:36.250540;(10, (3876, 3884, 2495, 0, 0, 0, 0, 0, 0, 0))
2018-04-04 19:36:36.780893;(22, (3174, 3220, 1854, 2, 0, 0, 0, 0, 0, 0))
2018-04-04 19:36:36.816153;(6, (1030, 1157, 26, 1, 0, 0, 0, 0, 0, 0))
2018-04-04 19:36:36.927374;(18, (2282, 2286, 973, 6, 0, 0, 0, 0, 0, 0))
2018-04-04 19:36:37.004068;(15, (2396, 2521, 1272, 0, 0, 0, 0, 0, 0, 0))
2018-04-04 19:36:37.009595;(17, (892, 1101, 4, 14, 0, 0, 0, 0, 0, 0))
2018-04-04 19:36:37.170023;(20, (2246, 2337, 1020, 2, 0, 0, 0, 0, 0, 0))
2018-04-04 19:36:37.178248;(16, (1095, 1202, 80, 0, 0, 0, 0, 0, 0, 0))
2018-04-04 19:36:37.369382;(4, (691, 871, 40, 71, 0, 0, 0, 0, 0, 0))
2018-04-04 19:36:37.370606;(9, (666, 936, 36, 164, 0, 0, 0, 0, 0, 0))
2018-04-04 19:36:37.450062;(5, (1411, 1451, 334, 0, 0, 0, 0, 0, 0, 0))
2018-04-04 19:36:37.451176;(12, (1140, 1212, 21, 6, 0, 0, 0, 0, 0, 0))
2018-04-04 19:36:37.610584;(13, (870, 1079, 301, 124, 0, 0, 0, 0, 0, 0))
2018-04-04 19:36:37.613494;(8, (2153, 2139, 790, 2, 0, 0, 0, 0, 0, 0))
2018-04-04 19:36:37.630231;(7, (1995, 2009, 672, 10, 0, 0, 0, 0, 0, 0))
2018-04-04 19:36:37.766536;(3, (2718, 2772, 1259, 3, 0, 0, 0, 0, 0, 0))
2018-04-04 19:36:39.822884;(14, (1402, 1389, 156, 6, 0, 0, 0, 0, 0, 0))
2018-04-04 19:37:05.697099;(1, (8425, 7690, 7456, 3728, 0, 0, 0, 0, 0, 0))
2018-04-04 19:37:05.890223;(11, (1410, 1459, 145, 1, 0, 0, 0, 0, 0, 0))
2018-04-04 19:37:06.237028;(21, (1332, 1435, 282, 0, 0, 0, 0, 0, 0, 0))
2018-04-04 19:37:06.253137;(10, (3971, 3985, 2539, 0, 0, 0, 0, 0, 0, 0))
2018-04-04 19:37:06.784107;(22, (3331, 3379, 1948, 2, 0, 0, 0, 0, 0, 0))
2018-04-04 19:37:06.823719;(6, (1073, 1209, 26, 1, 0, 0, 0, 0, 0, 0))
2018-04-04 19:37:06.931085;(18, (2421, 2424, 1047, 6, 0, 0, 0, 0, 0, 0))
2018-04-04 19:37:07.007739;(15, (2547, 2681, 1367, 0, 0, 0, 0, 0, 0, 0))
2018-04-04 19:37:07.012190;(17, (937, 1157, 4, 14, 0, 0, 0, 0, 0, 0))
2018-04-04 19:37:07.034316;(19, (1259, 1365, 92, 8, 0, 0, 0, 0, 0, 0))
2018-04-04 19:37:07.175136;(20, (2314, 2406, 1033, 2, 0, 0, 0, 0, 0, 0))
2018-04-04 19:37:07.183030;(16, (1194, 1300, 102, 0, 0, 0, 0, 0, 0, 0))
2018-04-04 19:37:07.209450;(23, (1935, 1855, 1425, 0, 0, 0, 0, 0, 0, 0))
2018-04-04 19:37:07.371688;(4, (703, 893, 40, 80, 0, 0, 0, 0, 0, 0))
2018-04-04 19:37:07.373458;(9, (678, 959, 36, 174, 0, 0, 0, 0, 0, 0))
2018-04-04 19:37:07.454539;(5, (1478, 1527, 354, 0, 0, 0, 0, 0, 0, 0))
2018-04-04 19:37:07.455146;(12, (1202, 1283, 21, 6, 0, 0, 0, 0, 0, 0))
2018-04-04 19:37:07.613853;(13, (884, 1100, 301, 131, 0, 0, 0, 0, 0, 0))
2018-04-04 19:37:07.616283;(8, (2236, 2221, 805, 2, 0, 0, 0, 0, 0, 0))
2018-04-04 19:37:07.634782;(7, (2078, 2088, 692, 10, 0, 0, 0, 0, 0, 0))
2018-04-04 19:37:07.770120;(3, (2863, 2921, 1341, 3, 0, 0, 0, 0, 0, 0))
2018-04-04 19:37:09.826545;(14, (1467, 1453, 159, 6, 0, 0, 0, 0, 0, 0))
2018-04-04 19:37:35.700112;(1, (8789, 8038, 7794, 3897, 0, 0, 0, 0, 0, 0))
2018-04-04 19:37:36.789815;(22, (3481, 3533, 2040, 2, 0, 0, 0, 0, 0, 0))
2018-04-04 19:37:36.826782;(6, (1118, 1263, 26, 1, 0, 0, 0, 0, 0, 0))
2018-04-04 19:37:36.895122;(11, (1470, 1523, 147, 1, 0, 0, 0, 0, 0, 0))
2018-04-04 19:37:36.935489;(18, (2536, 2543, 1095, 6, 0, 0, 0, 0, 0, 0))
2018-04-04 19:37:37.011888;(15, (2669, 2810, 1433, 0, 0, 0, 0, 0, 0, 0))
2018-04-04 19:37:37.015617;(17, (984, 1212, 4, 14, 0, 0, 0, 0, 0, 0))
2018-04-04 19:37:37.037300;(19, (1316, 1432, 95, 9, 0, 0, 0, 0, 0, 0))
2018-04-04 19:37:37.179284;(20, (2415, 2512, 1078, 2, 0, 0, 0, 0, 0, 0))
2018-04-04 19:37:37.186452;(16, (1254, 1364, 106, 0, 0, 0, 0, 0, 0, 0))
2018-04-04 19:37:37.211623;(23, (2020, 1938, 1491, 0, 0, 0, 0, 0, 0, 0))
2018-04-04 19:37:37.240256;(21, (1380, 1493, 282, 0, 0, 0, 0, 0, 0, 0))
2018-04-04 19:37:37.255891;(10, (4089, 4111, 2602, 0, 0, 0, 0, 0, 0, 0))
2018-04-04 19:37:37.375603;(4, (715, 914, 40, 88, 0, 0, 0, 0, 0, 0))
2018-04-04 19:37:37.376810;(9, (690, 982, 36, 184, 0, 0, 0, 0, 0, 0))
2018-04-04 19:37:37.458165;(5, (1545, 1603, 374, 0, 0, 0, 0, 0, 0, 0))
2018-04-04 19:37:37.459259;(12, (1263, 1348, 23, 6, 0, 0, 0, 0, 0, 0))
2018-04-04 19:37:37.616247;(13, (896, 1129, 301, 146, 0, 0, 0, 0, 0, 0))
2018-04-04 19:37:37.621005;(8, (2345, 2335, 846, 2, 0, 0, 0, 0, 0, 0))
2018-04-04 19:37:37.638839;(7, (2162, 2172, 715, 10, 0, 0, 0, 0, 0, 0))
2018-04-04 19:37:37.772904;(3, (3012, 3071, 1423, 3, 0, 0, 0, 0, 0, 0))
2018-04-04 19:37:40.830296;(14, (1547, 1536, 172, 6, 0, 0, 0, 0, 0, 0))
2018-04-04 19:38:05.702058;(1, (9201, 8410, 8156, 4078, 0, 0, 0, 0, 0, 0))
2018-04-04 19:38:06.794305;(22, (3610, 3654, 2090, 2, 0, 0, 0, 0, 0, 0))
2018-04-04 19:38:06.901723;(11, (1558, 1612, 162, 2, 0, 0, 0, 0, 0, 0))
2018-04-04 19:38:07.018838;(17, (1016, 1259, 7, 14, 0, 0, 0, 0, 0, 0))
2018-04-04 19:38:07.041560;(19, (1384, 1504, 97, 9, 0, 0, 0, 0, 0, 0))
2018-04-04 19:38:07.190165;(16, (1329, 1451, 113, 0, 0, 0, 0, 0, 0, 0))
2018-04-04 19:38:07.215542;(23, (2114, 2034, 1560, 0, 0, 0, 0, 0, 0, 0))
2018-04-04 19:38:07.243683;(21, (1427, 1549, 282, 0, 0, 0, 0, 0, 0, 0))
2018-04-04 19:38:07.261276;(10, (4298, 4317, 2736, 0, 0, 0, 0, 0, 0, 0))
2018-04-04 19:38:07.461623;(5, (1615, 1681, 394, 0, 0, 0, 0, 0, 0, 0))
2018-04-04 19:38:07.623990;(8, (2494, 2482, 900, 3, 0, 0, 0, 0, 0, 0))
2018-04-04 19:38:07.643229;(7, (2259, 2269, 738, 10, 0, 0, 0, 0, 0, 0))
2018-04-04 19:38:07.775879;(3, (3273, 3337, 1571, 3, 0, 0, 0, 0, 0, 0))
2018-04-04 19:38:07.830088;(6, (1165, 1319, 26, 1, 0, 0, 0, 0, 0, 0))
2018-04-04 19:38:07.941879;(18, (2671, 2667, 1144, 6, 0, 0, 0, 0, 0, 0))
2018-04-04 19:38:08.016113;(15, (2795, 2942, 1500, 0, 0, 0, 0, 0, 0, 0))
2018-04-04 19:38:08.184002;(20, (2483, 2577, 1085, 2, 0, 0, 0, 0, 0, 0))
2018-04-04 19:38:08.379379;(4, (726, 934, 40, 96, 0, 0, 0, 0, 0, 0))
2018-04-04 19:38:08.380433;(9, (702, 1003, 36, 193, 0, 0, 0, 0, 0, 0))
2018-04-04 19:38:08.463138;(12, (1338, 1428, 31, 6, 0, 0, 0, 0, 0, 0))
2018-04-04 19:38:08.621591;(13, (907, 1158, 301, 161, 0, 0, 0, 0, 0, 0))
2018-04-04 19:38:10.835393;(14, (1645, 1619, 185, 7, 0, 0, 0, 0, 0, 0))
2018-04-04 19:38:36.704045;(1, (9578, 8770, 8506, 4253, 0, 0, 0, 0, 0, 0))
2018-04-04 19:38:36.907314;(11, (1648, 1712, 187, 2, 0, 0, 0, 0, 0, 0))
2018-04-04 19:38:37.218702;(23, (2179, 2099, 1613, 0, 0, 0, 0, 0, 0, 0))
2018-04-04 19:38:37.246850;(21, (1473, 1605, 282, 0, 0, 0, 0, 0, 0, 0))
2018-04-04 19:38:37.263960;(10, (4552, 4576, 2926, 0, 0, 0, 0, 0, 0, 0))
2018-04-04 19:38:37.646451;(7, (2327, 2344, 751, 10, 0, 0, 0, 0, 0, 0))
2018-04-04 19:38:37.797461;(22, (3666, 3711, 2090, 2, 0, 0, 0, 0, 0, 0))
2018-04-04 19:38:37.833583;(6, (1210, 1371, 26, 1, 0, 0, 0, 0, 0, 0))
2018-04-04 19:38:37.945555;(18, (2765, 2758, 1177, 6, 0, 0, 0, 0, 0, 0))
2018-04-04 19:38:38.021108;(15, (2900, 3055, 1554, 0, 0, 0, 0, 0, 0, 0))
2018-04-04 19:38:38.022309;(17, (1026, 1276, 7, 14, 0, 0, 0, 0, 0, 0))
2018-04-04 19:38:38.045900;(19, (1439, 1564, 97, 9, 0, 0, 0, 0, 0, 0))
2018-04-04 19:38:38.187945;(20, (2576, 2676, 1121, 2, 0, 0, 0, 0, 0, 0))
2018-04-04 19:38:38.193793;(16, (1387, 1515, 116, 0, 0, 0, 0, 0, 0, 0))
2018-04-04 19:38:38.382679;(4, (737, 956, 40, 106, 0, 0, 0, 0, 0, 0))
2018-04-04 19:38:38.383941;(9, (712, 1026, 36, 203, 0, 0, 0, 0, 0, 0))
2018-04-04 19:38:38.465060;(5, (1681, 1757, 414, 0, 0, 0, 0, 0, 0, 0))
2018-04-04 19:38:38.466735;(12, (1386, 1486, 31, 6, 0, 0, 0, 0, 0, 0))
2018-04-04 19:38:38.624080;(13, (917, 1185, 301, 175, 0, 0, 0, 0, 0, 0))
2018-04-04 19:38:38.627478;(8, (2627, 2625, 958, 3, 0, 0, 0, 0, 0, 0))
2018-04-04 19:38:38.778784;(3, (3465, 3512, 1684, 3, 0, 0, 0, 0, 0, 0))
2018-04-04 19:38:40.839976;(14, (1722, 1693, 202, 7, 0, 0, 0, 0, 0, 0))
2018-04-04 19:39:06.706197;(1, (9942, 9125, 8851, 4426, 0, 0, 0, 0, 0, 0))
2018-04-04 19:39:06.911966;(11, (1715, 1787, 200, 2, 0, 0, 0, 0, 0, 0))
2018-04-04 19:39:07.220824;(23, (2262, 2180, 1681, 0, 0, 0, 0, 0, 0, 0))
2018-04-04 19:39:07.250767;(21, (1522, 1663, 282, 0, 0, 0, 0, 0, 0, 0))
2018-04-04 19:39:07.268082;(10, (4779, 4811, 3100, 0, 0, 0, 0, 0, 0, 0))
2018-04-04 19:39:07.801351;(22, (3716, 3766, 2090, 2, 0, 0, 0, 0, 0, 0))
2018-04-04 19:39:07.836688;(6, (1257, 1427, 26, 1, 0, 0, 0, 0, 0, 0))
2018-04-04 19:39:07.948896;(18, (2869, 2863, 1225, 6, 0, 0, 0, 0, 0, 0))
2018-04-04 19:39:08.024286;(15, (3018, 3182, 1623, 0, 0, 0, 0, 0, 0, 0))
2018-04-04 19:39:08.025582;(17, (1034, 1297, 7, 14, 0, 0, 0, 0, 0, 0))
2018-04-04 19:39:08.049152;(19, (1489, 1620, 97, 9, 0, 0, 0, 0, 0, 0))
2018-04-04 19:39:08.191861;(20, (2623, 2731, 1121, 2, 0, 0, 0, 0, 0, 0))
2018-04-04 19:39:08.197429;(16, (1434, 1577, 116, 0, 0, 0, 0, 0, 0, 0))
2018-04-04 19:39:08.386353;(9, (722, 1048, 36, 213, 0, 0, 0, 0, 0, 0))
2018-04-04 19:39:08.391506;(4, (747, 977, 40, 115, 0, 0, 0, 0, 0, 0))
2018-04-04 19:39:08.470966;(5, (1750, 1836, 434, 0, 0, 0, 0, 0, 0, 0))
2018-04-04 19:39:08.471790;(12, (1448, 1550, 38, 6, 0, 0, 0, 0, 0, 0))
2018-04-04 19:39:08.627199;(13, (927, 1212, 301, 189, 0, 0, 0, 0, 0, 0))
2018-04-04 19:39:08.631137;(8, (2717, 2718, 990, 3, 0, 0, 0, 0, 0, 0))
2018-04-04 19:39:08.650382;(7, (2399, 2430, 771, 10, 0, 0, 0, 0, 0, 0))
2018-04-04 19:39:08.782241;(3, (3657, 3707, 1816, 3, 0, 0, 0, 0, 0, 0))
2018-04-04 19:39:10.843575;(14, (1808, 1778, 229, 7, 0, 0, 0, 0, 0, 0))
2018-04-04 19:39:36.708091;(1, (10297, 9476, 9192, 4596, 0, 0, 0, 0, 0, 0))
2018-04-04 19:39:36.918086;(11, (1784, 1865, 220, 2, 0, 0, 0, 0, 0, 0))
2018-04-04 19:39:37.225217;(23, (2337, 2254, 1744, 0, 0, 0, 0, 0, 0, 0))
2018-04-04 19:39:37.254693;(21, (1568, 1719, 282, 0, 0, 0, 0, 0, 0, 0))
2018-04-04 19:39:37.271435;(10, (5013, 5051, 3282, 0, 0, 0, 0, 0, 0, 0))
2018-04-04 19:39:37.804563;(22, (3770, 3826, 2090, 2, 0, 0, 0, 0, 0, 0))
2018-04-04 19:39:37.839421;(6, (1299, 1479, 26, 1, 0, 0, 0, 0, 0, 0))
2018-04-04 19:39:37.951826;(18, (2967, 2966, 1270, 6, 0, 0, 0, 0, 0, 0))
2018-04-04 19:39:38.028054;(15, (3130, 3304, 1686, 0, 0, 0, 0, 0, 0, 0))
2018-04-04 19:39:38.030213;(17, (1043, 1318, 7, 14, 0, 0, 0, 0, 0, 0))
2018-04-04 19:39:38.055724;(19, (1537, 1675, 97, 9, 0, 0, 0, 0, 0, 0))
2018-04-04 19:39:38.195750;(20, (2670, 2784, 1121, 2, 0, 0, 0, 0, 0, 0))
2018-04-04 19:39:38.201315;(16, (1483, 1633, 116, 0, 0, 0, 0, 0, 0, 0))
2018-04-04 19:39:38.390428;(9, (732, 1069, 36, 222, 0, 0, 0, 0, 0, 0))
2018-04-04 19:39:38.396251;(4, (757, 994, 40, 121, 0, 0, 0, 0, 0, 0))
2018-04-04 19:39:38.475375;(5, (1819, 1915, 454, 0, 0, 0, 0, 0, 0, 0))
2018-04-04 19:39:38.477382;(12, (1502, 1607, 38, 6, 0, 0, 0, 0, 0, 0))
2018-04-04 19:39:38.630644;(13, (937, 1240, 301, 204, 0, 0, 0, 0, 0, 0))
2018-04-04 19:39:38.635039;(8, (2810, 2813, 1027, 3, 0, 0, 0, 0, 0, 0))
2018-04-04 19:39:38.654020;(7, (2467, 2511, 789, 10, 0, 0, 0, 0, 0, 0))
2018-04-04 19:39:38.785208;(3, (3852, 3901, 1951, 3, 0, 0, 0, 0, 0, 0))
2018-04-04 19:39:41.849232;(14, (1880, 1853, 249, 7, 0, 0, 0, 0, 0, 0))
2018-04-04 19:40:06.709964;(1, (10651, 9827, 9533, 4767, 0, 0, 0, 0, 0, 0))
2018-04-04 19:40:07.275029;(10, (5200, 5246, 3421, 0, 0, 0, 0, 0, 0, 0))
2018-04-04 19:40:07.808812;(22, (3817, 3880, 2090, 2, 0, 0, 0, 0, 0, 0))
2018-04-04 19:40:07.842389;(6, (1346, 1535, 26, 1, 0, 0, 0, 0, 0, 0))
2018-04-04 19:40:07.922496;(11, (1853, 1944, 240, 2, 0, 0, 0, 0, 0, 0))
2018-04-04 19:40:07.955617;(18, (3095, 3100, 1349, 6, 0, 0, 0, 0, 0, 0))
2018-04-04 19:40:08.035004;(17, (1051, 1337, 7, 14, 0, 0, 0, 0, 0, 0))
2018-04-04 19:40:08.061495;(19, (1585, 1731, 97, 9, 0, 0, 0, 0, 0, 0))
2018-04-04 19:40:08.198943;(20, (2714, 2839, 1121, 2, 0, 0, 0, 0, 0, 0))
2018-04-04 19:40:08.203896;(16, (1527, 1687, 116, 0, 0, 0, 0, 0, 0, 0))
2018-04-04 19:40:08.227847;(23, (2448, 2366, 1844, 0, 0, 0, 0, 0, 0, 0))
2018-04-04 19:40:08.259065;(21, (1617, 1775, 282, 0, 0, 0, 0, 0, 0, 0))
2018-04-04 19:40:08.392862;(9, (744, 1088, 36, 229, 0, 0, 0, 0, 0, 0))
2018-04-04 19:40:08.398754;(4, (769, 1017, 40, 131, 0, 0, 0, 0, 0, 0))
2018-04-04 19:40:08.479661;(5, (1887, 1991, 474, 0, 0, 0, 0, 0, 0, 0))
2018-04-04 19:40:08.480195;(12, (1549, 1661, 38, 6, 0, 0, 0, 0, 0, 0))
2018-04-04 19:40:08.637853;(8, (2862, 2870, 1028, 3, 0, 0, 0, 0, 0, 0))
2018-04-04 19:40:08.657177;(7, (2533, 2594, 807, 10, 0, 0, 0, 0, 0, 0))
2018-04-04 19:40:08.788010;(3, (4006, 4062, 2050, 3, 0, 0, 0, 0, 0, 0))
2018-04-04 19:40:09.033989;(15, (3280, 3465, 1785, 0, 0, 0, 0, 0, 0, 0))
2018-04-04 19:40:09.634661;(13, (949, 1268, 301, 218, 0, 0, 0, 0, 0, 0))
2018-04-04 19:40:11.853946;(14, (1949, 1929, 269, 7, 0, 0, 0, 0, 0, 0))
2018-04-04 19:40:36.711918;(1, (11009, 10178, 9874, 4937, 0, 0, 0, 0, 0, 0))
2018-04-04 19:40:37.811934;(22, (3867, 3936, 2090, 2, 0, 0, 0, 0, 0, 0))
2018-04-04 19:40:37.926300;(11, (1922, 2021, 262, 2, 0, 0, 0, 0, 0, 0))
2018-04-04 19:40:38.038897;(17, (1059, 1356, 7, 14, 0, 0, 0, 0, 0, 0))
2018-04-04 19:40:38.065289;(19, (1636, 1792, 98, 9, 0, 0, 0, 0, 0, 0))
2018-04-04 19:40:38.209315;(16, (1573, 1741, 116, 0, 0, 0, 0, 0, 0, 0))
2018-04-04 19:40:38.230010;(23, (2565, 2483, 1950, 0, 0, 0, 0, 0, 0, 0))
2018-04-04 19:40:38.262365;(21, (1665, 1833, 282, 0, 0, 0, 0, 0, 0, 0))
2018-04-04 19:40:38.278981;(10, (5392, 5447, 3556, 0, 0, 0, 0, 0, 0, 0))
2018-04-04 19:40:38.484028;(5, (1955, 2069, 494, 0, 0, 0, 0, 0, 0, 0))
2018-04-04 19:40:38.645201;(8, (2914, 2933, 1028, 3, 0, 0, 0, 0, 0, 0))
2018-04-04 19:40:38.660141;(7, (2602, 2674, 823, 10, 0, 0, 0, 0, 0, 0))
2018-04-04 19:40:38.848026;(6, (1390, 1589, 26, 1, 0, 0, 0, 0, 0, 0))
2018-04-04 19:40:38.958608;(18, (3232, 3242, 1434, 6, 0, 0, 0, 0, 0, 0))
2018-04-04 19:40:39.038013;(15, (3432, 3627, 1890, 0, 0, 0, 0, 0, 0, 0))
2018-04-04 19:40:39.202764;(20, (2760, 2891, 1121, 2, 0, 0, 0, 0, 0, 0))
2018-04-04 19:40:39.395328;(9, (754, 1110, 36, 239, 0, 0, 0, 0, 0, 0))
2018-04-04 19:40:39.403619;(4, (779, 1038, 40, 140, 0, 0, 0, 0, 0, 0))
2018-04-04 19:40:39.485636;(12, (1598, 1716, 38, 6, 0, 0, 0, 0, 0, 0))
2018-04-04 19:40:39.642071;(13, (959, 1293, 301, 231, 0, 0, 0, 0, 0, 0))
2018-04-04 19:40:41.857628;(14, (2021, 2003, 289, 7, 0, 0, 0, 0, 0, 0))
2018-04-04 19:41:06.714648;(1, (11416, 10569, 10255, 5128, 0, 0, 0, 0, 0, 0))
2018-04-04 19:41:07.930291;(11, (2013, 2119, 303, 2, 0, 0, 0, 0, 0, 0))
2018-04-04 19:41:08.233457;(23, (2754, 2669, 2120, 0, 0, 0, 0, 0, 0, 0))
2018-04-04 19:41:08.265542;(21, (1713, 1889, 282, 0, 0, 0, 0, 0, 0, 0))
2018-04-04 19:41:08.282393;(10, (5525, 5585, 3632, 0, 0, 0, 0, 0, 0, 0))
2018-04-04 19:41:08.818715;(22, (3920, 3994, 2090, 2, 0, 0, 0, 0, 0, 0))
2018-04-04 19:41:08.853218;(6, (1435, 1643, 26, 1, 0, 0, 0, 0, 0, 0))
2018-04-04 19:41:08.961678;(18, (3441, 3457, 1586, 6, 0, 0, 0, 0, 0, 0))
2018-04-04 19:41:09.042093;(15, (3658, 3862, 2062, 0, 0, 0, 0, 0, 0, 0))
2018-04-04 19:41:09.046438;(17, (1082, 1396, 7, 14, 0, 0, 0, 0, 0, 0))
2018-04-04 19:41:09.068245;(19, (1686, 1851, 98, 9, 0, 0, 0, 0, 0, 0))
2018-04-04 19:41:09.206480;(20, (2862, 2997, 1167, 2, 0, 0, 0, 0, 0, 0))
2018-04-04 19:41:09.213720;(16, (1615, 1795, 116, 0, 0, 0, 0, 0, 0, 0))
2018-04-04 19:41:09.399738;(9, (784, 1156, 36, 248, 0, 0, 0, 0, 0, 0))
2018-04-04 19:41:09.407454;(4, (804, 1074, 40, 146, 0, 0, 0, 0, 0, 0))
2018-04-04 19:41:09.489998;(5, (2022, 2146, 514, 0, 0, 0, 0, 0, 0, 0))
2018-04-04 19:41:09.493650;(12, (1648, 1772, 38, 6, 0, 0, 0, 0, 0, 0))
2018-04-04 19:41:09.645513;(13, (1010, 1363, 323, 243, 0, 0, 0, 0, 0, 0))
2018-04-04 19:41:09.649150;(8, (2962, 2989, 1028, 3, 0, 0, 0, 0, 0, 0))
2018-04-04 19:41:09.663117;(7, (2682, 2768, 848, 10, 0, 0, 0, 0, 0, 0))
2018-04-04 19:41:09.794563;(3, (4328, 4399, 2241, 3, 0, 0, 0, 0, 0, 0))
2018-04-04 19:41:11.861291;(14, (2102, 2086, 311, 7, 0, 0, 0, 0, 0, 0))
2018-04-04 19:41:36.716504;(1, (11862, 10986, 10662, 5331, 0, 0, 0, 0, 0, 0))
2018-04-04 19:41:37.932827;(11, (2116, 2220, 330, 2, 0, 0, 0, 0, 0, 0))
2018-04-04 19:41:38.236185;(23, (2851, 2758, 2191, 0, 0, 0, 0, 0, 0, 0))
2018-04-04 19:41:38.269262;(21, (1763, 1948, 282, 0, 0, 0, 0, 0, 0, 0))
2018-04-04 19:41:38.285153;(10, (5765, 5827, 3805, 0, 0, 0, 0, 0, 0, 0))
2018-04-04 19:41:38.822312;(22, (3979, 4055, 2090, 2, 0, 0, 0, 0, 0, 0))
2018-04-04 19:41:38.857517;(6, (1479, 1697, 26, 1, 0, 0, 0, 0, 0, 0))
2018-04-04 19:41:38.965153;(18, (3579, 3598, 1643, 6, 0, 0, 0, 0, 0, 0))
2018-04-04 19:41:39.045224;(15, (3790, 4003, 2138, 0, 0, 0, 0, 0, 0, 0))
2018-04-04 19:41:39.049655;(17, (1121, 1448, 7, 14, 0, 0, 0, 0, 0, 0))
2018-04-04 19:41:39.071517;(19, (1753, 1923, 101, 9, 0, 0, 0, 0, 0, 0))
2018-04-04 19:41:39.213321;(20, (2963, 3095, 1199, 4, 0, 0, 0, 0, 0, 0))
2018-04-04 19:41:39.406169;(9, (835, 1215, 36, 248, 0, 0, 0, 0, 0, 0))
2018-04-04 19:41:39.411447;(4, (855, 1133, 40, 146, 0, 0, 0, 0, 0, 0))
2018-04-04 19:41:39.495691;(5, (2090, 2222, 534, 0, 0, 0, 0, 0, 0, 0))
2018-04-04 19:41:39.499533;(12, (1737, 1861, 50, 6, 0, 0, 0, 0, 0, 0))
2018-04-04 19:41:39.650188;(13, (1100, 1462, 363, 243, 0, 0, 0, 0, 0, 0))
2018-04-04 19:41:39.651985;(8, (3073, 3089, 1053, 3, 0, 0, 0, 0, 0, 0))
2018-04-04 19:41:39.666693;(7, (2794, 2881, 880, 11, 0, 0, 0, 0, 0, 0))
2018-04-04 19:41:39.797805;(3, (4563, 4633, 2378, 4, 0, 0, 0, 0, 0, 0))
2018-04-04 19:42:06.718372;(1, (12282, 11390, 11056, 5528, 0, 0, 0, 0, 0, 0))
2018-04-04 19:42:07.935868;(11, (2203, 2318, 355, 2, 0, 0, 0, 0, 0, 0))
2018-04-04 19:42:08.238522;(23, (2973, 2885, 2291, 0, 0, 0, 0, 0, 0, 0))
2018-04-04 19:42:08.272960;(21, (1812, 2005, 282, 0, 0, 0, 0, 0, 0, 0))
2018-04-04 19:42:08.288075;(10, (5954, 6020, 3938, 0, 0, 0, 0, 0, 0, 0))
2018-04-04 19:42:08.825267;(22, (4032, 4113, 2090, 2, 0, 0, 0, 0, 0, 0))
2018-04-04 19:42:08.862825;(6, (1528, 1751, 26, 1, 0, 0, 0, 0, 0, 0))
2018-04-04 19:42:08.968339;(18, (3733, 3752, 1724, 6, 0, 0, 0, 0, 0, 0))
2018-04-04 19:42:09.049980;(15, (3942, 4163, 2231, 0, 0, 0, 0, 0, 0, 0))
2018-04-04 19:42:09.053335;(17, (1130, 1467, 7, 14, 0, 0, 0, 0, 0, 0))
2018-04-04 19:42:09.076044;(19, (1803, 1979, 101, 9, 0, 0, 0, 0, 0, 0))
2018-04-04 19:42:09.218739;(20, (3024, 3162, 1212, 4, 0, 0, 0, 0, 0, 0))
2018-04-04 19:42:09.222260;(16, (1746, 1930, 128, 2, 0, 0, 0, 0, 0, 0))
2018-04-04 19:42:09.411534;(9, (885, 1273, 36, 248, 0, 0, 0, 0, 0, 0))
2018-04-04 19:42:09.415850;(4, (906, 1191, 41, 146, 0, 0, 0, 0, 0, 0))
2018-04-04 19:42:09.499751;(5, (2159, 2300, 554, 0, 0, 0, 0, 0, 0, 0))
2018-04-04 19:42:09.503166;(12, (1787, 1912, 50, 7, 0, 0, 0, 0, 0, 0))
2018-04-04 19:42:09.653817;(13, (1188, 1567, 406, 243, 0, 0, 0, 0, 0, 0))
2018-04-04 19:42:09.657177;(8, (3134, 3151, 1053, 3, 0, 0, 0, 0, 0, 0))
2018-04-04 19:42:09.670184;(7, (2866, 2965, 898, 11, 0, 0, 0, 0, 0, 0))
2018-04-04 19:42:09.801687;(3, (4718, 4786, 2467, 4, 0, 0, 0, 0, 0, 0))
2018-04-04 19:42:11.870882;(14, (2303, 2281, 358, 9, 0, 0, 0, 0, 0, 0))
2018-04-04 19:42:37.720339;(1, (12725, 11810, 11466, 5733, 0, 0, 0, 0, 0, 0))
2018-04-04 19:42:37.938732;(11, (2282, 2394, 370, 3, 0, 0, 0, 0, 0, 0))
2018-04-04 19:42:38.276537;(21, (1862, 2062, 282, 0, 0, 0, 0, 0, 0, 0))
2018-04-04 19:42:38.291171;(10, (6144, 6217, 4074, 0, 0, 0, 0, 0, 0, 0))
2018-04-04 19:42:38.829045;(22, (4087, 4167, 2090, 2, 0, 0, 0, 0, 0, 0))
2018-04-04 19:42:38.870473;(6, (1575, 1805, 26, 1, 0, 0, 0, 0, 0, 0))
2018-04-04 19:42:38.972034;(18, (3893, 3907, 1815, 6, 0, 0, 0, 0, 0, 0))
2018-04-04 19:42:39.055472;(17, (1139, 1486, 7, 14, 0, 0, 0, 0, 0, 0))
2018-04-04 19:42:39.082333;(19, (1858, 2041, 101, 9, 0, 0, 0, 0, 0, 0))
2018-04-04 19:42:39.222837;(20, (3090, 3233, 1226, 4, 0, 0, 0, 0, 0, 0))
2018-04-04 19:42:39.226124;(16, (1801, 2000, 128, 2, 0, 0, 0, 0, 0, 0))
2018-04-04 19:42:39.242926;(23, (3102, 3014, 2398, 0, 0, 0, 0, 0, 0, 0))
2018-04-04 19:42:39.419633;(4, (953, 1252, 41, 148, 0, 0, 0, 0, 0, 0))
2018-04-04 19:42:39.504251;(5, (2230, 2378, 576, 0, 0, 0, 0, 0, 0, 0))
2018-04-04 19:42:39.507165;(12, (1870, 1992, 59, 7, 0, 0, 0, 0, 0, 0))
2018-04-04 19:42:39.660149;(8, (3199, 3224, 1056, 3, 0, 0, 0, 0, 0, 0))
2018-04-04 19:42:39.674514;(7, (2951, 3058, 920, 11, 0, 0, 0, 0, 0, 0))
2018-04-04 19:42:39.804918;(3, (4887, 4954, 2560, 4, 0, 0, 0, 0, 0, 0))
2018-04-04 19:42:40.053542;(15, (4108, 4337, 2339, 0, 0, 0, 0, 0, 0, 0))
2018-04-04 19:42:40.415884;(9, (938, 1335, 37, 248, 0, 0, 0, 0, 0, 0))
2018-04-04 19:42:40.657094;(13, (1281, 1672, 447, 243, 0, 0, 0, 0, 0, 0))
2018-04-04 19:42:42.875746;(14, (2404, 2375, 393, 9, 0, 0, 0, 0, 0, 0))
2018-04-04 19:43:07.722646;(1, (13154, 12219, 11865, 5933, 0, 0, 0, 0, 0, 0))
2018-04-04 19:43:08.833647;(22, (4144, 4224, 2090, 2, 0, 0, 0, 0, 0, 0))
2018-04-04 19:43:08.942348;(11, (2373, 2488, 407, 3, 0, 0, 0, 0, 0, 0))
2018-04-04 19:43:09.059989;(17, (1162, 1525, 7, 15, 0, 0, 0, 0, 0, 0))
2018-04-04 19:43:09.088202;(19, (1905, 2098, 101, 12, 0, 0, 0, 0, 0, 0))
2018-04-04 19:43:09.229887;(16, (1849, 2055, 128, 2, 0, 0, 0, 0, 0, 0))
2018-04-04 19:43:09.245946;(23, (3236, 3147, 2518, 0, 0, 0, 0, 0, 0, 0))
2018-04-04 19:43:09.279880;(21, (1914, 2121, 282, 0, 0, 0, 0, 0, 0, 0))
2018-04-04 19:43:09.294300;(10, (6324, 6401, 4190, 0, 0, 0, 0, 0, 0, 0))
2018-04-04 19:43:09.507848;(5, (2298, 2454, 596, 0, 0, 0, 0, 0, 0, 0))
2018-04-04 19:43:09.663694;(8, (3258, 3285, 1056, 3, 0, 0, 0, 0, 0, 0))
2018-04-04 19:43:09.677590;(7, (3054, 3167, 954, 15, 0, 0, 0, 0, 0, 0))
2018-04-04 19:43:09.808412;(3, (5046, 5106, 2643, 4, 0, 0, 0, 0, 0, 0))
2018-04-04 19:43:09.876273;(6, (1621, 1859, 26, 1, 0, 0, 0, 0, 0, 0))
2018-04-04 19:43:09.978678;(18, (4050, 4064, 1913, 6, 0, 0, 0, 0, 0, 0))
2018-04-04 19:43:10.058734;(15, (4276, 4513, 2457, 0, 0, 0, 0, 0, 0, 0))
2018-04-04 19:43:10.226298;(20, (3137, 3290, 1227, 9, 0, 0, 0, 0, 0, 0))
2018-04-04 19:43:10.422022;(9, (996, 1400, 43, 248, 0, 0, 0, 0, 0, 0))
2018-04-04 19:43:10.424409;(4, (998, 1311, 41, 148, 0, 0, 0, 0, 0, 0))
2018-04-04 19:43:10.510747;(12, (1924, 2047, 59, 7, 0, 0, 0, 0, 0, 0))
2018-04-04 19:43:10.660708;(13, (1365, 1767, 487, 243, 0, 0, 0, 0, 0, 0))
