2018-04-03 15:12:59.563365;(17, (28, 34, 0, 0, 0, 0, 0, 0, 0, 0))
2018-04-03 15:12:59.619232;(19, (52, 37, 0, 0, 0, 0, 0, 0, 0, 0))
2018-04-03 15:12:59.722408;(13, (74, 67, 2, 0, 0, 0, 0, 0, 0, 0))
2018-04-03 15:12:59.757645;(14, (126, 77, 26, 0, 0, 0, 0, 0, 0, 0))
2018-04-03 15:12:59.786458;(18, (59, 42, 0, 0, 0, 0, 0, 0, 0, 0))
2018-04-03 15:12:59.797489;(21, (58, 41, 0, 0, 0, 0, 0, 0, 0, 0))
2018-04-03 15:12:59.895757;(4, (47, 41, 0, 0, 0, 0, 0, 0, 0, 0))
2018-04-03 15:12:59.945061;(15, (65, 39, 0, 0, 0, 0, 0, 0, 0, 0))
2018-04-03 15:12:59.955723;(7, (101, 68, 0, 0, 0, 0, 0, 0, 0, 0))
2018-04-03 15:13:00.035850;(3, (129, 83, 0, 0, 0, 0, 0, 0, 0, 0))
2018-04-03 15:13:00.062433;(1, (274, 118, 86, 43, 0, 0, 0, 0, 0, 0))
2018-04-03 15:13:00.129034;(12, (77, 61, 0, 0, 0, 0, 0, 0, 0, 0))
2018-04-03 15:13:00.133376;(6, (79, 72, 0, 0, 0, 0, 0, 0, 0, 0))
2018-04-03 15:13:00.182735;(22, (90, 54, 10, 0, 0, 0, 0, 0, 0, 0))
2018-04-03 15:13:00.206300;(9, (31, 38, 0, 0, 0, 0, 0, 0, 0, 0))
2018-04-03 15:13:00.325568;(20, (63, 37, 0, 0, 0, 0, 0, 0, 0, 0))
2018-04-03 15:13:00.326640;(11, (59, 37, 0, 0, 0, 0, 0, 0, 0, 0))
2018-04-03 15:13:00.374189;(5, (69, 40, 0, 0, 0, 0, 0, 0, 0, 0))
2018-04-03 15:13:00.375540;(16, (73, 59, 0, 0, 0, 0, 0, 0, 0, 0))
2018-04-03 15:13:00.437223;(10, (214, 172, 70, 0, 0, 0, 0, 0, 0, 0))
2018-04-03 15:13:00.585595;(8, (77, 37, 0, 0, 0, 0, 0, 0, 0, 0))
2018-04-03 15:13:00.595844;(23, (57, 36, 0, 0, 0, 0, 0, 0, 0, 0))
2018-04-03 15:13:29.567582;(17, (74, 91, 0, 0, 0, 0, 0, 0, 0, 0))
2018-04-03 15:13:29.622211;(19, (100, 94, 0, 0, 0, 0, 0, 0, 0, 0))
2018-04-03 15:13:29.726635;(13, (191, 207, 52, 0, 0, 0, 0, 0, 0, 0))
2018-04-03 15:13:29.760127;(14, (260, 215, 118, 0, 0, 0, 0, 0, 0, 0))
2018-04-03 15:13:29.789191;(18, (113, 103, 0, 0, 0, 0, 0, 0, 0, 0))
2018-04-03 15:13:29.801777;(21, (124, 119, 0, 0, 0, 0, 0, 0, 0, 0))
2018-04-03 15:13:29.901029;(4, (134, 143, 22, 0, 0, 0, 0, 0, 0, 0))
2018-04-03 15:13:29.949053;(15, (105, 79, 0, 0, 0, 0, 0, 0, 0, 0))
2018-04-03 15:13:29.958817;(7, (191, 169, 24, 0, 0, 0, 0, 0, 0, 0))
2018-04-03 15:13:30.041066;(3, (249, 210, 49, 0, 0, 0, 0, 0, 0, 0))
2018-04-03 15:13:30.066271;(1, (843, 663, 620, 310, 0, 0, 0, 0, 0, 0))
2018-04-03 15:13:30.135264;(12, (167, 161, 22, 0, 0, 0, 0, 0, 0, 0))
2018-04-03 15:13:30.137996;(6, (145, 151, 0, 0, 0, 0, 0, 0, 0, 0))
2018-04-03 15:13:30.189701;(22, (223, 192, 85, 0, 0, 0, 0, 0, 0, 0))
2018-04-03 15:13:30.209299;(9, (77, 94, 0, 0, 0, 0, 0, 0, 0, 0))
2018-04-03 15:13:30.330075;(20, (117, 104, 0, 0, 0, 0, 0, 0, 0, 0))
2018-04-03 15:13:30.331436;(11, (123, 110, 0, 0, 0, 0, 0, 0, 0, 0))
2018-04-03 15:13:30.379107;(5, (134, 117, 0, 0, 0, 0, 0, 0, 0, 0))
2018-04-03 15:13:30.381642;(16, (136, 138, 0, 0, 0, 0, 0, 0, 0, 0))
2018-04-03 15:13:30.441658;(10, (609, 571, 403, 0, 0, 0, 0, 0, 0, 0))
2018-04-03 15:13:30.589711;(8, (133, 94, 0, 0, 0, 0, 0, 0, 0, 0))
2018-04-03 15:13:30.599006;(23, (70, 50, 0, 0, 0, 0, 0, 0, 0, 0))
2018-04-03 15:13:59.574461;(17, (137, 167, 0, 0, 0, 0, 0, 0, 0, 0))
2018-04-03 15:13:59.626163;(19, (166, 170, 1, 0, 0, 0, 0, 0, 0, 0))
2018-04-03 15:13:59.730406;(13, (308, 347, 99, 0, 0, 0, 0, 0, 0, 0))
2018-04-03 15:13:59.763550;(14, (415, 383, 204, 0, 0, 0, 0, 0, 0, 0))
2018-04-03 15:13:59.792386;(18, (180, 183, 3, 0, 0, 0, 0, 0, 0, 0))
2018-04-03 15:13:59.805599;(21, (209, 216, 16, 0, 0, 0, 0, 0, 0, 0))
2018-04-03 15:13:59.905633;(4, (222, 251, 44, 0, 0, 0, 0, 0, 0, 0))
2018-04-03 15:13:59.954598;(15, (169, 155, 0, 0, 0, 0, 0, 0, 0, 0))
2018-04-03 15:13:59.963201;(7, (289, 284, 54, 0, 0, 0, 0, 0, 0, 0))
2018-04-03 15:14:00.045096;(3, (402, 371, 126, 0, 0, 0, 0, 0, 0, 0))
2018-04-03 15:14:00.069490;(1, (1486, 1279, 1226, 613, 0, 0, 0, 0, 0, 0))
2018-04-03 15:14:00.139573;(12, (267, 267, 51, 0, 0, 0, 0, 0, 0, 0))
2018-04-03 15:14:00.142334;(6, (208, 227, 0, 0, 0, 0, 0, 0, 0, 0))
2018-04-03 15:14:00.194158;(22, (397, 374, 186, 0, 0, 0, 0, 0, 0, 0))
2018-04-03 15:14:00.213036;(9, (121, 153, 0, 0, 0, 0, 0, 0, 0, 0))
2018-04-03 15:14:00.334977;(20, (180, 192, 0, 0, 0, 0, 0, 0, 0, 0))
2018-04-03 15:14:00.337214;(11, (188, 191, 0, 0, 0, 0, 0, 0, 0, 0))
2018-04-03 15:14:00.383401;(5, (194, 196, 0, 0, 0, 0, 0, 0, 0, 0))
2018-04-03 15:14:00.386440;(16, (201, 221, 0, 0, 0, 0, 0, 0, 0, 0))
2018-04-03 15:14:00.446922;(10, (1081, 1054, 802, 0, 0, 0, 0, 0, 0, 0))
2018-04-03 15:14:00.593879;(8, (202, 173, 0, 0, 0, 0, 0, 0, 0, 0))
2018-04-03 15:14:00.601953;(23, (81, 61, 0, 0, 0, 0, 0, 0, 0, 0))
2018-04-03 15:14:29.810197;(21, (365, 379, 89, 0, 0, 0, 0, 0, 0, 0))
2018-04-03 15:14:30.071332;(1, (2118, 1842, 1778, 889, 0, 0, 0, 0, 0, 0))
2018-04-03 15:14:30.453746;(10, (1470, 1448, 1083, 0, 0, 0, 0, 0, 0, 0))
2018-04-03 15:14:30.579294;(17, (175, 218, 0, 4, 0, 0, 0, 0, 0, 0))
2018-04-03 15:14:30.605000;(23, (146, 126, 43, 0, 0, 0, 0, 0, 0, 0))
2018-04-03 15:14:30.630243;(19, (241, 255, 6, 1, 0, 0, 0, 0, 0, 0))
2018-04-03 15:14:30.734869;(13, (436, 493, 142, 0, 0, 0, 0, 0, 0, 0))
2018-04-03 15:14:30.767070;(14, (582, 554, 265, 0, 0, 0, 0, 0, 0, 0))
2018-04-03 15:14:30.795813;(18, (291, 310, 30, 0, 0, 0, 0, 0, 0, 0))
2018-04-03 15:14:30.910591;(4, (324, 366, 58, 1, 0, 0, 0, 0, 0, 0))
2018-04-03 15:14:30.959311;(15, (371, 359, 110, 0, 0, 0, 0, 0, 0, 0))
2018-04-03 15:14:30.969031;(7, (424, 418, 83, 0, 0, 0, 0, 0, 0, 0))
2018-04-03 15:14:31.049107;(3, (600, 557, 207, 0, 0, 0, 0, 0, 0, 0))
2018-04-03 15:14:31.144401;(12, (382, 381, 69, 0, 0, 0, 0, 0, 0, 0))
2018-04-03 15:14:31.146860;(6, (287, 317, 3, 2, 0, 0, 0, 0, 0, 0))
2018-04-03 15:14:31.198178;(22, (621, 601, 297, 0, 0, 0, 0, 0, 0, 0))
2018-04-03 15:14:31.215365;(9, (146, 189, 2, 2, 0, 0, 0, 0, 0, 0))
2018-04-03 15:14:31.339873;(20, (268, 294, 6, 0, 0, 0, 0, 0, 0, 0))
2018-04-03 15:14:31.345039;(11, (264, 282, 5, 0, 0, 0, 0, 0, 0, 0))
2018-04-03 15:14:31.387687;(5, (309, 320, 35, 0, 0, 0, 0, 0, 0, 0))
2018-04-03 15:14:31.390621;(16, (264, 291, 1, 1, 0, 0, 0, 0, 0, 0))
2018-04-03 15:14:31.599661;(8, (312, 273, 9, 4, 0, 0, 0, 0, 0, 0))
2018-04-03 15:15:00.074207;(1, (2763, 2468, 2394, 1197, 0, 0, 0, 0, 0, 0))
2018-04-03 15:15:00.585606;(17, (239, 299, 0, 4, 0, 0, 0, 0, 0, 0))
2018-04-03 15:15:00.634233;(19, (308, 332, 6, 1, 0, 0, 0, 0, 0, 0))
2018-04-03 15:15:00.739921;(13, (572, 647, 210, 0, 0, 0, 0, 0, 0, 0))
2018-04-03 15:15:00.770857;(14, (685, 662, 295, 0, 0, 0, 0, 0, 0, 0))
2018-04-03 15:15:00.799946;(18, (420, 449, 90, 0, 0, 0, 0, 0, 0, 0))
2018-04-03 15:15:00.814505;(21, (428, 455, 89, 0, 0, 0, 0, 0, 0, 0))
2018-04-03 15:15:00.914317;(4, (432, 489, 96, 1, 0, 0, 0, 0, 0, 0))
2018-04-03 15:15:00.963452;(15, (626, 621, 289, 0, 0, 0, 0, 0, 0, 0))
2018-04-03 15:15:00.975433;(7, (534, 532, 117, 0, 0, 0, 0, 0, 0, 0))
2018-04-03 15:15:01.054414;(3, (705, 664, 237, 0, 0, 0, 0, 0, 0, 0))
2018-04-03 15:15:01.150117;(12, (448, 456, 69, 0, 0, 0, 0, 0, 0, 0))
2018-04-03 15:15:01.151201;(6, (355, 397, 3, 2, 0, 0, 0, 0, 0, 0))
2018-04-03 15:15:01.203375;(22, (821, 815, 422, 0, 0, 0, 0, 0, 0, 0))
2018-04-03 15:15:01.219453;(9, (211, 278, 2, 2, 0, 0, 0, 0, 0, 0))
2018-04-03 15:15:01.346880;(20, (336, 377, 6, 0, 0, 0, 0, 0, 0, 0))
2018-04-03 15:15:01.349972;(11, (365, 393, 37, 0, 0, 0, 0, 0, 0, 0))
2018-04-03 15:15:01.391064;(5, (484, 513, 141, 0, 0, 0, 0, 0, 0, 0))
2018-04-03 15:15:01.394809;(16, (330, 369, 1, 1, 0, 0, 0, 0, 0, 0))
2018-04-03 15:15:01.458111;(10, (1827, 1816, 1367, 0, 0, 0, 0, 0, 0, 0))
2018-04-03 15:15:01.605177;(8, (385, 349, 9, 4, 0, 0, 0, 0, 0, 0))
2018-04-03 15:15:01.611348;(23, (251, 228, 133, 0, 0, 0, 0, 0, 0, 0))
2018-04-03 15:15:30.077103;(1, (3391, 3090, 3006, 1503, 0, 0, 0, 0, 0, 0))
2018-04-03 15:15:30.591280;(17, (301, 376, 0, 4, 0, 0, 0, 0, 0, 0))
2018-04-03 15:15:30.637539;(19, (369, 407, 6, 1, 0, 0, 0, 0, 0, 0))
2018-04-03 15:15:30.744055;(13, (699, 791, 274, 0, 0, 0, 0, 0, 0, 0))
2018-04-03 15:15:30.774112;(14, (781, 768, 325, 0, 0, 0, 0, 0, 0, 0))
2018-04-03 15:15:30.803121;(18, (544, 586, 150, 0, 0, 0, 0, 0, 0, 0))
2018-04-03 15:15:30.821094;(21, (495, 535, 89, 0, 0, 0, 0, 0, 0, 0))
2018-04-03 15:15:30.918993;(4, (531, 602, 128, 1, 0, 0, 0, 0, 0, 0))
2018-04-03 15:15:30.967803;(15, (805, 811, 399, 0, 0, 0, 0, 0, 0, 0))
2018-04-03 15:15:30.979875;(7, (631, 640, 147, 0, 0, 0, 0, 0, 0, 0))
2018-04-03 15:15:31.060159;(3, (800, 771, 267, 0, 0, 0, 0, 0, 0, 0))
2018-04-03 15:15:31.154258;(12, (514, 535, 69, 0, 0, 0, 0, 0, 0, 0))
2018-04-03 15:15:31.155412;(6, (420, 474, 3, 2, 0, 0, 0, 0, 0, 0))
2018-04-03 15:15:31.207248;(22, (1006, 1012, 542, 0, 0, 0, 0, 0, 0, 0))
2018-04-03 15:15:31.223537;(9, (271, 355, 2, 2, 0, 0, 0, 0, 0, 0))
2018-04-03 15:15:31.353486;(20, (400, 454, 6, 0, 0, 0, 0, 0, 0, 0))
2018-04-03 15:15:31.354489;(11, (457, 498, 67, 0, 0, 0, 0, 0, 0, 0))
2018-04-03 15:15:31.394111;(5, (650, 694, 241, 0, 0, 0, 0, 0, 0, 0))
2018-04-03 15:15:31.399403;(16, (390, 444, 1, 1, 0, 0, 0, 0, 0, 0))
2018-04-03 15:15:31.610207;(8, (453, 425, 9, 4, 0, 0, 0, 0, 0, 0))
2018-04-03 15:15:31.614297;(23, (353, 329, 223, 0, 0, 0, 0, 0, 0, 0))
2018-04-03 15:16:00.080120;(1, (4017, 3714, 3620, 1810, 0, 0, 0, 0, 0, 0))
2018-04-03 15:16:00.598278;(17, (360, 450, 0, 4, 0, 0, 0, 0, 0, 0))
2018-04-03 15:16:00.642688;(19, (431, 484, 6, 1, 0, 0, 0, 0, 0, 0))
2018-04-03 15:16:00.747757;(13, (817, 928, 334, 0, 0, 0, 0, 0, 0, 0))
2018-04-03 15:16:00.779249;(14, (873, 876, 355, 0, 0, 0, 0, 0, 0, 0))
2018-04-03 15:16:00.807350;(18, (669, 724, 212, 0, 0, 0, 0, 0, 0, 0))
2018-04-03 15:16:00.826970;(21, (557, 612, 89, 0, 0, 0, 0, 0, 0, 0))
2018-04-03 15:16:00.924512;(4, (622, 708, 158, 1, 0, 0, 0, 0, 0, 0))
2018-04-03 15:16:00.974746;(15, (974, 993, 505, 0, 0, 0, 0, 0, 0, 0))
2018-04-03 15:16:00.983704;(7, (726, 747, 177, 0, 0, 0, 0, 0, 0, 0))
2018-04-03 15:16:01.063983;(3, (894, 878, 297, 0, 0, 0, 0, 0, 0, 0))
2018-04-03 15:16:01.166312;(6, (482, 550, 3, 2, 0, 0, 0, 0, 0, 0))
2018-04-03 15:16:01.167710;(12, (578, 611, 69, 0, 0, 0, 0, 0, 0, 0))
2018-04-03 15:16:01.214409;(22, (1188, 1208, 662, 0, 0, 0, 0, 0, 0, 0))
2018-04-03 15:16:01.230260;(9, (326, 425, 2, 2, 0, 0, 0, 0, 0, 0))
2018-04-03 15:16:01.358014;(20, (462, 530, 6, 0, 0, 0, 0, 0, 0, 0))
2018-04-03 15:16:01.358785;(11, (549, 605, 97, 0, 0, 0, 0, 0, 0, 0))
2018-04-03 15:16:01.397465;(5, (812, 870, 341, 0, 0, 0, 0, 0, 0, 0))
2018-04-03 15:16:01.405074;(16, (450, 516, 1, 1, 0, 0, 0, 0, 0, 0))
2018-04-03 15:16:01.467025;(10, (2526, 2538, 1939, 0, 0, 0, 0, 0, 0, 0))
2018-04-03 15:16:01.613666;(8, (515, 500, 9, 4, 0, 0, 0, 0, 0, 0))
2018-04-03 15:16:01.617058;(23, (455, 432, 315, 0, 0, 0, 0, 0, 0, 0))
2018-04-03 15:16:30.602757;(17, (423, 527, 0, 4, 0, 0, 0, 0, 0, 0))
2018-04-03 15:16:30.646141;(19, (498, 563, 6, 1, 0, 0, 0, 0, 0, 0))
2018-04-03 15:16:30.751375;(13, (942, 1075, 397, 0, 0, 0, 0, 0, 0, 0))
2018-04-03 15:16:30.782586;(14, (1046, 1057, 450, 0, 0, 0, 0, 0, 0, 0))
2018-04-03 15:16:30.811055;(18, (759, 844, 235, 0, 0, 0, 0, 0, 0, 0))
2018-04-03 15:16:30.830943;(21, (660, 728, 126, 0, 0, 0, 0, 0, 0, 0))
2018-04-03 15:16:30.929737;(4, (719, 818, 191, 1, 0, 0, 0, 0, 0, 0))
2018-04-03 15:16:30.979981;(15, (1079, 1107, 540, 0, 0, 0, 0, 0, 0, 0))
2018-04-03 15:16:31.070441;(3, (1027, 1013, 350, 0, 0, 0, 0, 0, 0, 0))
2018-04-03 15:16:31.082439;(1, (4656, 4336, 4232, 2116, 0, 0, 0, 0, 0, 0))
2018-04-03 15:16:31.172157;(6, (561, 637, 12, 2, 0, 0, 0, 0, 0, 0))
2018-04-03 15:16:31.174858;(12, (646, 689, 69, 0, 0, 0, 0, 0, 0, 0))
2018-04-03 15:16:31.220032;(22, (1378, 1408, 782, 0, 0, 0, 0, 0, 0, 0))
2018-04-03 15:16:31.234854;(9, (387, 503, 2, 2, 0, 0, 0, 0, 0, 0))
2018-04-03 15:16:31.365862;(11, (642, 710, 120, 0, 0, 0, 0, 0, 0, 0))
2018-04-03 15:16:31.403474;(5, (990, 1064, 448, 0, 0, 0, 0, 0, 0, 0))
2018-04-03 15:16:31.407712;(16, (494, 572, 1, 1, 0, 0, 0, 0, 0, 0))
2018-04-03 15:16:31.472517;(10, (2964, 2992, 2298, 0, 0, 0, 0, 0, 0, 0))
2018-04-03 15:16:31.621053;(23, (501, 461, 333, 0, 0, 0, 0, 0, 0, 0))
2018-04-03 15:17:00.835726;(21, (814, 886, 201, 0, 0, 0, 0, 0, 0, 0))
2018-04-03 15:17:01.085245;(1, (5315, 4958, 4844, 2422, 0, 0, 0, 0, 0, 0))
2018-04-03 15:17:01.476420;(10, (3427, 3459, 2664, 0, 0, 0, 0, 0, 0, 0))
2018-04-03 15:17:01.606401;(17, (472, 592, 1, 7, 0, 0, 0, 0, 0, 0))
2018-04-03 15:17:01.624357;(23, (522, 479, 340, 0, 0, 0, 0, 0, 0, 0))
2018-04-03 15:17:01.649519;(19, (577, 646, 10, 1, 0, 0, 0, 0, 0, 0))
2018-04-03 15:17:01.786896;(14, (1211, 1241, 527, 0, 0, 0, 0, 0, 0, 0))
2018-04-03 15:17:01.817390;(18, (830, 927, 235, 0, 0, 0, 0, 0, 0, 0))
2018-04-03 15:17:01.935992;(4, (811, 925, 222, 1, 0, 0, 0, 0, 0, 0))
2018-04-03 15:17:01.985666;(15, (1168, 1207, 561, 0, 0, 0, 0, 0, 0, 0))
2018-04-03 15:17:01.994842;(7, (950, 993, 251, 0, 0, 0, 0, 0, 0, 0))
2018-04-03 15:17:02.074282;(3, (1200, 1187, 432, 0, 0, 0, 0, 0, 0, 0))
2018-04-03 15:17:02.177568;(6, (634, 715, 12, 2, 0, 0, 0, 0, 0, 0))
2018-04-03 15:17:02.179101;(12, (705, 754, 72, 0, 0, 0, 0, 0, 0, 0))
2018-04-03 15:17:02.225301;(22, (1617, 1655, 940, 0, 0, 0, 0, 0, 0, 0))
2018-04-03 15:17:02.240007;(9, (445, 578, 2, 2, 0, 0, 0, 0, 0, 0))
2018-04-03 15:17:02.370423;(20, (636, 726, 33, 0, 0, 0, 0, 0, 0, 0))
2018-04-03 15:17:02.407118;(5, (1185, 1286, 571, 0, 0, 0, 0, 0, 0, 0))
2018-04-03 15:17:02.413533;(16, (578, 672, 7, 2, 0, 0, 0, 0, 0, 0))
2018-04-03 15:17:02.623626;(8, (701, 698, 41, 4, 0, 0, 0, 0, 0, 0))
2018-04-03 15:17:31.086989;(1, (5998, 5586, 5462, 2731, 0, 0, 0, 0, 0, 0))
2018-04-03 15:17:31.480244;(10, (3929, 3964, 3058, 0, 0, 0, 0, 0, 0, 0))
2018-04-03 15:17:31.610410;(17, (539, 687, 1, 8, 0, 0, 0, 0, 0, 0))
2018-04-03 15:17:31.629119;(23, (578, 541, 370, 0, 0, 0, 0, 0, 0, 0))
2018-04-03 15:17:31.653217;(19, (680, 760, 31, 4, 0, 0, 0, 0, 0, 0))
2018-04-03 15:17:31.759189;(13, (1186, 1355, 521, 0, 0, 0, 0, 0, 0, 0))
2018-04-03 15:17:31.790759;(14, (1370, 1404, 602, 1, 0, 0, 0, 0, 0, 0))
2018-04-03 15:17:31.822055;(18, (937, 1038, 254, 1, 0, 0, 0, 0, 0, 0))
2018-04-03 15:17:31.840819;(21, (900, 977, 213, 0, 0, 0, 0, 0, 0, 0))
2018-04-03 15:17:31.941649;(4, (905, 1037, 254, 1, 0, 0, 0, 0, 0, 0))
2018-04-03 15:17:31.989466;(15, (1245, 1307, 567, 0, 0, 0, 0, 0, 0, 0))
2018-04-03 15:17:31.998917;(7, (1093, 1128, 297, 0, 0, 0, 0, 0, 0, 0))
2018-04-03 15:17:32.078222;(3, (1348, 1330, 486, 0, 0, 0, 0, 0, 0, 0))
2018-04-03 15:17:32.181803;(6, (732, 815, 34, 2, 0, 0, 0, 0, 0, 0))
2018-04-03 15:17:32.186536;(12, (774, 836, 72, 1, 0, 0, 0, 0, 0, 0))
2018-04-03 15:17:32.229799;(22, (1945, 1971, 1157, 0, 0, 0, 0, 0, 0, 0))
2018-04-03 15:17:32.247562;(9, (502, 650, 2, 2, 0, 0, 0, 0, 0, 0))
2018-04-03 15:17:32.375205;(20, (836, 934, 145, 0, 0, 0, 0, 0, 0, 0))
2018-04-03 15:17:32.375510;(11, (852, 933, 159, 1, 0, 0, 0, 0, 0, 0))
2018-04-03 15:17:32.411278;(5, (1386, 1503, 700, 0, 0, 0, 0, 0, 0, 0))
2018-04-03 15:17:32.418609;(16, (690, 798, 30, 4, 0, 0, 0, 0, 0, 0))
2018-04-03 15:17:32.628050;(8, (849, 852, 88, 4, 0, 0, 0, 0, 0, 0))
2018-04-03 15:18:01.089532;(1, (6602, 6124, 5990, 2995, 0, 0, 0, 0, 0, 0))
2018-04-03 15:18:01.615267;(17, (592, 758, 4, 9, 0, 0, 0, 0, 0, 0))
2018-04-03 15:18:01.656134;(19, (773, 855, 55, 8, 0, 0, 0, 0, 0, 0))
2018-04-03 15:18:01.763251;(13, (1310, 1500, 575, 0, 0, 0, 0, 0, 0, 0))
2018-04-03 15:18:01.795014;(14, (1560, 1588, 663, 2, 0, 0, 0, 0, 0, 0))
2018-04-03 15:18:01.825242;(18, (1012, 1118, 257, 5, 0, 0, 0, 0, 0, 0))
2018-04-03 15:18:01.847072;(21, (995, 1079, 235, 0, 0, 0, 0, 0, 0, 0))
2018-04-03 15:18:01.948340;(4, (1009, 1152, 283, 2, 0, 0, 0, 0, 0, 0))
2018-04-03 15:18:01.995987;(15, (1330, 1402, 573, 0, 0, 0, 0, 0, 0, 0))
2018-04-03 15:18:02.002596;(7, (1203, 1234, 324, 1, 0, 0, 0, 0, 0, 0))
2018-04-03 15:18:02.081625;(3, (1564, 1576, 604, 6, 0, 0, 0, 0, 0, 0))
2018-04-03 15:18:02.186630;(6, (807, 888, 34, 2, 0, 0, 0, 0, 0, 0))
2018-04-03 15:18:02.191701;(12, (843, 916, 72, 3, 0, 0, 0, 0, 0, 0))
2018-04-03 15:18:02.234722;(22, (2167, 2156, 1245, 0, 0, 0, 0, 0, 0, 0))
2018-04-03 15:18:02.253059;(9, (551, 712, 3, 5, 0, 0, 0, 0, 0, 0))
2018-04-03 15:18:02.381487;(11, (939, 1022, 166, 3, 0, 0, 0, 0, 0, 0))
2018-04-03 15:18:02.382672;(20, (1012, 1114, 239, 0, 0, 0, 0, 0, 0, 0))
2018-04-03 15:18:02.415620;(5, (1543, 1666, 782, 0, 0, 0, 0, 0, 0, 0))
2018-04-03 15:18:02.421640;(16, (768, 879, 41, 7, 0, 0, 0, 0, 0, 0))
2018-04-03 15:18:02.483786;(10, (4268, 4306, 3286, 0, 0, 0, 0, 0, 0, 0))
2018-04-03 15:18:02.631944;(8, (1013, 1016, 137, 6, 0, 0, 0, 0, 0, 0))
2018-04-03 15:18:02.633443;(23, (598, 559, 370, 0, 0, 0, 0, 0, 0, 0))
2018-04-03 15:18:31.092010;(1, (7202, 6658, 6514, 3257, 0, 0, 0, 0, 0, 0))
2018-04-03 15:18:31.620959;(17, (645, 833, 4, 9, 0, 0, 0, 0, 0, 0))
2018-04-03 15:18:31.660143;(19, (911, 1009, 80, 10, 0, 0, 0, 0, 0, 0))
2018-04-03 15:18:31.767393;(13, (1445, 1661, 643, 1, 0, 0, 0, 0, 0, 0))
2018-04-03 15:18:31.798312;(14, (1750, 1768, 705, 11, 0, 0, 0, 0, 0, 0))
2018-04-03 15:18:31.828370;(18, (1088, 1204, 262, 6, 0, 0, 0, 0, 0, 0))
2018-04-03 15:18:31.852038;(21, (1059, 1157, 235, 0, 0, 0, 0, 0, 0, 0))
2018-04-03 15:18:31.954475;(4, (1121, 1271, 319, 2, 0, 0, 0, 0, 0, 0))
2018-04-03 15:18:32.001246;(15, (1464, 1544, 628, 0, 0, 0, 0, 0, 0, 0))
2018-04-03 15:18:32.006700;(7, (1433, 1474, 405, 2, 0, 0, 0, 0, 0, 0))
2018-04-03 15:18:32.085773;(3, (1905, 1904, 798, 9, 0, 0, 0, 0, 0, 0))
2018-04-03 15:18:32.190620;(6, (874, 964, 34, 2, 0, 0, 0, 0, 0, 0))
2018-04-03 15:18:32.197345;(12, (911, 991, 74, 6, 0, 0, 0, 0, 0, 0))
2018-04-03 15:18:32.238428;(22, (2397, 2396, 1349, 4, 0, 0, 0, 0, 0, 0))
2018-04-03 15:18:32.258164;(9, (610, 793, 3, 5, 0, 0, 0, 0, 0, 0))
2018-04-03 15:18:32.383696;(11, (998, 1084, 173, 3, 0, 0, 0, 0, 0, 0))
2018-04-03 15:18:32.387241;(20, (1193, 1295, 306, 2, 0, 0, 0, 0, 0, 0))
2018-04-03 15:18:32.418985;(5, (1726, 1858, 894, 0, 0, 0, 0, 0, 0, 0))
2018-04-03 15:18:32.423867;(16, (880, 992, 60, 8, 0, 0, 0, 0, 0, 0))
2018-04-03 15:18:32.487181;(10, (4630, 4669, 3525, 0, 0, 0, 0, 0, 0, 0))
2018-04-03 15:18:32.635203;(8, (1135, 1115, 155, 12, 0, 0, 0, 0, 0, 0))
2018-04-03 15:18:32.639992;(23, (627, 580, 378, 0, 0, 0, 0, 0, 0, 0))
2018-04-03 15:19:01.094495;(1, (7907, 7302, 7146, 3573, 0, 0, 0, 0, 0, 0))
2018-04-03 15:19:01.624743;(17, (704, 908, 6, 13, 0, 0, 0, 0, 0, 0))
2018-04-03 15:19:01.664227;(19, (1052, 1153, 128, 16, 0, 0, 0, 0, 0, 0))
2018-04-03 15:19:01.771155;(13, (1573, 1818, 705, 1, 0, 0, 0, 0, 0, 0))
2018-04-03 15:19:01.802951;(14, (1874, 1900, 735, 11, 0, 0, 0, 0, 0, 0))
2018-04-03 15:19:01.832222;(18, (1260, 1389, 347, 6, 0, 0, 0, 0, 0, 0))
2018-04-03 15:19:01.858292;(21, (1126, 1238, 235, 0, 0, 0, 0, 0, 0, 0))
2018-04-03 15:19:01.958711;(4, (1221, 1381, 350, 2, 0, 0, 0, 0, 0, 0))
2018-04-03 15:19:02.005738;(15, (1698, 1782, 774, 0, 0, 0, 0, 0, 0, 0))
2018-04-03 15:19:02.010832;(7, (1574, 1620, 459, 2, 0, 0, 0, 0, 0, 0))
2018-04-03 15:19:02.089854;(3, (2237, 2232, 1013, 9, 0, 0, 0, 0, 0, 0))
2018-04-03 15:19:02.195965;(6, (940, 1046, 34, 2, 0, 0, 0, 0, 0, 0))
2018-04-03 15:19:02.201083;(12, (988, 1078, 75, 9, 0, 0, 0, 0, 0, 0))
2018-04-03 15:19:02.244062;(22, (2480, 2481, 1360, 4, 0, 0, 0, 0, 0, 0))
2018-04-03 15:19:02.265226;(9, (667, 866, 3, 5, 0, 0, 0, 0, 0, 0))
2018-04-03 15:19:02.391629;(11, (1089, 1186, 175, 3, 0, 0, 0, 0, 0, 0))
2018-04-03 15:19:02.395100;(20, (1276, 1391, 315, 2, 0, 0, 0, 0, 0, 0))
2018-04-03 15:19:02.422541;(5, (1950, 2094, 1036, 0, 0, 0, 0, 0, 0, 0))
2018-04-03 15:19:02.428353;(16, (976, 1087, 78, 13, 0, 0, 0, 0, 0, 0))
2018-04-03 15:19:02.494329;(10, (4962, 5009, 3764, 0, 0, 0, 0, 0, 0, 0))
2018-04-03 15:19:02.639581;(8, (1233, 1213, 170, 12, 0, 0, 0, 0, 0, 0))
2018-04-03 15:19:02.642956;(23, (782, 727, 504, 0, 0, 0, 0, 0, 0, 0))
2018-04-03 15:19:31.097299;(1, (8595, 7947, 7781, 3891, 0, 0, 0, 0, 0, 0))
2018-04-03 15:19:31.775237;(13, (1693, 1962, 768, 1, 0, 0, 0, 0, 0, 0))
2018-04-03 15:19:31.862918;(21, (1271, 1396, 308, 0, 0, 0, 0, 0, 0, 0))
2018-04-03 15:19:32.398865;(11, (1189, 1287, 196, 3, 0, 0, 0, 0, 0, 0))
2018-04-03 15:19:32.499603;(10, (5279, 5334, 3995, 0, 0, 0, 0, 0, 0, 0))
2018-04-03 15:19:32.627629;(17, (741, 959, 6, 17, 0, 0, 0, 0, 0, 0))
2018-04-03 15:19:32.645752;(23, (925, 871, 620, 0, 0, 0, 0, 0, 0, 0))
2018-04-03 15:19:32.668067;(19, (1198, 1304, 176, 18, 0, 0, 0, 0, 0, 0))
2018-04-03 15:19:32.806977;(14, (1976, 2013, 749, 11, 0, 0, 0, 0, 0, 0))
2018-04-03 15:19:32.837194;(18, (1437, 1566, 434, 6, 0, 0, 0, 0, 0, 0))
2018-04-03 15:19:32.963802;(4, (1316, 1492, 380, 2, 0, 0, 0, 0, 0, 0))
2018-04-03 15:19:33.010575;(15, (1905, 1998, 894, 0, 0, 0, 0, 0, 0, 0))
2018-04-03 15:19:33.015358;(7, (1737, 1780, 514, 7, 0, 0, 0, 0, 0, 0))
2018-04-03 15:19:33.094026;(3, (2566, 2563, 1233, 12, 0, 0, 0, 0, 0, 0))
2018-04-03 15:19:33.202008;(6, (1027, 1142, 50, 2, 0, 0, 0, 0, 0, 0))
2018-04-03 15:19:33.206557;(12, (1077, 1174, 81, 10, 0, 0, 0, 0, 0, 0))
2018-04-03 15:19:33.253158;(22, (2563, 2567, 1360, 4, 0, 0, 0, 0, 0, 0))
2018-04-03 15:19:33.270422;(9, (723, 936, 3, 5, 0, 0, 0, 0, 0, 0))
2018-04-03 15:19:33.402966;(20, (1358, 1483, 316, 5, 0, 0, 0, 0, 0, 0))
2018-04-03 15:19:33.426304;(5, (2177, 2330, 1192, 0, 0, 0, 0, 0, 0, 0))
2018-04-03 15:19:33.434680;(16, (1061, 1187, 89, 16, 0, 0, 0, 0, 0, 0))
2018-04-03 15:19:33.643281;(8, (1333, 1308, 192, 12, 0, 0, 0, 0, 0, 0))
2018-04-03 15:20:01.869101;(21, (1534, 1672, 490, 0, 0, 0, 0, 0, 0, 0))
2018-04-03 15:20:02.100998;(1, (9143, 8450, 8274, 4138, 0, 0, 0, 0, 0, 0))
2018-04-03 15:20:02.504333;(10, (5395, 5446, 4026, 0, 0, 0, 0, 0, 0, 0))
2018-04-03 15:20:02.632039;(17, (796, 1034, 8, 21, 0, 0, 0, 0, 0, 0))
2018-04-03 15:20:02.650786;(23, (1119, 1065, 773, 0, 0, 0, 0, 0, 0, 0))
2018-04-03 15:20:02.673172;(19, (1312, 1415, 197, 22, 0, 0, 0, 0, 0, 0))
2018-04-03 15:20:02.782841;(13, (1811, 2103, 828, 1, 0, 0, 0, 0, 0, 0))
2018-04-03 15:20:02.810022;(14, (2107, 2133, 778, 12, 0, 0, 0, 0, 0, 0))
2018-04-03 15:20:02.840191;(18, (1667, 1796, 554, 7, 0, 0, 0, 0, 0, 0))
2018-04-03 15:20:02.969802;(4, (1412, 1600, 410, 2, 0, 0, 0, 0, 0, 0))
2018-04-03 15:20:03.015614;(15, (2154, 2253, 1052, 0, 0, 0, 0, 0, 0, 0))
2018-04-03 15:20:03.019403;(7, (1866, 1881, 561, 12, 0, 0, 0, 0, 0, 0))
2018-04-03 15:20:03.097807;(3, (2769, 2761, 1323, 16, 0, 0, 0, 0, 0, 0))
2018-04-03 15:20:03.207360;(6, (1177, 1297, 112, 2, 0, 0, 0, 0, 0, 0))
2018-04-03 15:20:03.210198;(12, (1179, 1275, 99, 16, 0, 0, 0, 0, 0, 0))
2018-04-03 15:20:03.257576;(22, (2625, 2629, 1367, 8, 0, 0, 0, 0, 0, 0))
2018-04-03 15:20:03.275681;(9, (779, 1008, 3, 5, 0, 0, 0, 0, 0, 0))
2018-04-03 15:20:03.403623;(11, (1322, 1420, 234, 4, 0, 0, 0, 0, 0, 0))
2018-04-03 15:20:03.406036;(20, (1396, 1526, 316, 5, 0, 0, 0, 0, 0, 0))
2018-04-03 15:20:03.429782;(5, (2455, 2625, 1392, 0, 0, 0, 0, 0, 0, 0))
2018-04-03 15:20:03.443117;(16, (1180, 1313, 109, 18, 0, 0, 0, 0, 0, 0))
2018-04-03 15:20:03.649348;(8, (1445, 1418, 202, 14, 0, 0, 0, 0, 0, 0))
2018-04-03 15:20:32.103001;(1, (9809, 9069, 8883, 4442, 0, 0, 0, 0, 0, 0))
2018-04-03 15:20:32.636796;(17, (850, 1102, 8, 21, 0, 0, 0, 0, 0, 0))
2018-04-03 15:20:32.654925;(23, (1256, 1193, 879, 0, 0, 0, 0, 0, 0, 0))
2018-04-03 15:20:32.676479;(19, (1414, 1523, 214, 26, 0, 0, 0, 0, 0, 0))
2018-04-03 15:20:32.785727;(13, (1918, 2223, 893, 1, 0, 0, 0, 0, 0, 0))
2018-04-03 15:20:32.813142;(14, (2228, 2260, 825, 14, 0, 0, 0, 0, 0, 0))
2018-04-03 15:20:32.843610;(18, (1841, 1979, 639, 9, 0, 0, 0, 0, 0, 0))
2018-04-03 15:20:32.874062;(21, (1749, 1900, 634, 0, 0, 0, 0, 0, 0, 0))
2018-04-03 15:20:32.976009;(4, (1512, 1719, 441, 2, 0, 0, 0, 0, 0, 0))
2018-04-03 15:20:33.020114;(15, (2346, 2456, 1163, 0, 0, 0, 0, 0, 0, 0))
2018-04-03 15:20:33.023418;(7, (2034, 2046, 629, 17, 0, 0, 0, 0, 0, 0))
2018-04-03 15:20:33.101992;(3, (3081, 3067, 1525, 20, 0, 0, 0, 0, 0, 0))
2018-04-03 15:20:33.213442;(6, (1265, 1408, 131, 2, 0, 0, 0, 0, 0, 0))
2018-04-03 15:20:33.214419;(12, (1246, 1357, 108, 16, 0, 0, 0, 0, 0, 0))
2018-04-03 15:20:33.262303;(22, (2708, 2720, 1372, 9, 0, 0, 0, 0, 0, 0))
2018-04-03 15:20:33.279049;(9, (843, 1088, 4, 5, 0, 0, 0, 0, 0, 0))
2018-04-03 15:20:33.407738;(11, (1422, 1521, 252, 4, 0, 0, 0, 0, 0, 0))
2018-04-03 15:20:33.410437;(20, (1462, 1611, 316, 7, 0, 0, 0, 0, 0, 0))
2018-04-03 15:20:33.437913;(5, (2635, 2820, 1498, 0, 0, 0, 0, 0, 0, 0))
2018-04-03 15:20:33.451438;(16, (1263, 1407, 120, 18, 0, 0, 0, 0, 0, 0))
2018-04-03 15:20:33.509576;(10, (5746, 5798, 4283, 0, 0, 0, 0, 0, 0, 0))
2018-04-03 15:20:33.656461;(8, (1554, 1529, 216, 16, 0, 0, 0, 0, 0, 0))
2018-04-03 15:21:02.107251;(1, (10450, 9643, 9447, 4724, 0, 0, 0, 0, 0, 0))
2018-04-03 15:21:02.645182;(17, (916, 1191, 10, 24, 0, 0, 0, 0, 0, 0))
2018-04-03 15:21:02.682310;(19, (1477, 1594, 219, 27, 0, 0, 0, 0, 0, 0))
2018-04-03 15:21:02.788435;(13, (2019, 2338, 942, 1, 0, 0, 0, 0, 0, 0))
2018-04-03 15:21:02.816104;(14, (2304, 2334, 837, 14, 0, 0, 0, 0, 0, 0))
2018-04-03 15:21:02.847050;(18, (2086, 2240, 792, 9, 0, 0, 0, 0, 0, 0))
2018-04-03 15:21:02.878944;(21, (1911, 2054, 695, 0, 0, 0, 0, 0, 0, 0))
2018-04-03 15:21:02.979697;(4, (1603, 1822, 470, 3, 0, 0, 0, 0, 0, 0))
2018-04-03 15:21:03.023793;(15, (2656, 2795, 1360, 0, 0, 0, 0, 0, 0, 0))
2018-04-03 15:21:03.027690;(7, (2160, 2168, 664, 18, 0, 0, 0, 0, 0, 0))
2018-04-03 15:21:03.106971;(3, (3302, 3297, 1639, 20, 0, 0, 0, 0, 0, 0))
2018-04-03 15:21:03.217897;(6, (1329, 1485, 131, 2, 0, 0, 0, 0, 0, 0))
2018-04-03 15:21:03.219355;(12, (1331, 1446, 110, 17, 0, 0, 0, 0, 0, 0))
2018-04-03 15:21:03.269788;(22, (2809, 2816, 1381, 11, 0, 0, 0, 0, 0, 0))
2018-04-03 15:21:03.283090;(9, (896, 1158, 4, 7, 0, 0, 0, 0, 0, 0))
2018-04-03 15:21:03.414357;(20, (1530, 1692, 319, 7, 0, 0, 0, 0, 0, 0))
2018-04-03 15:21:03.415183;(11, (1614, 1712, 345, 5, 0, 0, 0, 0, 0, 0))
2018-04-03 15:21:03.442568;(5, (2789, 2987, 1576, 0, 0, 0, 0, 0, 0, 0))
2018-04-03 15:21:03.455716;(16, (1371, 1517, 149, 18, 0, 0, 0, 0, 0, 0))
2018-04-03 15:21:03.513998;(10, (6029, 6082, 4471, 0, 0, 0, 0, 0, 0, 0))
2018-04-03 15:21:03.658059;(23, (1492, 1441, 1074, 0, 0, 0, 0, 0, 0, 0))
2018-04-03 15:21:03.659723;(8, (1655, 1633, 225, 16, 0, 0, 0, 0, 0, 0))
2018-04-03 15:21:32.112034;(1, (11130, 10291, 10085, 5043, 0, 0, 0, 0, 0, 0))
2018-04-03 15:21:32.649697;(17, (977, 1268, 10, 25, 0, 0, 0, 0, 0, 0))
2018-04-03 15:21:32.793653;(13, (2136, 2481, 1003, 1, 0, 0, 0, 0, 0, 0))
2018-04-03 15:21:32.819750;(14, (2425, 2462, 872, 14, 0, 0, 0, 0, 0, 0))
2018-04-03 15:21:32.850786;(18, (2304, 2464, 916, 9, 0, 0, 0, 0, 0, 0))
2018-04-03 15:21:32.883864;(21, (1980, 2133, 698, 0, 0, 0, 0, 0, 0, 0))
2018-04-03 15:21:33.027515;(15, (2891, 3045, 1515, 0, 0, 0, 0, 0, 0, 0))
2018-04-03 15:21:33.031750;(7, (2313, 2320, 728, 18, 0, 0, 0, 0, 0, 0))
2018-04-03 15:21:33.112795;(3, (3587, 3578, 1830, 20, 0, 0, 0, 0, 0, 0))
2018-04-03 15:21:33.222210;(6, (1395, 1559, 131, 2, 0, 0, 0, 0, 0, 0))
2018-04-03 15:21:33.222940;(12, (1444, 1571, 117, 17, 0, 0, 0, 0, 0, 0))
2018-04-03 15:21:33.288549;(9, (955, 1233, 4, 7, 0, 0, 0, 0, 0, 0))
2018-04-03 15:21:33.419683;(11, (1802, 1902, 415, 6, 0, 0, 0, 0, 0, 0))
2018-04-03 15:21:33.447396;(5, (2970, 3178, 1691, 0, 0, 0, 0, 0, 0, 0))
2018-04-03 15:21:33.460770;(16, (1478, 1635, 157, 18, 0, 0, 0, 0, 0, 0))
2018-04-03 15:21:33.519904;(10, (6360, 6417, 4718, 0, 0, 0, 0, 0, 0, 0))
2018-04-03 15:21:33.665167;(23, (1681, 1624, 1230, 0, 0, 0, 0, 0, 0, 0))
2018-04-03 15:21:33.668129;(8, (1749, 1721, 229, 17, 0, 0, 0, 0, 0, 0))
2018-04-03 15:21:33.687529;(19, (1557, 1685, 223, 27, 0, 0, 0, 0, 0, 0))
2018-04-03 15:21:33.986742;(4, (1697, 1930, 501, 3, 0, 0, 0, 0, 0, 0))
2018-04-03 15:21:34.274921;(22, (2881, 2892, 1381, 11, 0, 0, 0, 0, 0, 0))
2018-04-03 15:21:34.418311;(20, (1602, 1773, 319, 7, 0, 0, 0, 0, 0, 0))
2018-04-03 15:22:02.116088;(1, (11740, 10879, 10663, 5332, 0, 0, 0, 0, 0, 0))
2018-04-03 15:22:02.891689;(21, (2041, 2207, 698, 0, 0, 0, 0, 0, 0, 0))
2018-04-03 15:22:03.523760;(10, (6749, 6814, 5022, 0, 0, 0, 0, 0, 0, 0))
2018-04-03 15:22:03.655079;(17, (1040, 1345, 10, 25, 0, 0, 0, 0, 0, 0))
2018-04-03 15:22:03.667033;(23, (1754, 1686, 1278, 0, 0, 0, 0, 0, 0, 0))
2018-04-03 15:22:03.695674;(19, (1675, 1811, 267, 27, 0, 0, 0, 0, 0, 0))
2018-04-03 15:22:03.798432;(13, (2257, 2628, 1064, 1, 0, 0, 0, 0, 0, 0))
2018-04-03 15:22:03.823181;(14, (2543, 2590, 914, 18, 0, 0, 0, 0, 0, 0))
2018-04-03 15:22:03.859543;(18, (2392, 2561, 939, 12, 0, 0, 0, 0, 0, 0))
2018-04-03 15:22:03.995613;(4, (1794, 2041, 532, 3, 0, 0, 0, 0, 0, 0))
2018-04-03 15:22:04.033086;(15, (3005, 3175, 1563, 0, 0, 0, 0, 0, 0, 0))
2018-04-03 15:22:04.038094;(7, (2484, 2497, 818, 18, 0, 0, 0, 0, 0, 0))
2018-04-03 15:22:04.118167;(3, (3944, 3935, 2092, 20, 0, 0, 0, 0, 0, 0))
2018-04-03 15:22:04.226646;(6, (1460, 1638, 131, 2, 0, 0, 0, 0, 0, 0))
2018-04-03 15:22:04.227650;(12, (1578, 1721, 172, 23, 0, 0, 0, 0, 0, 0))
2018-04-03 15:22:04.278580;(22, (2950, 2968, 1381, 11, 0, 0, 0, 0, 0, 0))
2018-04-03 15:22:04.294803;(9, (1017, 1311, 4, 7, 0, 0, 0, 0, 0, 0))
2018-04-03 15:22:04.421865;(20, (1666, 1853, 319, 7, 0, 0, 0, 0, 0, 0))
2018-04-03 15:22:04.423146;(11, (1939, 2046, 475, 6, 0, 0, 0, 0, 0, 0))
2018-04-03 15:22:04.451892;(5, (3149, 3368, 1805, 0, 0, 0, 0, 0, 0, 0))
2018-04-03 15:22:04.463925;(16, (1559, 1734, 164, 18, 0, 0, 0, 0, 0, 0))
2018-04-03 15:22:04.670687;(8, (1802, 1773, 230, 20, 0, 0, 0, 0, 0, 0))
2018-04-03 15:22:32.121602;(1, (12367, 11469, 11239, 5620, 0, 0, 0, 0, 0, 0))
2018-04-03 15:22:32.896179;(21, (2109, 2281, 698, 0, 0, 0, 0, 0, 0, 0))
2018-04-03 15:22:33.534568;(10, (7173, 7242, 5354, 0, 0, 0, 0, 0, 0, 0))
2018-04-03 15:22:33.660187;(17, (1102, 1423, 10, 25, 0, 0, 0, 0, 0, 0))
2018-04-03 15:22:33.671177;(23, (1882, 1811, 1386, 0, 0, 0, 0, 0, 0, 0))
2018-04-03 15:22:33.705586;(19, (1806, 1955, 311, 30, 0, 0, 0, 0, 0, 0))
2018-04-03 15:22:33.801871;(13, (2337, 2722, 1089, 8, 0, 0, 0, 0, 0, 0))
2018-04-03 15:22:33.827270;(14, (2699, 2752, 989, 18, 0, 0, 0, 0, 0, 0))
2018-04-03 15:22:33.865138;(18, (2491, 2672, 959, 12, 0, 0, 0, 0, 0, 0))
2018-04-03 15:22:34.001410;(4, (1859, 2116, 544, 9, 0, 0, 0, 0, 0, 0))
2018-04-03 15:22:34.038825;(15, (3180, 3361, 1671, 0, 0, 0, 0, 0, 0, 0))
2018-04-03 15:22:34.042427;(7, (2595, 2612, 854, 18, 0, 0, 0, 0, 0, 0))
2018-04-03 15:22:34.123933;(3, (4343, 4344, 2398, 20, 0, 0, 0, 0, 0, 0))
2018-04-03 15:22:34.231533;(6, (1551, 1738, 151, 5, 0, 0, 0, 0, 0, 0))
2018-04-03 15:22:34.233131;(12, (1675, 1820, 185, 24, 0, 0, 0, 0, 0, 0))
2018-04-03 15:22:34.283533;(22, (3022, 3043, 1381, 11, 0, 0, 0, 0, 0, 0))
2018-04-03 15:22:34.298417;(9, (1050, 1354, 6, 11, 0, 0, 0, 0, 0, 0))
2018-04-03 15:22:34.433114;(20, (1733, 1931, 319, 7, 0, 0, 0, 0, 0, 0))
2018-04-03 15:22:34.434173;(11, (2020, 2145, 475, 6, 0, 0, 0, 0, 0, 0))
2018-04-03 15:22:34.456036;(5, (3259, 3490, 1852, 4, 0, 0, 0, 0, 0, 0))
2018-04-03 15:22:34.467860;(16, (1650, 1843, 181, 20, 0, 0, 0, 0, 0, 0))
2018-04-03 15:22:34.676428;(8, (1894, 1870, 233, 20, 0, 0, 0, 0, 0, 0))
2018-04-03 15:23:02.125436;(1, (13025, 12116, 11876, 5939, 0, 0, 0, 0, 0, 0))
2018-04-03 15:23:02.902257;(21, (2170, 2356, 698, 0, 0, 0, 0, 0, 0, 0))
2018-04-03 15:23:03.539624;(10, (7583, 7663, 5696, 0, 0, 0, 0, 0, 0, 0))
2018-04-03 15:23:03.665134;(17, (1163, 1498, 10, 25, 0, 0, 0, 0, 0, 0))
2018-04-03 15:23:03.674275;(23, (1950, 1875, 1439, 0, 0, 0, 0, 0, 0, 0))
2018-04-03 15:23:03.710349;(19, (1932, 2092, 371, 30, 0, 0, 0, 0, 0, 0))
2018-04-03 15:23:03.809048;(13, (2480, 2892, 1157, 8, 0, 0, 0, 0, 0, 0))
2018-04-03 15:23:03.830895;(14, (2830, 2891, 1049, 18, 0, 0, 0, 0, 0, 0))
2018-04-03 15:23:03.870383;(18, (2557, 2759, 959, 12, 0, 0, 0, 0, 0, 0))
2018-04-03 15:23:04.005714;(4, (1965, 2233, 580, 9, 0, 0, 0, 0, 0, 0))
2018-04-03 15:23:04.043355;(15, (3302, 3494, 1725, 0, 0, 0, 0, 0, 0, 0))
2018-04-03 15:23:04.046706;(7, (2695, 2720, 885, 18, 0, 0, 0, 0, 0, 0))
2018-04-03 15:23:04.129835;(3, (4725, 4739, 2710, 20, 0, 0, 0, 0, 0, 0))
2018-04-03 15:23:04.237618;(6, (1615, 1813, 151, 5, 0, 0, 0, 0, 0, 0))
2018-04-03 15:23:04.239648;(12, (1738, 1896, 186, 24, 0, 0, 0, 0, 0, 0))
2018-04-03 15:23:04.289531;(22, (3098, 3127, 1389, 11, 0, 0, 0, 0, 0, 0))
2018-04-03 15:23:04.302934;(9, (1121, 1445, 6, 11, 0, 0, 0, 0, 0, 0))
2018-04-03 15:23:04.439515;(20, (1800, 2008, 319, 7, 0, 0, 0, 0, 0, 0))
2018-04-03 15:23:04.441315;(11, (2085, 2220, 475, 6, 0, 0, 0, 0, 0, 0))
2018-04-03 15:23:04.460528;(5, (3445, 3688, 1970, 4, 0, 0, 0, 0, 0, 0))
2018-04-03 15:23:04.471553;(16, (1741, 1950, 211, 20, 0, 0, 0, 0, 0, 0))
2018-04-03 15:23:04.681664;(8, (1963, 1947, 233, 20, 0, 0, 0, 0, 0, 0))
2018-04-03 15:23:32.128460;(1, (13671, 12733, 12483, 6242, 0, 0, 0, 0, 0, 0))
2018-04-03 15:23:33.670855;(17, (1231, 1586, 11, 27, 0, 0, 0, 0, 0, 0))
2018-04-03 15:23:33.677264;(23, (2073, 1990, 1536, 0, 0, 0, 0, 0, 0, 0))
2018-04-03 15:23:33.713515;(19, (1996, 2166, 383, 31, 0, 0, 0, 0, 0, 0))
2018-04-03 15:23:33.815592;(13, (2600, 3031, 1217, 8, 0, 0, 0, 0, 0, 0))
2018-04-03 15:23:33.834840;(14, (2980, 3051, 1121, 19, 0, 0, 0, 0, 0, 0))
2018-04-03 15:23:33.875764;(18, (2688, 2896, 1008, 12, 0, 0, 0, 0, 0, 0))
2018-04-03 15:23:33.909897;(21, (2232, 2430, 698, 0, 0, 0, 0, 0, 0, 0))
2018-04-03 15:23:34.011034;(4, (2060, 2341, 610, 9, 0, 0, 0, 0, 0, 0))
2018-04-03 15:23:34.047956;(15, (3472, 3677, 1822, 0, 0, 0, 0, 0, 0, 0))
2018-04-03 15:23:34.050876;(7, (2827, 2849, 926, 19, 0, 0, 0, 0, 0, 0))
2018-04-03 15:23:34.136347;(3, (5098, 5105, 2970, 20, 0, 0, 0, 0, 0, 0))
2018-04-03 15:23:34.245114;(6, (1678, 1888, 151, 5, 0, 0, 0, 0, 0, 0))
2018-04-03 15:23:34.247025;(12, (1844, 2015, 209, 25, 0, 0, 0, 0, 0, 0))
2018-04-03 15:23:34.294388;(22, (3194, 3237, 1403, 13, 0, 0, 0, 0, 0, 0))
2018-04-03 15:23:34.307095;(9, (1184, 1523, 6, 11, 0, 0, 0, 0, 0, 0))
2018-04-03 15:23:34.447134;(20, (1871, 2087, 319, 7, 0, 0, 0, 0, 0, 0))
2018-04-03 15:23:34.448999;(11, (2200, 2345, 507, 6, 0, 0, 0, 0, 0, 0))
2018-04-03 15:23:34.465678;(5, (3611, 3867, 2070, 4, 0, 0, 0, 0, 0, 0))
2018-04-03 15:23:34.477301;(16, (1854, 2078, 238, 20, 0, 0, 0, 0, 0, 0))
2018-04-03 15:23:34.546444;(10, (7956, 8041, 5981, 0, 0, 0, 0, 0, 0, 0))
2018-04-03 15:23:34.686089;(8, (2064, 2048, 243, 20, 0, 0, 0, 0, 0, 0))
2018-04-03 15:24:03.130995;(1, (14298, 13347, 13087, 6544, 0, 0, 0, 0, 0, 0))
2018-04-03 15:24:03.717002;(19, (2065, 2247, 384, 31, 0, 0, 0, 0, 0, 0))
2018-04-03 15:24:03.819936;(13, (2722, 3167, 1277, 8, 0, 0, 0, 0, 0, 0))
2018-04-03 15:24:03.838488;(14, (3076, 3157, 1137, 20, 0, 0, 0, 0, 0, 0))
2018-04-03 15:24:03.917847;(21, (2293, 2507, 698, 0, 0, 0, 0, 0, 0, 0))
2018-04-03 15:24:04.054135;(15, (3685, 3902, 1971, 0, 0, 0, 0, 0, 0, 0))
2018-04-03 15:24:04.061238;(7, (2956, 2983, 976, 19, 0, 0, 0, 0, 0, 0))
2018-04-03 15:24:04.142871;(3, (5403, 5423, 3185, 20, 0, 0, 0, 0, 0, 0))
2018-04-03 15:24:04.250132;(6, (1742, 1963, 151, 5, 0, 0, 0, 0, 0, 0))
2018-04-03 15:24:04.252998;(12, (1914, 2093, 209, 25, 0, 0, 0, 0, 0, 0))
2018-04-03 15:24:04.459362;(11, (2330, 2485, 566, 6, 0, 0, 0, 0, 0, 0))
2018-04-03 15:24:04.470060;(5, (3765, 4035, 2160, 4, 0, 0, 0, 0, 0, 0))
2018-04-03 15:24:04.550124;(10, (8277, 8371, 6224, 0, 0, 0, 0, 0, 0, 0))
2018-04-03 15:24:04.675576;(17, (1293, 1664, 11, 27, 0, 0, 0, 0, 0, 0))
2018-04-03 15:24:04.679686;(23, (2233, 2149, 1685, 0, 0, 0, 0, 0, 0, 0))
2018-04-03 15:24:04.690132;(8, (2148, 2138, 246, 21, 0, 0, 0, 0, 0, 0))
2018-04-03 15:24:04.883110;(18, (2844, 3062, 1097, 12, 0, 0, 0, 0, 0, 0))
2018-04-03 15:24:05.015421;(4, (2151, 2448, 640, 9, 0, 0, 0, 0, 0, 0))
2018-04-03 15:24:05.302247;(22, (3267, 3316, 1403, 13, 0, 0, 0, 0, 0, 0))
2018-04-03 15:24:05.311309;(9, (1243, 1597, 6, 11, 0, 0, 0, 0, 0, 0))
2018-04-03 15:24:33.134983;(1, (14868, 13903, 13633, 6817, 0, 0, 0, 0, 0, 0))
2018-04-03 15:24:34.257713;(12, (1987, 2170, 209, 25, 0, 0, 0, 0, 0, 0))
2018-04-03 15:24:34.466384;(11, (2456, 2620, 620, 6, 0, 0, 0, 0, 0, 0))
2018-04-03 15:24:34.554340;(10, (8567, 8667, 6437, 0, 0, 0, 0, 0, 0, 0))
2018-04-03 15:24:34.680053;(17, (1353, 1742, 11, 27, 0, 0, 0, 0, 0, 0))
2018-04-03 15:24:34.683772;(23, (2393, 2310, 1831, 0, 0, 0, 0, 0, 0, 0))
2018-04-03 15:24:34.721291;(19, (2161, 2351, 401, 31, 0, 0, 0, 0, 0, 0))
2018-04-03 15:24:34.826069;(13, (2818, 3277, 1320, 11, 0, 0, 0, 0, 0, 0))
2018-04-03 15:24:34.842152;(14, (3147, 3232, 1143, 23, 0, 0, 0, 0, 0, 0))
2018-04-03 15:24:34.890541;(18, (2998, 3224, 1182, 12, 0, 0, 0, 0, 0, 0))
2018-04-03 15:24:35.019828;(4, (2236, 2545, 665, 11, 0, 0, 0, 0, 0, 0))
2018-04-03 15:24:35.059594;(15, (3897, 4125, 2116, 0, 0, 0, 0, 0, 0, 0))
2018-04-03 15:24:35.065319;(7, (3104, 3136, 1035, 19, 0, 0, 0, 0, 0, 0))
2018-04-03 15:24:35.149169;(3, (5692, 5726, 3380, 20, 0, 0, 0, 0, 0, 0))
2018-04-03 15:24:35.257265;(6, (1810, 2041, 151, 5, 0, 0, 0, 0, 0, 0))
2018-04-03 15:24:35.306631;(22, (3328, 3382, 1406, 17, 0, 0, 0, 0, 0, 0))
2018-04-03 15:24:35.315759;(9, (1299, 1656, 8, 12, 0, 0, 0, 0, 0, 0))
2018-04-03 15:24:35.462062;(20, (1996, 2228, 320, 11, 0, 0, 0, 0, 0, 0))
2018-04-03 15:24:35.474445;(5, (3886, 4169, 2216, 4, 0, 0, 0, 0, 0, 0))
2018-04-03 15:24:35.486133;(16, (1991, 2239, 238, 20, 0, 0, 0, 0, 0, 0))
2018-04-03 15:24:35.693544;(8, (2223, 2215, 250, 23, 0, 0, 0, 0, 0, 0))
2018-04-03 15:25:03.139063;(1, (15422, 14433, 14153, 7077, 0, 0, 0, 0, 0, 0))
2018-04-03 15:25:03.926613;(21, (2409, 2651, 698, 0, 0, 0, 0, 0, 0, 0))
2018-04-03 15:25:04.561889;(10, (8894, 8999, 6675, 0, 0, 0, 0, 0, 0, 0))
2018-04-03 15:25:04.685037;(17, (1427, 1831, 11, 27, 0, 0, 0, 0, 0, 0))
2018-04-03 15:25:04.686330;(23, (2578, 2493, 1998, 0, 0, 0, 0, 0, 0, 0))
2018-04-03 15:25:04.725404;(19, (2242, 2443, 410, 31, 0, 0, 0, 0, 0, 0))
2018-04-03 15:25:04.829002;(13, (2830, 3295, 1320, 17, 0, 0, 0, 0, 0, 0))
2018-04-03 15:25:04.850284;(14, (3213, 3305, 1143, 27, 0, 0, 0, 0, 0, 0))
2018-04-03 15:25:04.894884;(18, (3177, 3411, 1287, 12, 0, 0, 0, 0, 0, 0))
2018-04-03 15:25:05.022893;(4, (2250, 2568, 665, 21, 0, 0, 0, 0, 0, 0))
2018-04-03 15:25:05.065107;(15, (4141, 4381, 2284, 0, 0, 0, 0, 0, 0, 0))
2018-04-03 15:25:05.069752;(7, (3252, 3289, 1091, 19, 0, 0, 0, 0, 0, 0))
2018-04-03 15:25:05.153170;(3, (5999, 6042, 3592, 20, 0, 0, 0, 0, 0, 0))
2018-04-03 15:25:05.263146;(12, (2055, 2246, 212, 29, 0, 0, 0, 0, 0, 0))
2018-04-03 15:25:05.264998;(6, (1873, 2115, 151, 5, 0, 0, 0, 0, 0, 0))
2018-04-03 15:25:05.311967;(22, (3396, 3467, 1406, 17, 0, 0, 0, 0, 0, 0))
2018-04-03 15:25:05.318332;(9, (1311, 1678, 8, 21, 0, 0, 0, 0, 0, 0))
2018-04-03 15:25:05.465907;(20, (2086, 2330, 322, 11, 0, 0, 0, 0, 0, 0))
2018-04-03 15:25:05.471009;(11, (2613, 2788, 699, 6, 0, 0, 0, 0, 0, 0))
2018-04-03 15:25:05.493552;(16, (2061, 2319, 238, 20, 0, 0, 0, 0, 0, 0))
2018-04-03 15:25:05.698125;(8, (2309, 2308, 250, 23, 0, 0, 0, 0, 0, 0))
2018-04-03 15:25:33.142720;(1, (15958, 14950, 14660, 7331, 0, 0, 0, 0, 0, 0))
2018-04-03 15:25:33.932418;(21, (2472, 2727, 698, 0, 0, 0, 0, 0, 0, 0))
2018-04-03 15:25:34.567943;(10, (9278, 9388, 6975, 0, 0, 0, 0, 0, 0, 0))
2018-04-03 15:25:34.688685;(23, (2686, 2603, 2087, 0, 0, 0, 0, 0, 0, 0))
2018-04-03 15:25:34.689001;(17, (1496, 1917, 13, 27, 0, 0, 0, 0, 0, 0))
2018-04-03 15:25:34.728927;(19, (2318, 2526, 413, 31, 0, 0, 0, 0, 0, 0))
2018-04-03 15:25:34.832466;(13, (2841, 3316, 1320, 25, 0, 0, 0, 0, 0, 0))
2018-04-03 15:25:34.853620;(14, (3309, 3405, 1162, 27, 0, 0, 0, 0, 0, 0))
2018-04-03 15:25:34.899101;(18, (3292, 3529, 1333, 12, 0, 0, 0, 0, 0, 0))
2018-04-03 15:25:35.025295;(4, (2261, 2591, 665, 31, 0, 0, 0, 0, 0, 0))
2018-04-03 15:25:35.070078;(15, (4292, 4543, 2366, 0, 0, 0, 0, 0, 0, 0))
2018-04-03 15:25:35.073964;(7, (3446, 3488, 1193, 19, 0, 0, 0, 0, 0, 0))
2018-04-03 15:25:35.156607;(3, (6355, 6406, 3851, 20, 0, 0, 0, 0, 0, 0))
2018-04-03 15:25:35.269201;(6, (1943, 2200, 154, 5, 0, 0, 0, 0, 0, 0))
2018-04-03 15:25:35.315450;(22, (3458, 3530, 1407, 18, 0, 0, 0, 0, 0, 0))
2018-04-03 15:25:35.320193;(9, (1322, 1699, 8, 30, 0, 0, 0, 0, 0, 0))
2018-04-03 15:25:35.471888;(20, (2163, 2420, 325, 12, 0, 0, 0, 0, 0, 0))
2018-04-03 15:25:35.475264;(11, (2748, 2938, 761, 6, 0, 0, 0, 0, 0, 0))
2018-04-03 15:25:35.483197;(5, (4013, 4323, 2216, 4, 0, 0, 0, 0, 0, 0))
2018-04-03 15:25:35.498330;(16, (2131, 2398, 238, 20, 0, 0, 0, 0, 0, 0))
2018-04-03 15:25:35.703060;(8, (2441, 2446, 299, 23, 0, 0, 0, 0, 0, 0))
2018-04-03 15:26:03.146025;(1, (16524, 15465, 15165, 7583, 0, 0, 0, 0, 0, 0))
2018-04-03 15:26:03.937032;(21, (2535, 2801, 698, 0, 0, 0, 0, 0, 0, 0))
2018-04-03 15:26:04.693991;(17, (1556, 1991, 15, 30, 0, 0, 0, 0, 0, 0))
2018-04-03 15:26:04.694777;(23, (2802, 2721, 2169, 0, 0, 0, 0, 0, 0, 0))
2018-04-03 15:26:04.734766;(19, (2397, 2614, 414, 32, 0, 0, 0, 0, 0, 0))
2018-04-03 15:26:04.836403;(13, (2868, 3354, 1320, 31, 0, 0, 0, 0, 0, 0))
2018-04-03 15:26:04.858789;(14, (3497, 3590, 1239, 28, 0, 0, 0, 0, 0, 0))
2018-04-03 15:26:04.905622;(18, (3464, 3693, 1395, 12, 0, 0, 0, 0, 0, 0))
2018-04-03 15:26:05.075952;(15, (4451, 4706, 2441, 0, 0, 0, 0, 0, 0, 0))
2018-04-03 15:26:05.078880;(7, (3602, 3648, 1241, 19, 0, 0, 0, 0, 0, 0))
2018-04-03 15:26:05.161900;(3, (6682, 6742, 4041, 21, 0, 0, 0, 0, 0, 0))
2018-04-03 15:26:05.271094;(12, (2245, 2448, 237, 30, 0, 0, 0, 0, 0, 0))
2018-04-03 15:26:05.274124;(6, (2017, 2287, 156, 5, 0, 0, 0, 0, 0, 0))
2018-04-03 15:26:05.319870;(22, (3734, 3795, 1550, 22, 0, 0, 0, 0, 0, 0))
2018-04-03 15:26:05.325049;(9, (1332, 1718, 8, 37, 0, 0, 0, 0, 0, 0))
2018-04-03 15:26:05.476257;(20, (2245, 2512, 326, 13, 0, 0, 0, 0, 0, 0))
2018-04-03 15:26:05.479672;(11, (2866, 3057, 813, 11, 0, 0, 0, 0, 0, 0))
2018-04-03 15:26:05.490224;(5, (4100, 4422, 2236, 4, 0, 0, 0, 0, 0, 0))
2018-04-03 15:26:05.502219;(16, (2242, 2521, 259, 21, 0, 0, 0, 0, 0, 0))
2018-04-03 15:26:05.574143;(10, (9709, 9817, 7291, 0, 0, 0, 0, 0, 0, 0))
2018-04-03 15:26:05.706704;(8, (2596, 2602, 338, 23, 0, 0, 0, 0, 0, 0))
2018-04-03 15:26:33.154286;(1, (17178, 16088, 15777, 7889, 0, 0, 0, 0, 0, 0))
2018-04-03 15:26:34.738988;(19, (2491, 2711, 432, 32, 0, 0, 0, 0, 0, 0))
2018-04-03 15:26:34.842225;(13, (3002, 3509, 1391, 31, 0, 0, 0, 0, 0, 0))
2018-04-03 15:26:34.865177;(14, (3668, 3762, 1318, 29, 0, 0, 0, 0, 0, 0))
2018-04-03 15:26:34.913529;(18, (3583, 3818, 1428, 12, 0, 0, 0, 0, 0, 0))
2018-04-03 15:26:34.941610;(21, (2601, 2885, 698, 0, 0, 0, 0, 0, 0, 0))
2018-04-03 15:26:35.085072;(7, (3731, 3781, 1283, 19, 0, 0, 0, 0, 0, 0))
2018-04-03 15:26:35.168481;(3, (7063, 7147, 4323, 21, 0, 0, 0, 0, 0, 0))
2018-04-03 15:26:35.275161;(12, (2361, 2563, 267, 33, 0, 0, 0, 0, 0, 0))
2018-04-03 15:26:35.479929;(20, (2328, 2595, 331, 13, 0, 0, 0, 0, 0, 0))
2018-04-03 15:26:35.495675;(5, (4278, 4609, 2344, 4, 0, 0, 0, 0, 0, 0))
2018-04-03 15:26:35.579268;(10, (10113, 10224, 7606, 0, 0, 0, 0, 0, 0, 0))
2018-04-03 15:26:35.697702;(17, (1620, 2069, 15, 30, 0, 0, 0, 0, 0, 0))
2018-04-03 15:26:35.698231;(23, (2889, 2798, 2227, 0, 0, 0, 0, 0, 0, 0))
2018-04-03 15:26:36.031930;(4, (2387, 2739, 698, 40, 0, 0, 0, 0, 0, 0))
2018-04-03 15:26:36.080217;(15, (4521, 4785, 2442, 0, 0, 0, 0, 0, 0, 0))
2018-04-03 15:26:36.278071;(6, (2044, 2329, 156, 5, 0, 0, 0, 0, 0, 0))
2018-04-03 15:26:36.325167;(22, (3832, 3894, 1568, 22, 0, 0, 0, 0, 0, 0))
2018-04-03 15:26:36.329404;(9, (1398, 1804, 8, 37, 0, 0, 0, 0, 0, 0))
2018-04-03 15:26:36.507609;(16, (2318, 2607, 264, 22, 0, 0, 0, 0, 0, 0))
2018-04-03 15:26:36.711362;(8, (2717, 2722, 365, 26, 0, 0, 0, 0, 0, 0))
2018-04-03 15:27:03.162652;(1, (17876, 16727, 16406, 8204, 0, 0, 0, 0, 0, 0))
2018-04-03 15:27:04.947210;(21, (2666, 2963, 698, 0, 0, 0, 0, 0, 0, 0))
2018-04-03 15:27:05.587457;(10, (10447, 10554, 7842, 0, 0, 0, 0, 0, 0, 0))
2018-04-03 15:27:05.701373;(17, (1691, 2154, 16, 30, 0, 0, 0, 0, 0, 0))
2018-04-03 15:27:05.701931;(23, (3087, 2990, 2396, 0, 0, 0, 0, 0, 0, 0))
2018-04-03 15:27:05.742324;(19, (2638, 2858, 500, 33, 0, 0, 0, 0, 0, 0))
2018-04-03 15:27:05.846083;(13, (3109, 3644, 1440, 34, 0, 0, 0, 0, 0, 0))
2018-04-03 15:27:05.874966;(14, (3807, 3904, 1370, 30, 0, 0, 0, 0, 0, 0))
2018-04-03 15:27:05.921121;(18, (3815, 4045, 1560, 12, 0, 0, 0, 0, 0, 0))
2018-04-03 15:27:06.035775;(4, (2480, 2847, 728, 40, 0, 0, 0, 0, 0, 0))
2018-04-03 15:27:06.085367;(15, (4587, 4863, 2442, 0, 0, 0, 0, 0, 0, 0))
2018-04-03 15:27:06.090244;(7, (3929, 3975, 1364, 19, 0, 0, 0, 0, 0, 0))
2018-04-03 15:27:06.175217;(3, (7458, 7551, 4586, 23, 0, 0, 0, 0, 0, 0))
2018-04-03 15:27:06.279195;(12, (2445, 2655, 274, 34, 0, 0, 0, 0, 0, 0))
2018-04-03 15:27:06.282708;(6, (2118, 2424, 156, 5, 0, 0, 0, 0, 0, 0))
2018-04-03 15:27:06.333071;(9, (1447, 1864, 11, 37, 0, 0, 0, 0, 0, 0))
2018-04-03 15:27:06.483937;(20, (2410, 2689, 334, 15, 0, 0, 0, 0, 0, 0))
2018-04-03 15:27:06.490436;(11, (3052, 3266, 833, 12, 0, 0, 0, 0, 0, 0))
2018-04-03 15:27:06.501144;(5, (4452, 4800, 2438, 4, 0, 0, 0, 0, 0, 0))
2018-04-03 15:27:06.511688;(16, (2395, 2695, 270, 23, 0, 0, 0, 0, 0, 0))
2018-04-03 15:27:06.715812;(8, (2854, 2856, 402, 26, 0, 0, 0, 0, 0, 0))
2018-04-03 15:27:33.165765;(1, (18474, 17297, 16966, 8484, 0, 0, 0, 0, 0, 0))
2018-04-03 15:27:34.950665;(21, (2729, 3038, 698, 0, 0, 0, 0, 0, 0, 0))
2018-04-03 15:27:35.595820;(10, (10841, 10958, 8152, 0, 0, 0, 0, 0, 0, 0))
2018-04-03 15:27:35.705956;(17, (1754, 2233, 16, 30, 0, 0, 0, 0, 0, 0))
2018-04-03 15:27:35.707099;(23, (3178, 3073, 2462, 0, 0, 0, 0, 0, 0, 0))
2018-04-03 15:27:35.747036;(19, (2753, 2983, 537, 33, 0, 0, 0, 0, 0, 0))
2018-04-03 15:27:35.882414;(14, (3954, 4067, 1449, 30, 0, 0, 0, 0, 0, 0))
2018-04-03 15:27:35.929326;(18, (3924, 4160, 1585, 13, 0, 0, 0, 0, 0, 0))
2018-04-03 15:27:36.041428;(4, (2538, 2911, 752, 44, 0, 0, 0, 0, 0, 0))
2018-04-03 15:27:36.090278;(15, (4652, 4939, 2442, 0, 0, 0, 0, 0, 0, 0))
2018-04-03 15:27:36.094411;(7, (4060, 4112, 1412, 19, 0, 0, 0, 0, 0, 0))
2018-04-03 15:27:36.183879;(3, (7792, 7887, 4818, 23, 0, 0, 0, 0, 0, 0))
2018-04-03 15:27:36.282962;(12, (2514, 2732, 274, 34, 0, 0, 0, 0, 0, 0))
2018-04-03 15:27:36.289148;(6, (2183, 2506, 156, 5, 0, 0, 0, 0, 0, 0))
2018-04-03 15:27:36.333260;(22, (4052, 4110, 1618, 22, 0, 0, 0, 0, 0, 0))
2018-04-03 15:27:36.335949;(9, (1494, 1934, 11, 42, 0, 0, 0, 0, 0, 0))
2018-04-03 15:27:36.489899;(20, (2482, 2766, 334, 15, 0, 0, 0, 0, 0, 0))
2018-04-03 15:27:36.497076;(11, (3199, 3423, 901, 12, 0, 0, 0, 0, 0, 0))
2018-04-03 15:27:36.506516;(5, (4594, 4950, 2502, 4, 0, 0, 0, 0, 0, 0))
2018-04-03 15:27:36.515451;(16, (2518, 2831, 324, 23, 0, 0, 0, 0, 0, 0))
2018-04-03 15:27:36.719657;(8, (3003, 3012, 461, 31, 0, 0, 0, 0, 0, 0))
2018-04-03 15:28:04.168113;(1, (19076, 17850, 17509, 8755, 0, 0, 0, 0, 0, 0))
2018-04-03 15:28:04.955564;(21, (2795, 3114, 698, 0, 0, 0, 0, 0, 0, 0))
2018-04-03 15:28:05.602181;(10, (11208, 11326, 8413, 0, 0, 0, 0, 0, 0, 0))
2018-04-03 15:28:05.711471;(17, (1827, 2319, 19, 30, 0, 0, 0, 0, 0, 0))
2018-04-03 15:28:05.712911;(23, (3287, 3177, 2548, 0, 0, 0, 0, 0, 0, 0))
2018-04-03 15:28:05.750805;(19, (2855, 3087, 570, 37, 0, 0, 0, 0, 0, 0))
2018-04-03 15:28:05.854644;(13, (3346, 3924, 1525, 38, 0, 0, 0, 0, 0, 0))
2018-04-03 15:28:05.887078;(14, (4070, 4188, 1480, 30, 0, 0, 0, 0, 0, 0))
2018-04-03 15:28:05.934067;(18, (3997, 4239, 1585, 13, 0, 0, 0, 0, 0, 0))
2018-04-03 15:28:06.047156;(4, (2656, 3044, 787, 44, 0, 0, 0, 0, 0, 0))
2018-04-03 15:28:06.094078;(15, (4717, 5017, 2442, 0, 0, 0, 0, 0, 0, 0))
2018-04-03 15:28:06.098973;(7, (4277, 4333, 1518, 21, 0, 0, 0, 0, 0, 0))
2018-04-03 15:28:06.189706;(3, (8083, 8184, 4984, 23, 0, 0, 0, 0, 0, 0))
2018-04-03 15:28:06.286171;(12, (2575, 2792, 283, 37, 0, 0, 0, 0, 0, 0))
2018-04-03 15:28:06.294068;(6, (2280, 2614, 181, 5, 0, 0, 0, 0, 0, 0))
2018-04-03 15:28:06.337866;(22, (4220, 4275, 1695, 22, 0, 0, 0, 0, 0, 0))
2018-04-03 15:28:06.339390;(9, (1568, 2025, 24, 45, 0, 0, 0, 0, 0, 0))
2018-04-03 15:28:06.496160;(20, (2583, 2874, 352, 16, 0, 0, 0, 0, 0, 0))
2018-04-03 15:28:06.501882;(11, (3293, 3534, 908, 13, 0, 0, 0, 0, 0, 0))
2018-04-03 15:28:06.513093;(5, (4748, 5113, 2582, 4, 0, 0, 0, 0, 0, 0))
2018-04-03 15:28:06.518403;(16, (2550, 2871, 324, 23, 0, 0, 0, 0, 0, 0))
2018-04-03 15:28:06.723465;(8, (3123, 3132, 495, 32, 0, 0, 0, 0, 0, 0))
2018-04-03 15:28:34.170523;(1, (19680, 18416, 18065, 9033, 0, 0, 0, 0, 0, 0))
2018-04-03 15:28:34.961187;(21, (2857, 3191, 698, 0, 0, 0, 0, 0, 0, 0))
2018-04-03 15:28:35.608582;(10, (11586, 11706, 8684, 0, 0, 0, 0, 0, 0, 0))
2018-04-03 15:28:35.716986;(17, (1891, 2407, 19, 32, 0, 0, 0, 0, 0, 0))
2018-04-03 15:28:35.717864;(23, (3370, 3257, 2618, 0, 0, 0, 0, 0, 0, 0))
2018-04-03 15:28:35.754911;(19, (2965, 3204, 586, 38, 0, 0, 0, 0, 0, 0))
2018-04-03 15:28:35.861162;(13, (3467, 4061, 1585, 38, 0, 0, 0, 0, 0, 0))
2018-04-03 15:28:35.890557;(14, (4137, 4255, 1484, 32, 0, 0, 0, 0, 0, 0))
2018-04-03 15:28:35.940825;(18, (4073, 4317, 1585, 13, 0, 0, 0, 0, 0, 0))
2018-04-03 15:28:36.054176;(4, (2752, 3151, 817, 44, 0, 0, 0, 0, 0, 0))
2018-04-03 15:28:36.098282;(15, (4781, 5095, 2442, 0, 0, 0, 0, 0, 0, 0))
2018-04-03 15:28:36.104459;(7, (4561, 4623, 1678, 25, 0, 0, 0, 0, 0, 0))
2018-04-03 15:28:36.193433;(3, (8340, 8434, 5138, 24, 0, 0, 0, 0, 0, 0))
2018-04-03 15:28:36.291099;(12, (2656, 2877, 289, 38, 0, 0, 0, 0, 0, 0))
2018-04-03 15:28:36.298033;(6, (2355, 2700, 190, 5, 0, 0, 0, 0, 0, 0))
2018-04-03 15:28:36.341473;(22, (4406, 4461, 1786, 22, 0, 0, 0, 0, 0, 0))
2018-04-03 15:28:36.343698;(9, (1630, 2103, 24, 45, 0, 0, 0, 0, 0, 0))
2018-04-03 15:28:36.499563;(20, (2666, 2962, 364, 18, 0, 0, 0, 0, 0, 0))
2018-04-03 15:28:36.505502;(11, (3418, 3671, 948, 15, 0, 0, 0, 0, 0, 0))
2018-04-03 15:28:36.517502;(5, (4908, 5285, 2676, 4, 0, 0, 0, 0, 0, 0))
2018-04-03 15:28:36.522885;(16, (2645, 2970, 329, 25, 0, 0, 0, 0, 0, 0))
2018-04-03 15:28:36.731639;(8, (3323, 3323, 568, 35, 0, 0, 0, 0, 0, 0))
2018-04-03 15:29:04.173905;(1, (20369, 19046, 18685, 9343, 0, 0, 0, 0, 0, 0))
2018-04-03 15:29:05.722366;(23, (3509, 3391, 2728, 0, 0, 0, 0, 0, 0, 0))
2018-04-03 15:29:05.761057;(19, (3051, 3297, 597, 39, 0, 0, 0, 0, 0, 0))
2018-04-03 15:29:05.894101;(14, (4244, 4368, 1522, 32, 0, 0, 0, 0, 0, 0))
2018-04-03 15:29:05.947669;(18, (4143, 4393, 1585, 13, 0, 0, 0, 0, 0, 0))
2018-04-03 15:29:05.968977;(21, (2919, 3265, 698, 0, 0, 0, 0, 0, 0, 0))
2018-04-03 15:29:06.197466;(3, (8712, 8815, 5411, 24, 0, 0, 0, 0, 0, 0))
2018-04-03 15:29:06.295437;(12, (2731, 2966, 294, 38, 0, 0, 0, 0, 0, 0))
2018-04-03 15:29:06.509713;(11, (3529, 3795, 978, 15, 0, 0, 0, 0, 0, 0))
2018-04-03 15:29:06.522030;(5, (5071, 5461, 2769, 4, 0, 0, 0, 0, 0, 0))
2018-04-03 15:29:06.613060;(10, (11999, 12137, 8994, 0, 0, 0, 0, 0, 0, 0))
2018-04-03 15:29:06.720372;(17, (1948, 2483, 19, 32, 0, 0, 0, 0, 0, 0))
2018-04-03 15:29:06.867177;(13, (3604, 4215, 1648, 38, 0, 0, 0, 0, 0, 0))
2018-04-03 15:29:07.059940;(4, (2868, 3282, 852, 44, 0, 0, 0, 0, 0, 0))
2018-04-03 15:29:07.105037;(15, (4843, 5176, 2442, 0, 0, 0, 0, 0, 0, 0))
2018-04-03 15:29:07.109253;(7, (4890, 4970, 1895, 25, 0, 0, 0, 0, 0, 0))
2018-04-03 15:29:07.303112;(6, (2469, 2835, 231, 5, 0, 0, 0, 0, 0, 0))
2018-04-03 15:29:07.347069;(22, (4547, 4604, 1839, 22, 0, 0, 0, 0, 0, 0))
2018-04-03 15:29:07.349077;(9, (1699, 2187, 26, 46, 0, 0, 0, 0, 0, 0))
2018-04-03 15:29:07.504602;(20, (2793, 3102, 408, 18, 0, 0, 0, 0, 0, 0))
2018-04-03 15:29:07.527063;(16, (2725, 3064, 330, 25, 0, 0, 0, 0, 0, 0))
