2018-04-17 07:09:35.343231;(21, (4, 6, 0, 6, 6, 0, 0, 0, 0, 0, 6, 6, 0))
2018-04-17 07:09:35.462583;(3, (4, 46, 0, 46, 46, 0, 0, 0, 0, 0, 46, 46, 0))
2018-04-17 07:09:35.557436;(9, (4, 4, 0, 4, 4, 0, 0, 0, 0, 0, 4, 4, 0))
2018-04-17 07:09:35.580172;(12, (4, 18, 0, 18, 18, 0, 0, 0, 0, 0, 17, 18, 0))
2018-04-17 07:09:35.630510;(23, (4, 14, 0, 14, 14, 0, 0, 0, 0, 0, 14, 14, 0))
2018-04-17 07:09:35.658603;(6, (4, 24, 0, 24, 24, 0, 0, 0, 0, 0, 24, 24, 0))
2018-04-17 07:09:35.666655;(19, (4, 6, 0, 6, 6, 0, 0, 0, 0, 0, 6, 6, 0))
2018-04-17 07:09:35.743012;(15, (4, 6, 0, 6, 6, 0, 0, 0, 0, 0, 6, 6, 0))
2018-04-17 07:09:35.779614;(4, (4, 14, 0, 14, 14, 0, 0, 0, 0, 0, 14, 14, 0))
2018-04-17 07:09:35.819446;(16, (4, 7, 0, 7, 7, 0, 0, 0, 0, 0, 7, 7, 0))
2018-04-17 07:09:35.863758;(5, (4, 76, 0, 76, 76, 0, 0, 0, 0, 0, 76, 76, 0))
2018-04-17 07:09:35.882405;(20, (4, 131, 0, 131, 129, 0, 0, 16, 36, 0, 131, 181, 0))
2018-04-17 07:09:35.911092;(13, (4, 27, 0, 27, 27, 0, 0, 0, 0, 0, 27, 27, 0))
2018-04-17 07:09:36.005637;(1, (4, 130, 0, 130, 129, 0, 0, 15, 0, 0, 130, 144, 0))
2018-04-17 07:09:36.009574;(7, (4, 61, 0, 61, 61, 0, 0, 2, 12, 0, 61, 75, 0))
2018-04-17 07:09:36.111221;(18, (4, 7, 0, 7, 7, 0, 0, 0, 0, 0, 7, 7, 0))
2018-04-17 07:09:36.150628;(22, (4, 3, 0, 3, 3, 0, 0, 0, 0, 0, 3, 3, 0))
2018-04-17 07:09:36.169901;(17, (4, 5, 0, 5, 5, 0, 0, 0, 0, 0, 4, 5, 0))
2018-04-17 07:09:36.232797;(8, (4, 23, 0, 23, 23, 0, 0, 0, 0, 0, 23, 23, 0))
2018-04-17 07:09:36.237913;(11, (4, 7, 0, 7, 7, 0, 0, 0, 0, 0, 7, 7, 0))
2018-04-17 07:09:36.299898;(14, (4, 29, 0, 29, 29, 0, 0, 0, 0, 0, 29, 29, 0))
2018-04-17 07:10:35.349736;(21, (4, 18, 0, 18, 18, 0, 0, 0, 0, 0, 18, 18, 0))
2018-04-17 07:10:35.470324;(3, (4, 154, 0, 154, 154, 0, 0, 3, 0, 0, 154, 157, 0))
2018-04-17 07:10:35.566060;(9, (4, 16, 0, 16, 16, 0, 0, 0, 0, 0, 16, 16, 0))
2018-04-17 07:10:35.585387;(12, (4, 54, 0, 54, 54, 0, 0, 0, 0, 0, 53, 54, 0))
2018-04-17 07:10:35.635229;(23, (4, 38, 0, 38, 38, 0, 0, 0, 0, 0, 38, 38, 0))
2018-04-17 07:10:35.664920;(6, (4, 60, 0, 60, 60, 0, 0, 0, 0, 0, 60, 60, 0))
2018-04-17 07:10:35.674823;(19, (4, 18, 0, 18, 18, 0, 0, 0, 0, 0, 18, 18, 0))
2018-04-17 07:10:35.750281;(15, (4, 18, 0, 18, 18, 0, 0, 0, 0, 0, 18, 18, 0))
2018-04-17 07:10:35.784301;(4, (4, 50, 0, 50, 50, 0, 0, 0, 0, 0, 50, 50, 0))
2018-04-17 07:10:35.826105;(16, (4, 19, 0, 19, 19, 0, 0, 0, 0, 0, 19, 19, 0))
2018-04-17 07:10:35.869294;(5, (4, 208, 0, 208, 208, 0, 0, 0, 0, 0, 208, 208, 0))
2018-04-17 07:10:35.887369;(20, (5, 390, 0, 390, 384, 0, 0, 71, 113, 0, 390, 568, 0))
2018-04-17 07:10:35.918167;(13, (4, 87, 0, 87, 87, 0, 0, 0, 0, 0, 87, 87, 0))
2018-04-17 07:10:36.012559;(1, (4, 377, 0, 377, 369, 0, 0, 79, 52, 0, 377, 500, 0))
2018-04-17 07:10:36.018371;(7, (4, 176, 0, 176, 176, 0, 0, 9, 66, 0, 176, 251, 0))
2018-04-17 07:10:36.118081;(18, (4, 19, 0, 19, 19, 0, 0, 0, 0, 0, 19, 19, 0))
2018-04-17 07:10:36.159086;(22, (4, 15, 0, 15, 15, 0, 0, 0, 0, 0, 15, 15, 0))
2018-04-17 07:10:36.175144;(17, (4, 24, 0, 24, 24, 0, 0, 2, 0, 0, 15, 26, 0))
2018-04-17 07:10:36.237556;(8, (4, 59, 0, 59, 59, 0, 0, 0, 0, 0, 59, 59, 0))
2018-04-17 07:10:36.243401;(11, (4, 19, 0, 19, 19, 0, 0, 0, 0, 0, 19, 19, 0))
2018-04-17 07:10:36.306690;(14, (4, 89, 0, 89, 89, 0, 0, 0, 0, 0, 89, 89, 0))
2018-04-17 07:11:35.356376;(21, (4, 30, 0, 30, 30, 0, 0, 0, 0, 0, 30, 30, 0))
2018-04-17 07:11:35.476535;(3, (4, 267, 0, 267, 267, 0, 0, 4, 0, 0, 267, 271, 0))
2018-04-17 07:11:35.571382;(9, (4, 28, 0, 28, 28, 0, 0, 0, 0, 0, 28, 28, 0))
2018-04-17 07:11:35.591614;(12, (4, 95, 0, 95, 95, 0, 0, 0, 13, 0, 89, 108, 0))
2018-04-17 07:11:35.640417;(23, (4, 62, 0, 62, 62, 0, 0, 0, 0, 0, 62, 62, 0))
2018-04-17 07:11:35.671897;(6, (4, 96, 0, 96, 96, 0, 0, 0, 0, 0, 96, 96, 0))
2018-04-17 07:11:35.682651;(19, (4, 30, 0, 30, 30, 0, 0, 0, 0, 0, 30, 30, 0))
2018-04-17 07:11:35.758525;(15, (4, 30, 0, 30, 30, 0, 0, 0, 0, 0, 30, 30, 0))
2018-04-17 07:11:35.789518;(4, (4, 86, 0, 86, 86, 0, 0, 0, 0, 0, 86, 86, 0))
2018-04-17 07:11:35.831582;(16, (4, 31, 0, 31, 31, 0, 0, 0, 0, 0, 31, 31, 0))
2018-04-17 07:11:35.875467;(5, (4, 340, 0, 340, 340, 0, 0, 0, 0, 0, 340, 340, 0))
2018-04-17 07:11:35.891618;(20, (5, 654, 0, 654, 642, 0, 0, 124, 208, 0, 654, 974, 0))
2018-04-17 07:11:35.923637;(13, (4, 147, 0, 147, 147, 0, 0, 0, 0, 0, 147, 147, 0))
2018-04-17 07:11:36.019965;(1, (4, 624, 0, 624, 609, 0, 0, 147, 139, 0, 624, 895, 0))
2018-04-17 07:11:36.027065;(7, (4, 292, 0, 292, 292, 0, 0, 12, 80, 0, 292, 384, 0))
2018-04-17 07:11:36.126266;(18, (4, 31, 0, 31, 31, 0, 0, 0, 0, 0, 31, 31, 0))
2018-04-17 07:11:36.169334;(22, (4, 27, 0, 27, 27, 0, 0, 0, 0, 0, 27, 27, 0))
2018-04-17 07:11:36.181040;(17, (4, 43, 0, 43, 43, 0, 0, 5, 0, 0, 27, 48, 0))
2018-04-17 07:11:36.242425;(8, (4, 95, 0, 95, 95, 0, 0, 0, 0, 0, 95, 95, 0))
2018-04-17 07:11:36.250440;(11, (4, 31, 0, 31, 31, 0, 0, 0, 0, 0, 31, 31, 0))
2018-04-17 07:11:36.312549;(14, (4, 154, 0, 154, 154, 0, 0, 0, 0, 0, 154, 154, 0))
2018-04-17 07:12:35.362015;(21, (4, 42, 0, 42, 42, 0, 0, 0, 0, 0, 42, 42, 0))
2018-04-17 07:12:35.482696;(3, (4, 378, 0, 378, 377, 0, 0, 12, 0, 0, 378, 389, 0))
2018-04-17 07:12:35.578102;(9, (4, 40, 0, 40, 40, 0, 0, 0, 0, 0, 40, 40, 0))
2018-04-17 07:12:35.596390;(12, (4, 132, 0, 132, 132, 0, 0, 0, 13, 0, 125, 145, 0))
2018-04-17 07:12:35.646454;(23, (4, 86, 0, 86, 86, 0, 0, 0, 0, 0, 86, 86, 0))
2018-04-17 07:12:35.678940;(6, (4, 132, 0, 132, 132, 0, 0, 0, 0, 0, 132, 132, 0))
2018-04-17 07:12:35.688241;(19, (4, 42, 0, 42, 42, 0, 0, 0, 0, 0, 42, 42, 0))
2018-04-17 07:12:35.764901;(15, (4, 42, 0, 42, 42, 0, 0, 0, 0, 0, 42, 42, 0))
2018-04-17 07:12:35.796286;(4, (4, 122, 0, 122, 122, 0, 0, 0, 0, 0, 122, 122, 0))
2018-04-17 07:12:35.836240;(16, (4, 43, 0, 43, 43, 0, 0, 0, 0, 0, 43, 43, 0))
2018-04-17 07:12:35.880668;(5, (4, 472, 0, 472, 472, 0, 0, 0, 0, 0, 472, 472, 0))
2018-04-17 07:12:35.898114;(20, (5, 917, 0, 917, 903, 0, 0, 166, 249, 0, 917, 1318, 0))
2018-04-17 07:12:35.928189;(13, (4, 207, 0, 207, 207, 0, 0, 0, 0, 0, 207, 207, 0))
2018-04-17 07:12:36.027362;(1, (4, 873, 0, 873, 850, 0, 0, 205, 249, 0, 873, 1304, 0))
2018-04-17 07:12:36.034182;(7, (4, 408, 0, 408, 408, 0, 0, 19, 93, 0, 408, 520, 0))
2018-04-17 07:12:36.132069;(18, (4, 43, 0, 43, 43, 0, 0, 0, 0, 0, 43, 43, 0))
2018-04-17 07:12:36.177620;(22, (4, 40, 0, 40, 40, 0, 0, 0, 0, 0, 39, 40, 0))
2018-04-17 07:12:36.187851;(17, (5, 63, 0, 63, 63, 0, 0, 10, 7, 0, 39, 80, 0))
2018-04-17 07:12:36.246972;(8, (4, 131, 0, 131, 131, 0, 0, 1, 0, 0, 131, 132, 0))
2018-04-17 07:12:36.256648;(11, (4, 43, 0, 43, 43, 0, 0, 0, 0, 0, 43, 43, 0))
2018-04-17 07:12:36.322870;(14, (4, 215, 0, 215, 215, 0, 0, 0, 0, 0, 215, 215, 0))
2018-04-17 07:13:35.368119;(21, (4, 54, 0, 54, 54, 0, 0, 0, 0, 0, 54, 54, 0))
2018-04-17 07:13:35.490486;(3, (4, 486, 0, 486, 485, 0, 0, 16, 11, 0, 486, 512, 0))
2018-04-17 07:13:35.583098;(9, (4, 52, 0, 52, 52, 0, 0, 0, 0, 0, 52, 52, 0))
2018-04-17 07:13:35.601221;(12, (4, 168, 0, 168, 168, 0, 0, 0, 13, 0, 161, 181, 0))
2018-04-17 07:13:35.651742;(23, (4, 110, 0, 110, 110, 0, 0, 0, 0, 0, 110, 110, 0))
2018-04-17 07:13:35.685744;(6, (4, 168, 0, 168, 168, 0, 0, 0, 0, 0, 168, 168, 0))
2018-04-17 07:13:35.695673;(19, (4, 54, 0, 54, 54, 0, 0, 0, 0, 0, 54, 54, 0))
2018-04-17 07:13:35.770693;(15, (4, 54, 0, 54, 54, 0, 0, 0, 0, 0, 54, 54, 0))
2018-04-17 07:13:35.800674;(4, (4, 158, 0, 158, 158, 0, 0, 0, 0, 0, 158, 158, 0))
2018-04-17 07:13:35.842375;(16, (4, 55, 0, 55, 55, 0, 0, 0, 0, 0, 55, 55, 0))
2018-04-17 07:13:35.887265;(5, (4, 604, 0, 604, 604, 0, 0, 0, 0, 0, 604, 604, 0))
2018-04-17 07:13:35.906618;(20, (5, 1179, 0, 1179, 1165, 0, 0, 217, 276, 0, 1179, 1658, 0))
2018-04-17 07:13:35.932680;(13, (4, 267, 0, 267, 267, 0, 0, 0, 0, 0, 267, 267, 0))
2018-04-17 07:13:36.034855;(1, (4, 1123, 0, 1123, 1090, 0, 0, 276, 302, 0, 1123, 1668, 0))
2018-04-17 07:13:36.050115;(7, (4, 527, 0, 527, 524, 0, 0, 36, 137, 0, 527, 697, 0))
2018-04-17 07:13:36.141960;(18, (4, 55, 0, 55, 55, 0, 0, 0, 0, 0, 55, 55, 0))
2018-04-17 07:13:36.183496;(22, (4, 52, 0, 52, 52, 0, 0, 0, 0, 0, 51, 52, 0))
2018-04-17 07:13:36.194246;(17, (4, 85, 0, 85, 85, 0, 0, 13, 7, 0, 52, 105, 0))
2018-04-17 07:13:36.255733;(8, (4, 167, 0, 167, 167, 0, 0, 2, 3, 0, 167, 172, 0))
2018-04-17 07:13:36.261850;(11, (4, 55, 0, 55, 55, 0, 0, 0, 0, 0, 55, 55, 0))
2018-04-17 07:13:36.330742;(14, (4, 275, 0, 275, 275, 0, 0, 4, 7, 0, 275, 286, 0))
2018-04-17 07:14:35.374736;(21, (4, 66, 0, 66, 66, 0, 0, 0, 0, 0, 66, 66, 0))
2018-04-17 07:14:35.497369;(3, (4, 595, 0, 595, 594, 0, 0, 21, 11, 0, 595, 626, 0))
2018-04-17 07:14:35.617104;(9, (4, 64, 0, 64, 64, 0, 0, 2, 0, 0, 64, 66, 0))
2018-04-17 07:14:35.618277;(12, (4, 205, 0, 205, 205, 0, 0, 0, 13, 0, 197, 218, 0))
2018-04-17 07:14:35.657803;(23, (4, 134, 0, 134, 134, 0, 0, 0, 0, 0, 134, 134, 0))
2018-04-17 07:14:35.692239;(6, (4, 204, 0, 204, 204, 0, 0, 0, 0, 0, 204, 204, 0))
2018-04-17 07:14:35.702061;(19, (4, 66, 0, 66, 66, 0, 0, 0, 0, 0, 66, 66, 0))
2018-04-17 07:14:35.778128;(15, (4, 66, 0, 66, 66, 0, 0, 0, 0, 0, 66, 66, 0))
2018-04-17 07:14:35.806670;(4, (4, 194, 0, 194, 194, 0, 0, 1, 14, 0, 194, 209, 0))
2018-04-17 07:14:35.848040;(16, (4, 67, 0, 67, 67, 0, 0, 0, 0, 0, 67, 67, 0))
2018-04-17 07:14:35.893454;(5, (4, 736, 0, 736, 736, 0, 0, 0, 0, 0, 736, 736, 0))
2018-04-17 07:14:35.912215;(20, (4, 1433, 0, 1433, 1418, 0, 0, 249, 375, 0, 1433, 2042, 0))
2018-04-17 07:14:35.938507;(13, (4, 327, 0, 327, 327, 0, 0, 0, 0, 0, 327, 327, 0))
2018-04-17 07:14:36.042707;(1, (4, 1363, 0, 1363, 1330, 0, 0, 281, 324, 0, 1363, 1935, 0))
2018-04-17 07:14:36.065781;(7, (4, 635, 0, 635, 623, 0, 0, 79, 284, 0, 635, 986, 0))
2018-04-17 07:14:36.147898;(18, (4, 67, 0, 67, 67, 0, 0, 0, 0, 0, 67, 67, 0))
2018-04-17 07:14:36.190383;(22, (4, 64, 0, 64, 64, 0, 0, 0, 0, 0, 63, 64, 0))
2018-04-17 07:14:36.200348;(17, (4, 97, 0, 97, 97, 0, 0, 14, 7, 0, 64, 118, 0))
2018-04-17 07:14:36.261787;(8, (4, 203, 0, 203, 203, 0, 0, 3, 3, 0, 203, 209, 0))
2018-04-17 07:14:36.270939;(11, (4, 67, 0, 67, 67, 0, 0, 0, 0, 0, 67, 67, 0))
2018-04-17 07:14:36.337829;(14, (4, 336, 0, 336, 336, 0, 0, 8, 7, 0, 336, 351, 0))
2018-04-17 07:15:35.380159;(21, (4, 78, 0, 78, 78, 0, 0, 0, 0, 0, 78, 78, 0))
2018-04-17 07:15:35.506748;(3, (4, 705, 0, 705, 703, 0, 0, 30, 23, 0, 705, 756, 0))
2018-04-17 07:15:35.595160;(9, (4, 76, 0, 76, 76, 0, 0, 2, 0, 0, 76, 78, 0))
2018-04-17 07:15:35.622187;(12, (4, 241, 0, 241, 241, 0, 0, 0, 13, 0, 233, 254, 0))
2018-04-17 07:15:35.662290;(23, (4, 158, 0, 158, 158, 0, 0, 1, 0, 0, 158, 159, 0))
2018-04-17 07:15:35.698084;(6, (4, 240, 0, 240, 240, 0, 0, 0, 0, 0, 240, 240, 0))
2018-04-17 07:15:35.708565;(19, (4, 78, 0, 78, 78, 0, 0, 0, 0, 0, 78, 78, 0))
2018-04-17 07:15:35.785939;(15, (4, 78, 0, 78, 78, 0, 0, 0, 0, 0, 78, 78, 0))
2018-04-17 07:15:35.814245;(4, (4, 230, 0, 230, 230, 0, 0, 1, 14, 0, 230, 245, 0))
2018-04-17 07:15:35.853907;(16, (4, 79, 0, 79, 79, 0, 0, 0, 0, 0, 79, 79, 0))
2018-04-17 07:15:35.898099;(5, (4, 868, 0, 868, 868, 0, 0, 0, 0, 0, 868, 868, 0))
2018-04-17 07:15:35.919942;(20, (5, 1690, 0, 1690, 1672, 0, 0, 284, 492, 0, 1690, 2448, 0))
2018-04-17 07:15:35.943658;(13, (4, 387, 0, 387, 387, 0, 0, 0, 0, 0, 387, 387, 0))
2018-04-17 07:15:36.048061;(1, (3, 1605, 0, 1605, 1571, 0, 0, 295, 326, 0, 1605, 2192, 0))
2018-04-17 07:15:36.072445;(7, (4, 744, 0, 744, 726, 0, 0, 102, 414, 0, 744, 1242, 0))
2018-04-17 07:15:36.157945;(18, (4, 79, 0, 79, 79, 0, 0, 0, 0, 0, 79, 79, 0))
2018-04-17 07:15:36.195943;(22, (4, 77, 0, 77, 77, 0, 0, 0, 0, 0, 75, 77, 0))
2018-04-17 07:15:36.207447;(17, (4, 110, 0, 110, 110, 0, 0, 14, 7, 0, 76, 131, 0))
2018-04-17 07:15:36.268151;(8, (4, 239, 0, 239, 239, 0, 0, 3, 3, 0, 239, 245, 0))
2018-04-17 07:15:36.278686;(11, (4, 79, 0, 79, 79, 0, 0, 0, 0, 0, 79, 79, 0))
2018-04-17 07:15:36.345927;(14, (5, 396, 0, 396, 396, 0, 0, 17, 18, 0, 396, 431, 0))
2018-04-17 07:16:35.386064;(21, (4, 90, 0, 90, 90, 0, 0, 0, 0, 0, 90, 90, 0))
2018-04-17 07:16:35.513721;(3, (4, 816, 0, 816, 814, 0, 0, 36, 23, 0, 816, 873, 0))
2018-04-17 07:16:35.601442;(9, (4, 88, 0, 88, 88, 0, 0, 2, 0, 0, 88, 90, 0))
2018-04-17 07:16:35.627216;(12, (4, 280, 0, 280, 280, 0, 0, 0, 13, 0, 269, 293, 0))
2018-04-17 07:16:35.665941;(23, (4, 182, 0, 182, 182, 0, 0, 1, 0, 0, 182, 183, 0))
2018-04-17 07:16:35.707691;(6, (4, 276, 0, 276, 276, 0, 0, 0, 0, 0, 276, 276, 0))
2018-04-17 07:16:35.716105;(19, (4, 90, 0, 90, 90, 0, 0, 0, 0, 0, 90, 90, 0))
2018-04-17 07:16:35.792823;(15, (4, 90, 0, 90, 90, 0, 0, 0, 0, 0, 90, 90, 0))
2018-04-17 07:16:35.818152;(4, (4, 266, 0, 266, 266, 0, 0, 1, 14, 0, 266, 281, 0))
2018-04-17 07:16:35.925012;(20, (4, 1952, 0, 1952, 1930, 0, 0, 318, 566, 0, 1952, 2814, 0))
2018-04-17 07:16:36.054234;(1, (4, 1851, 0, 1851, 1811, 0, 0, 363, 375, 0, 1851, 2549, 0))
2018-04-17 07:16:36.076985;(7, (4, 858, 0, 858, 839, 0, 0, 104, 446, 0, 858, 1389, 0))
2018-04-17 07:16:36.163720;(18, (4, 91, 0, 91, 91, 0, 0, 0, 0, 0, 91, 91, 0))
2018-04-17 07:16:36.201862;(22, (4, 89, 0, 89, 89, 0, 0, 0, 0, 0, 87, 89, 0))
2018-04-17 07:16:36.212389;(17, (4, 128, 0, 128, 128, 0, 0, 14, 7, 0, 88, 149, 0))
2018-04-17 07:16:36.274488;(8, (4, 275, 0, 275, 275, 0, 0, 3, 3, 0, 275, 281, 0))
2018-04-17 07:16:36.287631;(11, (4, 91, 0, 91, 91, 0, 0, 0, 0, 0, 91, 91, 0))
2018-04-17 07:16:36.352591;(14, (4, 459, 0, 459, 459, 0, 0, 17, 18, 0, 459, 494, 0))
2018-04-17 07:17:35.522238;(3, (4, 928, 0, 928, 926, 0, 0, 39, 23, 0, 928, 988, 0))
2018-04-17 07:17:35.607380;(9, (4, 100, 0, 100, 100, 0, 0, 2, 0, 0, 100, 102, 0))
2018-04-17 07:17:35.633654;(12, (4, 320, 0, 320, 320, 0, 0, 0, 14, 0, 305, 334, 0))
2018-04-17 07:17:35.669047;(23, (4, 206, 0, 206, 206, 0, 0, 1, 0, 0, 206, 207, 0))
2018-04-17 07:17:35.715393;(6, (4, 312, 0, 312, 312, 0, 0, 0, 0, 0, 312, 312, 0))
2018-04-17 07:17:35.723072;(19, (4, 102, 0, 102, 102, 0, 0, 1, 0, 0, 102, 103, 0))
2018-04-17 07:17:35.797895;(15, (4, 102, 0, 102, 102, 0, 0, 0, 0, 0, 102, 102, 0))
2018-04-17 07:17:35.824042;(4, (4, 302, 0, 302, 302, 0, 0, 1, 14, 0, 302, 317, 0))
2018-04-17 07:17:35.929375;(20, (4, 2211, 0, 2211, 2184, 0, 0, 343, 655, 0, 2211, 3182, 0))
2018-04-17 07:17:35.953484;(13, (4, 507, 0, 507, 507, 0, 0, 0, 0, 0, 507, 507, 0))
2018-04-17 07:17:36.060181;(1, (4, 2094, 0, 2094, 2051, 0, 0, 429, 425, 0, 2095, 2905, 0))
2018-04-17 07:17:36.082035;(7, (4, 969, 0, 969, 949, 0, 0, 108, 476, 0, 969, 1533, 0))
2018-04-17 07:17:36.173122;(18, (4, 103, 0, 103, 103, 0, 0, 0, 0, 0, 103, 103, 0))
2018-04-17 07:17:36.207845;(22, (4, 101, 0, 101, 101, 0, 0, 0, 0, 0, 99, 101, 0))
2018-04-17 07:17:36.218334;(17, (5, 143, 0, 143, 143, 0, 0, 19, 7, 0, 100, 169, 0))
2018-04-17 07:17:36.285907;(8, (4, 311, 0, 311, 311, 0, 0, 4, 3, 0, 311, 318, 0))
2018-04-17 07:17:36.293497;(11, (4, 103, 0, 103, 103, 0, 0, 0, 0, 0, 103, 103, 0))
2018-04-17 07:17:36.360090;(14, (4, 523, 0, 523, 523, 0, 0, 17, 18, 0, 523, 558, 0))
2018-04-17 07:18:35.530815;(3, (4, 1036, 0, 1036, 1034, 0, 0, 41, 23, 0, 1036, 1098, 0))
2018-04-17 07:18:35.614983;(9, (4, 112, 0, 112, 112, 0, 0, 2, 0, 0, 112, 114, 0))
2018-04-17 07:18:35.639921;(12, (5, 356, 0, 356, 356, 0, 0, 9, 15, 0, 341, 380, 0))
2018-04-17 07:18:35.725382;(6, (4, 348, 0, 348, 348, 0, 0, 0, 0, 0, 348, 348, 0))
2018-04-17 07:18:35.729697;(19, (4, 114, 0, 114, 114, 0, 0, 1, 0, 0, 114, 115, 0))
2018-04-17 07:18:35.803823;(15, (4, 114, 0, 114, 114, 0, 0, 0, 0, 0, 114, 114, 0))
2018-04-17 07:18:35.828404;(4, (4, 338, 0, 338, 338, 0, 0, 1, 14, 0, 338, 353, 0))
2018-04-17 07:18:35.934356;(20, (4, 2463, 0, 2463, 2436, 0, 0, 347, 668, 0, 2463, 3451, 0))
2018-04-17 07:18:35.958629;(13, (4, 567, 0, 567, 567, 0, 0, 0, 0, 0, 567, 567, 0))
2018-04-17 07:18:36.066322;(1, (3, 2335, 0, 2335, 2292, 0, 0, 429, 425, 0, 2335, 3146, 0))
2018-04-17 07:18:36.086919;(7, (4, 1077, 0, 1077, 1050, 0, 0, 145, 567, 0, 1077, 1762, 0))
2018-04-17 07:18:36.180706;(18, (4, 115, 0, 115, 115, 0, 0, 0, 0, 0, 115, 115, 0))
2018-04-17 07:18:36.215242;(22, (4, 113, 0, 113, 113, 0, 0, 0, 0, 0, 111, 113, 0))
2018-04-17 07:18:36.222734;(17, (4, 155, 0, 155, 155, 0, 0, 19, 7, 0, 112, 181, 0))
2018-04-17 07:18:36.291768;(8, (4, 347, 0, 347, 347, 0, 0, 4, 3, 0, 347, 354, 0))
2018-04-17 07:18:36.301577;(11, (4, 115, 0, 115, 115, 0, 0, 0, 0, 0, 115, 115, 0))
2018-04-17 07:19:35.537713;(3, (4, 1144, 0, 1144, 1142, 0, 0, 49, 23, 0, 1144, 1214, 0))
2018-04-17 07:19:35.620900;(9, (4, 124, 0, 124, 124, 0, 0, 2, 0, 0, 124, 126, 0))
2018-04-17 07:19:35.647406;(12, (4, 392, 0, 392, 392, 0, 0, 11, 28, 0, 377, 431, 0))
2018-04-17 07:19:35.681522;(23, (4, 254, 0, 254, 254, 0, 0, 1, 0, 0, 254, 255, 0))
2018-04-17 07:19:35.732016;(6, (4, 384, 0, 384, 384, 0, 0, 0, 0, 0, 384, 384, 0))
2018-04-17 07:19:35.741375;(19, (4, 126, 0, 126, 126, 0, 0, 1, 0, 0, 126, 127, 0))
2018-04-17 07:19:35.808473;(15, (4, 126, 0, 126, 126, 0, 0, 0, 0, 0, 126, 126, 0))
2018-04-17 07:19:35.833826;(4, (4, 374, 0, 374, 374, 0, 0, 1, 14, 0, 374, 389, 0))
2018-04-17 07:19:35.939984;(20, (4, 2716, 0, 2716, 2688, 0, 0, 362, 702, 0, 2716, 3752, 0))
2018-04-17 07:19:35.966139;(13, (4, 627, 0, 627, 627, 0, 0, 0, 0, 0, 627, 627, 0))
2018-04-17 07:19:36.072671;(1, (3, 2575, 0, 2575, 2532, 0, 0, 429, 425, 0, 2575, 3386, 0))
2018-04-17 07:19:36.092297;(7, (4, 1186, 0, 1186, 1151, 0, 0, 200, 639, 0, 1186, 1990, 0))
2018-04-17 07:19:36.185926;(18, (4, 127, 0, 127, 127, 0, 0, 0, 0, 0, 127, 127, 0))
2018-04-17 07:19:36.220329;(22, (4, 125, 0, 125, 125, 0, 0, 0, 0, 0, 123, 125, 0))
2018-04-17 07:19:36.228312;(17, (4, 167, 0, 167, 167, 0, 0, 20, 7, 0, 124, 194, 0))
2018-04-17 07:19:36.301587;(8, (4, 384, 0, 384, 384, 0, 0, 4, 3, 0, 384, 391, 0))
2018-04-17 07:19:36.307736;(11, (4, 128, 0, 128, 128, 0, 0, 0, 0, 0, 127, 128, 0))
2018-04-17 07:19:36.370286;(14, (4, 643, 0, 643, 643, 0, 0, 19, 20, 0, 643, 682, 0))
2018-04-17 07:20:35.546457;(3, (4, 1270, 0, 1270, 1267, 0, 0, 61, 79, 0, 1267, 1407, 0))
2018-04-17 07:20:35.627418;(9, (4, 136, 0, 136, 136, 0, 0, 2, 0, 0, 136, 138, 0))
2018-04-17 07:20:35.654685;(12, (4, 436, 0, 436, 436, 0, 0, 13, 83, 0, 416, 532, 0))
2018-04-17 07:20:35.690162;(23, (4, 278, 0, 278, 278, 0, 0, 1, 0, 0, 278, 279, 0))
2018-04-17 07:20:35.740161;(6, (4, 420, 0, 420, 420, 0, 0, 0, 0, 0, 420, 420, 0))
2018-04-17 07:20:35.746957;(19, (4, 142, 0, 142, 141, 0, 0, 6, 10, 0, 137, 157, 0))
2018-04-17 07:20:35.816045;(15, (4, 138, 0, 138, 138, 0, 0, 0, 0, 0, 138, 138, 0))
2018-04-17 07:20:35.838897;(4, (4, 410, 0, 410, 410, 0, 0, 1, 14, 0, 410, 425, 0))
2018-04-17 07:20:35.945484;(20, (7, 2991, 0, 2991, 2918, 0, 0, 882, 838, 0, 2988, 4638, 0))
2018-04-17 07:20:35.972436;(13, (4, 687, 0, 687, 687, 0, 0, 0, 0, 0, 687, 687, 0))
2018-04-17 07:20:36.079858;(1, (5, 2807, 0, 2807, 2760, 0, 0, 541, 482, 0, 2807, 3783, 0))
2018-04-17 07:20:36.097842;(7, (5, 1297, 0, 1297, 1258, 0, 0, 232, 702, 0, 1292, 2192, 0))
2018-04-17 07:20:36.193075;(18, (4, 140, 0, 140, 140, 0, 0, 0, 0, 0, 139, 140, 0))
2018-04-17 07:20:36.225331;(22, (4, 142, 0, 142, 142, 0, 0, 0, 10, 0, 135, 152, 0))
2018-04-17 07:20:36.232497;(17, (4, 182, 0, 182, 182, 0, 0, 21, 7, 0, 134, 210, 0))
2018-04-17 07:20:36.307047;(8, (4, 423, 0, 423, 421, 0, 0, 11, 32, 0, 415, 464, 0))
2018-04-17 07:20:36.314935;(11, (4, 144, 0, 144, 144, 0, 0, 0, 0, 0, 136, 144, 0))
2018-04-17 07:20:36.381388;(14, (4, 711, 0, 711, 711, 0, 0, 25, 22, 0, 710, 758, 0))
2018-04-17 07:21:35.556345;(3, (4, 1397, 0, 1397, 1394, 0, 0, 70, 118, 0, 1391, 1582, 0))
2018-04-17 07:21:35.646574;(9, (4, 148, 0, 148, 148, 0, 0, 2, 0, 0, 148, 150, 0))
2018-04-17 07:21:35.664061;(12, (4, 485, 0, 485, 485, 0, 0, 16, 122, 0, 457, 623, 0))
2018-04-17 07:21:35.699701;(23, (4, 302, 0, 302, 302, 0, 0, 1, 0, 0, 302, 303, 0))
2018-04-17 07:21:35.749586;(6, (4, 456, 0, 456, 456, 0, 0, 2, 0, 0, 456, 458, 0))
2018-04-17 07:21:35.758320;(19, (5, 161, 0, 161, 159, 0, 0, 9, 25, 0, 150, 193, 0))
2018-04-17 07:21:35.833599;(15, (4, 150, 0, 150, 150, 0, 0, 0, 0, 0, 150, 150, 0))
2018-04-17 07:21:35.850030;(4, (4, 446, 0, 446, 446, 0, 0, 1, 14, 0, 446, 461, 0))
2018-04-17 07:21:35.954222;(20, (6, 3300, 0, 3300, 3182, 0, 0, 1362, 967, 0, 3297, 5511, 0))
2018-04-17 07:21:35.980437;(13, (4, 747, 0, 747, 747, 0, 0, 0, 0, 0, 747, 747, 0))
2018-04-17 07:21:36.088710;(1, (4, 3057, 0, 3057, 3005, 0, 0, 620, 552, 0, 3057, 4177, 0))
2018-04-17 07:21:36.106850;(7, (4, 1442, 0, 1442, 1399, 0, 0, 252, 786, 0, 1437, 2437, 0))
2018-04-17 07:21:36.204569;(18, (4, 152, 0, 152, 152, 0, 0, 0, 0, 0, 152, 152, 0))
2018-04-17 07:21:36.234032;(22, (4, 156, 0, 156, 156, 0, 0, 0, 10, 0, 147, 166, 0))
2018-04-17 07:21:36.239502;(17, (5, 201, 0, 201, 201, 0, 0, 25, 22, 0, 147, 248, 0))
2018-04-17 07:21:36.317848;(8, (5, 477, 0, 477, 473, 0, 0, 36, 46, 0, 462, 555, 0))
2018-04-17 07:21:36.329673;(11, (4, 162, 0, 162, 162, 0, 0, 0, 15, 0, 150, 177, 0))
2018-04-17 07:21:36.388045;(14, (4, 785, 0, 785, 785, 0, 0, 27, 22, 0, 782, 834, 0))
2018-04-17 07:22:35.570233;(3, (4, 1507, 0, 1507, 1504, 0, 0, 70, 118, 0, 1501, 1692, 0))
2018-04-17 07:22:35.667969;(9, (4, 160, 0, 160, 160, 0, 0, 2, 0, 0, 160, 162, 0))
2018-04-17 07:22:35.691612;(12, (4, 522, 0, 522, 522, 0, 0, 16, 122, 0, 493, 660, 0))
2018-04-17 07:22:35.713995;(23, (4, 326, 0, 326, 326, 0, 0, 1, 0, 0, 326, 327, 0))
2018-04-17 07:22:35.767365;(6, (4, 492, 0, 492, 492, 0, 0, 2, 0, 0, 492, 494, 0))
2018-04-17 07:22:35.785554;(19, (4, 173, 0, 173, 171, 0, 0, 9, 25, 0, 162, 205, 0))
2018-04-17 07:22:35.866358;(15, (4, 162, 0, 162, 162, 0, 0, 0, 0, 0, 162, 162, 0))
2018-04-17 07:22:35.867461;(4, (4, 482, 0, 482, 482, 0, 0, 1, 14, 0, 482, 497, 0))
2018-04-17 07:22:35.968167;(20, (4, 3554, 0, 3554, 3436, 0, 0, 1388, 967, 0, 3551, 5791, 0))
2018-04-17 07:22:35.995695;(13, (4, 807, 0, 807, 807, 0, 0, 0, 0, 0, 807, 807, 0))
2018-04-17 07:22:36.104401;(1, (3, 3297, 0, 3297, 3245, 0, 0, 622, 552, 0, 3298, 4419, 0))
2018-04-17 07:22:36.121683;(7, (4, 1550, 0, 1550, 1506, 0, 0, 254, 807, 0, 1545, 2567, 0))
2018-04-17 07:22:36.217590;(18, (4, 164, 0, 164, 164, 0, 0, 0, 0, 0, 164, 164, 0))
2018-04-17 07:22:36.249929;(22, (4, 168, 0, 168, 168, 0, 0, 0, 10, 0, 159, 178, 0))
2018-04-17 07:22:36.256038;(17, (4, 213, 0, 213, 213, 0, 0, 26, 22, 0, 159, 261, 0))
2018-04-17 07:22:36.340074;(8, (4, 513, 0, 513, 509, 0, 0, 36, 46, 0, 498, 591, 0))
2018-04-17 07:22:36.342650;(11, (4, 174, 0, 174, 174, 0, 0, 0, 15, 0, 162, 189, 0))
2018-04-17 07:22:36.410358;(14, (4, 847, 0, 847, 847, 0, 0, 27, 22, 0, 844, 896, 0))
2018-04-17 07:23:35.583914;(3, (4, 1616, 0, 1616, 1613, 0, 0, 70, 118, 0, 1610, 1801, 0))
2018-04-17 07:23:35.687502;(9, (4, 172, 0, 172, 172, 0, 0, 2, 0, 0, 172, 174, 0))
2018-04-17 07:23:35.707591;(12, (4, 558, 0, 558, 558, 0, 0, 16, 122, 0, 530, 696, 0))
2018-04-17 07:23:35.727013;(23, (4, 350, 0, 350, 350, 0, 0, 1, 0, 0, 350, 351, 0))
2018-04-17 07:23:35.798399;(19, (4, 185, 0, 185, 183, 0, 0, 9, 25, 0, 174, 217, 0))
2018-04-17 07:23:35.880017;(15, (4, 174, 0, 174, 174, 0, 0, 0, 0, 0, 174, 174, 0))
2018-04-17 07:23:35.881836;(4, (4, 518, 0, 518, 518, 0, 0, 1, 14, 0, 518, 533, 0))
2018-04-17 07:23:35.979428;(20, (4, 3806, 0, 3806, 3688, 0, 0, 1416, 967, 0, 3803, 6071, 0))
2018-04-17 07:23:36.007247;(13, (4, 867, 0, 867, 867, 0, 0, 0, 0, 0, 867, 867, 0))
2018-04-17 07:23:36.118387;(1, (3, 3538, 0, 3538, 3486, 0, 0, 622, 552, 0, 3538, 4660, 0))
2018-04-17 07:23:36.138220;(7, (4, 1658, 0, 1658, 1614, 0, 0, 254, 807, 0, 1653, 2675, 0))
2018-04-17 07:23:36.230260;(18, (4, 176, 0, 176, 176, 0, 0, 0, 0, 0, 176, 176, 0))
2018-04-17 07:23:36.267972;(22, (4, 180, 0, 180, 180, 0, 0, 0, 10, 0, 171, 190, 0))
2018-04-17 07:23:36.271742;(17, (4, 225, 0, 225, 225, 0, 0, 26, 22, 0, 171, 273, 0))
2018-04-17 07:23:36.353495;(8, (4, 549, 0, 549, 545, 0, 0, 36, 46, 0, 534, 627, 0))
2018-04-17 07:23:36.354630;(11, (4, 186, 0, 186, 186, 0, 0, 0, 15, 0, 174, 201, 0))
2018-04-17 07:23:36.423169;(14, (4, 907, 0, 907, 907, 0, 0, 27, 22, 0, 904, 956, 0))
2018-04-17 07:23:36.781132;(6, (4, 528, 0, 528, 528, 0, 0, 2, 0, 0, 528, 530, 0))
2018-04-17 07:24:35.589603;(3, (4, 1724, 0, 1724, 1721, 0, 0, 70, 118, 0, 1718, 1909, 0))
2018-04-17 07:24:35.698062;(9, (4, 184, 0, 184, 184, 0, 0, 2, 0, 0, 184, 186, 0))
2018-04-17 07:24:35.714907;(12, (4, 594, 0, 594, 594, 0, 0, 16, 122, 0, 566, 732, 0))
2018-04-17 07:24:35.731156;(23, (4, 374, 0, 374, 374, 0, 0, 1, 0, 0, 374, 375, 0))
2018-04-17 07:24:35.803993;(19, (4, 197, 0, 197, 195, 0, 0, 9, 25, 0, 186, 229, 0))
2018-04-17 07:24:35.884979;(15, (4, 186, 0, 186, 186, 0, 0, 0, 0, 0, 186, 186, 0))
2018-04-17 07:24:36.124306;(1, (3, 3778, 0, 3778, 3726, 0, 0, 622, 552, 0, 3778, 4900, 0))
2018-04-17 07:24:36.147783;(7, (4, 1766, 0, 1766, 1722, 0, 0, 260, 808, 0, 1761, 2790, 0))
2018-04-17 07:24:36.236912;(18, (4, 188, 0, 188, 188, 0, 0, 0, 0, 0, 188, 188, 0))
2018-04-17 07:24:36.282870;(22, (4, 192, 0, 192, 192, 0, 0, 0, 10, 0, 183, 202, 0))
2018-04-17 07:24:36.359640;(8, (4, 585, 0, 585, 581, 0, 0, 36, 46, 0, 570, 663, 0))
2018-04-17 07:24:36.362201;(11, (4, 198, 0, 198, 198, 0, 0, 0, 15, 0, 186, 213, 0))
2018-04-17 07:24:36.430461;(14, (4, 967, 0, 967, 967, 0, 0, 27, 22, 0, 964, 1016, 0))
2018-04-17 07:24:36.786987;(6, (4, 564, 0, 564, 564, 0, 0, 2, 0, 0, 564, 566, 0))
2018-04-17 07:24:36.887818;(4, (4, 554, 0, 554, 554, 0, 0, 1, 14, 0, 554, 569, 0))
2018-04-17 07:24:36.989486;(20, (4, 4058, 0, 4058, 3940, 0, 0, 1441, 967, 0, 4055, 6348, 0))
2018-04-17 07:24:37.012579;(13, (4, 927, 0, 927, 927, 0, 0, 0, 0, 0, 927, 927, 0))
2018-04-17 07:24:37.284116;(17, (4, 237, 0, 237, 237, 0, 0, 27, 22, 0, 183, 286, 0))
