2018-04-18 20:28:45.819016;(15, (4, 12, 0, 12, 12, 0, 0, 1, 0, 0, 41, 13, 0))
2018-04-18 20:28:45.886546;(8, (5, 44, 0, 44, 43, 0, 0, 17, 15, 0, 83, 75, 0))
2018-04-18 20:28:45.899980;(4, (4, 30, 0, 30, 30, 0, 0, 1, 0, 0, 32, 31, 0))
2018-04-18 20:28:45.937784;(16, (4, 16, 0, 16, 16, 0, 0, 1, 13, 0, 42, 30, 0))
2018-04-18 20:28:45.956072;(13, (4, 56, 0, 56, 55, 0, 0, 9, 5, 0, 67, 69, 0))
2018-04-18 20:28:46.076700;(7, (5, 64, 0, 64, 62, 0, 0, 29, 3, 0, 89, 94, 0))
2018-04-18 20:28:46.081616;(20, (5, 142, 0, 142, 141, 0, 0, 56, 47, 0, 167, 244, 0))
2018-04-18 20:28:46.114271;(6, (4, 20, 0, 20, 20, 0, 0, 0, 9, 0, 39, 29, 0))
2018-04-18 20:28:46.134729;(11, (4, 35, 0, 35, 34, 0, 0, 4, 48, 0, 57, 86, 0))
2018-04-18 20:28:46.191275;(1, (5, 124, 0, 124, 123, 0, 0, 11, 137, 0, 286, 271, 0))
2018-04-18 20:28:46.195477;(10, (4, 15, 0, 15, 15, 0, 0, 3, 11, 0, 49, 29, 0))
2018-04-18 20:28:46.222726;(17, (4, 27, 0, 27, 27, 0, 0, 0, 0, 0, 20, 27, 0))
2018-04-18 20:28:46.304411;(14, (4, 16, 0, 16, 16, 0, 0, 1, 8, 0, 59, 25, 0))
2018-04-18 20:28:46.326219;(19, (4, 16, 0, 16, 16, 0, 0, 2, 0, 0, 36, 18, 0))
2018-04-18 20:28:46.363833;(21, (3, 13, 0, 13, 13, 0, 0, 0, 0, 0, 35, 13, 0))
2018-04-18 20:28:46.383179;(23, (4, 67, 0, 67, 66, 0, 0, 10, 70, 0, 103, 146, 0))
2018-04-18 20:28:46.494111;(5, (4, 171, 0, 171, 170, 0, 0, 11, 18, 0, 217, 199, 0))
2018-04-18 20:28:46.518985;(12, (3, 13, 0, 13, 13, 0, 0, 0, 0, 0, 44, 13, 0))
2018-04-18 20:28:46.544243;(18, (4, 61, 0, 61, 59, 0, 0, 2, 81, 0, 84, 142, 0))
2018-04-18 20:28:46.651384;(9, (3, 15, 0, 15, 15, 0, 0, 0, 0, 0, 9, 15, 0))
2018-04-18 20:28:46.731792;(3, (4, 39, 0, 39, 38, 0, 0, 6, 11, 0, 76, 55, 0))
2018-04-18 20:28:46.743575;(22, (4, 62, 0, 62, 61, 0, 0, 4, 18, 0, 116, 83, 0))
2018-04-18 20:29:15.825738;(15, (5, 34, 0, 34, 34, 0, 0, 4, 27, 0, 70, 65, 0))
2018-04-18 20:29:15.891831;(8, (5, 125, 0, 125, 118, 0, 0, 49, 182, 0, 172, 349, 0))
2018-04-18 20:29:15.905309;(4, (6, 132, 0, 132, 131, 0, 0, 40, 61, 0, 136, 232, 0))
2018-04-18 20:29:15.945220;(16, (6, 101, 0, 101, 100, 0, 0, 23, 105, 0, 137, 228, 0))
2018-04-18 20:29:15.961927;(13, (5, 228, 0, 228, 221, 0, 0, 78, 76, 0, 228, 375, 0))
2018-04-18 20:29:16.082845;(7, (5, 159, 0, 159, 154, 0, 0, 70, 73, 0, 192, 297, 0))
2018-04-18 20:29:16.087356;(20, (5, 290, 1, 289, 280, 0, 0, 100, 252, 1, 310, 632, 0))
2018-04-18 20:29:16.119186;(6, (6, 71, 0, 71, 69, 0, 0, 40, 57, 0, 81, 166, 0))
2018-04-18 20:29:16.142398;(11, (4, 74, 0, 74, 72, 0, 0, 14, 86, 0, 104, 172, 0))
2018-04-18 20:29:16.196695;(1, (5, 590, 0, 590, 576, 0, 0, 88, 897, 0, 819, 1561, 0))
2018-04-18 20:29:16.199698;(10, (6, 131, 0, 131, 124, 0, 0, 60, 246, 0, 171, 430, 0))
2018-04-18 20:29:16.226997;(17, (5, 58, 0, 58, 58, 0, 0, 5, 0, 0, 47, 63, 0))
2018-04-18 20:29:16.308514;(14, (5, 90, 0, 90, 87, 0, 0, 25, 132, 0, 139, 244, 0))
2018-04-18 20:29:16.328818;(19, (6, 47, 0, 47, 44, 0, 0, 28, 43, 0, 66, 115, 0))
2018-04-18 20:29:16.368506;(21, (5, 94, 0, 94, 87, 0, 0, 47, 111, 0, 124, 245, 0))
2018-04-18 20:29:16.386247;(23, (5, 283, 0, 283, 275, 0, 0, 86, 271, 0, 326, 632, 0))
2018-04-18 20:29:16.499538;(5, (5, 529, 0, 529, 513, 0, 0, 108, 307, 0, 583, 928, 0))
2018-04-18 20:29:16.523687;(12, (5, 53, 0, 53, 52, 0, 0, 8, 61, 0, 84, 121, 0))
2018-04-18 20:29:16.549973;(18, (5, 210, 0, 210, 204, 0, 0, 23, 221, 0, 242, 448, 0))
2018-04-18 20:29:16.658097;(9, (7, 54, 0, 54, 53, 0, 0, 32, 15, 0, 42, 100, 0))
2018-04-18 20:29:16.741732;(3, (4, 142, 0, 142, 132, 0, 0, 56, 182, 0, 190, 370, 0))
2018-04-18 20:29:16.749865;(22, (5, 310, 0, 310, 296, 0, 0, 106, 333, 0, 373, 736, 0))
2018-04-18 20:29:45.831777;(15, (6, 71, 0, 71, 70, 0, 0, 15, 158, 0, 111, 243, 0))
2018-04-18 20:29:45.898672;(8, (5, 191, 0, 191, 177, 0, 0, 71, 387, 0, 246, 635, 0))
2018-04-18 20:29:45.910705;(4, (5, 212, 0, 212, 211, 0, 0, 48, 75, 0, 219, 334, 0))
2018-04-18 20:29:45.953331;(16, (5, 269, 0, 269, 260, 0, 0, 77, 302, 0, 321, 639, 0))
2018-04-18 20:29:45.972708;(13, (5, 369, 0, 369, 359, 0, 0, 110, 149, 0, 364, 618, 0))
2018-04-18 20:29:46.088259;(7, (7, 258, 0, 258, 244, 0, 0, 155, 256, 0, 291, 655, 0))
2018-04-18 20:29:46.094622;(20, (6, 422, 1, 421, 407, 0, 0, 174, 471, 1, 441, 1052, 0))
2018-04-18 20:29:46.130191;(6, (7, 121, 0, 121, 113, 0, 0, 96, 145, 0, 118, 354, 0))
2018-04-18 20:29:46.149754;(11, (5, 131, 0, 131, 124, 0, 0, 38, 197, 0, 169, 359, 0))
2018-04-18 20:29:46.200097;(1, (5, 1064, 0, 1064, 1021, 0, 0, 232, 1894, 0, 1380, 3147, 0))
2018-04-18 20:29:46.205170;(10, (6, 238, 0, 238, 220, 0, 0, 115, 564, 0, 274, 899, 0))
2018-04-18 20:29:46.231565;(17, (5, 93, 0, 93, 92, 0, 0, 21, 3, 0, 73, 116, 0))
2018-04-18 20:29:46.312265;(14, (7, 193, 0, 193, 187, 0, 0, 81, 337, 0, 253, 605, 0))
2018-04-18 20:29:46.333770;(19, (6, 129, 0, 129, 123, 0, 0, 83, 75, 0, 151, 281, 0))
2018-04-18 20:29:46.375117;(21, (5, 157, 0, 157, 150, 0, 0, 57, 128, 0, 196, 335, 0))
2018-04-18 20:29:46.390356;(23, (5, 735, 0, 735, 715, 0, 0, 247, 636, 0, 785, 1598, 0))
2018-04-18 20:29:46.505623;(5, (5, 789, 0, 789, 760, 0, 0, 177, 666, 0, 864, 1603, 0))
2018-04-18 20:29:46.526971;(12, (6, 111, 0, 111, 109, 0, 0, 25, 149, 0, 152, 283, 0))
2018-04-18 20:29:46.554510;(18, (5, 536, 0, 536, 517, 0, 0, 94, 469, 0, 574, 1080, 0))
2018-04-18 20:29:46.663369;(9, (7, 79, 0, 79, 78, 0, 0, 53, 15, 0, 63, 146, 0))
2018-04-18 20:29:46.754605;(3, (6, 253, 0, 253, 236, 0, 0, 93, 480, 0, 325, 809, 0))
2018-04-18 20:29:46.757333;(22, (6, 417, 0, 417, 392, 0, 0, 175, 665, 0, 490, 1232, 0))
2018-04-18 20:30:15.838643;(15, (6, 108, 0, 108, 102, 0, 0, 40, 269, 0, 142, 411, 0))
2018-04-18 20:30:15.902815;(8, (6, 251, 0, 251, 231, 0, 0, 96, 529, 0, 312, 856, 0))
2018-04-18 20:30:15.917680;(4, (7, 258, 0, 258, 254, 0, 0, 79, 109, 0, 261, 442, 0))
2018-04-18 20:30:15.960363;(16, (6, 382, 0, 382, 370, 0, 0, 109, 403, 0, 432, 882, 0))
2018-04-18 20:30:15.979204;(13, (4, 460, 0, 460, 446, 0, 0, 135, 221, 0, 453, 802, 0))
2018-04-18 20:30:16.095491;(7, (5, 324, 0, 324, 303, 0, 0, 207, 334, 0, 356, 844, 0))
2018-04-18 20:30:16.101805;(20, (5, 497, 1, 496, 477, 0, 0, 230, 512, 1, 525, 1219, 0))
2018-04-18 20:30:16.135993;(6, (7, 164, 0, 164, 147, 0, 0, 146, 305, 0, 153, 598, 0))
2018-04-18 20:30:16.154038;(11, (5, 218, 0, 218, 206, 0, 0, 71, 305, 0, 262, 582, 0))
2018-04-18 20:30:16.203494;(1, (5, 1527, 0, 1527, 1459, 0, 0, 343, 2868, 0, 1892, 4670, 0))
2018-04-18 20:30:16.209550;(10, (8, 287, 0, 287, 267, 0, 0, 159, 730, 0, 324, 1156, 0))
2018-04-18 20:30:16.236062;(17, (7, 110, 0, 110, 108, 0, 0, 35, 18, 0, 81, 161, 0))
2018-04-18 20:30:16.317873;(14, (6, 256, 0, 256, 247, 0, 0, 113, 468, 0, 319, 828, 0))
2018-04-18 20:30:16.336094;(19, (6, 146, 0, 146, 140, 0, 0, 92, 101, 0, 174, 333, 0))
2018-04-18 20:30:16.380665;(21, (5, 213, 0, 213, 205, 0, 0, 65, 180, 0, 259, 450, 0))
2018-04-18 20:30:16.393873;(23, (5, 1074, 0, 1074, 1044, 0, 0, 338, 802, 0, 1138, 2184, 0))
2018-04-18 20:30:16.511460;(5, (5, 1202, 0, 1202, 1151, 0, 0, 290, 1276, 0, 1289, 2717, 0))
2018-04-18 20:30:16.529945;(12, (5, 131, 0, 131, 129, 0, 0, 30, 174, 0, 184, 333, 0))
2018-04-18 20:30:16.561774;(18, (5, 806, 0, 806, 783, 0, 0, 146, 512, 0, 855, 1441, 0))
2018-04-18 20:30:16.666466;(9, (4, 87, 0, 87, 86, 0, 0, 54, 15, 0, 68, 155, 0))
2018-04-18 20:30:16.761767;(3, (5, 395, 0, 395, 375, 0, 0, 106, 595, 0, 491, 1076, 0))
2018-04-18 20:30:16.764401;(22, (5, 615, 0, 615, 584, 0, 0, 226, 856, 0, 706, 1666, 0))
2018-04-18 20:30:45.843235;(15, (4, 136, 0, 136, 127, 0, 0, 51, 326, 0, 166, 504, 0))
2018-04-18 20:30:45.906413;(8, (5, 368, 0, 368, 339, 0, 0, 171, 716, 0, 442, 1226, 0))
2018-04-18 20:30:45.923765;(4, (5, 358, 0, 358, 353, 0, 0, 108, 157, 0, 362, 618, 0))
2018-04-18 20:30:45.967283;(16, (6, 601, 0, 601, 580, 0, 0, 203, 739, 0, 662, 1522, 0))
2018-04-18 20:30:45.985697;(13, (5, 622, 0, 622, 605, 0, 0, 183, 290, 0, 612, 1078, 0))
2018-04-18 20:30:46.099865;(7, (5, 369, 0, 369, 347, 0, 0, 214, 415, 0, 408, 976, 0))
2018-04-18 20:30:46.106178;(20, (6, 555, 1, 554, 533, 0, 0, 262, 680, 1, 582, 1475, 0))
2018-04-18 20:30:46.143468;(6, (6, 207, 0, 207, 187, 0, 0, 180, 361, 0, 195, 728, 0))
2018-04-18 20:30:46.159132;(11, (5, 347, 0, 347, 326, 0, 0, 132, 530, 0, 402, 988, 0))
2018-04-18 20:30:46.206315;(1, (5, 1985, 0, 1985, 1900, 0, 0, 465, 3683, 0, 2405, 6048, 0))
2018-04-18 20:30:46.215842;(10, (6, 445, 0, 445, 419, 0, 0, 207, 1066, 0, 467, 1692, 0))
2018-04-18 20:30:46.238308;(17, (4, 117, 0, 117, 115, 0, 0, 36, 18, 0, 85, 169, 0))
2018-04-18 20:30:46.322694;(14, (5, 382, 0, 382, 359, 0, 0, 173, 827, 0, 447, 1359, 0))
2018-04-18 20:30:46.340394;(19, (7, 195, 0, 195, 186, 0, 0, 139, 153, 0, 228, 478, 0))
2018-04-18 20:30:46.386515;(21, (5, 243, 0, 243, 235, 0, 0, 69, 191, 0, 295, 495, 0))
2018-04-18 20:30:46.397663;(23, (5, 1365, 0, 1365, 1328, 0, 0, 421, 944, 0, 1438, 2693, 0))
2018-04-18 20:30:46.518882;(5, (5, 1589, 0, 1589, 1526, 0, 0, 367, 1728, 0, 1691, 3621, 0))
2018-04-18 20:30:46.532283;(12, (4, 165, 0, 165, 160, 0, 0, 45, 232, 0, 227, 437, 0))
2018-04-18 20:30:46.566601;(18, (5, 1075, 0, 1075, 1040, 0, 0, 237, 815, 0, 1141, 2092, 0))
2018-04-18 20:30:46.675160;(9, (8, 124, 0, 124, 123, 0, 0, 87, 15, 0, 102, 225, 0))
2018-04-18 20:30:46.768284;(3, (5, 565, 0, 565, 539, 0, 0, 166, 776, 0, 683, 1481, 0))
2018-04-18 20:30:46.771368;(22, (5, 846, 0, 846, 806, 0, 0, 318, 1146, 0, 976, 2270, 0))
2018-04-18 20:31:15.850726;(15, (5, 205, 0, 205, 191, 0, 0, 81, 431, 0, 231, 703, 0))
2018-04-18 20:31:15.909961;(8, (4, 388, 0, 388, 358, 0, 0, 174, 754, 0, 486, 1286, 0))
2018-04-18 20:31:15.930712;(4, (5, 454, 0, 454, 449, 0, 0, 124, 159, 0, 459, 732, 0))
2018-04-18 20:31:15.972198;(16, (5, 815, 0, 815, 793, 0, 0, 250, 854, 0, 897, 1898, 0))
2018-04-18 20:31:15.992333;(13, (5, 779, 0, 779, 760, 0, 0, 229, 314, 0, 767, 1303, 0))
2018-04-18 20:31:16.105615;(7, (5, 451, 0, 451, 428, 0, 0, 229, 493, 0, 498, 1150, 0))
2018-04-18 20:31:16.109573;(20, (5, 579, 1, 578, 557, 0, 0, 266, 723, 1, 620, 1546, 0))
2018-04-18 20:31:16.150887;(6, (5, 249, 0, 249, 226, 0, 0, 214, 363, 0, 240, 803, 0))
2018-04-18 20:31:16.164487;(11, (5, 393, 0, 393, 372, 0, 0, 136, 581, 0, 456, 1089, 0))
2018-04-18 20:31:16.208355;(1, (5, 2397, 0, 2397, 2295, 0, 0, 531, 4416, 0, 2859, 7242, 0))
2018-04-18 20:31:16.220390;(10, (5, 597, 0, 597, 556, 0, 0, 271, 1437, 0, 627, 2264, 0))
2018-04-18 20:31:16.242684;(17, (5, 128, 0, 128, 125, 0, 0, 41, 33, 0, 88, 199, 0))
2018-04-18 20:31:16.326493;(14, (5, 412, 0, 412, 386, 0, 0, 198, 872, 0, 487, 1456, 0))
2018-04-18 20:31:16.344046;(19, (6, 264, 0, 264, 250, 0, 0, 187, 268, 0, 308, 705, 0))
2018-04-18 20:31:16.391880;(21, (5, 274, 0, 274, 266, 0, 0, 72, 215, 0, 330, 553, 0))
2018-04-18 20:31:16.399924;(23, (5, 1593, 0, 1593, 1552, 0, 0, 476, 1037, 0, 1678, 3065, 0))
2018-04-18 20:31:16.524328;(5, (5, 1862, 0, 1862, 1782, 0, 0, 463, 2086, 0, 1976, 4331, 0))
2018-04-18 20:31:16.540035;(12, (5, 212, 0, 212, 204, 0, 0, 62, 305, 0, 292, 571, 0))
2018-04-18 20:31:16.569855;(18, (4, 1306, 0, 1306, 1269, 0, 0, 263, 895, 0, 1380, 2427, 0))
2018-04-18 20:31:16.680512;(9, (7, 157, 0, 157, 156, 0, 0, 114, 15, 0, 134, 285, 0))
2018-04-18 20:31:16.773828;(3, (5, 737, 0, 737, 705, 0, 0, 187, 1049, 0, 854, 1941, 0))
2018-04-18 20:31:16.777522;(22, (5, 1010, 0, 1010, 964, 0, 0, 367, 1378, 0, 1157, 2709, 0))
2018-04-18 20:31:45.858139;(15, (5, 638, 0, 638, 603, 0, 0, 171, 1030, 0, 677, 1804, 0))
2018-04-18 20:31:45.935486;(4, (5, 545, 0, 545, 540, 0, 0, 143, 172, 0, 552, 855, 0))
2018-04-18 20:31:45.978187;(16, (4, 920, 0, 920, 899, 0, 0, 254, 855, 0, 1016, 2008, 0))
2018-04-18 20:31:45.997671;(13, (5, 932, 0, 932, 912, 0, 0, 248, 330, 0, 922, 1490, 0))
2018-04-18 20:31:46.113324;(7, (5, 511, 0, 511, 485, 0, 0, 252, 584, 0, 565, 1321, 0))
2018-04-18 20:31:46.114545;(20, (4, 614, 1, 613, 590, 0, 0, 276, 785, 1, 654, 1651, 0))
2018-04-18 20:31:46.157037;(6, (7, 285, 0, 285, 260, 0, 0, 243, 410, 0, 280, 913, 0))
2018-04-18 20:31:46.170203;(11, (4, 430, 0, 430, 409, 0, 0, 137, 582, 0, 502, 1128, 0))
2018-04-18 20:31:46.210614;(1, (5, 2907, 3, 2904, 2776, 0, 0, 647, 5554, 3, 3422, 8977, 0))
2018-04-18 20:31:46.229873;(10, (7, 643, 0, 643, 597, 0, 0, 301, 1666, 0, 669, 2564, 0))
2018-04-18 20:31:46.245540;(17, (4, 139, 0, 139, 134, 0, 0, 52, 48, 0, 94, 234, 0))
2018-04-18 20:31:46.350397;(19, (5, 328, 0, 328, 312, 0, 0, 205, 338, 0, 375, 855, 0))
2018-04-18 20:31:46.399617;(21, (5, 316, 0, 316, 304, 0, 0, 90, 305, 0, 369, 699, 0))
2018-04-18 20:31:46.403085;(23, (5, 1796, 0, 1796, 1754, 0, 0, 500, 1091, 0, 1893, 3345, 0))
2018-04-18 20:31:46.529542;(5, (5, 1973, 0, 1973, 1885, 0, 0, 504, 2328, 0, 2091, 4717, 0))
2018-04-18 20:31:46.546540;(12, (6, 246, 0, 246, 237, 0, 0, 79, 315, 0, 332, 631, 0))
2018-04-18 20:31:46.577413;(18, (5, 1468, 0, 1468, 1429, 0, 0, 288, 943, 0, 1551, 2660, 0))
2018-04-18 20:31:46.686977;(9, (6, 188, 0, 188, 187, 0, 0, 127, 15, 0, 164, 329, 0))
2018-04-18 20:31:46.780111;(3, (4, 1018, 0, 1018, 981, 0, 0, 200, 1345, 0, 1145, 2526, 0))
2018-04-18 20:31:46.782265;(22, (5, 1373, 0, 1373, 1309, 0, 0, 515, 1862, 0, 1535, 3686, 0))
2018-04-18 20:32:15.865011;(15, (5, 989, 0, 989, 927, 0, 0, 301, 1628, 0, 1039, 2856, 0))
2018-04-18 20:32:15.943218;(4, (5, 636, 0, 636, 631, 0, 0, 162, 173, 0, 644, 966, 0))
2018-04-18 20:32:15.982706;(16, (6, 1111, 0, 1111, 1085, 0, 0, 314, 1114, 0, 1217, 2513, 0))
2018-04-18 20:32:16.002760;(13, (5, 1083, 0, 1083, 1062, 0, 0, 284, 341, 0, 1076, 1687, 0))
2018-04-18 20:32:16.117494;(7, (5, 601, 0, 601, 574, 0, 0, 263, 699, 0, 663, 1536, 0))
2018-04-18 20:32:16.119878;(20, (6, 671, 1, 670, 645, 0, 0, 307, 864, 1, 720, 1816, 0))
2018-04-18 20:32:16.162487;(6, (7, 321, 0, 321, 294, 0, 0, 273, 442, 0, 310, 1009, 0))
2018-04-18 20:32:16.180016;(11, (5, 472, 0, 472, 448, 0, 0, 148, 661, 0, 549, 1257, 0))
2018-04-18 20:32:16.214521;(1, (5, 3377, 3, 3374, 3221, 0, 0, 795, 6619, 3, 3931, 10635, 0))
2018-04-18 20:32:16.235523;(10, (7, 677, 0, 677, 629, 0, 0, 321, 1744, 0, 710, 2694, 0))
2018-04-18 20:32:16.249888;(17, (5, 171, 0, 171, 166, 0, 0, 59, 48, 0, 122, 273, 0))
2018-04-18 20:32:16.407588;(21, (5, 349, 0, 349, 337, 0, 0, 92, 341, 0, 403, 770, 0))
2018-04-18 20:32:16.408327;(23, (5, 2054, 0, 2054, 2005, 0, 0, 574, 1287, 0, 2159, 3866, 0))
2018-04-18 20:32:16.533772;(5, (6, 2041, 0, 2041, 1948, 0, 0, 540, 2512, 0, 2167, 5000, 0))
2018-04-18 20:32:16.553418;(12, (5, 314, 0, 314, 299, 0, 0, 105, 480, 0, 408, 884, 0))
2018-04-18 20:32:16.582918;(18, (5, 1697, 0, 1697, 1652, 0, 0, 337, 1105, 0, 1789, 3094, 0))
2018-04-18 20:32:16.693404;(9, (7, 220, 0, 220, 219, 0, 0, 154, 15, 0, 194, 388, 0))
2018-04-18 20:32:16.784324;(3, (5, 1192, 0, 1192, 1150, 0, 0, 228, 1616, 0, 1328, 2994, 0))
2018-04-18 20:32:16.787592;(22, (6, 1679, 0, 1679, 1602, 0, 0, 673, 2368, 0, 1853, 4643, 0))
2018-04-18 20:32:45.873891;(15, (5, 1389, 0, 1389, 1307, 0, 0, 417, 2069, 0, 1440, 3793, 0))
2018-04-18 20:32:45.952526;(4, (5, 729, 0, 729, 723, 0, 0, 183, 184, 0, 739, 1090, 0))
2018-04-18 20:32:45.988491;(16, (5, 1299, 0, 1299, 1272, 0, 0, 349, 1214, 0, 1414, 2835, 0))
2018-04-18 20:32:46.015012;(13, (5, 1236, 0, 1236, 1215, 0, 0, 304, 366, 0, 1230, 1885, 0))
2018-04-18 20:32:46.126769;(20, (5, 726, 1, 725, 698, 0, 0, 326, 889, 1, 783, 1913, 0))
2018-04-18 20:32:46.189437;(11, (4, 502, 0, 502, 478, 0, 0, 150, 677, 0, 584, 1305, 0))
2018-04-18 20:32:46.216404;(1, (4, 3933, 3, 3930, 3765, 0, 0, 875, 7142, 3, 4520, 11782, 0))
2018-04-18 20:32:46.254356;(17, (4, 192, 0, 192, 187, 0, 0, 61, 48, 0, 139, 296, 0))
2018-04-18 20:32:46.412749;(23, (5, 2335, 0, 2335, 2284, 0, 0, 606, 1351, 0, 2448, 4241, 0))
2018-04-18 20:32:46.541464;(5, (5, 2089, 0, 2089, 1993, 0, 0, 555, 2570, 0, 2223, 5118, 0))
2018-04-18 20:32:46.561807;(12, (5, 369, 0, 369, 354, 0, 0, 114, 481, 0, 479, 949, 0))
2018-04-18 20:32:46.587763;(18, (4, 1947, 0, 1947, 1897, 0, 0, 359, 1203, 0, 2047, 3459, 0))
2018-04-18 20:32:46.699061;(9, (8, 255, 0, 255, 254, 0, 0, 185, 31, 0, 225, 470, 0))
2018-04-18 20:32:46.789989;(3, (4, 1289, 0, 1289, 1246, 0, 0, 236, 1683, 0, 1444, 3165, 0))
2018-04-18 20:32:47.120924;(7, (4, 644, 0, 644, 616, 0, 0, 272, 727, 0, 711, 1615, 0))
2018-04-18 20:33:15.881433;(15, (5, 1562, 0, 1562, 1471, 0, 0, 472, 2362, 0, 1621, 4305, 0))
2018-04-18 20:33:15.959601;(4, (5, 820, 0, 820, 814, 0, 0, 192, 186, 0, 830, 1192, 0))
2018-04-18 20:33:16.022119;(13, (5, 1387, 0, 1387, 1365, 0, 0, 320, 367, 0, 1384, 2053, 0))
2018-04-18 20:33:16.194440;(11, (4, 545, 0, 545, 520, 0, 0, 153, 728, 0, 630, 1401, 0))
2018-04-18 20:33:16.219323;(1, (4, 4418, 3, 4415, 4234, 0, 0, 976, 7682, 3, 5031, 12892, 0))
2018-04-18 20:33:16.415638;(23, (5, 2650, 0, 2650, 2593, 0, 0, 674, 1472, 0, 2768, 4739, 0))
2018-04-18 20:33:16.996246;(16, (5, 1532, 0, 1532, 1502, 0, 0, 408, 1341, 0, 1648, 3251, 0))
2018-04-18 20:33:17.122948;(7, (4, 666, 0, 666, 638, 0, 0, 272, 775, 0, 749, 1685, 0))
2018-04-18 20:33:17.133616;(20, (6, 757, 1, 756, 727, 0, 0, 352, 946, 1, 818, 2025, 0))
2018-04-18 20:33:17.256251;(17, (3, 202, 0, 202, 197, 0, 0, 61, 48, 0, 146, 306, 0))
2018-04-18 20:33:17.548743;(5, (5, 2125, 0, 2125, 2028, 0, 0, 564, 2635, 0, 2261, 5227, 0))
2018-04-18 20:33:17.569645;(12, (5, 427, 0, 427, 412, 0, 0, 128, 492, 0, 550, 1032, 0))
2018-04-18 20:33:17.592874;(18, (5, 2238, 0, 2238, 2184, 0, 0, 408, 1268, 0, 2345, 3860, 0))
2018-04-18 20:33:17.706082;(9, (8, 286, 0, 286, 285, 0, 0, 214, 31, 0, 255, 530, 0))
2018-04-18 20:33:17.795559;(3, (4, 1374, 0, 1374, 1327, 0, 0, 242, 1798, 0, 1542, 3367, 0))
2018-04-18 20:33:46.200163;(11, (5, 591, 0, 591, 566, 0, 0, 165, 776, 0, 673, 1507, 0))
2018-04-18 20:33:46.225842;(1, (5, 4902, 4, 4898, 4700, 0, 0, 1089, 8305, 4, 5558, 14094, 0))
2018-04-18 20:33:46.420093;(23, (5, 2812, 0, 2812, 2750, 0, 0, 717, 1527, 0, 2935, 4994, 0))
2018-04-18 20:33:46.891541;(15, (6, 1604, 0, 1604, 1510, 0, 0, 489, 2501, 0, 1661, 4500, 0))
2018-04-18 20:33:46.967047;(4, (5, 912, 0, 912, 905, 0, 0, 215, 203, 0, 921, 1323, 0))
2018-04-18 20:33:46.998301;(16, (5, 1702, 0, 1702, 1667, 0, 0, 456, 1466, 0, 1826, 3589, 0))
2018-04-18 20:33:47.027924;(13, (5, 1549, 0, 1549, 1527, 0, 0, 346, 409, 0, 1551, 2282, 0))
2018-04-18 20:33:47.128360;(7, (4, 774, 0, 774, 745, 0, 0, 284, 846, 0, 859, 1875, 0))
2018-04-18 20:33:47.138323;(20, (5, 778, 1, 777, 746, 0, 0, 361, 1005, 1, 840, 2112, 0))
2018-04-18 20:33:47.265480;(17, (6, 236, 0, 236, 231, 0, 0, 80, 59, 0, 176, 370, 0))
2018-04-18 20:33:47.553749;(5, (5, 2160, 0, 2160, 2056, 0, 0, 599, 2730, 0, 2285, 5385, 0))
2018-04-18 20:33:47.575549;(12, (4, 457, 0, 457, 441, 0, 0, 131, 511, 0, 596, 1083, 0))
2018-04-18 20:33:47.598325;(18, (5, 2371, 0, 2371, 2313, 0, 0, 446, 1325, 0, 2483, 4084, 0))
2018-04-18 20:33:47.711885;(9, (9, 318, 0, 318, 317, 0, 0, 251, 31, 0, 285, 599, 0))
2018-04-18 20:33:47.803283;(3, (4, 1660, 0, 1660, 1609, 0, 0, 261, 1958, 0, 1835, 3828, 0))
2018-04-18 20:34:16.227901;(1, (5, 5357, 4, 5353, 5135, 0, 0, 1226, 8977, 4, 6053, 15338, 0))
2018-04-18 20:34:16.899021;(15, (5, 1638, 0, 1638, 1542, 0, 0, 499, 2587, 0, 1695, 4628, 0))
2018-04-18 20:34:16.973747;(4, (5, 1002, 0, 1002, 995, 0, 0, 228, 205, 0, 1014, 1428, 0))
2018-04-18 20:34:17.002341;(16, (5, 1837, 0, 1837, 1799, 0, 0, 492, 1645, 0, 1976, 3936, 0))
2018-04-18 20:34:17.034588;(13, (5, 1702, 0, 1702, 1680, 0, 0, 375, 417, 0, 1703, 2472, 0))
2018-04-18 20:34:17.133636;(7, (5, 875, 0, 875, 845, 0, 0, 304, 926, 0, 971, 2075, 0))
2018-04-18 20:34:17.144292;(20, (5, 806, 1, 805, 772, 0, 0, 372, 1063, 1, 872, 2207, 0))
2018-04-18 20:34:17.210480;(11, (5, 636, 0, 636, 611, 0, 0, 168, 854, 0, 724, 1633, 0))
2018-04-18 20:34:17.269546;(17, (4, 260, 0, 260, 255, 0, 0, 83, 59, 0, 195, 397, 0))
2018-04-18 20:34:17.423743;(23, (5, 2988, 0, 2988, 2922, 0, 0, 770, 1712, 0, 3111, 5404, 0))
2018-04-18 20:34:17.561706;(5, (5, 2219, 0, 2219, 2114, 0, 0, 603, 2866, 0, 2350, 5583, 0))
2018-04-18 20:34:17.579759;(12, (5, 507, 0, 507, 489, 0, 0, 155, 570, 0, 650, 1214, 0))
2018-04-18 20:34:17.605677;(18, (5, 2517, 0, 2517, 2456, 0, 0, 474, 1371, 0, 2643, 4301, 0))
2018-04-18 20:34:17.718773;(9, (8, 349, 0, 349, 348, 0, 0, 280, 40, 0, 314, 668, 0))
2018-04-18 20:34:17.809507;(3, (5, 1908, 0, 1908, 1854, 0, 0, 298, 2144, 0, 2100, 4296, 0))
2018-04-18 20:34:46.232008;(1, (5, 5771, 4, 5767, 5541, 0, 0, 1314, 9584, 4, 6526, 16439, 0))
2018-04-18 20:34:46.907278;(15, (4, 1757, 0, 1757, 1656, 0, 0, 516, 2711, 0, 1822, 4883, 0))
2018-04-18 20:34:46.979973;(4, (5, 1087, 0, 1087, 1080, 0, 0, 244, 217, 0, 1098, 1541, 0))
2018-04-18 20:34:47.006830;(16, (7, 1895, 0, 1895, 1854, 0, 0, 540, 1727, 0, 2032, 4121, 0))
2018-04-18 20:34:47.039354;(13, (5, 1847, 0, 1847, 1821, 0, 0, 408, 500, 0, 1853, 2729, 0))
2018-04-18 20:34:47.140285;(7, (5, 1038, 0, 1038, 1005, 0, 0, 330, 1104, 0, 1147, 2439, 0))
2018-04-18 20:34:47.152424;(20, (5, 847, 1, 846, 813, 0, 0, 375, 1096, 1, 923, 2284, 0))
2018-04-18 20:34:47.218745;(11, (6, 675, 0, 675, 646, 0, 0, 203, 944, 0, 772, 1793, 0))
2018-04-18 20:34:47.274508;(17, (6, 295, 0, 295, 289, 0, 0, 108, 72, 0, 226, 469, 0))
2018-04-18 20:34:47.426672;(23, (4, 3080, 0, 3080, 3012, 0, 0, 782, 1749, 0, 3207, 5543, 0))
2018-04-18 20:34:47.567905;(5, (5, 2284, 0, 2284, 2177, 0, 0, 616, 2941, 0, 2418, 5734, 0))
2018-04-18 20:34:47.584044;(12, (7, 545, 0, 545, 522, 0, 0, 190, 725, 0, 706, 1437, 0))
2018-04-18 20:34:47.611882;(18, (5, 2581, 0, 2581, 2520, 0, 0, 480, 1409, 0, 2715, 4409, 0))
2018-04-18 20:34:47.813235;(3, (5, 2163, 0, 2163, 2098, 0, 0, 329, 2534, 0, 2361, 4961, 0))
2018-04-18 20:35:16.236548;(1, (5, 6177, 4, 6173, 5933, 0, 0, 1392, 10268, 4, 6989, 17593, 0))
2018-04-18 20:35:16.914606;(15, (5, 1850, 0, 1850, 1746, 0, 0, 537, 2839, 0, 1926, 5122, 0))
2018-04-18 20:35:16.985293;(4, (5, 1183, 0, 1183, 1176, 0, 0, 258, 219, 0, 1195, 1653, 0))
2018-04-18 20:35:17.013622;(16, (5, 1997, 0, 1997, 1954, 0, 0, 566, 1802, 0, 2153, 4322, 0))
2018-04-18 20:35:17.046790;(13, (5, 2001, 0, 2001, 1972, 0, 0, 451, 574, 0, 2009, 2997, 0))
2018-04-18 20:35:17.145687;(7, (5, 1085, 0, 1085, 1052, 0, 0, 336, 1153, 0, 1215, 2541, 0))
2018-04-18 20:35:17.156381;(20, (6, 888, 1, 887, 851, 0, 0, 393, 1199, 1, 975, 2443, 0))
2018-04-18 20:35:17.222389;(11, (5, 703, 0, 703, 674, 0, 0, 212, 964, 0, 812, 1850, 0))
2018-04-18 20:35:17.277877;(17, (5, 317, 0, 317, 311, 0, 0, 114, 86, 0, 243, 511, 0))
2018-04-18 20:35:17.432201;(23, (5, 3241, 0, 3241, 3168, 0, 0, 843, 1958, 0, 3372, 5969, 0))
2018-04-18 20:35:17.574271;(5, (5, 2474, 0, 2474, 2356, 0, 0, 683, 3155, 0, 2625, 6194, 0))
2018-04-18 20:35:17.587671;(12, (6, 596, 0, 596, 571, 0, 0, 206, 799, 0, 766, 1576, 0))
2018-04-18 20:35:17.616147;(18, (5, 2777, 0, 2777, 2710, 0, 0, 505, 1590, 0, 2915, 4805, 0))
2018-04-18 20:35:17.816909;(3, (5, 2260, 1, 2259, 2191, 0, 0, 336, 2725, 1, 2471, 5252, 0))
2018-04-18 20:35:46.239699;(1, (5, 6617, 4, 6613, 6363, 0, 0, 1450, 10980, 4, 7485, 18793, 0))
2018-04-18 20:35:46.921431;(15, (5, 1880, 0, 1880, 1776, 0, 0, 538, 2898, 0, 1961, 5212, 0))
2018-04-18 20:35:46.990005;(4, (5, 1283, 0, 1283, 1275, 0, 0, 279, 284, 0, 1296, 1838, 0))
2018-04-18 20:35:47.016099;(16, (5, 2026, 0, 2026, 1982, 0, 0, 580, 1820, 0, 2195, 4382, 0))
2018-04-18 20:35:47.056301;(13, (5, 2167, 0, 2167, 2136, 0, 0, 486, 655, 0, 2173, 3277, 0))
2018-04-18 20:35:47.154444;(7, (5, 1133, 0, 1133, 1098, 0, 0, 354, 1221, 0, 1277, 2673, 0))
2018-04-18 20:35:47.161437;(20, (5, 932, 1, 931, 894, 0, 0, 414, 1224, 1, 1017, 2532, 0))
2018-04-18 20:35:47.227472;(11, (4, 748, 0, 748, 718, 0, 0, 217, 1027, 0, 867, 1962, 0))
2018-04-18 20:35:47.281879;(17, (5, 330, 0, 330, 323, 0, 0, 123, 106, 0, 247, 552, 0))
2018-04-18 20:35:47.435615;(23, (5, 3408, 0, 3408, 3332, 0, 0, 875, 2025, 0, 3543, 6232, 0))
2018-04-18 20:35:47.579895;(5, (5, 2913, 0, 2913, 2781, 0, 0, 805, 3591, 0, 3072, 7177, 0))
2018-04-18 20:35:47.591761;(12, (4, 618, 0, 618, 592, 0, 0, 210, 836, 0, 803, 1638, 0))
2018-04-18 20:35:47.620833;(18, (5, 2921, 0, 2921, 2852, 0, 0, 543, 1646, 0, 3068, 5041, 0))
2018-04-18 20:35:47.823377;(3, (5, 2389, 1, 2388, 2317, 0, 0, 357, 2839, 1, 2611, 5513, 0))
2018-04-18 20:36:16.245372;(1, (5, 7038, 4, 7034, 6773, 0, 0, 1514, 11591, 4, 7954, 19878, 0))
2018-04-18 20:36:16.931127;(15, (4, 1970, 0, 1970, 1864, 0, 0, 547, 2985, 0, 2054, 5396, 0))
2018-04-18 20:36:17.001468;(4, (5, 1327, 0, 1327, 1319, 0, 0, 281, 303, 0, 1340, 1903, 0))
2018-04-18 20:36:17.023946;(16, (5, 2075, 0, 2075, 2029, 0, 0, 600, 1865, 0, 2258, 4494, 0))
2018-04-18 20:36:17.068328;(13, (6, 2313, 0, 2313, 2275, 0, 0, 576, 844, 0, 2316, 3695, 0))
2018-04-18 20:36:17.161768;(7, (5, 1193, 0, 1193, 1158, 0, 0, 374, 1295, 0, 1344, 2827, 0))
2018-04-18 20:36:17.168545;(20, (5, 970, 1, 969, 930, 0, 0, 424, 1280, 1, 1060, 2634, 0))
2018-04-18 20:36:17.235530;(11, (5, 815, 0, 815, 782, 0, 0, 234, 1160, 0, 946, 2176, 0))
2018-04-18 20:36:17.289317;(17, (6, 342, 0, 342, 334, 0, 0, 132, 133, 0, 254, 599, 0))
2018-04-18 20:36:17.442711;(23, (5, 3641, 0, 3641, 3562, 0, 0, 940, 2225, 0, 3778, 6727, 0))
2018-04-18 20:36:17.590751;(5, (5, 3246, 1, 3245, 3098, 0, 0, 941, 3962, 1, 3408, 8001, 0))
2018-04-18 20:36:17.601501;(12, (6, 664, 0, 664, 636, 0, 0, 235, 907, 0, 858, 1778, 0))
2018-04-18 20:36:17.629469;(18, (5, 3129, 0, 3129, 3053, 0, 0, 606, 1878, 0, 3282, 5537, 0))
2018-04-18 20:36:17.831513;(3, (5, 2550, 1, 2549, 2474, 0, 0, 374, 2951, 1, 2784, 5799, 0))
2018-04-18 20:36:46.257965;(1, (5, 7507, 4, 7503, 7220, 0, 0, 1599, 12598, 4, 8465, 21417, 0))
2018-04-18 20:36:46.941893;(15, (5, 2414, 0, 2414, 2285, 0, 0, 699, 3466, 0, 2505, 6450, 0))
2018-04-18 20:36:47.011904;(4, (5, 1390, 0, 1390, 1382, 0, 0, 286, 328, 0, 1403, 1996, 0))
2018-04-18 20:36:47.034336;(16, (4, 2124, 0, 2124, 2077, 0, 0, 604, 1924, 0, 2313, 4605, 0))
2018-04-18 20:36:47.079895;(13, (6, 2418, 0, 2418, 2379, 0, 0, 615, 877, 0, 2422, 3871, 0))
2018-04-18 20:36:47.168366;(7, (5, 1293, 0, 1293, 1256, 0, 0, 406, 1357, 0, 1450, 3019, 0))
2018-04-18 20:36:47.175598;(20, (8, 1002, 1, 1001, 960, 0, 0, 458, 1332, 1, 1092, 2750, 0))
2018-04-18 20:36:47.243856;(11, (8, 885, 0, 885, 849, 0, 0, 294, 1298, 0, 1005, 2441, 0))
2018-04-18 20:36:47.308589;(17, (5, 369, 0, 369, 361, 0, 0, 138, 133, 0, 277, 632, 0))
2018-04-18 20:36:47.449529;(23, (5, 3872, 0, 3872, 3784, 0, 0, 1032, 2476, 0, 4017, 7292, 0))
2018-04-18 20:36:47.600080;(5, (5, 3411, 1, 3410, 3257, 0, 0, 972, 4162, 1, 3578, 8391, 0))
2018-04-18 20:36:47.610658;(12, (4, 738, 0, 738, 709, 0, 0, 240, 996, 0, 958, 1945, 0))
2018-04-18 20:36:47.638601;(18, (5, 3330, 0, 3330, 3248, 0, 0, 642, 2067, 0, 3500, 5957, 0))
2018-04-18 20:36:47.842293;(3, (4, 2742, 1, 2741, 2664, 0, 0, 389, 3056, 1, 2994, 6109, 0))
2018-04-18 20:37:16.262781;(1, (5, 7891, 4, 7887, 7596, 0, 0, 1642, 13171, 4, 8885, 22409, 0))
2018-04-18 20:37:16.952654;(15, (5, 2756, 0, 2756, 2609, 0, 0, 815, 3918, 0, 2843, 7342, 0))
2018-04-18 20:37:17.023522;(4, (5, 1486, 0, 1486, 1478, 0, 0, 300, 346, 0, 1498, 2124, 0))
2018-04-18 20:37:17.041824;(16, (6, 2282, 0, 2282, 2229, 0, 0, 670, 2161, 0, 2485, 5060, 0))
2018-04-18 20:37:17.091697;(13, (5, 2575, 0, 2575, 2532, 0, 0, 659, 920, 0, 2580, 4111, 0))
2018-04-18 20:37:17.179391;(7, (6, 1350, 0, 1350, 1310, 0, 0, 438, 1423, 0, 1511, 3171, 0))
2018-04-18 20:37:17.181540;(20, (4, 1025, 1, 1024, 983, 0, 0, 459, 1348, 1, 1122, 2790, 0))
2018-04-18 20:37:17.250650;(11, (5, 930, 0, 930, 892, 0, 0, 302, 1404, 0, 1055, 2598, 0))
2018-04-18 20:37:17.317643;(17, (6, 388, 0, 388, 379, 0, 0, 158, 133, 0, 287, 670, 0))
2018-04-18 20:37:17.458245;(23, (5, 4095, 0, 4095, 4002, 0, 0, 1097, 2571, 0, 4245, 7670, 0))
2018-04-18 20:37:17.610454;(5, (5, 3624, 1, 3623, 3463, 0, 0, 1015, 4349, 1, 3797, 8827, 0))
2018-04-18 20:37:17.619251;(12, (5, 861, 0, 861, 824, 0, 0, 283, 1242, 0, 1097, 2349, 0))
2018-04-18 20:37:17.647724;(18, (4, 3547, 0, 3547, 3461, 0, 0, 661, 2170, 0, 3735, 6292, 0))
2018-04-18 20:37:17.849590;(3, (5, 2803, 1, 2802, 2724, 0, 0, 401, 3128, 1, 3079, 6253, 0))
2018-04-18 20:37:46.270543;(1, (4, 8258, 4, 8254, 7952, 0, 0, 1668, 13702, 4, 9310, 23322, 0))
2018-04-18 20:37:46.967574;(15, (5, 3079, 0, 3079, 2925, 0, 0, 879, 4167, 0, 3164, 7971, 0))
2018-04-18 20:37:47.042333;(4, (4, 1579, 0, 1579, 1570, 0, 0, 312, 346, 0, 1598, 2228, 0))
2018-04-18 20:37:47.050197;(16, (5, 2360, 0, 2360, 2305, 0, 0, 690, 2235, 0, 2579, 5230, 0))
2018-04-18 20:37:47.102574;(13, (5, 2733, 0, 2733, 2688, 0, 0, 703, 969, 0, 2735, 4360, 0))
2018-04-18 20:37:47.186085;(7, (5, 1424, 0, 1424, 1381, 0, 0, 473, 1472, 0, 1610, 3326, 0))
2018-04-18 20:37:47.187321;(20, (7, 1075, 1, 1074, 1031, 0, 0, 491, 1448, 1, 1169, 2970, 0))
2018-04-18 20:37:47.264100;(11, (5, 1185, 0, 1185, 1138, 0, 0, 375, 1684, 0, 1317, 3197, 0))
2018-04-18 20:37:47.325487;(17, (4, 405, 0, 405, 393, 0, 0, 179, 142, 0, 292, 714, 0))
2018-04-18 20:37:47.464232;(23, (5, 4385, 0, 4385, 4284, 0, 0, 1163, 2710, 0, 4546, 8157, 0))
2018-04-18 20:37:47.620064;(5, (4, 3840, 1, 3839, 3677, 0, 0, 1028, 4483, 1, 4024, 9188, 0))
2018-04-18 20:37:47.628057;(12, (5, 1000, 0, 1000, 958, 0, 0, 307, 1412, 0, 1246, 2677, 0))
2018-04-18 20:37:47.655048;(18, (5, 3843, 0, 3843, 3752, 0, 0, 722, 2236, 0, 4039, 6710, 0))
2018-04-18 20:37:47.856599;(3, (6, 2887, 1, 2886, 2803, 0, 0, 429, 3367, 1, 3167, 6599, 0))
2018-04-18 20:38:16.977533;(15, (5, 3301, 0, 3301, 3138, 0, 0, 942, 4358, 0, 3387, 8438, 0))
2018-04-18 20:38:17.050711;(4, (5, 1669, 0, 1669, 1660, 0, 0, 324, 356, 0, 1688, 2340, 0))
2018-04-18 20:38:17.058281;(16, (6, 2407, 0, 2407, 2349, 0, 0, 713, 2330, 0, 2644, 5392, 0))
2018-04-18 20:38:17.111188;(13, (5, 2884, 0, 2884, 2838, 0, 0, 722, 986, 0, 2885, 4546, 0))
2018-04-18 20:38:17.194580;(7, (5, 1461, 0, 1461, 1415, 0, 0, 497, 1537, 0, 1655, 3449, 0))
2018-04-18 20:38:17.195877;(20, (5, 1092, 1, 1091, 1047, 0, 0, 505, 1481, 1, 1190, 3033, 0))
2018-04-18 20:38:17.274901;(11, (5, 1374, 0, 1374, 1318, 0, 0, 433, 1929, 0, 1512, 3680, 0))
2018-04-18 20:38:17.276208;(1, (4, 8591, 4, 8587, 8278, 0, 0, 1690, 14092, 4, 9672, 24060, 0))
2018-04-18 20:38:17.335505;(17, (4, 420, 0, 420, 407, 0, 0, 187, 142, 0, 301, 736, 0))
2018-04-18 20:38:17.471506;(23, (5, 4559, 0, 4559, 4453, 0, 0, 1213, 2819, 0, 4725, 8485, 0))
2018-04-18 20:38:17.629559;(5, (4, 4051, 1, 4050, 3885, 0, 0, 1041, 4535, 1, 4244, 9461, 0))
2018-04-18 20:38:17.633735;(12, (5, 1109, 0, 1109, 1064, 0, 0, 328, 1631, 0, 1374, 3023, 0))
2018-04-18 20:38:17.660634;(18, (5, 4008, 0, 4008, 3911, 0, 0, 765, 2357, 0, 4219, 7033, 0))
2018-04-18 20:38:17.862255;(3, (5, 2936, 1, 2935, 2849, 0, 0, 441, 3484, 1, 3239, 6774, 0))
2018-04-18 20:38:46.983460;(15, (5, 3651, 0, 3651, 3470, 0, 0, 1036, 4757, 0, 3740, 9264, 0))
2018-04-18 20:38:47.056396;(4, (4, 1761, 0, 1761, 1752, 0, 0, 330, 356, 0, 1780, 2438, 0))
2018-04-18 20:38:47.066316;(16, (4, 2586, 0, 2586, 2524, 0, 0, 734, 2465, 0, 2831, 5724, 0))
2018-04-18 20:38:47.116535;(13, (5, 3036, 0, 3036, 2990, 0, 0, 742, 987, 0, 3037, 4719, 0))
2018-04-18 20:38:47.198407;(7, (4, 1488, 0, 1488, 1442, 0, 0, 499, 1561, 0, 1687, 3502, 0))
2018-04-18 20:38:47.205060;(20, (5, 1136, 1, 1135, 1088, 0, 0, 535, 1529, 1, 1229, 3152, 0))
2018-04-18 20:38:47.278500;(11, (5, 1509, 0, 1509, 1447, 0, 0, 480, 2142, 0, 1668, 4069, 0))
2018-04-18 20:38:47.281575;(1, (5, 8969, 4, 8965, 8642, 0, 0, 1732, 14838, 4, 10090, 25212, 0))
2018-04-18 20:38:47.341616;(17, (7, 430, 0, 430, 417, 0, 0, 195, 142, 0, 307, 754, 0))
2018-04-18 20:38:47.477996;(23, (5, 4894, 0, 4894, 4780, 0, 0, 1277, 3030, 0, 5071, 9087, 0))
2018-04-18 20:38:47.637802;(5, (4, 4263, 1, 4262, 4097, 0, 0, 1046, 4582, 1, 4474, 9725, 0))
2018-04-18 20:38:47.638763;(12, (5, 1178, 0, 1178, 1131, 0, 0, 348, 1730, 0, 1456, 3209, 0))
2018-04-18 20:38:47.665700;(18, (5, 4327, 0, 4327, 4225, 0, 0, 820, 2510, 0, 4550, 7555, 0))
2018-04-18 20:38:47.867312;(3, (5, 3037, 1, 3036, 2945, 0, 0, 479, 3595, 1, 3358, 7019, 0))
2018-04-18 20:39:16.990064;(15, (5, 4058, 0, 4058, 3864, 0, 0, 1138, 5187, 0, 4151, 10189, 0))
2018-04-18 20:39:17.072434;(4, (5, 1852, 0, 1852, 1843, 0, 0, 342, 356, 0, 1871, 2541, 0))
2018-04-18 20:39:17.076191;(16, (5, 2883, 0, 2883, 2812, 0, 0, 862, 2716, 0, 3138, 6390, 0))
2018-04-18 20:39:17.122819;(13, (5, 3188, 0, 3188, 3142, 0, 0, 758, 1010, 0, 3191, 4910, 0))
2018-04-18 20:39:17.209436;(20, (5, 1169, 1, 1168, 1118, 0, 0, 558, 1602, 1, 1264, 3278, 0))
2018-04-18 20:39:17.283908;(11, (5, 1594, 0, 1594, 1528, 0, 0, 491, 2318, 0, 1760, 4337, 0))
2018-04-18 20:39:17.285869;(1, (5, 9378, 4, 9374, 9036, 0, 0, 1771, 15733, 4, 10532, 26540, 0))
2018-04-18 20:39:17.349369;(17, (6, 451, 0, 451, 438, 0, 0, 200, 171, 0, 327, 809, 0))
2018-04-18 20:39:17.484265;(23, (5, 5259, 0, 5259, 5138, 0, 0, 1347, 3183, 0, 5440, 9668, 0))
2018-04-18 20:39:17.646115;(5, (5, 4479, 1, 4478, 4312, 0, 0, 1072, 4689, 1, 4696, 10073, 0))
2018-04-18 20:39:17.647462;(12, (5, 1266, 0, 1266, 1209, 0, 0, 389, 1952, 0, 1552, 3550, 0))
2018-04-18 20:39:17.671139;(18, (5, 4660, 0, 4660, 4549, 0, 0, 905, 2601, 0, 4889, 8055, 0))
2018-04-18 20:39:17.870513;(3, (5, 3128, 1, 3127, 3032, 0, 0, 506, 3731, 1, 3471, 7269, 0))
2018-04-18 20:39:18.203733;(7, (5, 1537, 0, 1537, 1489, 0, 0, 514, 1627, 0, 1746, 3630, 0))
2018-04-18 20:39:46.997434;(15, (5, 4266, 0, 4266, 4064, 0, 0, 1198, 5377, 0, 4366, 10639, 0))
2018-04-18 20:39:47.079713;(4, (4, 1951, 0, 1951, 1938, 0, 0, 369, 407, 0, 1970, 2714, 0))
2018-04-18 20:39:47.081435;(16, (6, 3141, 0, 3141, 3063, 0, 0, 951, 2938, 0, 3405, 6952, 0))
2018-04-18 20:39:47.128362;(13, (5, 3353, 0, 3353, 3304, 0, 0, 801, 1093, 0, 3352, 5198, 0))
2018-04-18 20:39:47.213589;(20, (6, 1189, 1, 1188, 1138, 0, 0, 565, 1627, 1, 1290, 3330, 0))
2018-04-18 20:39:47.288484;(11, (4, 1777, 0, 1777, 1706, 0, 0, 510, 2486, 0, 1955, 4702, 0))
2018-04-18 20:39:47.290473;(1, (5, 9742, 4, 9738, 9386, 0, 0, 1826, 16440, 4, 10951, 27652, 0))
2018-04-18 20:39:47.353489;(17, (8, 459, 0, 459, 446, 0, 0, 207, 172, 0, 335, 825, 0))
2018-04-18 20:39:47.490242;(23, (5, 5582, 0, 5582, 5452, 0, 0, 1434, 3482, 0, 5766, 10368, 0))
2018-04-18 20:39:47.653460;(12, (4, 1312, 0, 1312, 1251, 0, 0, 400, 2060, 0, 1608, 3711, 0))
2018-04-18 20:39:47.675755;(18, (5, 4959, 0, 4959, 4837, 0, 0, 971, 2809, 0, 5195, 8617, 0))
2018-04-18 20:39:47.874440;(3, (5, 3209, 1, 3208, 3110, 0, 0, 524, 3873, 1, 3572, 7507, 0))
2018-04-18 20:39:48.209632;(7, (4, 1570, 0, 1570, 1521, 0, 0, 518, 1659, 0, 1790, 3698, 0))
2018-04-18 20:39:48.652032;(5, (4, 4702, 1, 4701, 4528, 0, 0, 1115, 4887, 1, 4930, 10530, 0))
2018-04-18 20:40:17.086576;(4, (4, 2025, 0, 2025, 2011, 0, 0, 372, 429, 0, 2047, 2812, 0))
2018-04-18 20:40:17.135073;(13, (5, 3485, 0, 3485, 3434, 0, 0, 830, 1156, 0, 3480, 5420, 0))
2018-04-18 20:40:17.292392;(1, (4, 9993, 4, 9989, 9636, 0, 0, 1836, 16648, 4, 11240, 28120, 0))
2018-04-18 20:40:17.294411;(11, (5, 1859, 0, 1859, 1786, 0, 0, 529, 2609, 0, 2045, 4924, 0))
2018-04-18 20:40:17.495220;(23, (5, 5713, 0, 5713, 5578, 0, 0, 1480, 3592, 0, 5903, 10650, 0))
2018-04-18 20:40:17.679826;(18, (5, 5061, 0, 5061, 4935, 0, 0, 991, 2930, 0, 5312, 8856, 0))
2018-04-18 20:40:18.003271;(15, (5, 4302, 0, 4302, 4099, 0, 0, 1210, 5404, 0, 4408, 10713, 0))
2018-04-18 20:40:18.088084;(16, (6, 3190, 0, 3190, 3111, 0, 0, 978, 3011, 0, 3473, 7100, 0))
2018-04-18 20:40:18.212669;(7, (5, 1607, 0, 1607, 1556, 0, 0, 539, 1737, 0, 1848, 3832, 0))
2018-04-18 20:40:18.215529;(20, (6, 1213, 1, 1212, 1159, 0, 0, 577, 1695, 1, 1316, 3431, 0))
2018-04-18 20:40:18.357689;(17, (6, 473, 0, 473, 459, 0, 0, 221, 172, 0, 344, 852, 0))
2018-04-18 20:40:18.657240;(5, (4, 4880, 1, 4879, 4706, 0, 0, 1117, 4896, 1, 5124, 10719, 0))
2018-04-18 20:40:18.657825;(12, (6, 1362, 0, 1362, 1297, 0, 0, 423, 2215, 0, 1672, 3935, 0))
2018-04-18 20:40:18.877857;(3, (4, 3257, 1, 3256, 3155, 0, 0, 536, 3971, 1, 3638, 7662, 0))
2018-04-18 20:40:47.301184;(11, (5, 2009, 0, 2009, 1930, 0, 0, 558, 2767, 0, 2200, 5255, 0))
2018-04-18 20:40:47.302261;(1, (4, 10342, 4, 10338, 9981, 0, 0, 1863, 17201, 4, 11626, 29045, 0))
2018-04-18 20:40:47.499027;(23, (5, 6012, 0, 6012, 5871, 0, 0, 1571, 3882, 0, 6206, 11324, 0))
2018-04-18 20:40:48.009735;(15, (5, 4333, 0, 4333, 4130, 0, 0, 1212, 5414, 0, 4448, 10756, 0))
2018-04-18 20:40:48.092507;(4, (4, 2120, 0, 2120, 2105, 0, 0, 381, 441, 0, 2144, 2927, 0))
2018-04-18 20:40:48.093876;(16, (5, 3344, 0, 3344, 3257, 0, 0, 1046, 3181, 0, 3637, 7484, 0))
2018-04-18 20:40:48.146389;(13, (4, 3640, 0, 3640, 3589, 0, 0, 842, 1191, 0, 3635, 5622, 0))
2018-04-18 20:40:48.216369;(7, (5, 1625, 0, 1625, 1573, 0, 0, 547, 1771, 0, 1885, 3891, 0))
2018-04-18 20:40:48.218340;(20, (5, 1238, 1, 1237, 1181, 0, 0, 591, 1769, 1, 1347, 3541, 0))
2018-04-18 20:40:48.360465;(17, (5, 486, 0, 486, 471, 0, 0, 233, 172, 0, 350, 876, 0))
2018-04-18 20:40:48.663163;(5, (4, 5153, 1, 5152, 4977, 0, 0, 1131, 4996, 1, 5410, 11104, 0))
2018-04-18 20:40:48.664231;(12, (5, 1480, 0, 1480, 1410, 0, 0, 461, 2323, 0, 1800, 4194, 0))
2018-04-18 20:40:48.684007;(18, (5, 5274, 0, 5274, 5139, 0, 0, 1024, 3201, 0, 5533, 9364, 0))
2018-04-18 20:40:48.880230;(3, (7, 3288, 1, 3287, 3185, 0, 0, 553, 4063, 1, 3683, 7801, 0))
2018-04-18 20:41:17.304648;(11, (5, 2147, 0, 2147, 2061, 0, 0, 602, 3008, 0, 2338, 5671, 0))
2018-04-18 20:41:17.305547;(1, (4, 10666, 4, 10662, 10301, 0, 0, 1875, 17493, 4, 11977, 29669, 0))
2018-04-18 20:41:17.502636;(23, (5, 6294, 0, 6294, 6148, 0, 0, 1628, 4108, 0, 6487, 11884, 0))
2018-04-18 20:41:18.017974;(15, (4, 4363, 0, 4363, 4160, 0, 0, 1212, 5416, 0, 4486, 10788, 0))
2018-04-18 20:41:18.098972;(4, (5, 2189, 0, 2189, 2173, 0, 0, 386, 475, 0, 2213, 3034, 0))
2018-04-18 20:41:18.105924;(16, (5, 3409, 0, 3409, 3319, 0, 0, 1071, 3235, 0, 3728, 7625, 0))
2018-04-18 20:41:18.153464;(13, (5, 3758, 0, 3758, 3707, 0, 0, 853, 1205, 0, 3754, 5765, 0))
2018-04-18 20:41:18.219770;(7, (4, 1635, 0, 1635, 1583, 0, 0, 547, 1771, 0, 1914, 3901, 0))
2018-04-18 20:41:18.220299;(20, (5, 1256, 1, 1255, 1198, 0, 0, 605, 1769, 1, 1374, 3572, 0))
2018-04-18 20:41:18.366598;(17, (3, 492, 0, 492, 477, 0, 0, 233, 172, 0, 354, 882, 0))
2018-04-18 20:41:18.668431;(5, (4, 5357, 1, 5356, 5181, 0, 0, 1141, 5091, 1, 5625, 11413, 0))
2018-04-18 20:41:18.669500;(12, (5, 1561, 0, 1561, 1483, 0, 0, 486, 2565, 0, 1896, 4534, 0))
2018-04-18 20:41:18.689875;(18, (5, 5464, 0, 5464, 5323, 0, 0, 1059, 3371, 0, 5739, 9753, 0))
2018-04-18 20:41:18.885421;(3, (5, 3329, 1, 3328, 3225, 0, 0, 562, 4118, 1, 3741, 7905, 0))
2018-04-18 20:41:47.311467;(11, (5, 2294, 0, 2294, 2204, 0, 0, 640, 3230, 0, 2483, 6074, 0))
2018-04-18 20:41:47.312643;(1, (4, 10990, 4, 10986, 10622, 0, 0, 1888, 17722, 4, 12338, 30232, 0))
2018-04-18 20:41:47.505672;(23, (5, 6558, 0, 6558, 6409, 0, 0, 1695, 4261, 0, 6752, 12365, 0))
2018-04-18 20:41:48.023755;(15, (4, 4436, 0, 4436, 4233, 0, 0, 1213, 5417, 0, 4567, 10863, 0))
2018-04-18 20:41:48.104274;(4, (4, 2280, 0, 2280, 2264, 0, 0, 392, 475, 0, 2305, 3131, 0))
2018-04-18 20:41:48.111070;(16, (4, 3450, 0, 3450, 3360, 0, 0, 1073, 3281, 0, 3790, 7714, 0))
2018-04-18 20:41:48.161836;(13, (5, 3909, 0, 3909, 3857, 0, 0, 868, 1249, 0, 3905, 5974, 0))
2018-04-18 20:41:48.222950;(7, (5, 1664, 0, 1664, 1612, 0, 0, 549, 1820, 0, 1952, 3981, 0))
2018-04-18 20:41:48.223957;(20, (4, 1278, 1, 1277, 1217, 0, 0, 622, 1794, 1, 1410, 3633, 0))
2018-04-18 20:41:48.370232;(17, (5, 508, 0, 508, 492, 0, 0, 239, 187, 0, 365, 918, 0))
2018-04-18 20:41:48.674506;(12, (5, 1657, 0, 1657, 1577, 0, 0, 500, 2779, 0, 2010, 4856, 0))
2018-04-18 20:41:48.675624;(5, (4, 5571, 1, 5570, 5395, 0, 0, 1147, 5112, 1, 5851, 11654, 0))
2018-04-18 20:41:48.694052;(18, (4, 5636, 0, 5636, 5494, 0, 0, 1075, 3421, 0, 5929, 9990, 0))
2018-04-18 20:41:48.888601;(3, (6, 3387, 1, 3386, 3281, 0, 0, 586, 4209, 1, 3818, 8076, 0))
2018-04-18 20:42:17.319169;(1, (4, 11367, 4, 11363, 10992, 0, 0, 1913, 18343, 4, 12755, 31248, 0))
2018-04-18 20:42:18.030876;(15, (5, 4523, 0, 4523, 4315, 0, 0, 1233, 5565, 0, 4643, 11113, 0))
2018-04-18 20:42:18.109481;(4, (4, 2372, 0, 2372, 2355, 0, 0, 402, 491, 0, 2399, 3248, 0))
2018-04-18 20:42:18.118139;(16, (5, 3512, 0, 3512, 3418, 0, 0, 1096, 3388, 0, 3872, 7902, 0))
2018-04-18 20:42:18.166884;(13, (5, 4061, 0, 4061, 4009, 0, 0, 895, 1277, 0, 4056, 6181, 0))
2018-04-18 20:42:18.227129;(7, (4, 1694, 0, 1694, 1642, 0, 0, 550, 1847, 0, 1999, 4039, 0))
2018-04-18 20:42:18.228065;(20, (5, 1304, 1, 1303, 1243, 0, 0, 626, 1818, 1, 1447, 3687, 0))
2018-04-18 20:42:18.319010;(11, (6, 2453, 0, 2453, 2361, 0, 0, 700, 3448, 0, 2651, 6509, 0))
2018-04-18 20:42:18.374081;(17, (6, 521, 0, 521, 504, 0, 0, 254, 187, 0, 370, 945, 0))
2018-04-18 20:42:18.510220;(23, (5, 6929, 0, 6929, 6770, 0, 0, 1768, 4507, 0, 7134, 13045, 0))
2018-04-18 20:42:18.678345;(12, (4, 1784, 0, 1784, 1700, 0, 0, 511, 2922, 0, 2156, 5133, 0))
2018-04-18 20:42:18.681253;(5, (4, 5803, 1, 5802, 5626, 0, 0, 1169, 5162, 1, 6094, 11957, 0))
2018-04-18 20:42:18.699614;(18, (5, 5937, 0, 5937, 5789, 0, 0, 1129, 3584, 0, 6237, 10502, 0))
2018-04-18 20:42:18.891491;(3, (5, 3516, 1, 3515, 3407, 0, 0, 620, 4349, 1, 3960, 8376, 0))
2018-04-18 20:42:47.322952;(1, (4, 11690, 4, 11686, 11304, 0, 0, 1940, 18829, 4, 13112, 32073, 0))
2018-04-18 20:42:48.037798;(15, (5, 4559, 0, 4559, 4351, 0, 0, 1239, 5608, 0, 4684, 11198, 0))
2018-04-18 20:42:48.114379;(4, (5, 2441, 0, 2441, 2421, 0, 0, 422, 562, 0, 2471, 3405, 0))
2018-04-18 20:42:48.122905;(16, (6, 3582, 0, 3582, 3484, 0, 0, 1135, 3537, 0, 3951, 8156, 0))
2018-04-18 20:42:48.173385;(13, (6, 4191, 0, 4191, 4137, 0, 0, 938, 1373, 0, 4180, 6448, 0))
2018-04-18 20:42:48.231472;(7, (5, 1726, 0, 1726, 1673, 0, 0, 561, 1891, 0, 2043, 4125, 0))
2018-04-18 20:42:48.234373;(20, (5, 1343, 1, 1342, 1281, 0, 0, 636, 1881, 1, 1493, 3798, 0))
2018-04-18 20:42:48.324093;(11, (5, 2577, 0, 2577, 2481, 0, 0, 733, 3649, 0, 2781, 6863, 0))
2018-04-18 20:42:48.376281;(17, (4, 534, 0, 534, 516, 0, 0, 257, 202, 0, 374, 975, 0))
2018-04-18 20:42:48.512119;(23, (5, 7202, 0, 7202, 7038, 0, 0, 1827, 4656, 0, 7416, 13521, 0))
2018-04-18 20:42:48.682030;(12, (5, 1917, 0, 1917, 1829, 0, 0, 527, 3207, 0, 2302, 5563, 0))
2018-04-18 20:42:48.685937;(5, (4, 5899, 1, 5898, 5721, 0, 0, 1175, 5204, 1, 6201, 12100, 0))
2018-04-18 20:42:48.705297;(18, (5, 6127, 0, 6127, 5967, 0, 0, 1190, 3820, 0, 6433, 10977, 0))
2018-04-18 20:42:48.894751;(3, (6, 3602, 1, 3601, 3489, 0, 0, 653, 4538, 1, 4056, 8680, 0))
2018-04-18 20:43:17.326491;(1, (4, 12040, 4, 12036, 11645, 0, 0, 1969, 19444, 4, 13487, 33058, 0))
2018-04-18 20:43:18.043533;(15, (4, 4590, 0, 4590, 4382, 0, 0, 1241, 5616, 0, 4717, 11239, 0))
2018-04-18 20:43:18.119310;(4, (5, 2493, 0, 2493, 2472, 0, 0, 425, 591, 0, 2526, 3488, 0))
2018-04-18 20:43:18.130925;(16, (5, 3617, 0, 3617, 3519, 0, 0, 1142, 3564, 0, 3996, 8225, 0))
2018-04-18 20:43:18.178795;(13, (5, 4301, 0, 4301, 4246, 0, 0, 957, 1403, 0, 4291, 6606, 0))
2018-04-18 20:43:18.236554;(20, (6, 1377, 1, 1376, 1314, 0, 0, 652, 1908, 1, 1536, 3874, 0))
2018-04-18 20:43:18.237732;(7, (5, 1755, 0, 1755, 1702, 0, 0, 567, 1926, 0, 2076, 4195, 0))
2018-04-18 20:43:18.330233;(11, (5, 2743, 0, 2743, 2638, 0, 0, 807, 3830, 0, 2953, 7275, 0))
2018-04-18 20:43:18.380702;(17, (7, 547, 0, 547, 529, 0, 0, 267, 202, 0, 383, 998, 0))
2018-04-18 20:43:18.515644;(23, (5, 7561, 0, 7561, 7391, 0, 0, 1914, 4777, 0, 7781, 14082, 0))
2018-04-18 20:43:18.687980;(12, (5, 2055, 0, 2055, 1965, 0, 0, 550, 3344, 0, 2456, 5859, 0))
2018-04-18 20:43:18.691620;(5, (4, 5929, 1, 5928, 5751, 0, 0, 1175, 5219, 1, 6243, 12145, 0))
2018-04-18 20:43:18.709629;(18, (5, 6401, 0, 6401, 6233, 0, 0, 1257, 3981, 0, 6711, 11471, 0))
2018-04-18 20:43:18.898686;(3, (5, 3664, 1, 3663, 3549, 0, 0, 673, 4652, 1, 4133, 8874, 0))
2018-04-18 20:43:47.330588;(1, (5, 12433, 4, 12429, 12022, 0, 0, 2047, 20252, 4, 13917, 34321, 0))
2018-04-18 20:43:48.050568;(15, (4, 4621, 0, 4621, 4413, 0, 0, 1242, 5629, 0, 4752, 11284, 0))
2018-04-18 20:43:48.124156;(4, (5, 2569, 0, 2569, 2547, 0, 0, 442, 606, 0, 2603, 3595, 0))
2018-04-18 20:43:48.143075;(16, (4, 3696, 0, 3696, 3594, 0, 0, 1157, 3632, 0, 4087, 8383, 0))
2018-04-18 20:43:48.185658;(13, (5, 4434, 0, 4434, 4377, 0, 0, 1006, 1460, 0, 4421, 6843, 0))
2018-04-18 20:43:48.241448;(20, (5, 1418, 1, 1417, 1351, 0, 0, 674, 1997, 1, 1576, 4022, 0))
2018-04-18 20:43:48.243720;(7, (4, 1836, 0, 1836, 1778, 0, 0, 592, 2012, 0, 2170, 4382, 0))
2018-04-18 20:43:48.333515;(11, (5, 3046, 0, 3046, 2930, 0, 0, 897, 4162, 0, 3255, 7989, 0))
2018-04-18 20:43:48.389342;(17, (7, 584, 0, 584, 566, 0, 0, 289, 202, 0, 413, 1057, 0))
2018-04-18 20:43:48.518868;(23, (5, 7975, 0, 7975, 7799, 0, 0, 2010, 4933, 0, 8202, 14742, 0))
2018-04-18 20:43:48.693649;(12, (5, 2327, 0, 2327, 2231, 0, 0, 582, 3677, 0, 2733, 6490, 0))
2018-04-18 20:43:48.696811;(5, (5, 5960, 1, 5959, 5782, 0, 0, 1175, 5234, 1, 6285, 12191, 0))
2018-04-18 20:43:48.715086;(18, (5, 6734, 0, 6734, 6554, 0, 0, 1339, 4179, 0, 7051, 12072, 0))
2018-04-18 20:43:48.903404;(3, (5, 3820, 1, 3819, 3701, 0, 0, 714, 4964, 1, 4289, 9379, 0))
2018-04-18 20:44:17.334138;(1, (4, 12745, 4, 12741, 12326, 0, 0, 2077, 20688, 4, 14240, 35091, 0))
2018-04-18 20:44:18.059191;(15, (4, 4652, 0, 4652, 4444, 0, 0, 1244, 5633, 0, 4785, 11321, 0))
2018-04-18 20:44:18.129398;(4, (4, 2661, 0, 2661, 2639, 0, 0, 442, 606, 0, 2696, 3687, 0))
2018-04-18 20:44:18.146749;(16, (6, 3776, 0, 3776, 3671, 0, 0, 1198, 3738, 0, 4169, 8607, 0))
2018-04-18 20:44:18.197562;(13, (4, 4584, 0, 4584, 4527, 0, 0, 1016, 1460, 0, 4574, 7003, 0))
2018-04-18 20:44:18.244600;(20, (6, 1458, 1, 1457, 1388, 0, 0, 695, 2126, 1, 1617, 4209, 0))
2018-04-18 20:44:18.246383;(7, (4, 1870, 0, 1870, 1809, 0, 0, 601, 2095, 0, 2214, 4505, 0))
2018-04-18 20:44:18.335485;(11, (5, 3126, 0, 3126, 3006, 0, 0, 909, 4268, 0, 3348, 8183, 0))
2018-04-18 20:44:18.391652;(17, (5, 595, 0, 595, 577, 0, 0, 292, 202, 0, 423, 1071, 0))
2018-04-18 20:44:18.523020;(23, (5, 8174, 0, 8174, 7994, 0, 0, 2068, 5046, 0, 8405, 15108, 0))
2018-04-18 20:44:18.696631;(12, (4, 2403, 0, 2403, 2303, 0, 0, 599, 3749, 0, 2824, 6651, 0))
2018-04-18 20:44:18.701941;(5, (4, 5991, 1, 5990, 5813, 0, 0, 1175, 5236, 1, 6323, 12224, 0))
2018-04-18 20:44:18.906613;(3, (4, 3885, 1, 3884, 3763, 0, 0, 726, 5056, 1, 4369, 9545, 0))
2018-04-18 20:44:47.335898;(1, (4, 13015, 4, 13011, 12596, 0, 0, 2081, 20813, 4, 14513, 35490, 0))
2018-04-18 20:44:48.067653;(15, (4, 4682, 0, 4682, 4474, 0, 0, 1244, 5633, 0, 4816, 11351, 0))
2018-04-18 20:44:48.137534;(4, (4, 2751, 0, 2751, 2729, 0, 0, 446, 608, 0, 2788, 3783, 0))
2018-04-18 20:44:48.150366;(16, (3, 3777, 0, 3777, 3672, 0, 0, 1198, 3738, 0, 4177, 8608, 0))
2018-04-18 20:44:48.204340;(13, (4, 4735, 0, 4735, 4678, 0, 0, 1016, 1460, 0, 4724, 7154, 0))
2018-04-18 20:44:48.248121;(20, (4, 1462, 1, 1461, 1392, 0, 0, 696, 2126, 1, 1626, 4214, 0))
2018-04-18 20:44:48.249996;(7, (5, 1875, 0, 1875, 1814, 0, 0, 602, 2096, 0, 2225, 4512, 0))
2018-04-18 20:44:48.338214;(11, (3, 3127, 0, 3127, 3007, 0, 0, 909, 4268, 0, 3354, 8184, 0))
2018-04-18 20:44:48.394735;(17, (3, 597, 0, 597, 579, 0, 0, 292, 202, 0, 426, 1073, 0))
2018-04-18 20:44:48.524982;(23, (5, 8294, 0, 8294, 8113, 0, 0, 2101, 5065, 0, 8526, 15279, 0))
2018-04-18 20:44:48.698620;(12, (4, 2405, 0, 2405, 2305, 0, 0, 599, 3749, 0, 2833, 6653, 0))
2018-04-18 20:44:48.707663;(5, (4, 6021, 1, 6020, 5843, 0, 0, 1175, 5236, 1, 6357, 12254, 0))
2018-04-18 20:44:48.910017;(3, (3, 3891, 1, 3890, 3769, 0, 0, 726, 5056, 1, 4386, 9551, 0))
