2018-03-21 06:54:00.563911;(23, (110, 69, 28, 0, 0, 0, 0, 0, 0, 0))
2018-03-21 06:54:00.567926;(8, (105, 76, 0, 0, 0, 0, 0, 0, 0, 0))
2018-03-21 06:54:00.663291;(11, (100, 68, 22, 0, 0, 0, 0, 0, 0, 0))
2018-03-21 06:54:00.663544;(14, (103, 44, 0, 0, 0, 0, 0, 0, 0, 0))
2018-03-21 06:54:00.757329;(3, (115, 75, 0, 0, 0, 0, 0, 0, 0, 0))
2018-03-21 06:54:00.760792;(20, (170, 110, 65, 0, 0, 0, 0, 0, 0, 0))
2018-03-21 06:54:00.855354;(22, (118, 74, 23, 0, 0, 0, 0, 0, 0, 0))
2018-03-21 06:54:00.857582;(24, (71, 37, 0, 0, 0, 0, 0, 0, 0, 0))
2018-03-21 06:54:00.913353;(5, (179, 153, 41, 0, 0, 0, 0, 0, 0, 0))
2018-03-21 06:54:00.936044;(18, (81, 65, 16, 0, 0, 0, 0, 0, 0, 0))
2018-03-21 06:54:01.006238;(9, (156, 134, 38, 0, 0, 0, 0, 0, 0, 0))
2018-03-21 06:54:01.032219;(7, (110, 90, 0, 0, 0, 0, 0, 0, 0, 0))
2018-03-21 06:54:01.095715;(25, (54, 35, 0, 0, 0, 0, 0, 0, 0, 0))
2018-03-21 06:54:01.123447;(15, (85, 57, 0, 0, 0, 0, 0, 0, 0, 0))
2018-03-21 06:54:01.136955;(16, (126, 82, 2, 0, 0, 0, 0, 0, 0, 0))
2018-03-21 06:54:01.190350;(6, (188, 162, 39, 0, 0, 0, 0, 0, 0, 0))
2018-03-21 06:54:01.207693;(13, (67, 37, 0, 0, 0, 0, 0, 0, 0, 0))
2018-03-21 06:54:01.220292;(12, (71, 35, 0, 0, 0, 0, 0, 0, 0, 0))
2018-03-21 06:54:01.252075;(1, (495, 307, 280, 0, 0, 0, 0, 0, 0, 0))
2018-03-21 06:54:01.279465;(4, (121, 123, 0, 0, 0, 0, 0, 0, 0, 0))
2018-03-21 06:54:01.283513;(10, (117, 116, 22, 0, 0, 0, 0, 0, 0, 0))
2018-03-21 06:54:01.338690;(19, (106, 56, 3, 0, 0, 0, 0, 0, 0, 0))
2018-03-21 06:54:01.373117;(17, (53, 40, 0, 0, 0, 0, 0, 0, 0, 0))
2018-03-21 06:54:01.381508;(2, (89, 84, 0, 0, 0, 0, 0, 0, 0, 0))
2018-03-21 06:54:01.466089;(26, (85, 34, 0, 0, 0, 0, 0, 0, 0, 0))
2018-03-21 06:54:01.467982;(21, (191, 123, 44, 0, 0, 0, 0, 0, 0, 0))
2018-03-21 06:55:00.576927;(23, (433, 404, 236, 0, 0, 0, 0, 0, 0, 0))
2018-03-21 06:55:00.579906;(8, (187, 167, 28, 0, 0, 0, 0, 0, 0, 0))
2018-03-21 06:55:00.675899;(11, (393, 371, 164, 0, 0, 0, 0, 0, 0, 0))
2018-03-21 06:55:00.677222;(14, (285, 228, 37, 0, 0, 0, 0, 0, 0, 0))
2018-03-21 06:55:00.773039;(3, (305, 282, 64, 0, 0, 0, 0, 0, 0, 0))
2018-03-21 06:55:00.780056;(20, (479, 428, 241, 0, 0, 0, 0, 0, 0, 0))
2018-03-21 06:55:00.874159;(22, (365, 325, 158, 0, 0, 0, 0, 0, 0, 0))
2018-03-21 06:55:00.877151;(24, (307, 251, 106, 0, 0, 0, 0, 0, 0, 0))
2018-03-21 06:55:00.931081;(5, (432, 460, 121, 0, 0, 0, 0, 0, 0, 0))
2018-03-21 06:55:01.022092;(9, (367, 363, 101, 0, 0, 0, 0, 0, 0, 0))
2018-03-21 06:55:01.050004;(7, (237, 238, 13, 0, 0, 0, 0, 0, 0, 0))
2018-03-21 06:55:01.108564;(25, (181, 175, 11, 0, 0, 0, 0, 0, 0, 0))
2018-03-21 06:55:01.136710;(15, (212, 208, 0, 0, 0, 0, 0, 0, 0, 0))
2018-03-21 06:55:01.154016;(16, (459, 430, 166, 0, 0, 0, 0, 0, 0, 0))
2018-03-21 06:55:01.207949;(6, (528, 536, 235, 0, 0, 0, 0, 0, 0, 0))
2018-03-21 06:55:01.220562;(13, (230, 210, 26, 0, 0, 0, 0, 0, 0, 0))
2018-03-21 06:55:01.232940;(12, (194, 185, 0, 0, 0, 0, 0, 0, 0, 0))
2018-03-21 06:55:01.260645;(1, (2019, 1706, 1668, 0, 0, 0, 0, 0, 0, 0))
2018-03-21 06:55:01.293453;(4, (297, 330, 24, 0, 0, 0, 0, 0, 0, 0))
2018-03-21 06:55:01.297484;(10, (449, 492, 226, 0, 0, 0, 0, 0, 0, 0))
2018-03-21 06:55:01.352016;(19, (418, 392, 159, 0, 0, 0, 0, 0, 0, 0))
2018-03-21 06:55:01.387884;(17, (253, 246, 55, 0, 0, 0, 0, 0, 0, 0))
2018-03-21 06:55:01.398030;(2, (210, 235, 6, 0, 0, 0, 0, 0, 0, 0))
2018-03-21 06:55:01.476929;(26, (185, 112, 0, 0, 0, 0, 0, 0, 0, 0))
2018-03-21 06:55:01.480905;(21, (526, 457, 267, 0, 0, 0, 0, 0, 0, 0))
2018-03-21 06:56:00.591147;(23, (773, 760, 439, 0, 0, 0, 0, 0, 0, 0))
2018-03-21 06:56:00.594043;(8, (489, 485, 160, 0, 0, 0, 0, 0, 0, 0))
2018-03-21 06:56:00.688300;(14, (483, 432, 69, 0, 0, 0, 0, 0, 0, 0))
2018-03-21 06:56:00.691357;(11, (726, 722, 311, 0, 0, 0, 0, 0, 0, 0))
2018-03-21 06:56:00.786372;(3, (534, 533, 157, 0, 0, 0, 0, 0, 0, 0))
2018-03-21 06:56:00.796832;(20, (652, 625, 288, 0, 0, 0, 0, 0, 0, 0))
2018-03-21 06:56:00.895595;(24, (529, 481, 184, 0, 0, 0, 0, 0, 0, 0))
2018-03-21 06:56:00.896897;(22, (801, 770, 425, 0, 0, 0, 0, 0, 0, 0))
2018-03-21 06:56:00.948324;(5, (639, 684, 160, 0, 0, 0, 0, 0, 0, 0))
2018-03-21 06:56:00.972639;(18, (397, 453, 92, 0, 0, 0, 0, 0, 0, 0))
2018-03-21 06:56:01.039209;(9, (561, 557, 133, 0, 0, 0, 0, 0, 0, 0))
2018-03-21 06:56:01.067507;(7, (403, 413, 42, 0, 0, 0, 0, 0, 0, 0))
2018-03-21 06:56:01.121524;(25, (319, 337, 22, 0, 0, 0, 0, 0, 0, 0))
2018-03-21 06:56:01.150466;(15, (344, 374, 0, 0, 0, 0, 0, 0, 0, 0))
2018-03-21 06:56:01.169448;(16, (947, 944, 459, 0, 0, 0, 0, 0, 0, 0))
2018-03-21 06:56:01.220318;(6, (796, 862, 362, 0, 0, 0, 0, 0, 0, 0))
2018-03-21 06:56:01.232781;(13, (401, 401, 40, 0, 0, 0, 0, 0, 0, 0))
2018-03-21 06:56:01.247977;(12, (330, 352, 0, 0, 0, 0, 0, 0, 0, 0))
2018-03-21 06:56:01.269191;(1, (3870, 3366, 3318, 0, 0, 0, 0, 0, 0, 0))
2018-03-21 06:56:01.305549;(4, (491, 555, 49, 0, 0, 0, 0, 0, 0, 0))
2018-03-21 06:56:01.308717;(10, (825, 904, 438, 0, 0, 0, 0, 0, 0, 0))
2018-03-21 06:56:01.366528;(19, (863, 849, 384, 0, 0, 0, 0, 0, 0, 0))
2018-03-21 06:56:01.399234;(17, (448, 477, 115, 0, 0, 0, 0, 0, 0, 0))
2018-03-21 06:56:01.413943;(2, (380, 438, 51, 0, 0, 0, 0, 0, 0, 0))
2018-03-21 06:56:01.489459;(26, (557, 503, 160, 0, 0, 0, 0, 0, 0, 0))
2018-03-21 06:56:01.496699;(21, (994, 921, 548, 0, 0, 0, 0, 0, 0, 0))
2018-03-21 06:57:00.606294;(23, (970, 970, 504, 0, 0, 0, 0, 0, 0, 0))
2018-03-21 06:57:00.609168;(8, (887, 898, 356, 0, 0, 0, 0, 0, 0, 0))
2018-03-21 06:57:00.701350;(14, (673, 623, 97, 0, 0, 0, 0, 0, 0, 0))
2018-03-21 06:57:00.705666;(11, (1322, 1353, 735, 0, 0, 0, 0, 0, 0, 0))
2018-03-21 06:57:00.799816;(3, (739, 749, 218, 0, 0, 0, 0, 0, 0, 0))
2018-03-21 06:57:00.815355;(20, (856, 866, 348, 0, 0, 0, 0, 0, 0, 0))
2018-03-21 06:57:00.912878;(24, (734, 732, 237, 0, 0, 0, 0, 0, 0, 0))
2018-03-21 06:57:00.915102;(22, (1264, 1253, 688, 0, 0, 0, 0, 0, 0, 0))
2018-03-21 06:57:00.973621;(5, (770, 871, 160, 0, 0, 0, 0, 0, 0, 0))
2018-03-21 06:57:00.995663;(18, (516, 621, 92, 0, 0, 0, 0, 0, 0, 0))
2018-03-21 06:57:01.057356;(9, (721, 747, 146, 0, 0, 0, 0, 0, 0, 0))
2018-03-21 06:57:01.084296;(7, (549, 569, 50, 0, 0, 0, 0, 0, 0, 0))
2018-03-21 06:57:01.133319;(25, (451, 489, 34, 0, 0, 0, 0, 0, 0, 0))
2018-03-21 06:57:01.163064;(15, (489, 549, 5, 0, 0, 0, 0, 0, 0, 0))
2018-03-21 06:57:01.182889;(16, (1349, 1388, 674, 1, 0, 0, 0, 0, 0, 0))
2018-03-21 06:57:01.232654;(6, (963, 1028, 377, 0, 0, 0, 0, 0, 0, 0))
2018-03-21 06:57:01.245066;(13, (518, 547, 43, 0, 0, 0, 0, 0, 0, 0))
2018-03-21 06:57:01.262843;(12, (551, 627, 83, 1, 0, 0, 0, 0, 0, 0))
2018-03-21 06:57:01.280156;(1, (5795, 5161, 5103, 0, 0, 0, 0, 0, 0, 0))
2018-03-21 06:57:01.318214;(4, (645, 748, 79, 0, 0, 0, 0, 0, 0, 0))
2018-03-21 06:57:01.324705;(10, (1482, 1584, 923, 0, 0, 0, 0, 0, 0, 0))
2018-03-21 06:57:01.379532;(19, (1088, 1088, 444, 0, 0, 0, 0, 0, 0, 0))
2018-03-21 06:57:01.413612;(17, (611, 683, 143, 0, 0, 0, 0, 0, 0, 0))
2018-03-21 06:57:01.427108;(2, (1020, 1108, 541, 0, 0, 0, 0, 0, 0, 0))
2018-03-21 06:57:01.501556;(26, (1071, 1016, 475, 0, 0, 0, 0, 0, 0, 0))
2018-03-21 06:57:01.510300;(21, (1469, 1377, 828, 0, 0, 0, 0, 0, 0, 0))
2018-03-21 06:58:00.618646;(23, (1538, 1560, 893, 0, 0, 0, 0, 0, 0, 0))
2018-03-21 06:58:00.623652;(8, (1324, 1362, 575, 0, 0, 0, 0, 0, 0, 0))
2018-03-21 06:58:00.712974;(14, (845, 831, 114, 0, 0, 0, 0, 0, 0, 0))
2018-03-21 06:58:00.719137;(11, (1893, 1948, 1094, 0, 0, 0, 0, 0, 0, 0))
2018-03-21 06:58:00.814601;(3, (1423, 1583, 720, 0, 0, 0, 0, 0, 0, 0))
2018-03-21 06:58:00.831968;(20, (1067, 1081, 400, 0, 0, 0, 0, 0, 0, 0))
2018-03-21 06:58:00.927501;(24, (938, 952, 287, 0, 0, 0, 0, 0, 0, 0))
2018-03-21 06:58:00.933060;(22, (1859, 1829, 1066, 0, 0, 0, 0, 0, 0, 0))
2018-03-21 06:58:00.992074;(5, (963, 1087, 175, 0, 0, 0, 0, 0, 0, 0))
2018-03-21 06:58:01.015398;(18, (673, 810, 120, 0, 0, 0, 0, 0, 0, 0))
2018-03-21 06:58:01.073830;(9, (929, 992, 194, 0, 0, 0, 0, 0, 0, 0))
2018-03-21 06:58:01.099805;(7, (867, 890, 206, 0, 0, 0, 0, 0, 0, 0))
2018-03-21 06:58:01.146069;(25, (614, 669, 76, 0, 0, 0, 0, 0, 0, 0))
2018-03-21 06:58:01.177592;(15, (658, 744, 20, 0, 0, 0, 0, 0, 0, 0))
2018-03-21 06:58:01.197997;(16, (1717, 1885, 859, 1, 0, 0, 0, 0, 0, 0))
2018-03-21 06:58:01.243744;(6, (1101, 1168, 378, 0, 0, 0, 0, 0, 0, 0))
2018-03-21 06:58:01.256901;(13, (679, 741, 60, 0, 0, 0, 0, 0, 0, 0))
2018-03-21 06:58:01.275958;(12, (692, 886, 95, 1, 0, 0, 0, 0, 0, 0))
2018-03-21 06:58:01.288805;(1, (8154, 7200, 7132, 0, 0, 0, 0, 0, 0, 0))
2018-03-21 06:58:01.331893;(4, (876, 1008, 137, 0, 0, 0, 0, 0, 0, 0))
2018-03-21 06:58:01.339885;(10, (2096, 2222, 1334, 0, 0, 0, 0, 0, 0, 0))
2018-03-21 06:58:01.393656;(19, (1340, 1391, 519, 0, 0, 0, 0, 0, 0, 0))
2018-03-21 06:58:01.424180;(17, (815, 916, 212, 0, 0, 0, 0, 0, 0, 0))
2018-03-21 06:58:01.440002;(2, (1241, 1382, 631, 0, 0, 0, 0, 0, 0, 0))
2018-03-21 06:58:01.512582;(26, (1539, 1507, 699, 0, 0, 0, 0, 0, 0, 0))
2018-03-21 06:58:01.523313;(21, (1743, 1673, 932, 0, 0, 0, 0, 0, 0, 0))
2018-03-21 06:59:00.632315;(23, (2314, 2368, 1489, 0, 0, 0, 0, 0, 0, 0))
2018-03-21 06:59:00.637884;(8, (1647, 1745, 731, 0, 0, 0, 0, 0, 0, 0))
2018-03-21 06:59:00.726231;(14, (1009, 1074, 127, 0, 0, 0, 0, 0, 0, 0))
2018-03-21 06:59:00.734609;(11, (2593, 2672, 1578, 0, 0, 0, 0, 0, 0, 0))
2018-03-21 06:59:00.830311;(3, (1999, 2293, 1143, 0, 0, 0, 0, 0, 0, 0))
2018-03-21 06:59:00.851271;(20, (1248, 1276, 438, 0, 0, 0, 0, 0, 0, 0))
2018-03-21 06:59:00.939839;(24, (1073, 1087, 337, 0, 0, 0, 0, 0, 0, 0))
2018-03-21 06:59:00.947932;(22, (2333, 2333, 1352, 0, 0, 0, 0, 0, 0, 0))
2018-03-21 06:59:01.011331;(5, (1135, 1289, 183, 0, 0, 0, 0, 0, 0, 0))
2018-03-21 06:59:01.031835;(18, (768, 1020, 120, 0, 0, 0, 0, 0, 0, 0))
2018-03-21 06:59:01.091473;(9, (1076, 1212, 201, 0, 0, 0, 0, 0, 0, 0))
2018-03-21 06:59:01.116226;(7, (1042, 1081, 251, 0, 0, 0, 0, 0, 0, 0))
2018-03-21 06:59:01.159384;(25, (827, 911, 147, 0, 0, 0, 0, 0, 0, 0))
2018-03-21 06:59:01.190673;(15, (799, 934, 27, 0, 0, 0, 0, 0, 0, 0))
2018-03-21 06:59:01.214081;(16, (2077, 2333, 1051, 1, 0, 0, 0, 0, 0, 0))
2018-03-21 06:59:01.256867;(6, (1508, 1576, 623, 0, 0, 0, 0, 0, 0, 0))
2018-03-21 06:59:01.272651;(13, (837, 936, 88, 0, 0, 0, 0, 0, 0, 0))
2018-03-21 06:59:01.289166;(12, (904, 1160, 169, 1, 0, 0, 0, 0, 0, 0))
2018-03-21 06:59:01.298120;(1, (10158, 8962, 8884, 0, 0, 0, 0, 0, 0, 0))
2018-03-21 06:59:01.344193;(4, (1202, 1364, 291, 0, 0, 0, 0, 0, 0, 0))
2018-03-21 06:59:01.353696;(10, (2825, 2966, 1862, 0, 0, 0, 0, 0, 0, 0))
2018-03-21 06:59:01.408317;(19, (1566, 1653, 574, 0, 0, 0, 0, 0, 0, 0))
2018-03-21 06:59:01.436561;(17, (979, 1100, 236, 0, 0, 0, 0, 0, 0, 0))
2018-03-21 06:59:01.454738;(2, (1387, 1571, 655, 0, 0, 0, 0, 0, 0, 0))
2018-03-21 06:59:01.523866;(26, (2107, 2094, 1055, 1, 0, 0, 0, 0, 0, 0))
2018-03-21 06:59:01.537157;(21, (1991, 1928, 1022, 0, 0, 0, 0, 0, 0, 0))
2018-03-21 07:00:00.644690;(23, (2764, 2832, 1794, 0, 0, 0, 0, 0, 0, 0))
2018-03-21 07:00:00.652141;(8, (2094, 2211, 988, 0, 0, 0, 0, 0, 0, 0))
2018-03-21 07:00:00.739281;(14, (1196, 1293, 148, 0, 0, 0, 0, 0, 0, 0))
2018-03-21 07:00:00.749844;(11, (3031, 3121, 1839, 0, 0, 0, 0, 0, 0, 0))
2018-03-21 07:00:00.850252;(3, (2198, 2512, 1208, 0, 0, 0, 0, 0, 0, 0))
2018-03-21 07:00:00.870053;(20, (1381, 1420, 438, 0, 0, 0, 0, 0, 0, 0))
2018-03-21 07:00:00.952550;(24, (1186, 1175, 381, 0, 0, 0, 0, 0, 0, 0))
2018-03-21 07:00:01.027126;(5, (1297, 1543, 194, 0, 0, 0, 0, 0, 0, 0))
2018-03-21 07:00:01.051242;(18, (850, 1273, 120, 0, 0, 0, 0, 0, 0, 0))
2018-03-21 07:00:01.110232;(9, (1227, 1427, 204, 0, 0, 0, 0, 0, 0, 0))
2018-03-21 07:00:01.132165;(7, (1166, 1226, 251, 0, 0, 0, 0, 0, 0, 0))
2018-03-21 07:00:01.171046;(25, (1061, 1151, 276, 0, 0, 0, 0, 0, 0, 0))
2018-03-21 07:00:01.205479;(15, (1029, 1181, 98, 0, 0, 0, 0, 0, 0, 0))
2018-03-21 07:00:01.230073;(16, (2465, 2741, 1256, 1, 0, 0, 0, 0, 0, 0))
2018-03-21 07:00:01.270182;(6, (2334, 2405, 1258, 0, 0, 0, 0, 0, 0, 0))
2018-03-21 07:00:01.284596;(13, (1052, 1182, 210, 0, 0, 0, 0, 0, 0, 0))
2018-03-21 07:00:01.304787;(12, (1167, 1456, 258, 1, 0, 0, 0, 0, 0, 0))
2018-03-21 07:00:01.309243;(1, (11857, 10564, 10476, 0, 0, 0, 0, 0, 0, 0))
2018-03-21 07:00:01.356990;(4, (1375, 1585, 328, 0, 0, 0, 0, 0, 0, 0))
2018-03-21 07:00:01.367186;(10, (3292, 3473, 2181, 0, 0, 0, 0, 0, 0, 0))
2018-03-21 07:00:01.422013;(19, (1752, 1845, 594, 0, 0, 0, 0, 0, 0, 0))
2018-03-21 07:00:01.449217;(17, (1150, 1296, 251, 0, 0, 0, 0, 0, 0, 0))
2018-03-21 07:00:01.467797;(2, (1647, 1869, 784, 0, 0, 0, 0, 0, 0, 0))
2018-03-21 07:00:01.537100;(26, (2416, 2432, 1181, 1, 0, 0, 0, 0, 0, 0))
2018-03-21 07:00:01.552126;(21, (2160, 2104, 1041, 0, 0, 0, 0, 0, 0, 0))
2018-03-21 07:01:00.659206;(23, (3103, 3182, 1966, 0, 0, 0, 0, 0, 0, 0))
2018-03-21 07:01:00.667803;(8, (2530, 2650, 1252, 0, 0, 0, 0, 0, 0, 0))
2018-03-21 07:01:00.751755;(14, (1348, 1483, 148, 0, 0, 0, 0, 0, 0, 0))
2018-03-21 07:01:00.767393;(11, (3679, 3794, 2268, 0, 0, 0, 0, 0, 0, 0))
2018-03-21 07:01:00.871922;(3, (2363, 2691, 1240, 0, 0, 0, 0, 0, 0, 0))
2018-03-21 07:01:00.890153;(20, (1570, 1609, 473, 0, 0, 0, 0, 0, 0, 0))
2018-03-21 07:01:00.965351;(24, (1420, 1388, 511, 0, 0, 0, 0, 0, 0, 0))
2018-03-21 07:01:00.980005;(22, (3827, 3803, 2422, 0, 0, 0, 0, 0, 0, 0))
2018-03-21 07:01:01.041675;(5, (1540, 1805, 285, 0, 0, 0, 0, 0, 0, 0))
2018-03-21 07:01:01.068396;(18, (938, 1524, 120, 0, 0, 0, 0, 0, 0, 0))
2018-03-21 07:01:01.127180;(9, (1376, 1603, 204, 0, 0, 0, 0, 0, 0, 0))
2018-03-21 07:01:01.150405;(7, (1649, 1723, 561, 0, 0, 0, 0, 0, 0, 0))
2018-03-21 07:01:01.188293;(25, (1263, 1358, 351, 0, 0, 0, 0, 0, 0, 0))
2018-03-21 07:01:01.221846;(15, (1189, 1342, 113, 0, 0, 0, 0, 0, 0, 0))
2018-03-21 07:01:01.243901;(16, (2761, 3075, 1399, 1, 0, 0, 0, 0, 0, 0))
2018-03-21 07:01:01.283247;(6, (3130, 3207, 1862, 0, 0, 0, 0, 0, 0, 0))
2018-03-21 07:01:01.297096;(13, (1254, 1393, 278, 1, 0, 0, 0, 0, 0, 0))
2018-03-21 07:01:01.317666;(12, (1354, 1671, 315, 1, 0, 0, 0, 0, 0, 0))
2018-03-21 07:01:01.319506;(1, (13554, 12122, 12024, 0, 0, 0, 0, 0, 0, 0))
2018-03-21 07:01:01.369788;(4, (1723, 1983, 476, 1, 0, 0, 0, 0, 0, 0))
2018-03-21 07:01:01.385323;(10, (3869, 4088, 2569, 0, 0, 0, 0, 0, 0, 0))
2018-03-21 07:01:01.434269;(19, (2028, 2099, 688, 0, 0, 0, 0, 0, 0, 0))
2018-03-21 07:01:01.460181;(17, (1288, 1460, 260, 0, 0, 0, 0, 0, 0, 0))
2018-03-21 07:01:01.482738;(2, (2280, 2561, 1231, 0, 0, 0, 0, 0, 0, 0))
2018-03-21 07:01:01.549895;(26, (2957, 2998, 1486, 1, 0, 0, 0, 0, 0, 0))
2018-03-21 07:01:01.567642;(21, (2332, 2292, 1063, 0, 0, 0, 0, 0, 0, 0))
2018-03-21 07:02:00.674528;(23, (3381, 3469, 2094, 0, 0, 0, 0, 0, 0, 0))
2018-03-21 07:02:00.681622;(8, (2766, 2924, 1322, 0, 0, 0, 0, 0, 0, 0))
2018-03-21 07:02:00.763592;(14, (1569, 1722, 179, 0, 0, 0, 0, 0, 0, 0))
2018-03-21 07:02:00.780996;(11, (4220, 4374, 2616, 0, 0, 0, 0, 0, 0, 0))
2018-03-21 07:02:00.892106;(3, (2497, 2830, 1240, 0, 0, 0, 0, 0, 0, 0))
2018-03-21 07:02:00.910216;(20, (1710, 1796, 485, 0, 0, 0, 0, 0, 0, 0))
2018-03-21 07:02:00.978432;(24, (1543, 1487, 554, 0, 0, 0, 0, 0, 0, 0))
2018-03-21 07:02:00.999299;(22, (4401, 4378, 2796, 0, 0, 0, 0, 0, 0, 0))
2018-03-21 07:02:01.057845;(5, (1764, 2045, 346, 0, 0, 0, 0, 0, 0, 0))
2018-03-21 07:02:01.085388;(18, (1022, 1775, 120, 0, 0, 0, 0, 0, 0, 0))
2018-03-21 07:02:01.144975;(9, (1629, 1897, 274, 0, 0, 0, 0, 0, 0, 0))
2018-03-21 07:02:01.166878;(7, (2266, 2355, 1005, 0, 0, 0, 0, 0, 0, 0))
2018-03-21 07:02:01.202868;(25, (1328, 1420, 352, 0, 0, 0, 0, 0, 0, 0))
2018-03-21 07:02:01.237881;(15, (1364, 1581, 131, 0, 0, 0, 0, 0, 0, 0))
2018-03-21 07:02:01.258557;(16, (3183, 3529, 1617, 1, 0, 0, 0, 0, 0, 0))
2018-03-21 07:02:01.296793;(6, (3834, 3914, 2381, 0, 0, 0, 0, 0, 0, 0))
2018-03-21 07:02:01.309288;(13, (1356, 1497, 287, 1, 0, 0, 0, 0, 0, 0))
2018-03-21 07:02:01.331030;(12, (1672, 2030, 423, 1, 0, 0, 0, 0, 0, 0))
2018-03-21 07:02:01.331425;(1, (15086, 13544, 13436, 0, 0, 0, 0, 0, 0, 0))
2018-03-21 07:02:01.383930;(4, (1883, 2201, 500, 1, 0, 0, 0, 0, 0, 0))
2018-03-21 07:02:01.399600;(10, (4421, 4680, 2949, 0, 0, 0, 0, 0, 0, 0))
2018-03-21 07:02:01.445942;(19, (2243, 2375, 719, 0, 0, 0, 0, 0, 0, 0))
2018-03-21 07:02:01.471734;(17, (1414, 1614, 267, 0, 0, 0, 0, 0, 0, 0))
2018-03-21 07:02:01.494821;(2, (2900, 3236, 1681, 0, 0, 0, 0, 0, 0, 0))
2018-03-21 07:02:01.562899;(26, (3327, 3388, 1662, 1, 0, 0, 0, 0, 0, 0))
2018-03-21 07:02:01.582068;(21, (2509, 2469, 1086, 0, 0, 0, 0, 0, 0, 0))
2018-03-21 07:03:00.688570;(23, (3863, 3960, 2394, 0, 0, 0, 0, 0, 0, 0))
2018-03-21 07:03:00.696154;(8, (3209, 3386, 1567, 0, 0, 0, 0, 0, 0, 0))
2018-03-21 07:03:00.777055;(14, (1775, 1962, 217, 0, 0, 0, 0, 0, 0, 0))
2018-03-21 07:03:00.794513;(11, (4590, 4823, 2796, 0, 0, 0, 0, 0, 0, 0))
2018-03-21 07:03:00.910802;(3, (2825, 3149, 1394, 0, 0, 0, 0, 0, 0, 0))
2018-03-21 07:03:00.929137;(20, (1901, 2045, 531, 0, 0, 0, 0, 0, 0, 0))
2018-03-21 07:03:00.993202;(24, (1707, 1618, 616, 0, 0, 0, 0, 0, 0, 0))
2018-03-21 07:03:01.018476;(22, (5124, 5077, 3278, 0, 0, 0, 0, 0, 0, 0))
2018-03-21 07:03:01.070010;(5, (1896, 2155, 361, 0, 0, 0, 0, 0, 0, 0))
2018-03-21 07:03:01.108202;(18, (1118, 2027, 120, 0, 0, 0, 0, 0, 0, 0))
2018-03-21 07:03:01.161127;(9, (1806, 2090, 293, 0, 0, 0, 0, 0, 0, 0))
2018-03-21 07:03:01.185315;(7, (2470, 2568, 1047, 0, 0, 0, 0, 0, 0, 0))
2018-03-21 07:03:01.225041;(25, (1396, 1484, 355, 0, 0, 0, 0, 0, 0, 0))
2018-03-21 07:03:01.249980;(15, (1548, 1791, 163, 0, 0, 0, 0, 0, 0, 0))
2018-03-21 07:03:01.273630;(16, (3533, 3916, 1795, 1, 0, 0, 0, 0, 0, 0))
2018-03-21 07:03:01.313112;(6, (4652, 4725, 2988, 0, 0, 0, 0, 0, 0, 0))
2018-03-21 07:03:01.323245;(13, (1471, 1611, 297, 1, 0, 0, 0, 0, 0, 0))
2018-03-21 07:03:01.345585;(12, (1828, 2206, 430, 1, 0, 0, 0, 0, 0, 0))
2018-03-21 07:03:01.401464;(4, (2040, 2420, 523, 1, 0, 0, 0, 0, 0, 0))
2018-03-21 07:03:01.413103;(10, (4774, 5088, 3140, 0, 0, 0, 0, 0, 0, 0))
2018-03-21 07:03:01.457779;(19, (2508, 2667, 807, 0, 0, 0, 0, 0, 0, 0))
2018-03-21 07:03:01.483554;(17, (1574, 1781, 318, 0, 0, 0, 0, 0, 0, 0))
2018-03-21 07:03:01.507808;(2, (3339, 3729, 1947, 0, 0, 0, 0, 0, 0, 0))
2018-03-21 07:03:01.578424;(26, (3749, 3852, 1842, 3, 0, 0, 0, 0, 0, 0))
2018-03-21 07:03:01.595922;(21, (2719, 2677, 1131, 0, 0, 0, 0, 0, 0, 0))
2018-03-21 07:03:02.341045;(1, (16585, 14903, 14782, 0, 0, 0, 0, 0, 0, 0))
2018-03-21 07:04:01.123685;(18, (1215, 2276, 120, 0, 0, 0, 0, 0, 0, 0))
2018-03-21 07:04:01.701883;(23, (4230, 4330, 2582, 0, 0, 0, 0, 0, 0, 0))
2018-03-21 07:04:01.712042;(8, (3626, 3889, 1818, 0, 0, 0, 0, 0, 0, 0))
2018-03-21 07:04:01.789146;(14, (1993, 2187, 268, 0, 0, 0, 0, 0, 0, 0))
2018-03-21 07:04:01.808566;(11, (4930, 5221, 2926, 0, 0, 0, 0, 0, 0, 0))
2018-03-21 07:04:01.930555;(3, (3416, 3782, 1797, 0, 0, 0, 0, 0, 0, 0))
2018-03-21 07:04:01.944823;(20, (2247, 2427, 705, 0, 0, 0, 0, 0, 0, 0))
2018-03-21 07:04:02.006973;(24, (1859, 1729, 655, 0, 0, 0, 0, 0, 0, 0))
2018-03-21 07:04:02.035258;(22, (5847, 5782, 3758, 0, 0, 0, 0, 0, 0, 0))
2018-03-21 07:04:02.081257;(5, (1994, 2236, 370, 0, 0, 0, 0, 0, 0, 0))
2018-03-21 07:04:02.174879;(9, (1963, 2308, 310, 0, 0, 0, 0, 0, 0, 0))
2018-03-21 07:04:02.200803;(7, (2624, 2768, 1061, 0, 0, 0, 0, 0, 0, 0))
2018-03-21 07:04:02.239921;(25, (1498, 1570, 361, 0, 0, 0, 0, 0, 0, 0))
2018-03-21 07:04:02.264609;(15, (1715, 1972, 181, 0, 0, 0, 0, 0, 0, 0))
2018-03-21 07:04:02.288732;(16, (3831, 4220, 1930, 1, 0, 0, 0, 0, 0, 0))
2018-03-21 07:04:02.328119;(6, (5476, 5541, 3593, 0, 0, 0, 0, 0, 0, 0))
2018-03-21 07:04:02.335608;(13, (1626, 1738, 336, 1, 0, 0, 0, 0, 0, 0))
2018-03-21 07:04:02.351160;(1, (18222, 16352, 16221, 0, 0, 0, 0, 0, 0, 0))
2018-03-21 07:04:02.358368;(12, (2058, 2472, 508, 1, 0, 0, 0, 0, 0, 0))
2018-03-21 07:04:02.412709;(4, (2199, 2622, 533, 1, 0, 0, 0, 0, 0, 0))
2018-03-21 07:04:02.427727;(10, (5114, 5476, 3308, 0, 0, 0, 0, 0, 0, 0))
2018-03-21 07:04:02.469734;(19, (2795, 3008, 917, 0, 0, 0, 0, 0, 0, 0))
2018-03-21 07:04:02.492279;(17, (1679, 1894, 339, 0, 0, 0, 0, 0, 0, 0))
2018-03-21 07:04:02.522675;(2, (3791, 4230, 2211, 0, 0, 0, 0, 0, 0, 0))
2018-03-21 07:04:02.595304;(26, (4139, 4313, 1983, 3, 0, 0, 0, 0, 0, 0))
2018-03-21 07:04:02.610277;(21, (2982, 2969, 1226, 0, 0, 0, 0, 0, 0, 0))
2018-03-21 07:05:01.716811;(23, (4544, 4678, 2743, 0, 0, 0, 0, 0, 0, 0))
2018-03-21 07:05:01.727666;(8, (3863, 4143, 1886, 0, 0, 0, 0, 0, 0, 0))
2018-03-21 07:05:01.803882;(14, (2227, 2481, 323, 0, 0, 0, 0, 0, 0, 0))
2018-03-21 07:05:01.827289;(11, (5457, 5809, 3262, 1, 0, 0, 0, 0, 0, 0))
2018-03-21 07:05:01.948282;(3, (4336, 4694, 2501, 0, 0, 0, 0, 0, 0, 0))
2018-03-21 07:05:01.962226;(20, (3004, 3191, 1254, 0, 0, 0, 0, 0, 0, 0))
2018-03-21 07:05:02.018556;(24, (1950, 1794, 673, 0, 0, 0, 0, 0, 0, 0))
2018-03-21 07:05:02.049220;(22, (6409, 6334, 4072, 0, 0, 0, 0, 0, 0, 0))
2018-03-21 07:05:02.094525;(5, (2126, 2359, 390, 0, 0, 0, 0, 0, 0, 0))
2018-03-21 07:05:02.140870;(18, (1334, 2476, 120, 0, 0, 0, 0, 0, 0, 0))
2018-03-21 07:05:02.190955;(9, (2159, 2599, 343, 0, 0, 0, 0, 0, 0, 0))
2018-03-21 07:05:02.219184;(7, (3081, 3233, 1326, 0, 0, 0, 0, 0, 0, 0))
2018-03-21 07:05:02.250307;(25, (1552, 1593, 361, 0, 0, 0, 0, 0, 0, 0))
2018-03-21 07:05:02.277986;(15, (1872, 2226, 192, 0, 0, 0, 0, 0, 0, 0))
2018-03-21 07:05:02.310770;(16, (4217, 4662, 2119, 1, 0, 0, 0, 0, 0, 0))
2018-03-21 07:05:02.348101;(6, (6092, 6143, 3999, 0, 0, 0, 0, 0, 0, 0))
2018-03-21 07:05:02.349768;(13, (1734, 1834, 374, 1, 0, 0, 0, 0, 0, 0))
2018-03-21 07:05:02.364627;(1, (19676, 17669, 17528, 0, 0, 0, 0, 0, 0, 0))
2018-03-21 07:05:02.371393;(12, (2320, 2776, 602, 1, 0, 0, 0, 0, 0, 0))
2018-03-21 07:05:02.422672;(4, (2360, 2818, 575, 2, 0, 0, 0, 0, 0, 0))
2018-03-21 07:05:02.439948;(10, (5721, 6118, 3729, 2, 0, 0, 0, 0, 0, 0))
2018-03-21 07:05:02.481796;(19, (3046, 3317, 984, 0, 0, 0, 0, 0, 0, 0))
2018-03-21 07:05:02.504874;(17, (1842, 2089, 370, 0, 0, 0, 0, 0, 0, 0))
2018-03-21 07:05:02.535145;(2, (4318, 4808, 2558, 0, 0, 0, 0, 0, 0, 0))
2018-03-21 07:05:02.608999;(26, (4437, 4625, 2083, 3, 0, 0, 0, 0, 0, 0))
2018-03-21 07:05:02.624452;(21, (3216, 3224, 1300, 0, 0, 0, 0, 0, 0, 0))
2018-03-21 07:06:01.729383;(23, (4942, 5097, 2964, 0, 0, 0, 0, 0, 0, 0))
2018-03-21 07:06:01.741848;(8, (4006, 4323, 1893, 0, 0, 0, 0, 0, 0, 0))
2018-03-21 07:06:01.815534;(14, (2355, 2658, 330, 0, 0, 0, 0, 0, 0, 0))
2018-03-21 07:06:01.845720;(11, (5801, 6191, 3453, 1, 0, 0, 0, 0, 0, 0))
2018-03-21 07:06:01.966169;(3, (5328, 5811, 3299, 0, 0, 0, 0, 0, 0, 0))
2018-03-21 07:06:01.980461;(20, (3687, 3898, 1746, 0, 0, 0, 0, 0, 0, 0))
2018-03-21 07:06:02.029652;(24, (2045, 1871, 683, 0, 0, 0, 0, 0, 0, 0))
2018-03-21 07:06:02.064915;(22, (6721, 6644, 4224, 0, 0, 0, 0, 0, 0, 0))
2018-03-21 07:06:02.107237;(5, (2279, 2495, 422, 0, 0, 0, 0, 0, 0, 0))
2018-03-21 07:06:02.152927;(18, (1394, 2596, 120, 0, 0, 0, 0, 0, 0, 0))
2018-03-21 07:06:02.204928;(9, (2330, 2908, 370, 0, 0, 0, 0, 0, 0, 0))
2018-03-21 07:06:02.233830;(7, (3491, 3669, 1565, 0, 0, 0, 0, 0, 0, 0))
2018-03-21 07:06:02.259604;(25, (1603, 1620, 361, 0, 0, 0, 0, 0, 0, 0))
2018-03-21 07:06:02.293765;(15, (1988, 2481, 192, 0, 0, 0, 0, 0, 0, 0))
2018-03-21 07:06:02.325909;(16, (4388, 4940, 2160, 1, 0, 0, 0, 0, 0, 0))
2018-03-21 07:06:02.365416;(6, (6508, 6566, 4247, 0, 0, 0, 0, 0, 0, 0))
2018-03-21 07:06:02.367502;(13, (1853, 1929, 405, 1, 0, 0, 0, 0, 0, 0))
2018-03-21 07:06:02.378951;(1, (21143, 18923, 18769, 0, 0, 0, 0, 0, 0, 0))
2018-03-21 07:06:02.391202;(12, (2433, 2898, 625, 1, 0, 0, 0, 0, 0, 0))
2018-03-21 07:06:02.431642;(4, (2469, 2944, 581, 2, 0, 0, 0, 0, 0, 0))
2018-03-21 07:06:02.452475;(10, (6200, 6661, 4050, 2, 0, 0, 0, 0, 0, 0))
2018-03-21 07:06:02.493859;(19, (3214, 3515, 1006, 0, 0, 0, 0, 0, 0, 0))
2018-03-21 07:06:02.517089;(17, (2131, 2433, 515, 0, 0, 0, 0, 0, 0, 0))
2018-03-21 07:06:02.548029;(2, (4896, 5455, 2964, 0, 0, 0, 0, 0, 0, 0))
2018-03-21 07:06:02.619603;(26, (4681, 4864, 2172, 3, 0, 0, 0, 0, 0, 0))
2018-03-21 07:06:02.635746;(21, (3358, 3379, 1300, 0, 0, 0, 0, 0, 0, 0))
2018-03-21 07:07:01.745572;(23, (5210, 5438, 3088, 0, 0, 0, 0, 0, 0, 0))
2018-03-21 07:07:01.761379;(8, (4138, 4496, 1894, 0, 0, 0, 0, 0, 0, 0))
2018-03-21 07:07:01.832528;(14, (2431, 2801, 330, 0, 0, 0, 0, 0, 0, 0))
2018-03-21 07:07:01.865144;(11, (5859, 6343, 3453, 1, 0, 0, 0, 0, 0, 0))
2018-03-21 07:07:01.987172;(3, (5703, 6195, 3524, 0, 0, 0, 0, 0, 0, 0))
2018-03-21 07:07:02.000707;(20, (3832, 4055, 1755, 0, 0, 0, 0, 0, 0, 0))
2018-03-21 07:07:02.042522;(24, (2067, 1887, 683, 0, 0, 0, 0, 0, 0, 0))
2018-03-21 07:07:02.080400;(22, (6966, 6905, 4314, 0, 0, 0, 0, 0, 0, 0))
2018-03-21 07:07:02.120802;(5, (2312, 2539, 422, 0, 0, 0, 0, 0, 0, 0))
2018-03-21 07:07:02.166053;(18, (1447, 2705, 120, 0, 0, 0, 0, 0, 0, 0))
2018-03-21 07:07:02.223322;(9, (2425, 3165, 370, 0, 0, 0, 0, 0, 0, 0))
2018-03-21 07:07:02.246778;(7, (3637, 3854, 1578, 0, 0, 0, 0, 0, 0, 0))
2018-03-21 07:07:02.271949;(25, (1628, 1649, 361, 0, 0, 0, 0, 0, 0, 0))
2018-03-21 07:07:02.309932;(15, (2080, 2732, 192, 0, 0, 0, 0, 0, 0, 0))
2018-03-21 07:07:02.347236;(16, (4614, 5161, 2231, 1, 0, 0, 0, 0, 0, 0))
2018-03-21 07:07:02.386969;(13, (1875, 1953, 405, 1, 0, 0, 0, 0, 0, 0))
2018-03-21 07:07:02.388600;(6, (7101, 7225, 4673, 0, 0, 0, 0, 0, 0, 0))
2018-03-21 07:07:02.396469;(1, (22101, 19756, 19592, 0, 0, 0, 0, 0, 0, 0))
2018-03-21 07:07:02.407384;(12, (2474, 2968, 625, 1, 0, 0, 0, 0, 0, 0))
2018-03-21 07:07:02.444757;(4, (2494, 2990, 581, 2, 0, 0, 0, 0, 0, 0))
2018-03-21 07:07:02.466006;(10, (6288, 6917, 4053, 2, 0, 0, 0, 0, 0, 0))
2018-03-21 07:07:02.505581;(19, (3281, 3654, 1006, 0, 0, 0, 0, 0, 0, 0))
2018-03-21 07:07:02.528839;(17, (2187, 2584, 515, 0, 0, 0, 0, 0, 0, 0))
2018-03-21 07:07:02.561447;(2, (5038, 5631, 2975, 0, 0, 0, 0, 0, 0, 0))
2018-03-21 07:07:02.630297;(26, (4723, 4935, 2172, 3, 0, 0, 0, 0, 0, 0))
2018-03-21 07:07:02.651090;(21, (3496, 3549, 1304, 0, 0, 0, 0, 0, 0, 0))
