2018-03-22 23:42:10.695327;(18, (0, 0, 0, 0))
2018-03-22 23:42:10.716599;(16, (4, 0, 4, 0))
2018-03-22 23:42:10.801095;(25, (0, 0, 0, 0))
2018-03-22 23:42:10.806086;(9, (3, 0, 3, 0))
2018-03-22 23:42:10.869699;(22, (0, 0, 0, 0))
2018-03-22 23:42:10.885457;(13, (1, 0, 1, 0))
2018-03-22 23:42:10.933332;(1, (0, 0, 0, 0))
2018-03-22 23:42:10.980520;(26, (0, 0, 0, 0))
2018-03-22 23:42:11.018190;(23, (0, 0, 0, 0))
2018-03-22 23:42:11.084743;(6, (12, 0, 12, 0))
2018-03-22 23:42:11.108323;(11, (2, 0, 3, 0))
2018-03-22 23:42:11.108874;(19, (0, 0, 0, 0))
2018-03-22 23:42:11.176840;(20, (0, 0, 0, 0))
2018-03-22 23:42:11.198729;(17, (0, 0, 0, 0))
2018-03-22 23:42:11.209158;(5, (11, 0, 11, 0))
2018-03-22 23:42:11.279337;(15, (0, 0, 0, 0))
2018-03-22 23:42:11.293465;(14, (2, 0, 2, 0))
2018-03-22 23:42:11.300465;(21, (0, 0, 0, 0))
2018-03-22 23:42:11.378707;(24, (0, 0, 0, 0))
2018-03-22 23:42:11.389642;(10, (8, 0, 8, 0))
2018-03-22 23:42:11.402544;(4, (14, 1, 15, 0))
2018-03-22 23:42:11.484149;(12, (0, 0, 0, 0))
2018-03-22 23:42:11.490410;(7, (11, 0, 11, 0))
2018-03-22 23:42:11.509656;(2, (12, 0, 12, 0))
2018-03-22 23:42:11.593957;(3, (10, 0, 10, 0))
2018-03-22 23:42:11.611950;(8, (2, 0, 2, 0))
2018-03-22 23:43:10.708164;(18, (14, 0, 14, 0))
2018-03-22 23:43:10.732288;(16, (24, 2, 26, 0))
2018-03-22 23:43:10.815238;(25, (13, 6, 19, 1))
2018-03-22 23:43:10.823550;(9, (23, 0, 23, 0))
2018-03-22 23:43:10.888210;(22, (15, 1, 16, 0))
2018-03-22 23:43:10.904289;(13, (21, 6, 27, 0))
2018-03-22 23:43:10.944945;(1, (0, 0, 0, 0))
2018-03-22 23:43:10.992233;(26, (9, 2, 11, 0))
2018-03-22 23:43:11.030752;(23, (12, 0, 12, 0))
2018-03-22 23:43:11.097135;(6, (32, 0, 32, 0))
2018-03-22 23:43:11.121165;(11, (23, 2, 25, 0))
2018-03-22 23:43:11.125695;(19, (18, 2, 20, 0))
2018-03-22 23:43:11.188299;(20, (17, 0, 17, 0))
2018-03-22 23:43:11.211506;(17, (19, 2, 21, 0))
2018-03-22 23:43:11.221649;(5, (31, 0, 31, 0))
2018-03-22 23:43:11.290797;(15, (19, 2, 21, 0))
2018-03-22 23:43:11.307022;(14, (22, 1, 23, 0))
2018-03-22 23:43:11.314045;(21, (19, 0, 19, 0))
2018-03-22 23:43:11.391170;(24, (15, 3, 18, 0))
2018-03-22 23:43:11.401283;(10, (28, 1, 29, 0))
2018-03-22 23:43:11.415161;(4, (34, 3, 37, 0))
2018-03-22 23:43:11.497480;(12, (19, 0, 19, 0))
2018-03-22 23:43:11.503720;(7, (31, 1, 32, 0))
2018-03-22 23:43:11.523130;(2, (32, 1, 33, 0))
2018-03-22 23:43:11.608144;(3, (30, 0, 30, 0))
2018-03-22 23:43:11.628208;(8, (22, 0, 22, 0))
2018-03-22 23:44:10.721029;(18, (34, 0, 34, 0))
2018-03-22 23:44:10.746694;(16, (44, 2, 46, 0))
2018-03-22 23:44:10.828180;(25, (33, 14, 47, 1))
2018-03-22 23:44:10.840244;(9, (43, 1, 44, 0))
2018-03-22 23:44:10.907395;(22, (35, 1, 36, 0))
2018-03-22 23:44:10.917952;(13, (27, 17, 45, 2))
2018-03-22 23:44:10.957693;(1, (0, 0, 0, 0))
2018-03-22 23:44:11.007255;(26, (28, 8, 36, 0))
2018-03-22 23:44:11.041916;(23, (32, 1, 33, 0))
2018-03-22 23:44:11.109551;(6, (52, 1, 53, 0))
2018-03-22 23:44:11.133646;(11, (43, 8, 51, 0))
2018-03-22 23:44:11.141222;(19, (35, 9, 44, 1))
2018-03-22 23:44:11.200804;(20, (37, 1, 38, 0))
2018-03-22 23:44:11.221915;(17, (32, 12, 44, 2))
2018-03-22 23:44:11.233924;(5, (51, 7, 58, 0))
2018-03-22 23:44:11.302471;(15, (39, 2, 41, 0))
2018-03-22 23:44:11.320051;(14, (36, 10, 47, 1))
2018-03-22 23:44:11.329078;(21, (39, 2, 41, 0))
2018-03-22 23:44:11.402627;(24, (35, 8, 43, 0))
2018-03-22 23:44:11.413463;(10, (48, 1, 49, 0))
2018-03-22 23:44:11.428495;(4, (49, 12, 62, 0))
2018-03-22 23:44:11.510404;(12, (39, 6, 45, 0))
2018-03-22 23:44:11.517409;(7, (51, 2, 53, 0))
2018-03-22 23:44:11.537112;(2, (52, 1, 53, 0))
2018-03-22 23:44:11.621190;(3, (50, 0, 50, 0))
2018-03-22 23:44:11.641038;(8, (42, 0, 42, 0))
2018-03-22 23:45:10.736100;(18, (54, 0, 54, 0))
2018-03-22 23:45:10.760867;(16, (64, 2, 66, 0))
2018-03-22 23:45:10.842914;(25, (53, 15, 68, 1))
2018-03-22 23:45:10.857539;(9, (63, 2, 65, 0))
2018-03-22 23:45:10.924715;(22, (55, 1, 56, 0))
2018-03-22 23:45:10.936260;(13, (48, 21, 69, 3))
2018-03-22 23:45:10.972343;(1, (0, 0, 0, 0))
2018-03-22 23:45:11.019133;(26, (48, 8, 56, 0))
2018-03-22 23:45:11.056500;(23, (52, 1, 53, 0))
2018-03-22 23:45:11.121890;(6, (72, 2, 74, 0))
2018-03-22 23:45:11.148101;(11, (63, 8, 71, 0))
2018-03-22 23:45:11.157548;(19, (55, 10, 65, 1))
2018-03-22 23:45:11.232846;(17, (52, 14, 66, 2))
2018-03-22 23:45:11.246480;(5, (71, 7, 78, 0))
2018-03-22 23:45:11.315702;(15, (59, 4, 63, 0))
2018-03-22 23:45:11.333131;(14, (56, 12, 68, 2))
2018-03-22 23:45:11.340757;(21, (59, 2, 61, 0))
2018-03-22 23:45:11.414697;(24, (55, 9, 64, 0))
2018-03-22 23:45:11.426516;(10, (68, 1, 69, 0))
2018-03-22 23:45:11.440546;(4, (69, 14, 83, 1))
2018-03-22 23:45:11.521229;(12, (59, 6, 65, 0))
2018-03-22 23:45:11.532113;(7, (71, 2, 73, 0))
2018-03-22 23:45:11.550546;(2, (72, 1, 73, 0))
2018-03-22 23:45:11.634866;(3, (70, 0, 70, 0))
2018-03-22 23:45:11.654122;(8, (62, 1, 63, 0))
2018-03-22 23:46:10.749692;(18, (74, 2, 76, 0))
2018-03-22 23:46:10.775310;(16, (84, 2, 86, 0))
2018-03-22 23:46:10.857032;(25, (71, 23, 95, 1))
2018-03-22 23:46:10.875103;(9, (78, 9, 87, 1))
2018-03-22 23:46:10.940100;(22, (75, 1, 76, 0))
2018-03-22 23:46:10.952804;(13, (65, 31, 97, 3))
2018-03-22 23:46:10.984963;(1, (0, 0, 0, 0))
2018-03-22 23:46:11.032903;(26, (65, 13, 79, 0))
2018-03-22 23:46:11.069378;(23, (72, 4, 76, 0))
2018-03-22 23:46:11.134039;(6, (92, 2, 94, 0))
2018-03-22 23:46:11.162605;(11, (80, 14, 95, 0))
2018-03-22 23:46:11.170935;(19, (75, 14, 89, 1))
2018-03-22 23:46:11.227171;(20, (78, 1, 79, 0))
2018-03-22 23:46:11.244153;(17, (69, 20, 90, 2))
2018-03-22 23:46:11.257569;(5, (91, 12, 103, 0))
2018-03-22 23:46:11.327093;(15, (79, 7, 86, 0))
2018-03-22 23:46:11.345190;(14, (76, 13, 89, 2))
2018-03-22 23:46:11.353869;(21, (79, 2, 81, 0))
2018-03-22 23:46:11.427403;(24, (72, 14, 87, 0))
2018-03-22 23:46:11.438906;(10, (88, 4, 92, 0))
2018-03-22 23:46:11.452180;(4, (82, 23, 106, 2))
2018-03-22 23:46:11.532380;(12, (79, 7, 86, 0))
2018-03-22 23:46:11.547052;(7, (91, 5, 96, 0))
2018-03-22 23:46:11.563114;(2, (92, 2, 94, 0))
2018-03-22 23:46:11.648105;(3, (90, 0, 90, 0))
2018-03-22 23:46:11.667122;(8, (82, 1, 83, 0))
2018-03-22 23:47:10.762776;(18, (94, 4, 98, 0))
2018-03-22 23:47:10.789459;(16, (104, 2, 106, 0))
2018-03-22 23:47:10.872574;(25, (91, 34, 126, 1))
2018-03-22 23:47:10.894108;(9, (98, 10, 108, 1))
2018-03-22 23:47:10.956848;(22, (95, 3, 98, 0))
2018-03-22 23:47:10.965686;(13, (78, 38, 117, 4))
2018-03-22 23:47:10.994306;(1, (0, 0, 0, 0))
2018-03-22 23:47:11.044813;(26, (76, 22, 99, 2))
2018-03-22 23:47:11.083977;(23, (92, 4, 96, 0))
2018-03-22 23:47:11.145649;(6, (112, 2, 114, 0))
2018-03-22 23:47:11.176675;(11, (103, 17, 120, 0))
2018-03-22 23:47:11.182597;(19, (93, 18, 112, 1))
2018-03-22 23:47:11.239104;(20, (98, 1, 99, 0))
2018-03-22 23:47:11.254760;(17, (89, 27, 117, 2))
2018-03-22 23:47:11.269208;(5, (111, 21, 132, 0))
2018-03-22 23:47:11.338928;(15, (96, 12, 109, 0))
2018-03-22 23:47:11.356902;(14, (96, 15, 111, 2))
2018-03-22 23:47:11.366126;(21, (99, 2, 101, 0))
2018-03-22 23:47:11.437860;(24, (88, 25, 113, 1))
2018-03-22 23:47:11.450674;(10, (108, 7, 115, 0))
2018-03-22 23:47:11.462691;(4, (92, 33, 126, 4))
2018-03-22 23:47:11.542858;(12, (99, 9, 108, 0))
2018-03-22 23:47:11.560962;(7, (111, 5, 116, 0))
2018-03-22 23:47:11.577353;(2, (110, 5, 116, 0))
2018-03-22 23:47:11.660864;(3, (110, 0, 110, 0))
2018-03-22 23:47:11.680256;(8, (102, 7, 109, 0))
2018-03-22 23:48:10.777243;(18, (115, 6, 121, 0))
2018-03-22 23:48:10.803215;(16, (124, 3, 127, 0))
2018-03-22 23:48:10.890564;(25, (113, 37, 150, 1))
2018-03-22 23:48:10.911891;(9, (118, 13, 131, 1))
2018-03-22 23:48:10.972568;(22, (115, 3, 118, 0))
2018-03-22 23:48:10.984781;(13, (99, 42, 141, 4))
2018-03-22 23:48:11.005811;(1, (0, 0, 0, 0))
2018-03-22 23:48:11.061527;(26, (98, 24, 122, 2))
2018-03-22 23:48:11.097290;(23, (112, 5, 117, 0))
2018-03-22 23:48:11.160400;(6, (132, 2, 134, 0))
2018-03-22 23:48:11.193358;(11, (123, 19, 142, 0))
2018-03-22 23:48:11.198194;(19, (112, 23, 135, 2))
2018-03-22 23:48:11.251941;(20, (118, 1, 119, 0))
2018-03-22 23:48:11.270029;(17, (110, 29, 139, 3))
2018-03-22 23:48:11.283524;(5, (129, 28, 157, 1))
2018-03-22 23:48:11.352304;(15, (119, 16, 135, 0))
2018-03-22 23:48:11.373296;(14, (116, 17, 133, 2))
2018-03-22 23:48:11.380904;(21, (119, 2, 121, 0))
2018-03-22 23:48:11.449928;(24, (108, 28, 136, 1))
2018-03-22 23:48:11.462179;(10, (128, 7, 135, 0))
2018-03-22 23:48:11.474141;(4, (110, 40, 150, 5))
2018-03-22 23:48:11.553444;(12, (119, 12, 131, 0))
2018-03-22 23:48:11.572223;(7, (131, 5, 136, 0))
2018-03-22 23:48:11.589527;(2, (132, 6, 138, 0))
2018-03-22 23:48:11.673693;(3, (130, 0, 130, 0))
2018-03-22 23:48:11.693750;(8, (122, 7, 129, 0))
2018-03-22 23:49:10.790699;(18, (135, 7, 142, 0))
2018-03-22 23:49:10.816897;(16, (144, 4, 148, 0))
2018-03-22 23:49:10.907728;(25, (133, 39, 173, 1))
2018-03-22 23:49:10.926107;(9, (138, 14, 152, 1))
2018-03-22 23:49:10.989111;(22, (135, 4, 139, 0))
2018-03-22 23:49:11.001479;(13, (118, 54, 172, 5))
2018-03-22 23:49:11.017120;(1, (0, 0, 0, 0))
2018-03-22 23:49:11.076713;(26, (113, 28, 141, 3))
2018-03-22 23:49:11.109155;(23, (125, 20, 146, 1))
2018-03-22 23:49:11.174099;(6, (152, 3, 155, 0))
2018-03-22 23:49:11.208123;(11, (142, 21, 164, 0))
2018-03-22 23:49:11.213236;(19, (132, 25, 157, 2))
2018-03-22 23:49:11.265949;(20, (138, 1, 139, 0))
2018-03-22 23:49:11.283085;(17, (130, 29, 159, 3))
2018-03-22 23:49:11.297265;(5, (149, 31, 181, 1))
2018-03-22 23:49:11.367638;(15, (139, 20, 159, 0))
2018-03-22 23:49:11.387338;(14, (132, 22, 154, 3))
2018-03-22 23:49:11.393703;(21, (139, 2, 141, 0))
2018-03-22 23:49:11.463260;(24, (128, 29, 158, 1))
2018-03-22 23:49:11.488244;(4, (130, 47, 177, 5))
2018-03-22 23:49:11.565328;(12, (139, 16, 155, 0))
2018-03-22 23:49:11.584667;(7, (151, 5, 156, 0))
2018-03-22 23:49:11.602810;(2, (152, 6, 158, 0))
2018-03-22 23:49:11.687143;(3, (150, 0, 150, 0))
2018-03-22 23:49:11.708905;(8, (142, 7, 149, 0))
2018-03-22 23:50:10.804178;(18, (155, 11, 166, 0))
2018-03-22 23:50:10.831160;(16, (164, 5, 169, 0))
2018-03-22 23:50:10.924336;(25, (149, 46, 196, 2))
2018-03-22 23:50:10.940438;(9, (158, 14, 172, 1))
2018-03-22 23:50:11.003817;(22, (155, 4, 159, 0))
2018-03-22 23:50:11.017232;(13, (136, 65, 202, 5))
2018-03-22 23:50:11.028418;(1, (0, 0, 0, 0))
2018-03-22 23:50:11.090964;(26, (133, 34, 167, 3))
2018-03-22 23:50:11.121987;(23, (144, 29, 173, 1))
2018-03-22 23:50:11.192762;(6, (172, 3, 175, 0))
2018-03-22 23:50:11.222874;(11, (161, 27, 188, 1))
2018-03-22 23:50:11.224907;(19, (151, 30, 181, 2))
2018-03-22 23:50:11.279741;(20, (158, 1, 159, 0))
2018-03-22 23:50:11.311174;(5, (170, 33, 203, 1))
2018-03-22 23:50:11.379555;(15, (159, 22, 181, 0))
2018-03-22 23:50:11.400278;(14, (152, 24, 176, 3))
2018-03-22 23:50:11.408083;(21, (159, 4, 164, 0))
2018-03-22 23:50:11.474571;(24, (145, 38, 184, 2))
2018-03-22 23:50:11.487188;(10, (168, 10, 178, 0))
2018-03-22 23:50:11.502460;(4, (149, 56, 205, 6))
2018-03-22 23:50:11.577465;(12, (159, 19, 178, 0))
2018-03-22 23:50:11.598201;(7, (171, 5, 176, 0))
2018-03-22 23:50:11.615833;(2, (172, 6, 178, 0))
2018-03-22 23:50:11.701112;(3, (170, 0, 170, 0))
2018-03-22 23:50:11.723742;(8, (162, 8, 170, 0))
2018-03-22 23:51:10.816305;(18, (175, 12, 187, 0))
2018-03-22 23:51:10.845517;(16, (184, 7, 191, 0))
2018-03-22 23:51:10.939461;(25, (165, 56, 222, 2))
2018-03-22 23:51:10.955774;(9, (178, 16, 194, 1))
2018-03-22 23:51:11.017748;(22, (175, 9, 184, 0))
2018-03-22 23:51:11.031338;(13, (150, 78, 229, 6))
2018-03-22 23:51:11.105012;(26, (153, 49, 202, 3))
2018-03-22 23:51:11.136214;(23, (164, 33, 197, 1))
2018-03-22 23:51:11.205065;(6, (192, 3, 195, 0))
2018-03-22 23:51:11.238472;(11, (181, 33, 214, 1))
2018-03-22 23:51:11.239917;(19, (171, 38, 209, 2))
2018-03-22 23:51:11.292114;(20, (178, 1, 179, 0))
2018-03-22 23:51:11.306173;(17, (167, 40, 207, 4))
2018-03-22 23:51:11.324850;(5, (179, 42, 221, 3))
2018-03-22 23:51:11.392188;(15, (178, 27, 206, 0))
2018-03-22 23:51:11.413230;(14, (172, 31, 203, 3))
2018-03-22 23:51:11.421801;(21, (180, 5, 185, 0))
2018-03-22 23:51:11.485462;(24, (166, 50, 216, 2))
2018-03-22 23:51:11.499684;(10, (188, 16, 204, 0))
2018-03-22 23:51:11.514499;(4, (165, 69, 234, 7))
2018-03-22 23:51:11.590814;(12, (179, 24, 203, 0))
2018-03-22 23:51:11.612186;(7, (191, 6, 197, 0))
2018-03-22 23:51:11.629771;(2, (192, 8, 200, 0))
2018-03-22 23:51:11.715932;(3, (190, 0, 190, 0))
2018-03-22 23:51:11.737775;(8, (182, 9, 191, 0))
2018-03-22 23:51:12.038702;(1, (0, 0, 0, 0))
2018-03-22 23:52:11.828123;(18, (195, 13, 208, 0))
2018-03-22 23:52:11.857849;(16, (204, 8, 212, 0))
2018-03-22 23:52:11.955678;(25, (186, 65, 251, 3))
2018-03-22 23:52:11.971564;(9, (198, 17, 215, 1))
2018-03-22 23:52:12.032371;(22, (195, 10, 205, 0))
2018-03-22 23:52:12.044732;(13, (165, 90, 256, 6))
2018-03-22 23:52:12.049585;(1, (0, 0, 0, 0))
2018-03-22 23:52:12.117025;(26, (173, 56, 229, 3))
2018-03-22 23:52:12.149088;(23, (184, 33, 217, 1))
2018-03-22 23:52:12.220778;(6, (212, 3, 215, 0))
2018-03-22 23:52:12.251191;(11, (198, 35, 234, 1))
2018-03-22 23:52:12.254460;(19, (191, 46, 237, 2))
2018-03-22 23:52:12.302274;(20, (198, 1, 199, 0))
2018-03-22 23:52:12.317026;(17, (185, 48, 233, 5))
2018-03-22 23:52:12.337501;(5, (196, 51, 248, 3))
2018-03-22 23:52:12.407835;(15, (199, 28, 227, 0))
2018-03-22 23:52:12.425330;(14, (179, 57, 236, 9))
2018-03-22 23:52:12.434230;(21, (200, 9, 209, 0))
2018-03-22 23:52:12.494574;(24, (180, 58, 239, 2))
2018-03-22 23:52:12.513309;(10, (208, 20, 228, 0))
2018-03-22 23:52:12.523789;(4, (177, 80, 258, 8))
2018-03-22 23:52:12.602206;(12, (196, 28, 225, 0))
2018-03-22 23:52:12.623765;(7, (211, 7, 218, 0))
2018-03-22 23:52:12.640870;(2, (212, 10, 222, 0))
2018-03-22 23:52:12.728701;(3, (210, 0, 210, 0))
2018-03-22 23:52:12.750675;(8, (202, 10, 212, 0))
2018-03-22 23:53:11.841085;(18, (215, 14, 229, 0))
2018-03-22 23:53:11.875957;(16, (224, 12, 236, 0))
2018-03-22 23:53:11.968981;(25, (199, 69, 269, 3))
2018-03-22 23:53:11.986962;(9, (218, 23, 241, 1))
2018-03-22 23:53:12.045880;(22, (215, 10, 225, 0))
2018-03-22 23:53:12.060614;(13, (182, 100, 282, 8))
2018-03-22 23:53:12.064793;(1, (0, 0, 0, 0))
2018-03-22 23:53:12.130948;(26, (193, 59, 252, 3))
2018-03-22 23:53:12.163813;(23, (204, 36, 240, 1))
2018-03-22 23:53:12.233964;(6, (232, 4, 236, 0))
2018-03-22 23:53:12.265993;(11, (221, 44, 265, 1))
2018-03-22 23:53:12.270238;(19, (212, 50, 262, 2))
2018-03-22 23:53:12.316624;(20, (218, 2, 220, 0))
2018-03-22 23:53:12.332044;(17, (204, 59, 263, 6))
2018-03-22 23:53:12.348530;(5, (205, 61, 267, 4))
2018-03-22 23:53:12.418314;(15, (213, 35, 248, 1))
2018-03-22 23:53:12.436346;(14, (193, 64, 257, 10))
2018-03-22 23:53:12.446011;(21, (220, 11, 231, 0))
2018-03-22 23:53:12.506899;(24, (203, 62, 265, 3))
2018-03-22 23:53:12.525766;(10, (228, 22, 250, 0))
2018-03-22 23:53:12.535660;(4, (195, 91, 286, 8))
2018-03-22 23:53:12.615640;(12, (210, 36, 247, 1))
2018-03-22 23:53:12.637426;(7, (231, 8, 239, 0))
2018-03-22 23:53:12.655246;(2, (232, 12, 244, 0))
2018-03-22 23:53:12.744267;(3, (230, 0, 230, 0))
2018-03-22 23:53:12.765305;(8, (222, 10, 232, 0))
2018-03-22 23:54:11.859267;(18, (235, 14, 249, 0))
2018-03-22 23:54:11.891851;(16, (244, 12, 256, 0))
2018-03-22 23:54:11.982570;(25, (214, 82, 297, 5))
2018-03-22 23:54:12.002692;(9, (238, 24, 262, 1))
2018-03-22 23:54:12.061175;(22, (235, 10, 245, 0))
2018-03-22 23:54:12.078520;(13, (197, 108, 306, 8))
2018-03-22 23:54:12.081725;(1, (0, 0, 0, 0))
2018-03-22 23:54:12.144143;(26, (211, 68, 279, 4))
2018-03-22 23:54:12.177710;(23, (224, 36, 260, 1))
2018-03-22 23:54:12.282253;(11, (241, 45, 286, 1))
2018-03-22 23:54:12.284657;(19, (232, 53, 285, 2))
2018-03-22 23:54:12.331268;(20, (238, 3, 241, 0))
2018-03-22 23:54:12.348091;(17, (224, 60, 284, 6))
2018-03-22 23:54:12.363915;(5, (214, 74, 289, 6))
2018-03-22 23:54:12.429736;(15, (233, 35, 268, 1))
2018-03-22 23:54:12.449529;(14, (213, 68, 281, 10))
2018-03-22 23:54:12.459514;(21, (240, 12, 252, 0))
2018-03-22 23:54:12.520694;(24, (223, 70, 293, 3))
2018-03-22 23:54:12.538502;(10, (248, 22, 270, 0))
2018-03-22 23:54:12.548445;(4, (211, 106, 318, 8))
2018-03-22 23:54:12.629104;(12, (233, 41, 274, 1))
2018-03-22 23:54:12.650105;(7, (251, 8, 259, 0))
2018-03-22 23:54:12.668291;(2, (252, 12, 264, 0))
2018-03-22 23:54:12.758236;(3, (250, 0, 250, 0))
2018-03-22 23:54:12.780487;(8, (242, 12, 254, 0))
2018-03-22 23:55:11.876259;(18, (254, 27, 281, 0))
2018-03-22 23:55:11.907631;(16, (264, 15, 279, 0))
2018-03-22 23:55:11.994046;(25, (221, 98, 320, 7))
2018-03-22 23:55:12.017697;(9, (257, 34, 291, 2))
2018-03-22 23:55:12.076252;(22, (255, 11, 266, 0))
2018-03-22 23:55:12.090730;(13, (203, 127, 331, 12))
2018-03-22 23:55:12.092667;(1, (0, 0, 0, 0))
2018-03-22 23:55:12.156163;(26, (217, 77, 295, 6))
2018-03-22 23:55:12.192520;(23, (244, 42, 287, 1))
2018-03-22 23:55:12.260377;(6, (273, 4, 277, 0))
2018-03-22 23:55:12.294382;(11, (251, 58, 309, 3))
2018-03-22 23:55:12.300388;(19, (252, 53, 305, 2))
2018-03-22 23:55:12.345839;(20, (258, 4, 262, 0))
2018-03-22 23:55:12.362752;(17, (242, 71, 313, 7))
2018-03-22 23:55:12.376353;(5, (225, 96, 321, 11))
2018-03-22 23:55:12.444034;(15, (253, 38, 291, 1))
2018-03-22 23:55:12.461303;(14, (233, 73, 306, 10))
2018-03-22 23:55:12.472432;(21, (260, 12, 272, 0))
2018-03-22 23:55:12.532125;(24, (227, 83, 311, 5))
2018-03-22 23:55:12.550636;(10, (265, 30, 295, 1))
2018-03-22 23:55:12.559768;(4, (215, 118, 334, 10))
2018-03-22 23:55:12.640696;(12, (238, 54, 293, 3))
2018-03-22 23:55:12.664226;(7, (271, 10, 282, 0))
2018-03-22 23:55:12.682706;(2, (272, 13, 285, 0))
2018-03-22 23:55:12.773530;(3, (270, 0, 270, 0))
2018-03-22 23:55:12.794906;(8, (262, 13, 275, 0))
2018-03-22 23:56:11.893261;(18, (274, 27, 301, 0))
2018-03-22 23:56:11.923384;(16, (284, 17, 301, 0))
2018-03-22 23:56:12.009377;(25, (236, 107, 344, 8))
2018-03-22 23:56:12.033490;(9, (277, 37, 314, 2))
2018-03-22 23:56:12.090656;(22, (269, 19, 289, 1))
2018-03-22 23:56:12.105318;(13, (215, 139, 355, 13))
2018-03-22 23:56:12.105611;(1, (0, 0, 0, 0))
2018-03-22 23:56:12.169967;(26, (235, 90, 326, 7))
2018-03-22 23:56:12.209505;(23, (265, 42, 307, 1))
2018-03-22 23:56:12.273175;(6, (293, 4, 297, 0))
2018-03-22 23:56:12.306237;(11, (271, 63, 334, 3))
2018-03-22 23:56:12.316068;(19, (270, 55, 326, 2))
2018-03-22 23:56:12.360627;(20, (278, 5, 283, 0))
2018-03-22 23:56:12.376688;(17, (258, 79, 338, 7))
2018-03-22 23:56:12.388717;(5, (237, 108, 346, 12))
2018-03-22 23:56:12.455417;(15, (269, 45, 314, 2))
2018-03-22 23:56:12.472366;(14, (253, 74, 327, 10))
2018-03-22 23:56:12.486175;(21, (280, 13, 293, 0))
2018-03-22 23:56:12.542576;(24, (242, 90, 333, 6))
2018-03-22 23:56:12.562492;(10, (285, 32, 317, 1))
2018-03-22 23:56:12.572545;(4, (234, 131, 366, 11))
2018-03-22 23:56:12.653079;(12, (258, 58, 316, 3))
2018-03-22 23:56:12.677648;(7, (291, 11, 303, 0))
2018-03-22 23:56:12.696541;(2, (291, 15, 307, 0))
2018-03-22 23:56:12.788445;(3, (290, 0, 290, 0))
2018-03-22 23:56:12.809442;(8, (282, 14, 296, 0))
2018-03-22 23:57:11.910750;(18, (294, 27, 321, 0))
2018-03-22 23:57:11.939869;(16, (304, 19, 323, 0))
2018-03-22 23:57:12.023176;(25, (254, 117, 372, 9))
2018-03-22 23:57:12.048070;(9, (297, 41, 338, 2))
2018-03-22 23:57:12.104242;(22, (291, 21, 312, 1))
2018-03-22 23:57:12.119328;(1, (0, 0, 0, 0))
2018-03-22 23:57:12.120012;(13, (230, 148, 379, 14))
2018-03-22 23:57:12.184935;(26, (256, 100, 357, 7))
2018-03-22 23:57:12.224905;(23, (285, 42, 327, 1))
2018-03-22 23:57:12.287856;(6, (313, 4, 317, 0))
2018-03-22 23:57:12.321998;(11, (291, 66, 357, 3))
2018-03-22 23:57:12.333362;(19, (292, 60, 352, 2))
2018-03-22 23:57:12.373973;(20, (298, 5, 303, 0))
2018-03-22 23:57:12.390200;(17, (279, 88, 367, 9))
2018-03-22 23:57:12.400062;(5, (245, 117, 363, 13))
2018-03-22 23:57:12.468968;(15, (289, 46, 335, 2))
2018-03-22 23:57:12.500389;(21, (300, 13, 313, 0))
2018-03-22 23:57:12.553763;(24, (251, 101, 353, 8))
2018-03-22 23:57:12.574850;(10, (305, 36, 341, 1))
2018-03-22 23:57:12.586529;(4, (250, 141, 392, 12))
2018-03-22 23:57:12.667283;(12, (278, 58, 336, 3))
2018-03-22 23:57:12.691721;(7, (312, 12, 324, 0))
2018-03-22 23:57:12.712594;(2, (312, 16, 328, 0))
2018-03-22 23:57:12.802698;(3, (310, 0, 310, 0))
2018-03-22 23:57:12.823521;(8, (302, 15, 317, 0))
2018-03-22 23:58:11.926932;(18, (314, 28, 342, 0))
2018-03-22 23:58:11.954121;(16, (324, 23, 348, 0))
2018-03-22 23:58:12.037758;(25, (270, 122, 392, 10))
2018-03-22 23:58:12.061952;(9, (317, 45, 362, 2))
2018-03-22 23:58:12.117113;(22, (311, 23, 334, 1))
2018-03-22 23:58:12.130021;(1, (0, 0, 0, 0))
2018-03-22 23:58:12.135072;(13, (244, 158, 403, 16))
2018-03-22 23:58:12.199060;(26, (273, 113, 386, 9))
2018-03-22 23:58:12.236901;(23, (305, 47, 352, 1))
2018-03-22 23:58:12.301519;(6, (333, 4, 337, 0))
2018-03-22 23:58:12.336236;(11, (311, 72, 383, 3))
2018-03-22 23:58:12.349548;(19, (311, 65, 377, 2))
2018-03-22 23:58:12.388546;(20, (318, 7, 325, 0))
2018-03-22 23:58:12.404716;(17, (297, 97, 394, 10))
2018-03-22 23:58:12.414269;(5, (264, 124, 388, 14))
2018-03-22 23:58:12.483843;(15, (309, 51, 361, 2))
2018-03-22 23:58:12.504081;(14, (294, 81, 375, 10))
2018-03-22 23:58:12.515190;(21, (320, 15, 335, 0))
2018-03-22 23:58:12.566565;(24, (273, 108, 382, 8))
2018-03-22 23:58:12.588468;(10, (325, 38, 364, 1))
2018-03-22 23:58:12.600660;(4, (262, 155, 418, 14))
2018-03-22 23:58:12.680670;(12, (299, 59, 358, 3))
2018-03-22 23:58:12.705798;(7, (332, 12, 344, 0))
2018-03-22 23:58:12.726647;(2, (332, 19, 351, 0))
2018-03-22 23:58:12.815902;(3, (330, 0, 330, 0))
2018-03-22 23:58:12.837093;(8, (322, 16, 338, 0))
2018-03-22 23:59:11.942580;(18, (334, 29, 363, 0))
2018-03-22 23:59:11.968284;(16, (345, 25, 370, 0))
2018-03-22 23:59:12.051174;(25, (283, 131, 414, 12))
2018-03-22 23:59:12.075128;(9, (333, 60, 393, 4))
2018-03-22 23:59:12.130114;(22, (331, 23, 354, 1))
2018-03-22 23:59:12.142796;(1, (0, 0, 0, 0))
2018-03-22 23:59:12.148433;(13, (261, 168, 429, 17))
2018-03-22 23:59:12.217140;(26, (293, 119, 412, 9))
2018-03-22 23:59:12.249759;(23, (325, 49, 374, 1))
2018-03-22 23:59:12.314774;(6, (353, 4, 357, 0))
2018-03-22 23:59:12.352191;(11, (331, 74, 405, 3))
2018-03-22 23:59:12.365171;(19, (332, 67, 399, 2))
2018-03-22 23:59:12.402668;(20, (338, 8, 346, 0))
2018-03-22 23:59:12.421348;(17, (315, 105, 420, 11))
2018-03-22 23:59:12.426728;(5, (283, 134, 417, 15))
2018-03-22 23:59:12.499206;(15, (330, 53, 383, 2))
2018-03-22 23:59:12.520343;(14, (314, 83, 397, 10))
2018-03-22 23:59:12.530962;(21, (340, 15, 355, 0))
2018-03-22 23:59:12.580345;(24, (288, 119, 407, 9))
2018-03-22 23:59:12.602810;(10, (346, 40, 386, 1))
2018-03-22 23:59:12.614865;(4, (273, 172, 446, 16))
2018-03-22 23:59:12.695408;(12, (319, 61, 380, 3))
2018-03-22 23:59:12.720594;(7, (352, 13, 365, 0))
2018-03-22 23:59:12.828565;(3, (350, 0, 350, 0))
2018-03-22 23:59:12.850106;(8, (342, 17, 359, 0))
