2018-04-17 01:38:30.586601;(10, (7, 60, 0, 60, 57, 0, 0, 36, 159, 0, 52, 252, 0))
2018-04-17 01:38:30.601489;(4, (4, 131, 0, 131, 130, 0, 0, 10, 27, 0, 128, 167, 0))
2018-04-17 01:38:30.654306;(5, (5, 667, 0, 667, 595, 0, 0, 317, 1946, 0, 667, 2859, 0))
2018-04-17 01:38:30.687996;(14, (5, 246, 0, 246, 245, 0, 0, 25, 141, 0, 238, 411, 0))
2018-04-17 01:38:30.771320;(17, (5, 23, 0, 23, 20, 0, 0, 20, 27, 0, 17, 67, 0))
2018-04-17 01:38:30.786649;(18, (4, 59, 0, 59, 59, 0, 0, 5, 53, 0, 51, 117, 0))
2018-04-17 01:38:30.912674;(13, (5, 299, 0, 299, 288, 0, 0, 108, 239, 0, 295, 635, 0))
2018-04-17 01:38:30.931247;(20, (5, 909, 0, 909, 862, 0, 0, 459, 904, 0, 903, 2225, 0))
2018-04-17 01:38:30.964878;(9, (4, 34, 0, 34, 33, 0, 0, 10, 8, 0, 29, 51, 0))
2018-04-17 01:38:31.021846;(16, (4, 82, 0, 82, 82, 0, 0, 3, 9, 0, 78, 94, 0))
2018-04-17 01:38:31.062882;(7, (4, 371, 0, 371, 366, 0, 0, 52, 167, 0, 365, 585, 0))
2018-04-17 01:38:31.081487;(12, (5, 187, 0, 187, 187, 0, 0, 28, 115, 0, 179, 330, 0))
2018-04-17 01:38:31.104453;(21, (5, 21, 0, 21, 20, 0, 0, 6, 36, 0, 20, 62, 0))
2018-04-17 01:38:31.133340;(23, (4, 110, 0, 110, 105, 0, 0, 35, 96, 0, 110, 236, 0))
2018-04-17 01:38:31.205916;(1, (5, 984, 3, 981, 894, 0, 0, 416, 3121, 3, 984, 4431, 0))
2018-04-17 01:38:31.255213;(3, (5, 400, 0, 400, 396, 0, 0, 50, 368, 0, 392, 814, 0))
2018-04-17 01:38:31.351582;(15, (7, 67, 0, 67, 62, 0, 0, 41, 472, 0, 62, 575, 0))
2018-04-17 01:38:31.355299;(19, (6, 53, 0, 53, 52, 0, 0, 28, 0, 0, 42, 80, 0))
2018-04-17 01:38:31.404192;(11, (4, 32, 0, 32, 32, 0, 0, 1, 27, 0, 25, 60, 0))
2018-04-17 01:38:31.460672;(6, (7, 185, 0, 185, 173, 0, 0, 185, 180, 0, 181, 538, 0))
2018-04-17 01:38:31.525246;(8, (4, 138, 0, 138, 130, 0, 0, 41, 103, 0, 132, 274, 0))
2018-04-17 01:39:30.606178;(10, (6, 168, 0, 168, 162, 0, 0, 95, 372, 0, 150, 629, 0))
2018-04-17 01:39:30.617631;(4, (4, 443, 0, 443, 442, 0, 0, 33, 51, 0, 437, 526, 0))
2018-04-17 01:39:30.676676;(5, (5, 1736, 0, 1736, 1567, 0, 0, 715, 4429, 0, 1734, 6711, 0))
2018-04-17 01:39:30.784085;(17, (8, 66, 0, 66, 60, 0, 0, 82, 41, 0, 47, 183, 0))
2018-04-17 01:39:30.934553;(13, (5, 803, 0, 803, 781, 0, 0, 312, 521, 0, 787, 1614, 0))
2018-04-17 01:39:30.945686;(20, (6, 2166, 1, 2165, 2037, 0, 0, 1230, 2651, 1, 2145, 5918, 0))
2018-04-17 01:39:30.978477;(9, (4, 133, 0, 133, 132, 0, 0, 13, 10, 0, 120, 155, 0))
2018-04-17 01:39:31.034853;(16, (4, 138, 0, 138, 138, 0, 0, 4, 21, 0, 118, 163, 0))
2018-04-17 01:39:31.077239;(7, (5, 833, 0, 833, 811, 0, 0, 172, 703, 0, 813, 1686, 0))
2018-04-17 01:39:31.094089;(12, (5, 376, 0, 376, 375, 0, 0, 68, 251, 0, 355, 694, 0))
2018-04-17 01:39:31.121174;(21, (5, 140, 0, 140, 137, 0, 0, 32, 263, 0, 136, 432, 0))
2018-04-17 01:39:31.141630;(23, (4, 326, 0, 326, 314, 0, 0, 90, 211, 0, 326, 615, 0))
2018-04-17 01:39:31.210498;(1, (6, 2587, 8, 2579, 2334, 0, 0, 1090, 8606, 8, 2588, 12030, 0))
2018-04-17 01:39:31.267601;(3, (4, 970, 0, 970, 957, 0, 0, 105, 912, 0, 946, 1974, 0))
2018-04-17 01:39:31.369696;(19, (6, 116, 0, 116, 111, 0, 0, 81, 46, 0, 91, 238, 0))
2018-04-17 01:39:31.371108;(15, (5, 182, 0, 182, 175, 0, 0, 58, 683, 0, 174, 916, 0))
2018-04-17 01:39:31.417668;(11, (5, 81, 0, 81, 81, 0, 0, 11, 70, 0, 60, 162, 0))
2018-04-17 01:39:31.473803;(6, (6, 492, 0, 492, 465, 0, 0, 415, 342, 0, 475, 1222, 0))
2018-04-17 01:39:31.542128;(8, (5, 287, 0, 287, 267, 0, 0, 137, 239, 0, 265, 643, 0))
2018-04-17 01:40:30.628064;(10, (7, 276, 0, 276, 265, 0, 0, 172, 629, 0, 249, 1066, 0))
2018-04-17 01:40:30.635979;(4, (4, 727, 0, 727, 722, 0, 0, 70, 107, 0, 713, 899, 0))
2018-04-17 01:40:30.696306;(5, (5, 2738, 0, 2738, 2466, 0, 0, 1142, 7181, 0, 2730, 10789, 0))
2018-04-17 01:40:30.796773;(17, (7, 131, 0, 131, 123, 0, 0, 144, 63, 0, 102, 330, 0))
2018-04-17 01:40:30.950547;(13, (6, 1268, 0, 1268, 1232, 0, 0, 560, 820, 0, 1240, 2612, 0))
2018-04-17 01:40:30.961121;(20, (5, 3446, 1, 3445, 3246, 0, 0, 1922, 4042, 1, 3410, 9210, 0))
2018-04-17 01:40:30.993001;(9, (5, 229, 0, 229, 228, 0, 0, 29, 36, 0, 205, 293, 0))
2018-04-17 01:40:31.055967;(16, (5, 205, 0, 205, 204, 0, 0, 12, 68, 0, 168, 284, 0))
2018-04-17 01:40:31.091176;(7, (5, 1274, 0, 1274, 1236, 0, 0, 273, 1132, 0, 1239, 2641, 0))
2018-04-17 01:40:31.109295;(12, (5, 598, 0, 598, 596, 0, 0, 103, 405, 0, 568, 1104, 0))
2018-04-17 01:40:31.137135;(21, (5, 257, 0, 257, 252, 0, 0, 64, 525, 0, 249, 841, 0))
2018-04-17 01:40:31.152244;(23, (4, 533, 0, 533, 520, 0, 0, 117, 224, 0, 533, 861, 0))
2018-04-17 01:40:31.226729;(1, (6, 4150, 11, 4139, 3738, 0, 0, 1809, 13813, 11, 4150, 19360, 0))
2018-04-17 01:40:31.281774;(3, (4, 1620, 0, 1620, 1598, 0, 0, 146, 1546, 0, 1581, 3290, 0))
2018-04-17 01:40:31.384173;(19, (6, 161, 0, 161, 154, 0, 0, 110, 85, 0, 123, 349, 0))
2018-04-17 01:40:31.390092;(15, (5, 301, 0, 301, 294, 0, 0, 69, 781, 0, 290, 1144, 0))
2018-04-17 01:40:31.430652;(11, (5, 132, 0, 132, 132, 0, 0, 18, 105, 0, 99, 255, 0))
2018-04-17 01:40:31.487439;(6, (6, 784, 0, 784, 744, 0, 0, 615, 579, 0, 755, 1938, 0))
2018-04-17 01:40:31.558549;(8, (5, 420, 0, 420, 383, 0, 0, 225, 508, 0, 386, 1116, 0))
2018-04-17 01:41:30.651517;(10, (7, 366, 0, 366, 351, 0, 0, 229, 850, 0, 329, 1430, 0))
2018-04-17 01:41:30.657403;(4, (4, 1021, 0, 1021, 1015, 0, 0, 93, 149, 0, 1001, 1257, 0))
2018-04-17 01:41:30.712731;(5, (5, 3799, 0, 3799, 3445, 0, 0, 1466, 9255, 0, 3786, 14166, 0))
2018-04-17 01:41:30.807692;(17, (9, 179, 0, 179, 168, 0, 0, 216, 67, 0, 135, 451, 0))
2018-04-17 01:41:30.971897;(13, (5, 1783, 0, 1783, 1732, 0, 0, 773, 1413, 0, 1750, 3918, 0))
2018-04-17 01:41:30.976805;(20, (6, 4657, 1, 4656, 4388, 0, 0, 2702, 5424, 1, 4608, 12514, 0))
2018-04-17 01:41:31.006753;(9, (4, 325, 0, 325, 324, 0, 0, 34, 58, 0, 294, 416, 0))
2018-04-17 01:41:31.067592;(16, (4, 275, 0, 275, 274, 0, 0, 15, 77, 0, 225, 366, 0))
2018-04-17 01:41:31.102948;(7, (4, 1761, 0, 1761, 1711, 0, 0, 373, 1404, 0, 1709, 3488, 0))
2018-04-17 01:41:31.118830;(12, (4, 796, 0, 796, 791, 0, 0, 121, 482, 0, 751, 1394, 0))
2018-04-17 01:41:31.156411;(21, (5, 376, 0, 376, 369, 0, 0, 98, 707, 0, 366, 1174, 0))
2018-04-17 01:41:31.159373;(23, (4, 736, 0, 736, 723, 0, 0, 139, 255, 0, 736, 1117, 0))
2018-04-17 01:41:31.232212;(1, (6, 5716, 15, 5701, 5180, 0, 0, 2341, 18763, 15, 5717, 26284, 0))
2018-04-17 01:41:31.292329;(3, (4, 2168, 0, 2168, 2137, 0, 0, 195, 2125, 0, 2119, 4457, 0))
2018-04-17 01:41:31.399241;(19, (7, 232, 0, 232, 219, 0, 0, 187, 138, 0, 178, 544, 0))
2018-04-17 01:41:31.412588;(15, (4, 419, 0, 419, 410, 0, 0, 83, 897, 0, 406, 1390, 0))
2018-04-17 01:41:31.444674;(11, (4, 204, 0, 204, 204, 0, 0, 28, 132, 0, 157, 364, 0))
2018-04-17 01:41:31.499663;(6, (5, 1065, 0, 1065, 1013, 0, 0, 766, 740, 0, 1026, 2519, 0))
2018-04-17 01:41:31.570100;(8, (5, 601, 0, 601, 551, 0, 0, 316, 711, 0, 554, 1578, 0))
2018-04-17 01:42:30.671504;(10, (6, 478, 0, 478, 459, 0, 0, 281, 1145, 0, 434, 1885, 0))
2018-04-17 01:42:30.673503;(4, (4, 1296, 0, 1296, 1290, 0, 0, 104, 192, 0, 1271, 1586, 0))
2018-04-17 01:42:30.727731;(5, (5, 4897, 0, 4897, 4469, 0, 0, 1776, 11489, 0, 4880, 17734, 0))
2018-04-17 01:42:30.820539;(17, (7, 266, 0, 266, 251, 0, 0, 294, 67, 0, 207, 612, 0))
2018-04-17 01:42:30.985614;(13, (6, 2265, 0, 2265, 2204, 0, 0, 966, 2494, 0, 2228, 5664, 0))
2018-04-17 01:42:30.997513;(20, (6, 5928, 1, 5927, 5578, 0, 0, 3591, 6991, 1, 5872, 16161, 0))
2018-04-17 01:42:31.026836;(9, (4, 418, 0, 418, 416, 0, 0, 41, 76, 0, 379, 533, 0))
2018-04-17 01:42:31.078433;(16, (5, 352, 0, 352, 350, 0, 0, 26, 131, 0, 289, 507, 0))
2018-04-17 01:42:31.114067;(7, (5, 2178, 0, 2178, 2118, 0, 0, 459, 1883, 0, 2109, 4460, 0))
2018-04-17 01:42:31.133735;(12, (4, 1034, 0, 1034, 1028, 0, 0, 148, 563, 0, 979, 1739, 0))
2018-04-17 01:42:31.178478;(21, (5, 495, 0, 495, 487, 0, 0, 130, 794, 0, 484, 1411, 0))
2018-04-17 01:42:31.178604;(23, (4, 971, 0, 971, 958, 0, 0, 157, 255, 0, 971, 1370, 0))
2018-04-17 01:42:31.239830;(1, (6, 7364, 15, 7349, 6700, 0, 0, 2948, 24387, 15, 7365, 34035, 0))
2018-04-17 01:42:31.304440;(3, (5, 2835, 0, 2835, 2791, 0, 0, 254, 2978, 0, 2770, 6023, 0))
2018-04-17 01:42:31.411059;(19, (9, 282, 0, 282, 266, 0, 0, 240, 211, 0, 212, 717, 0))
2018-04-17 01:42:31.428935;(15, (4, 539, 0, 539, 530, 0, 0, 95, 1000, 0, 526, 1625, 0))
2018-04-17 01:42:31.459063;(11, (5, 267, 0, 267, 267, 0, 0, 47, 209, 0, 203, 523, 0))
2018-04-17 01:42:31.513828;(6, (5, 1389, 0, 1389, 1325, 0, 0, 938, 853, 0, 1340, 3116, 0))
2018-04-17 01:42:31.575720;(8, (5, 723, 0, 723, 659, 0, 0, 429, 840, 0, 668, 1928, 0))
2018-04-17 01:43:30.689898;(10, (6, 591, 0, 591, 567, 0, 0, 345, 1356, 0, 538, 2269, 0))
2018-04-17 01:43:30.691849;(4, (4, 1570, 0, 1570, 1562, 0, 0, 130, 238, 0, 1537, 1930, 0))
2018-04-17 01:43:30.746919;(5, (5, 5909, 0, 5909, 5385, 0, 0, 2137, 13894, 0, 5889, 21416, 0))
2018-04-17 01:43:30.833837;(17, (6, 355, 0, 355, 338, 0, 0, 350, 85, 0, 286, 773, 0))
2018-04-17 01:43:31.000942;(13, (5, 2733, 0, 2733, 2653, 0, 0, 1225, 2796, 0, 2686, 6674, 0))
2018-04-17 01:43:31.011643;(20, (6, 7073, 3, 7070, 6635, 0, 0, 4375, 8861, 3, 7001, 19871, 0))
2018-04-17 01:43:31.044548;(9, (4, 508, 0, 508, 506, 0, 0, 46, 89, 0, 459, 641, 0))
2018-04-17 01:43:31.086855;(16, (5, 404, 0, 404, 400, 0, 0, 34, 184, 0, 326, 618, 0))
2018-04-17 01:43:31.125527;(7, (5, 2632, 0, 2632, 2556, 0, 0, 553, 2473, 0, 2547, 5582, 0))
2018-04-17 01:43:31.150488;(12, (5, 1170, 0, 1170, 1164, 0, 0, 172, 593, 0, 1102, 1929, 0))
2018-04-17 01:43:31.188099;(23, (4, 1155, 0, 1155, 1141, 0, 0, 185, 269, 0, 1155, 1595, 0))
2018-04-17 01:43:31.197678;(21, (5, 615, 0, 615, 607, 0, 0, 170, 971, 0, 603, 1748, 0))
2018-04-17 01:43:31.247990;(1, (6, 8868, 19, 8849, 8054, 0, 0, 3639, 29168, 19, 8869, 40861, 0))
2018-04-17 01:43:31.319289;(3, (5, 3305, 0, 3305, 3247, 0, 0, 333, 3691, 0, 3226, 7271, 0))
2018-04-17 01:43:31.424563;(19, (6, 322, 0, 322, 305, 0, 0, 262, 226, 0, 239, 793, 0))
2018-04-17 01:43:31.446801;(15, (5, 638, 0, 638, 626, 0, 0, 120, 1132, 0, 621, 1878, 0))
2018-04-17 01:43:31.467463;(11, (5, 299, 0, 299, 298, 0, 0, 59, 249, 0, 226, 606, 0))
2018-04-17 01:43:31.531561;(6, (6, 1664, 0, 1664, 1586, 0, 0, 1157, 1150, 0, 1599, 3893, 0))
2018-04-17 01:43:31.583693;(8, (5, 835, 0, 835, 757, 0, 0, 516, 1051, 0, 761, 2324, 0))
2018-04-17 01:44:30.708673;(10, (7, 703, 0, 703, 672, 0, 0, 409, 1767, 0, 639, 2848, 0))
2018-04-17 01:44:30.711962;(4, (4, 1838, 0, 1838, 1828, 0, 0, 158, 328, 0, 1793, 2314, 0))
2018-04-17 01:44:30.846257;(17, (8, 451, 0, 451, 428, 0, 0, 472, 111, 0, 370, 1011, 0))
2018-04-17 01:44:31.022538;(13, (6, 3210, 0, 3210, 3118, 0, 0, 1461, 3185, 0, 3159, 7764, 0))
2018-04-17 01:44:31.033433;(20, (6, 8511, 3, 8508, 7992, 0, 0, 5201, 10570, 3, 8427, 23763, 0))
2018-04-17 01:44:31.061727;(9, (4, 596, 0, 596, 593, 0, 0, 50, 121, 0, 534, 764, 0))
2018-04-17 01:44:31.106573;(16, (4, 465, 0, 465, 461, 0, 0, 41, 210, 0, 370, 712, 0))
2018-04-17 01:44:31.140244;(7, (4, 3195, 0, 3195, 3106, 0, 0, 646, 2888, 0, 3096, 6640, 0))
2018-04-17 01:44:31.170009;(12, (5, 1373, 0, 1373, 1366, 0, 0, 203, 670, 0, 1293, 2239, 0))
2018-04-17 01:44:31.202592;(23, (4, 1381, 0, 1381, 1366, 0, 0, 199, 293, 0, 1381, 1858, 0))
2018-04-17 01:44:31.215019;(21, (5, 733, 0, 733, 722, 0, 0, 214, 1138, 0, 718, 2074, 0))
2018-04-17 01:44:31.256319;(1, (5, 10565, 20, 10545, 9585, 0, 0, 4339, 34915, 20, 10567, 48839, 0))
2018-04-17 01:44:31.330914;(3, (5, 3982, 0, 3982, 3908, 0, 0, 403, 4589, 0, 3888, 8900, 0))
2018-04-17 01:44:31.439344;(19, (8, 407, 0, 407, 383, 0, 0, 365, 355, 0, 306, 1103, 0))
2018-04-17 01:44:31.463009;(15, (5, 747, 0, 747, 735, 0, 0, 144, 1241, 0, 728, 2120, 0))
2018-04-17 01:44:31.479109;(11, (5, 376, 0, 376, 375, 0, 0, 72, 323, 0, 287, 770, 0))
2018-04-17 01:44:31.551670;(6, (6, 1988, 0, 1988, 1897, 0, 0, 1389, 1391, 0, 1912, 4678, 0))
2018-04-17 01:44:31.600804;(8, (5, 1009, 0, 1009, 910, 0, 0, 631, 1361, 0, 923, 2902, 0))
2018-04-17 01:45:30.723585;(10, (6, 802, 0, 802, 767, 0, 0, 458, 1947, 0, 728, 3172, 0))
2018-04-17 01:45:30.865075;(17, (6, 533, 0, 533, 507, 0, 0, 535, 131, 0, 441, 1173, 0))
2018-04-17 01:45:31.046488;(13, (6, 3651, 0, 3651, 3548, 0, 0, 1675, 3544, 0, 3593, 8767, 0))
2018-04-17 01:45:31.050711;(20, (6, 9834, 3, 9831, 9228, 0, 0, 6081, 12166, 3, 9742, 27475, 0))
2018-04-17 01:45:31.074252;(9, (4, 674, 0, 674, 671, 0, 0, 54, 132, 0, 598, 857, 0))
2018-04-17 01:45:31.121609;(16, (4, 562, 0, 562, 558, 0, 0, 46, 233, 0, 454, 837, 0))
2018-04-17 01:45:31.155769;(7, (5, 3682, 0, 3682, 3576, 0, 0, 748, 3453, 0, 3570, 7777, 0))
2018-04-17 01:45:31.188091;(12, (4, 1608, 0, 1608, 1600, 0, 0, 231, 721, 0, 1515, 2552, 0))
2018-04-17 01:45:31.209660;(23, (4, 1580, 0, 1580, 1565, 0, 0, 217, 325, 0, 1580, 2107, 0))
2018-04-17 01:45:31.229703;(21, (5, 850, 0, 850, 836, 0, 0, 241, 1322, 0, 832, 2399, 0))
2018-04-17 01:45:31.262866;(1, (6, 12137, 21, 12116, 10997, 0, 0, 5084, 40072, 21, 12137, 56153, 0))
2018-04-17 01:45:31.341938;(3, (5, 4612, 0, 4612, 4526, 0, 0, 466, 5446, 0, 4502, 10438, 0))
2018-04-17 01:45:31.455154;(19, (8, 469, 0, 469, 443, 0, 0, 433, 368, 0, 355, 1244, 0))
2018-04-17 01:45:31.487076;(15, (5, 861, 0, 861, 846, 0, 0, 176, 1511, 0, 837, 2533, 0))
2018-04-17 01:45:31.490676;(11, (5, 423, 0, 423, 422, 0, 0, 84, 371, 0, 321, 877, 0))
2018-04-17 01:45:31.566189;(6, (6, 2254, 0, 2254, 2153, 0, 0, 1593, 1466, 0, 2169, 5212, 0))
2018-04-17 01:45:31.609511;(8, (6, 1137, 0, 1137, 1017, 0, 0, 773, 1683, 0, 1035, 3473, 0))
2018-04-17 01:46:30.739498;(10, (5, 905, 0, 905, 867, 0, 0, 502, 2135, 0, 822, 3504, 0))
2018-04-17 01:46:30.881494;(17, (7, 595, 0, 595, 565, 0, 0, 609, 132, 0, 491, 1306, 0))
2018-04-17 01:46:31.061776;(13, (5, 3999, 0, 3999, 3874, 0, 0, 1876, 3917, 0, 3931, 9667, 0))
2018-04-17 01:46:31.084348;(9, (4, 734, 0, 734, 731, 0, 0, 56, 140, 0, 640, 927, 0))
2018-04-17 01:46:31.135976;(16, (4, 653, 0, 653, 649, 0, 0, 48, 249, 0, 531, 946, 0))
2018-04-17 01:46:31.173015;(7, (5, 4132, 0, 4132, 4009, 0, 0, 857, 3940, 0, 4003, 8806, 0))
2018-04-17 01:46:31.203084;(12, (4, 1869, 0, 1869, 1860, 0, 0, 263, 861, 0, 1762, 2984, 0))
2018-04-17 01:46:31.216036;(23, (4, 1808, 0, 1808, 1792, 0, 0, 239, 339, 0, 1808, 2370, 0))
2018-04-17 01:46:31.246495;(21, (5, 967, 0, 967, 951, 0, 0, 265, 1467, 0, 945, 2683, 0))
2018-04-17 01:46:31.271385;(1, (5, 13711, 24, 13687, 12427, 0, 0, 5750, 44845, 24, 13711, 63022, 0))
2018-04-17 01:46:31.362738;(3, (5, 5301, 0, 5301, 5200, 0, 0, 544, 6148, 0, 5175, 11892, 0))
2018-04-17 01:46:31.468315;(19, (8, 533, 0, 533, 497, 0, 0, 543, 443, 0, 403, 1483, 0))
2018-04-17 01:46:31.503092;(11, (5, 484, 0, 484, 483, 0, 0, 94, 424, 0, 369, 1001, 0))
2018-04-17 01:46:31.507028;(15, (5, 977, 0, 977, 958, 0, 0, 207, 1691, 0, 946, 2856, 0))
2018-04-17 01:46:31.581426;(6, (6, 2587, 0, 2587, 2472, 0, 0, 1859, 1680, 0, 2490, 6011, 0))
2018-04-17 01:47:30.766858;(10, (6, 1019, 0, 1019, 978, 0, 0, 543, 2320, 0, 929, 3841, 0))
2018-04-17 01:47:30.902460;(17, (7, 698, 0, 698, 663, 0, 0, 711, 186, 0, 585, 1560, 0))
2018-04-17 01:47:31.084184;(13, (5, 4439, 0, 4439, 4298, 0, 0, 2093, 4299, 0, 4363, 10690, 0))
2018-04-17 01:47:31.103601;(9, (4, 812, 0, 812, 808, 0, 0, 66, 151, 0, 707, 1025, 0))
2018-04-17 01:47:31.159249;(16, (4, 716, 0, 716, 712, 0, 0, 53, 276, 0, 581, 1041, 0))
2018-04-17 01:47:31.193992;(7, (5, 4752, 0, 4752, 4615, 0, 0, 975, 4529, 0, 4609, 10119, 0))
2018-04-17 01:47:31.226966;(12, (5, 2023, 0, 2023, 2013, 0, 0, 295, 947, 0, 1901, 3255, 0))
2018-04-17 01:47:31.227958;(23, (4, 1960, 0, 1960, 1941, 0, 0, 268, 353, 0, 1960, 2562, 0))
2018-04-17 01:47:31.270934;(21, (5, 1078, 0, 1078, 1058, 0, 0, 300, 1631, 0, 1051, 2989, 0))
2018-04-17 01:47:31.286573;(1, (6, 15318, 28, 15290, 13872, 0, 0, 6455, 50224, 28, 15318, 5015, 0))
2018-04-17 01:47:31.382866;(3, (5, 5848, 0, 5848, 5737, 0, 0, 595, 6715, 0, 5708, 13047, 0))
2018-04-17 01:47:31.488528;(19, (7, 614, 0, 614, 572, 0, 0, 629, 536, 0, 471, 1737, 0))
2018-04-17 01:47:31.518930;(11, (4, 544, 0, 544, 543, 0, 0, 101, 468, 0, 413, 1112, 0))
2018-04-17 01:47:31.531154;(15, (4, 1096, 0, 1096, 1076, 0, 0, 227, 1794, 0, 1064, 3097, 0))
2018-04-17 01:47:31.603275;(6, (7, 2845, 0, 2845, 2718, 0, 0, 2102, 1826, 0, 2738, 6646, 0))
2018-04-17 01:47:31.636580;(8, (6, 1435, 0, 1435, 1281, 0, 0, 997, 2131, 0, 1305, 4409, 0))
2018-04-17 01:48:30.791389;(10, (5, 1120, 0, 1120, 1076, 0, 0, 571, 2544, 0, 1016, 4191, 0))
2018-04-17 01:48:31.108295;(13, (5, 4954, 0, 4954, 4796, 0, 0, 2323, 4695, 0, 4866, 11814, 0))
2018-04-17 01:48:31.126043;(9, (4, 907, 0, 907, 901, 0, 0, 82, 167, 0, 793, 1150, 0))
2018-04-17 01:48:31.175854;(16, (5, 757, 0, 757, 753, 0, 0, 59, 297, 0, 611, 1109, 0))
2018-04-17 01:48:31.223583;(7, (5, 5257, 0, 5257, 5107, 0, 0, 1102, 4886, 0, 5100, 11095, 0))
2018-04-17 01:48:31.243405;(23, (4, 2155, 0, 2155, 2135, 0, 0, 277, 368, 0, 2155, 2780, 0))
2018-04-17 01:48:31.249424;(12, (5, 2179, 0, 2179, 2168, 0, 0, 324, 1097, 0, 2044, 3589, 0))
2018-04-17 01:48:31.299732;(21, (5, 1198, 0, 1198, 1176, 0, 0, 329, 1759, 0, 1167, 3264, 0))
2018-04-17 01:48:31.301354;(1, (5, 16896, 31, 16865, 15309, 0, 0, 7154, 54966, 31, 16896, 11893, 0))
2018-04-17 01:48:31.403928;(3, (5, 6411, 0, 6411, 6293, 0, 0, 654, 7369, 0, 6260, 14316, 0))
2018-04-17 01:48:31.506615;(19, (7, 675, 0, 675, 629, 0, 0, 694, 562, 0, 517, 1885, 0))
2018-04-17 01:48:31.537931;(11, (4, 581, 0, 581, 580, 0, 0, 105, 477, 0, 440, 1162, 0))
2018-04-17 01:48:31.559317;(15, (5, 1213, 0, 1213, 1192, 0, 0, 244, 1905, 0, 1178, 3341, 0))
2018-04-17 01:48:31.620062;(6, (6, 3109, 0, 3109, 2970, 0, 0, 2323, 1954, 0, 2987, 7247, 0))
2018-04-17 01:48:31.658604;(8, (5, 1569, 0, 1569, 1402, 0, 0, 1077, 2309, 0, 1423, 4788, 0))
2018-04-17 01:49:30.813520;(10, (5, 1238, 0, 1238, 1192, 0, 0, 620, 2716, 0, 1131, 4528, 0))
2018-04-17 01:49:31.129495;(13, (5, 5373, 0, 5373, 5198, 0, 0, 2520, 5066, 0, 5275, 12784, 0))
2018-04-17 01:49:31.137936;(9, (4, 955, 0, 955, 947, 0, 0, 96, 192, 0, 833, 1235, 0))
2018-04-17 01:49:31.191252;(16, (5, 800, 0, 800, 795, 0, 0, 71, 330, 0, 647, 1196, 0))
2018-04-17 01:49:31.242542;(7, (5, 5733, 0, 5733, 5564, 0, 0, 1229, 5448, 0, 5563, 12241, 0))
2018-04-17 01:49:31.252010;(23, (4, 2361, 0, 2361, 2339, 0, 0, 306, 408, 0, 2361, 3053, 0))
2018-04-17 01:49:31.268373;(12, (5, 2349, 0, 2349, 2336, 0, 0, 339, 1209, 0, 2203, 3884, 0))
2018-04-17 01:49:31.315023;(1, (5, 18470, 32, 18438, 16726, 0, 0, 7899, 59668, 32, 18471, 18757, 0))
2018-04-17 01:49:31.323393;(21, (5, 1317, 0, 1317, 1294, 0, 0, 344, 1932, 0, 1284, 3570, 0))
2018-04-17 01:49:31.421420;(3, (4, 6960, 0, 6960, 6837, 0, 0, 688, 7809, 0, 6797, 15334, 0))
2018-04-17 01:49:31.523099;(19, (8, 716, 0, 716, 665, 0, 0, 755, 604, 0, 548, 2024, 0))
2018-04-17 01:49:31.553649;(11, (5, 656, 0, 656, 655, 0, 0, 115, 538, 0, 502, 1308, 0))
2018-04-17 01:49:31.583957;(15, (5, 1333, 0, 1333, 1311, 0, 0, 261, 2067, 0, 1297, 3639, 0))
2018-04-17 01:49:31.641565;(6, (7, 3415, 0, 3415, 3263, 0, 0, 2572, 2118, 0, 3282, 7953, 0))
2018-04-17 01:49:31.671976;(8, (5, 1760, 0, 1760, 1576, 0, 0, 1197, 2541, 0, 1596, 5314, 0))
2018-04-17 01:50:30.831040;(10, (6, 1352, 0, 1352, 1299, 0, 0, 680, 2987, 0, 1234, 4966, 0))
2018-04-17 01:50:31.144828;(13, (5, 5922, 0, 5922, 5736, 0, 0, 2672, 5307, 0, 5817, 13715, 0))
2018-04-17 01:50:31.159156;(9, (4, 1070, 0, 1070, 1062, 0, 0, 106, 199, 0, 945, 1367, 0))
2018-04-17 01:50:31.209246;(16, (4, 863, 0, 863, 857, 0, 0, 73, 356, 0, 700, 1286, 0))
2018-04-17 01:50:31.254007;(7, (5, 6313, 0, 6313, 6128, 0, 0, 1329, 6044, 0, 6129, 13501, 0))
2018-04-17 01:50:31.261779;(23, (4, 2578, 0, 2578, 2556, 0, 0, 317, 431, 0, 2578, 3304, 0))
2018-04-17 01:50:31.286752;(12, (4, 2515, 0, 2515, 2498, 0, 0, 351, 1326, 0, 2361, 4175, 0))
2018-04-17 01:50:31.323818;(1, (5, 20079, 33, 20046, 18223, 0, 0, 8530, 63861, 33, 20080, 25078, 0))
2018-04-17 01:50:31.343284;(21, (5, 1437, 0, 1437, 1414, 0, 0, 375, 1995, 0, 1404, 3784, 0))
2018-04-17 01:50:31.436343;(3, (4, 7412, 0, 7412, 7279, 0, 0, 730, 8332, 0, 7232, 16341, 0))
2018-04-17 01:50:31.535456;(19, (7, 784, 0, 784, 727, 0, 0, 828, 744, 0, 600, 2299, 0))
2018-04-17 01:50:31.567626;(11, (4, 713, 0, 713, 712, 0, 0, 124, 569, 0, 543, 1405, 0))
2018-04-17 01:50:31.599974;(15, (4, 1451, 0, 1451, 1426, 0, 0, 280, 2200, 0, 1412, 3906, 0))
2018-04-17 01:50:31.657528;(6, (6, 3724, 0, 3724, 3562, 0, 0, 2748, 2273, 0, 3579, 8583, 0))
2018-04-17 01:50:31.685662;(8, (5, 1920, 0, 1920, 1719, 0, 0, 1319, 2802, 0, 1744, 5840, 0))
2018-04-17 01:51:30.849428;(10, (6, 1460, 0, 1460, 1403, 0, 0, 738, 3165, 0, 1337, 5306, 0))
2018-04-17 01:51:31.160339;(13, (5, 6371, 0, 6371, 6166, 0, 0, 2898, 5626, 0, 6256, 14690, 0))
2018-04-17 01:51:31.174756;(9, (4, 1160, 0, 1160, 1150, 0, 0, 118, 238, 0, 1027, 1506, 0))
2018-04-17 01:51:31.223703;(16, (5, 915, 0, 915, 909, 0, 0, 87, 356, 0, 738, 1352, 0))
2018-04-17 01:51:31.269561;(7, (5, 6953, 0, 6953, 6748, 0, 0, 1476, 6684, 0, 6756, 14908, 0))
2018-04-17 01:51:31.270432;(23, (4, 2805, 0, 2805, 2783, 0, 0, 333, 433, 0, 2805, 3549, 0))
2018-04-17 01:51:31.300589;(12, (5, 2684, 0, 2684, 2664, 0, 0, 377, 1466, 0, 2515, 4507, 0))
2018-04-17 01:51:31.333863;(1, (5, 21618, 34, 21584, 19625, 0, 0, 9229, 68113, 34, 21618, 31431, 0))
2018-04-17 01:51:31.360879;(21, (5, 1557, 0, 1557, 1531, 0, 0, 408, 2173, 0, 1521, 4112, 0))
2018-04-17 01:51:31.453979;(3, (5, 7883, 0, 7883, 7740, 0, 0, 784, 8932, 0, 7691, 17456, 0))
2018-04-17 01:51:31.551792;(19, (6, 887, 0, 887, 826, 0, 0, 897, 861, 0, 693, 2584, 0))
2018-04-17 01:51:31.582177;(11, (5, 784, 0, 784, 783, 0, 0, 135, 592, 0, 599, 1510, 0))
2018-04-17 01:51:31.616516;(15, (4, 1569, 0, 1569, 1542, 0, 0, 299, 2351, 0, 1528, 4192, 0))
2018-04-17 01:51:31.666876;(6, (6, 3987, 0, 3987, 3811, 0, 0, 2938, 2409, 0, 3827, 9158, 0))
2018-04-17 01:51:31.700110;(8, (6, 2098, 0, 2098, 1879, 0, 0, 1461, 3045, 0, 1911, 6385, 0))
2018-04-17 01:52:30.874875;(10, (7, 1575, 0, 1575, 1514, 0, 0, 799, 3451, 0, 1444, 5764, 0))
2018-04-17 01:52:31.178772;(13, (6, 6836, 0, 6836, 6613, 0, 0, 3156, 6053, 0, 6709, 15822, 0))
2018-04-17 01:52:31.198491;(9, (4, 1254, 0, 1254, 1244, 0, 0, 127, 273, 0, 1114, 1644, 0))
2018-04-17 01:52:31.237727;(16, (5, 1000, 0, 1000, 994, 0, 0, 101, 448, 0, 809, 1543, 0))
2018-04-17 01:52:31.282266;(7, (5, 7571, 0, 7571, 7350, 0, 0, 1620, 7230, 0, 7364, 16200, 0))
2018-04-17 01:52:31.285450;(23, (4, 3035, 0, 3035, 3012, 0, 0, 349, 457, 0, 3035, 3818, 0))
2018-04-17 01:52:31.315966;(12, (5, 2922, 0, 2922, 2900, 0, 0, 415, 1628, 0, 2743, 4943, 0))
2018-04-17 01:52:31.338550;(1, (5, 23259, 36, 23223, 21099, 0, 0, 10000, 72940, 36, 23260, 38503, 0))
2018-04-17 01:52:31.381949;(21, (4, 1677, 0, 1677, 1650, 0, 0, 425, 2242, 0, 1640, 4317, 0))
2018-04-17 01:52:31.464620;(3, (4, 8456, 0, 8456, 8306, 0, 0, 843, 9352, 0, 8251, 18501, 0))
2018-04-17 01:52:31.569407;(19, (7, 971, 0, 971, 905, 0, 0, 960, 942, 0, 760, 2807, 0))
2018-04-17 01:52:31.596216;(11, (5, 880, 0, 880, 877, 0, 0, 174, 636, 0, 684, 1687, 0))
2018-04-17 01:52:31.636121;(15, (5, 1688, 0, 1688, 1660, 0, 0, 323, 2547, 0, 1646, 4530, 0))
2018-04-17 01:52:31.682323;(6, (6, 4289, 0, 4289, 4105, 0, 0, 3135, 2606, 0, 4114, 9846, 0))
2018-04-17 01:52:31.715986;(8, (4, 2347, 0, 2347, 2111, 0, 0, 1540, 3329, 0, 2145, 6980, 0))
2018-04-17 01:53:30.897840;(10, (6, 1692, 0, 1692, 1628, 0, 0, 848, 3665, 0, 1554, 6141, 0))
2018-04-17 01:53:31.194659;(13, (6, 7368, 0, 7368, 7126, 0, 0, 3425, 6605, 0, 7228, 17156, 0))
2018-04-17 01:53:31.219312;(9, (4, 1371, 0, 1371, 1360, 0, 0, 134, 321, 0, 1222, 1815, 0))
2018-04-17 01:53:31.253581;(16, (5, 1071, 0, 1071, 1065, 0, 0, 112, 472, 0, 866, 1649, 0))
2018-04-17 01:53:31.298150;(7, (4, 8030, 0, 8030, 7792, 0, 0, 1730, 7630, 0, 7811, 17152, 0))
2018-04-17 01:53:31.300537;(23, (4, 3227, 0, 3227, 3203, 0, 0, 372, 468, 0, 3227, 4043, 0))
2018-04-17 01:53:31.333569;(12, (5, 3142, 0, 3142, 3119, 0, 0, 454, 1799, 0, 2950, 5372, 0))
2018-04-17 01:53:31.347374;(1, (6, 24830, 36, 24794, 22506, 0, 0, 10715, 78405, 36, 24831, 46090, 0))
2018-04-17 01:53:31.409037;(21, (5, 1797, 0, 1797, 1770, 0, 0, 445, 2366, 0, 1760, 4581, 0))
2018-04-17 01:53:31.478189;(3, (5, 9050, 0, 9050, 8894, 0, 0, 901, 10083, 0, 8827, 19878, 0))
2018-04-17 01:53:31.582761;(19, (8, 1011, 0, 1011, 941, 0, 0, 1024, 979, 0, 788, 2944, 0))
2018-04-17 01:53:31.604080;(11, (4, 928, 0, 928, 923, 0, 0, 185, 707, 0, 720, 1815, 0))
2018-04-17 01:53:31.654970;(15, (5, 1808, 0, 1808, 1779, 0, 0, 342, 2697, 0, 1765, 4818, 0))
2018-04-17 01:53:31.698195;(6, (6, 4537, 0, 4537, 4338, 0, 0, 3311, 2772, 0, 4346, 10421, 0))
2018-04-17 01:53:31.732050;(8, (5, 2482, 0, 2482, 2230, 0, 0, 1644, 3509, 0, 2266, 7383, 0))
