2018-04-17 01:38:29.586319;(10, (52, 7, 60, 0))
2018-04-17 01:38:29.600965;(4, (71, 3, 74, 0))
2018-04-17 01:38:29.653618;(5, (51, 0, 51, 0))
2018-04-17 01:38:29.687848;(14, (33, 7, 41, 0))
2018-04-17 01:38:29.771034;(17, (15, 4, 20, 0))
2018-04-17 01:38:29.786477;(18, (51, 7, 59, 0))
2018-04-17 01:38:29.912426;(13, (81, 3, 84, 0))
2018-04-17 01:38:29.931020;(20, (56, 4, 61, 0))
2018-04-17 01:38:29.964381;(9, (25, 4, 30, 0))
2018-04-17 01:38:30.021499;(16, (78, 3, 81, 0))
2018-04-17 01:38:30.062531;(7, (24, 5, 30, 0))
2018-04-17 01:38:30.082204;(12, (18, 7, 25, 0))
2018-04-17 01:38:30.104100;(21, (18, 1, 19, 0))
2018-04-17 01:38:30.132488;(23, (0, 0, 0, 0))
2018-04-17 01:38:30.181581;(22, (23, 7, 31, 0))
2018-04-17 01:38:30.205694;(1, (0, 0, 0, 0))
2018-04-17 01:38:30.255040;(3, (56, 7, 64, 0))
2018-04-17 01:38:30.351083;(15, (62, 4, 67, 0))
2018-04-17 01:38:30.355163;(19, (42, 10, 53, 0))
2018-04-17 01:38:30.403673;(11, (20, 6, 27, 0))
2018-04-17 01:38:30.460557;(6, (70, 3, 73, 0))
2018-04-17 01:38:30.524691;(8, (74, 5, 80, 0))
2018-04-17 01:39:29.605612;(10, (146, 16, 163, 0))
2018-04-17 01:39:29.617441;(4, (183, 6, 190, 0))
2018-04-17 01:39:29.676357;(5, (166, 2, 168, 0))
2018-04-17 01:39:29.700417;(14, (82, 16, 98, 1))
2018-04-17 01:39:29.783900;(17, (47, 18, 66, 0))
2018-04-17 01:39:29.802691;(18, (154, 14, 168, 0))
2018-04-17 01:39:29.934354;(13, (157, 15, 173, 0))
2018-04-17 01:39:29.946309;(20, (140, 20, 161, 0))
2018-04-17 01:39:29.978164;(9, (118, 13, 132, 0))
2018-04-17 01:39:30.034572;(16, (118, 19, 138, 0))
2018-04-17 01:39:30.076519;(7, (92, 18, 111, 0))
2018-04-17 01:39:30.093780;(12, (98, 21, 119, 0))
2018-04-17 01:39:30.120625;(21, (134, 4, 138, 0))
2018-04-17 01:39:30.141453;(23, (0, 0, 0, 0))
2018-04-17 01:39:30.210259;(1, (0, 0, 0, 0))
2018-04-17 01:39:30.267430;(3, (114, 23, 138, 0))
2018-04-17 01:39:30.369508;(19, (91, 23, 115, 0))
2018-04-17 01:39:30.370499;(15, (172, 8, 180, 0))
2018-04-17 01:39:30.417511;(11, (60, 20, 81, 0))
2018-04-17 01:39:30.473566;(6, (148, 16, 165, 0))
2018-04-17 01:39:30.541944;(8, (124, 21, 146, 0))
2018-04-17 01:40:29.627991;(10, (249, 26, 276, 0))
2018-04-17 01:40:29.635318;(4, (279, 14, 293, 0))
2018-04-17 01:40:29.695784;(5, (266, 8, 274, 0))
2018-04-17 01:40:29.713843;(14, (130, 27, 158, 1))
2018-04-17 01:40:29.795973;(17, (101, 28, 129, 1))
2018-04-17 01:40:29.815784;(18, (254, 21, 276, 0))
2018-04-17 01:40:29.949695;(13, (234, 27, 262, 0))
2018-04-17 01:40:29.960757;(20, (201, 36, 237, 0))
2018-04-17 01:40:29.992223;(9, (205, 23, 229, 0))
2018-04-17 01:40:30.055698;(16, (168, 36, 205, 0))
2018-04-17 01:40:30.090939;(7, (171, 34, 206, 0))
2018-04-17 01:40:30.109793;(12, (194, 30, 224, 0))
2018-04-17 01:40:30.136776;(21, (247, 8, 256, 0))
2018-04-17 01:40:30.152085;(23, (0, 0, 0, 0))
2018-04-17 01:40:30.226491;(1, (0, 0, 0, 0))
2018-04-17 01:40:30.281487;(3, (161, 38, 200, 0))
2018-04-17 01:40:30.383859;(19, (123, 37, 161, 0))
2018-04-17 01:40:30.389467;(15, (289, 11, 300, 0))
2018-04-17 01:40:30.430471;(11, (99, 31, 131, 1))
2018-04-17 01:40:30.486428;(6, (221, 28, 250, 0))
2018-04-17 01:40:30.558366;(8, (155, 32, 188, 0))
2018-04-17 01:41:29.650835;(10, (324, 36, 361, 0))
2018-04-17 01:41:29.656386;(4, (382, 20, 402, 0))
2018-04-17 01:41:29.712232;(5, (374, 13, 387, 0))
2018-04-17 01:41:29.807500;(17, (134, 43, 178, 1))
2018-04-17 01:41:29.831538;(18, (354, 26, 380, 0))
2018-04-17 01:41:29.971530;(13, (346, 33, 379, 0))
2018-04-17 01:41:29.976899;(20, (292, 48, 341, 0))
2018-04-17 01:41:30.006525;(9, (293, 29, 323, 0))
2018-04-17 01:41:30.067325;(16, (225, 49, 275, 0))
2018-04-17 01:41:30.156328;(21, (365, 10, 375, 0))
2018-04-17 01:41:30.159233;(23, (0, 0, 0, 0))
2018-04-17 01:41:30.231977;(1, (0, 0, 0, 0))
2018-04-17 01:41:30.292092;(3, (176, 47, 224, 1))
2018-04-17 01:41:30.398989;(19, (178, 53, 232, 0))
2018-04-17 01:41:30.411936;(15, (405, 13, 418, 0))
2018-04-17 01:41:30.499051;(6, (285, 37, 323, 0))
2018-04-17 01:41:30.569880;(8, (193, 46, 240, 0))
2018-04-17 01:41:31.102717;(7, (230, 50, 281, 0))
2018-04-17 01:41:31.118762;(12, (251, 44, 295, 0))
2018-04-17 01:42:29.671134;(10, (434, 43, 478, 0))
2018-04-17 01:42:29.735135;(14, (215, 52, 268, 2))
2018-04-17 01:42:30.178031;(21, (483, 11, 494, 0))
2018-04-17 01:42:30.178322;(23, (0, 0, 0, 0))
2018-04-17 01:42:30.239612;(1, (0, 0, 0, 0))
2018-04-17 01:42:30.458833;(11, (203, 61, 265, 1))
2018-04-17 01:42:30.673356;(4, (477, 24, 502, 0))
2018-04-17 01:42:30.727662;(5, (485, 16, 502, 0))
2018-04-17 01:42:30.848432;(18, (470, 28, 498, 0))
2018-04-17 01:42:30.985544;(13, (452, 36, 489, 0))
2018-04-17 01:42:31.026757;(9, (378, 38, 417, 0))
2018-04-17 01:42:31.078303;(16, (289, 62, 352, 0))
2018-04-17 01:42:31.113905;(7, (273, 67, 341, 0))
2018-04-17 01:42:31.133601;(12, (337, 54, 392, 0))
2018-04-17 01:42:31.304367;(3, (222, 63, 286, 1))
2018-04-17 01:42:31.410985;(19, (212, 68, 281, 0))
2018-04-17 01:42:31.428750;(15, (525, 13, 538, 0))
2018-04-17 01:42:31.513687;(6, (369, 48, 417, 0))
2018-04-17 01:42:31.575650;(8, (198, 54, 253, 0))
2018-04-17 01:43:30.247727;(1, (0, 0, 0, 0))
2018-04-17 01:43:30.689569;(10, (535, 51, 587, 0))
2018-04-17 01:43:30.691655;(4, (574, 32, 606, 0))
2018-04-17 01:43:30.746746;(5, (601, 20, 622, 0))
2018-04-17 01:43:30.748064;(14, (263, 67, 331, 2))
2018-04-17 01:43:30.833620;(17, (281, 69, 351, 1))
2018-04-17 01:43:30.868261;(18, (557, 38, 596, 0))
2018-04-17 01:43:31.000853;(13, (541, 47, 589, 0))
2018-04-17 01:43:31.011565;(20, (464, 71, 536, 0))
2018-04-17 01:43:31.044441;(9, (458, 49, 507, 0))
2018-04-17 01:43:31.086713;(16, (326, 77, 404, 0))
2018-04-17 01:43:31.125398;(7, (339, 84, 424, 0))
2018-04-17 01:43:31.188027;(23, (0, 0, 0, 0))
2018-04-17 01:43:31.197573;(21, (602, 12, 615, 0))
2018-04-17 01:43:31.319215;(3, (299, 78, 378, 1))
2018-04-17 01:43:31.424489;(19, (239, 82, 322, 0))
2018-04-17 01:43:31.446671;(15, (621, 16, 638, 0))
2018-04-17 01:43:31.467394;(11, (225, 71, 297, 2))
2018-04-17 01:43:31.531343;(6, (443, 64, 508, 0))
2018-04-17 01:43:31.583542;(8, (236, 73, 310, 1))
2018-04-17 01:44:30.256086;(1, (0, 0, 0, 0))
2018-04-17 01:44:30.708516;(10, (639, 63, 702, 0))
2018-04-17 01:44:30.711663;(4, (668, 44, 713, 0))
2018-04-17 01:44:30.771487;(14, (348, 83, 432, 2))
2018-04-17 01:44:30.846515;(17, (369, 81, 450, 1))
2018-04-17 01:44:30.885941;(18, (668, 43, 711, 0))
2018-04-17 01:44:31.022451;(13, (655, 51, 706, 0))
2018-04-17 01:44:31.033367;(20, (543, 83, 627, 0))
2018-04-17 01:44:31.061624;(9, (533, 62, 595, 0))
2018-04-17 01:44:31.106294;(16, (370, 94, 464, 0))
2018-04-17 01:44:31.140314;(7, (386, 98, 485, 0))
2018-04-17 01:44:31.170186;(12, (456, 79, 536, 0))
2018-04-17 01:44:31.202521;(23, (0, 0, 0, 0))
2018-04-17 01:44:31.214946;(21, (718, 15, 733, 0))
2018-04-17 01:44:31.330840;(3, (360, 93, 454, 1))
2018-04-17 01:44:31.463218;(15, (728, 19, 747, 0))
2018-04-17 01:44:31.479042;(11, (286, 87, 374, 2))
2018-04-17 01:44:31.551519;(6, (530, 75, 606, 0))
2018-04-17 01:44:31.600735;(8, (260, 84, 345, 2))
2018-04-17 01:45:30.723067;(10, (728, 74, 802, 0))
2018-04-17 01:45:30.725813;(4, (760, 54, 814, 0))
2018-04-17 01:45:30.794118;(14, (403, 98, 502, 2))
2018-04-17 01:45:30.865240;(17, (440, 91, 532, 1))
2018-04-17 01:45:30.905932;(18, (765, 49, 815, 0))
2018-04-17 01:45:31.046638;(13, (754, 57, 812, 0))
2018-04-17 01:45:31.050629;(20, (628, 92, 720, 0))
2018-04-17 01:45:31.074378;(9, (598, 75, 674, 0))
2018-04-17 01:45:31.155868;(7, (461, 111, 573, 0))
2018-04-17 01:45:31.188872;(12, (498, 92, 591, 0))
2018-04-17 01:45:31.209592;(23, (0, 0, 0, 0))
2018-04-17 01:45:31.229989;(21, (832, 18, 850, 0))
2018-04-17 01:45:31.262741;(1, (0, 0, 0, 0))
2018-04-17 01:45:31.342240;(3, (405, 109, 514, 1))
2018-04-17 01:45:31.455081;(19, (355, 113, 469, 0))
2018-04-17 01:45:31.487335;(15, (838, 24, 862, 0))
2018-04-17 01:45:31.490489;(11, (318, 99, 418, 3))
2018-04-17 01:45:31.566279;(6, (586, 84, 671, 0))
2018-04-17 01:45:31.609443;(8, (287, 100, 388, 2))
2018-04-17 01:46:30.739579;(10, (822, 82, 905, 0))
2018-04-17 01:46:30.742051;(4, (847, 60, 908, 0))
2018-04-17 01:46:30.809487;(14, (453, 113, 567, 2))
2018-04-17 01:46:30.881639;(17, (490, 103, 594, 1))
2018-04-17 01:46:31.062746;(13, (810, 67, 878, 0))
2018-04-17 01:46:31.065812;(20, (705, 105, 810, 0))
2018-04-17 01:46:31.084624;(9, (640, 94, 734, 0))
2018-04-17 01:46:31.136047;(16, (531, 121, 653, 0))
2018-04-17 01:46:31.173093;(7, (529, 128, 658, 0))
2018-04-17 01:46:31.216176;(23, (0, 0, 0, 0))
2018-04-17 01:46:31.271227;(1, (0, 0, 0, 0))
2018-04-17 01:46:31.362970;(3, (467, 125, 593, 1))
2018-04-17 01:46:31.468463;(19, (403, 129, 533, 0))
2018-04-17 01:46:31.503255;(11, (368, 112, 481, 3))
2018-04-17 01:46:31.507269;(15, (947, 30, 977, 0))
2018-04-17 01:46:31.581519;(6, (680, 96, 777, 0))
2018-04-17 01:46:31.617788;(8, (303, 111, 415, 3))
2018-04-17 01:46:32.204045;(12, (577, 107, 684, 0))
2018-04-17 01:47:30.765545;(4, (936, 69, 1006, 0))
2018-04-17 01:47:30.767027;(10, (929, 90, 1019, 0))
2018-04-17 01:47:30.835619;(14, (523, 128, 652, 2))
2018-04-17 01:47:30.947359;(18, (949, 63, 1012, 0))
2018-04-17 01:47:31.084352;(13, (910, 75, 986, 0))
2018-04-17 01:47:31.085761;(20, (760, 117, 877, 0))
2018-04-17 01:47:31.103753;(9, (707, 104, 812, 0))
2018-04-17 01:47:31.159339;(16, (581, 134, 716, 0))
2018-04-17 01:47:31.228108;(23, (0, 0, 0, 0))
2018-04-17 01:47:31.271246;(21, (1052, 27, 1079, 0))
2018-04-17 01:47:31.286415;(1, (0, 0, 0, 0))
2018-04-17 01:47:31.383369;(3, (535, 140, 675, 1))
2018-04-17 01:47:31.488824;(19, (471, 142, 614, 0))
2018-04-17 01:47:31.519083;(11, (412, 128, 541, 3))
2018-04-17 01:47:31.531239;(15, (1064, 32, 1096, 0))
2018-04-17 01:47:31.603394;(6, (776, 107, 883, 0))
2018-04-17 01:47:31.636734;(8, (346, 128, 475, 3))
2018-04-17 01:47:31.902928;(17, (585, 113, 698, 1))
2018-04-17 01:47:32.194389;(7, (603, 142, 746, 0))
2018-04-17 01:47:32.227360;(12, (602, 121, 724, 0))
2018-04-17 01:48:30.791525;(10, (1017, 104, 1121, 0))
2018-04-17 01:48:30.857748;(14, (608, 144, 753, 2))
2018-04-17 01:48:31.243559;(23, (0, 0, 0, 0))
2018-04-17 01:48:31.299906;(21, (1168, 30, 1198, 0))
2018-04-17 01:48:31.301419;(1, (0, 0, 0, 0))
2018-04-17 01:48:31.538081;(11, (439, 138, 578, 3))
2018-04-17 01:48:31.969590;(18, (1043, 69, 1113, 0))
2018-04-17 01:48:32.108336;(20, (815, 131, 947, 0))
2018-04-17 01:48:32.109633;(13, (1007, 87, 1095, 0))
2018-04-17 01:48:32.126444;(9, (793, 113, 907, 0))
2018-04-17 01:48:32.176117;(16, (611, 145, 757, 0))
2018-04-17 01:48:32.224222;(7, (681, 157, 838, 0))
2018-04-17 01:48:32.249864;(12, (674, 134, 809, 0))
2018-04-17 01:48:32.404570;(3, (594, 150, 745, 1))
2018-04-17 01:48:32.507027;(19, (517, 157, 675, 0))
2018-04-17 01:48:32.559827;(15, (1179, 35, 1214, 0))
2018-04-17 01:48:32.620358;(6, (832, 121, 954, 0))
2018-04-17 01:48:32.659018;(8, (400, 144, 545, 3))
2018-04-17 01:49:30.813669;(10, (1132, 107, 1239, 0))
2018-04-17 01:49:30.875611;(14, (674, 161, 836, 2))
2018-04-17 01:49:31.252147;(23, (0, 0, 0, 0))
2018-04-17 01:49:31.315110;(1, (0, 0, 0, 0))
2018-04-17 01:49:31.815941;(4, (1158, 83, 1241, 0))
2018-04-17 01:49:31.990685;(18, (1144, 76, 1220, 0))
2018-04-17 01:49:32.124103;(20, (885, 140, 1026, 0))
2018-04-17 01:49:32.129753;(13, (1104, 97, 1202, 0))
2018-04-17 01:49:32.138199;(9, (832, 121, 954, 1))
2018-04-17 01:49:32.191604;(16, (646, 152, 799, 1))
2018-04-17 01:49:32.269366;(12, (755, 145, 901, 0))
2018-04-17 01:49:32.323674;(21, (1284, 32, 1317, 0))
2018-04-17 01:49:32.421833;(3, (646, 162, 809, 1))
2018-04-17 01:49:32.523395;(19, (547, 167, 715, 1))
2018-04-17 01:49:32.553650;(11, (501, 152, 654, 3))
2018-04-17 01:49:32.584386;(15, (1298, 36, 1334, 0))
2018-04-17 01:49:32.641862;(6, (919, 132, 1052, 0))
2018-04-17 01:49:32.672399;(8, (435, 162, 598, 3))
2018-04-17 01:50:31.323891;(1, (0, 0, 0, 0))
2018-04-17 01:50:31.831532;(10, (1235, 117, 1352, 0))
2018-04-17 01:50:31.832753;(4, (1266, 89, 1356, 0))
2018-04-17 01:50:31.885660;(14, (695, 171, 867, 2))
2018-04-17 01:50:32.009913;(18, (1251, 79, 1330, 0))
2018-04-17 01:50:32.138796;(20, (951, 154, 1106, 0))
2018-04-17 01:50:32.145523;(13, (1196, 105, 1301, 0))
2018-04-17 01:50:32.209719;(16, (699, 162, 862, 1))
2018-04-17 01:50:32.254287;(7, (828, 183, 1012, 0))
2018-04-17 01:50:32.261980;(23, (0, 0, 0, 0))
2018-04-17 01:50:32.288194;(12, (799, 154, 953, 0))
2018-04-17 01:50:32.343873;(21, (1405, 33, 1438, 0))
2018-04-17 01:50:32.437433;(3, (701, 179, 881, 1))
2018-04-17 01:50:32.535747;(19, (599, 183, 783, 1))
2018-04-17 01:50:32.567930;(11, (542, 167, 710, 3))
2018-04-17 01:50:32.600290;(15, (1413, 39, 1453, 0))
2018-04-17 01:50:32.657686;(6, (999, 145, 1145, 0))
2018-04-17 01:50:32.685858;(8, (486, 174, 661, 3))
2018-04-17 01:51:31.333934;(1, (0, 0, 0, 0))
2018-04-17 01:51:31.849947;(10, (1337, 123, 1461, 0))
2018-04-17 01:51:31.852279;(4, (1368, 99, 1467, 0))
2018-04-17 01:51:32.029699;(18, (1361, 83, 1445, 0))
2018-04-17 01:51:32.157752;(20, (1037, 166, 1203, 0))
2018-04-17 01:51:32.161581;(13, (1253, 115, 1368, 0))
2018-04-17 01:51:32.175808;(9, (1029, 133, 1163, 1))
2018-04-17 01:51:32.224468;(16, (741, 176, 917, 2))
2018-04-17 01:51:32.269748;(7, (899, 196, 1096, 0))
2018-04-17 01:51:32.270990;(23, (0, 0, 0, 0))
2018-04-17 01:51:32.300879;(12, (859, 168, 1028, 0))
2018-04-17 01:51:32.361585;(21, (1522, 36, 1558, 0))
2018-04-17 01:51:32.454308;(3, (735, 191, 927, 1))
2018-04-17 01:51:32.552571;(19, (693, 194, 887, 1))
2018-04-17 01:51:32.582428;(11, (598, 182, 781, 3))
2018-04-17 01:51:32.617548;(15, (1530, 41, 1571, 0))
2018-04-17 01:51:32.667166;(6, (1022, 159, 1182, 0))
2018-04-17 01:51:32.700420;(8, (525, 185, 711, 3))
2018-04-17 01:52:31.338622;(1, (0, 0, 0, 0))
2018-04-17 01:52:31.873368;(4, (1466, 104, 1571, 0))
2018-04-17 01:52:31.874823;(10, (1445, 131, 1576, 0))
2018-04-17 01:52:31.916673;(14, (812, 194, 1007, 3))
2018-04-17 01:52:32.048217;(18, (1476, 88, 1564, 0))
2018-04-17 01:52:32.177034;(20, (1123, 177, 1301, 0))
2018-04-17 01:52:32.179480;(13, (1323, 127, 1450, 0))
2018-04-17 01:52:32.199541;(9, (1114, 140, 1254, 1))
2018-04-17 01:52:32.238627;(16, (807, 190, 998, 2))
2018-04-17 01:52:32.282428;(7, (975, 206, 1182, 0))
2018-04-17 01:52:32.285809;(23, (0, 0, 0, 0))
2018-04-17 01:52:32.382599;(21, (1641, 38, 1679, 0))
2018-04-17 01:52:32.464901;(3, (755, 204, 960, 1))
2018-04-17 01:52:32.569755;(19, (759, 210, 970, 1))
2018-04-17 01:52:32.596640;(11, (684, 193, 878, 3))
2018-04-17 01:52:32.636569;(15, (1648, 42, 1690, 0))
2018-04-17 01:52:32.682487;(6, (1077, 174, 1252, 0))
2018-04-17 01:52:32.715903;(8, (576, 200, 777, 4))
2018-04-17 01:52:33.317073;(12, (936, 179, 1115, 0))
2018-04-17 01:53:31.896022;(4, (1573, 112, 1686, 0))
2018-04-17 01:53:31.898124;(10, (1554, 137, 1692, 0))
2018-04-17 01:53:31.932165;(14, (857, 207, 1064, 3))
2018-04-17 01:53:32.065652;(18, (1565, 97, 1663, 0))
2018-04-17 01:53:32.196049;(13, (1400, 140, 1540, 0))
2018-04-17 01:53:32.219818;(9, (1221, 148, 1370, 1))
2018-04-17 01:53:32.301418;(23, (0, 0, 0, 0))
2018-04-17 01:53:32.347582;(1, (0, 0, 0, 0))
2018-04-17 01:53:32.409697;(21, (1762, 41, 1799, 1))
2018-04-17 01:53:32.583581;(19, (789, 223, 1012, 1))
2018-04-17 01:53:32.605390;(11, (724, 206, 930, 3))
2018-04-17 01:53:33.198165;(20, (1202, 192, 1395, 0))
2018-04-17 01:53:33.253794;(16, (864, 204, 1069, 2))
2018-04-17 01:53:33.299102;(7, (1018, 218, 1237, 0))
2018-04-17 01:53:33.333871;(12, (1012, 191, 1204, 0))
2018-04-17 01:53:33.655633;(15, (1768, 43, 1811, 0))
2018-04-17 01:53:33.699062;(6, (1124, 191, 1315, 0))
