2018-04-18 06:03:15.426572;(9, (32, 8, 41, 0))
2018-04-18 06:03:15.566691;(18, (57, 6, 63, 0))
2018-04-18 06:03:15.635511;(3, (151, 6, 158, 0))
2018-04-18 06:03:15.640191;(1, (0, 0, 0, 0))
2018-04-18 06:03:15.684800;(12, (24, 7, 31, 0))
2018-04-18 06:03:15.697888;(10, (72, 1, 73, 0))
2018-04-18 06:03:15.739729;(16, (15, 4, 20, 0))
2018-04-18 06:03:15.812459;(21, (26, 0, 26, 0))
2018-04-18 06:03:15.825903;(14, (31, 10, 42, 0))
2018-04-18 06:03:15.831717;(22, (0, 2, 3, 0))
2018-04-18 06:03:15.869321;(4, (113, 4, 118, 0))
2018-04-18 06:03:16.006584;(13, (77, 5, 83, 0))
2018-04-18 06:03:16.059921;(6, (25, 6, 32, 0))
2018-04-18 06:03:16.154282;(17, (24, 6, 31, 0))
2018-04-18 06:03:16.202364;(20, (9, 2, 12, 0))
2018-04-18 06:03:16.206758;(23, (0, 0, 0, 0))
2018-04-18 06:03:16.261451;(19, (27, 8, 36, 0))
2018-04-18 06:03:16.270634;(15, (118, 0, 119, 0))
2018-04-18 06:03:16.292483;(11, (0, 3, 4, 0))
2018-04-18 06:03:16.355217;(5, (90, 3, 94, 0))
2018-04-18 06:03:16.358118;(8, (0, 3, 4, 0))
2018-04-18 06:04:15.444226;(9, (158, 22, 180, 0))
2018-04-18 06:04:15.583514;(18, (122, 23, 146, 0))
2018-04-18 06:04:15.649459;(3, (206, 23, 230, 0))
2018-04-18 06:04:15.654465;(1, (0, 0, 0, 0))
2018-04-18 06:04:15.702724;(12, (105, 24, 130, 0))
2018-04-18 06:04:15.722397;(10, (248, 8, 257, 0))
2018-04-18 06:04:15.758994;(16, (100, 20, 121, 0))
2018-04-18 06:04:15.841617;(21, (215, 8, 223, 0))
2018-04-18 06:04:15.848088;(14, (85, 27, 113, 0))
2018-04-18 06:04:15.859760;(22, (2, 8, 11, 1))
2018-04-18 06:04:15.890136;(4, (241, 19, 261, 0))
2018-04-18 06:04:16.025221;(13, (194, 19, 214, 0))
2018-04-18 06:04:16.072358;(6, (85, 22, 108, 0))
2018-04-18 06:04:16.172199;(17, (75, 21, 97, 0))
2018-04-18 06:04:16.216462;(20, (57, 15, 73, 0))
2018-04-18 06:04:16.218555;(23, (0, 0, 0, 0))
2018-04-18 06:04:16.273499;(19, (66, 22, 89, 0))
2018-04-18 06:04:16.290547;(15, (236, 13, 249, 0))
2018-04-18 06:04:16.305854;(11, (0, 11, 12, 2))
2018-04-18 06:04:16.375028;(5, (196, 18, 215, 0))
2018-04-18 06:04:16.377767;(8, (2, 12, 15, 2))
2018-04-18 06:05:15.469729;(9, (276, 35, 312, 0))
2018-04-18 06:05:15.607045;(18, (185, 41, 227, 0))
2018-04-18 06:05:15.669715;(3, (271, 40, 312, 0))
2018-04-18 06:05:15.670630;(1, (0, 0, 0, 0))
2018-04-18 06:05:15.750172;(10, (399, 18, 418, 0))
2018-04-18 06:05:15.778638;(16, (150, 38, 189, 0))
2018-04-18 06:05:15.872662;(21, (391, 17, 408, 0))
2018-04-18 06:05:15.873590;(14, (146, 46, 193, 0))
2018-04-18 06:05:15.877530;(22, (45, 22, 68, 2))
2018-04-18 06:05:15.919954;(4, (375, 30, 405, 0))
2018-04-18 06:05:16.048054;(13, (304, 32, 337, 0))
2018-04-18 06:05:16.089982;(6, (110, 32, 143, 1))
2018-04-18 06:05:16.192325;(17, (102, 35, 138, 0))
2018-04-18 06:05:16.231495;(20, (75, 28, 104, 1))
2018-04-18 06:05:16.233562;(23, (0, 0, 0, 0))
2018-04-18 06:05:16.292095;(19, (141, 37, 179, 0))
2018-04-18 06:05:16.318777;(11, (2, 18, 21, 3))
2018-04-18 06:05:16.395979;(8, (4, 19, 24, 3))
2018-04-18 06:05:16.406605;(5, (373, 28, 402, 0))
2018-04-18 06:06:15.496340;(9, (397, 48, 446, 0))
2018-04-18 06:06:15.628174;(18, (258, 54, 313, 0))
2018-04-18 06:06:15.687204;(1, (0, 0, 0, 0))
2018-04-18 06:06:15.688197;(3, (290, 49, 340, 0))
2018-04-18 06:06:15.736020;(12, (190, 52, 243, 0))
2018-04-18 06:06:15.781866;(10, (597, 24, 622, 0))
2018-04-18 06:06:15.892441;(14, (199, 64, 264, 0))
2018-04-18 06:06:15.900939;(21, (557, 27, 585, 0))
2018-04-18 06:06:15.902105;(22, (73, 35, 109, 2))
2018-04-18 06:06:16.078123;(13, (441, 41, 483, 0))
2018-04-18 06:06:16.112459;(6, (141, 44, 186, 1))
2018-04-18 06:06:16.211028;(17, (132, 52, 185, 0))
2018-04-18 06:06:16.251787;(20, (123, 44, 168, 1))
2018-04-18 06:06:16.258362;(23, (0, 0, 0, 0))
2018-04-18 06:06:16.323088;(19, (227, 53, 281, 0))
2018-04-18 06:06:16.333866;(11, (2, 24, 27, 4))
2018-04-18 06:06:16.419438;(8, (7, 27, 35, 5))
2018-04-18 06:06:16.434231;(5, (502, 42, 544, 0))
2018-04-18 06:06:16.796604;(16, (191, 54, 246, 0))
2018-04-18 06:06:16.947043;(4, (498, 44, 543, 0))
2018-04-18 06:07:15.695310;(1, (0, 0, 0, 0))
2018-04-18 06:07:15.798402;(10, (722, 39, 762, 0))
2018-04-18 06:07:15.903349;(14, (237, 75, 313, 0))
2018-04-18 06:07:15.923875;(21, (740, 36, 776, 0))
2018-04-18 06:07:16.270640;(23, (0, 0, 0, 0))
2018-04-18 06:07:16.340730;(11, (2, 31, 34, 6))
2018-04-18 06:07:16.513286;(9, (490, 61, 551, 0))
2018-04-18 06:07:16.645493;(18, (342, 69, 412, 0))
2018-04-18 06:07:16.699088;(3, (316, 58, 375, 2))
2018-04-18 06:07:16.753604;(12, (287, 65, 353, 0))
2018-04-18 06:07:16.806994;(16, (251, 67, 319, 0))
2018-04-18 06:07:16.926104;(22, (101, 47, 148, 3))
2018-04-18 06:07:16.968566;(4, (658, 56, 715, 0))
2018-04-18 06:07:17.094192;(13, (480, 48, 529, 0))
2018-04-18 06:07:17.128049;(6, (212, 59, 271, 1))
2018-04-18 06:07:17.222159;(17, (181, 67, 249, 0))
2018-04-18 06:07:17.270646;(20, (187, 62, 250, 1))
2018-04-18 06:07:17.336384;(19, (249, 63, 313, 1))
2018-04-18 06:07:17.431654;(8, (8, 35, 44, 7))
2018-04-18 06:07:17.458647;(5, (656, 53, 710, 0))
2018-04-18 06:08:15.706107;(1, (0, 0, 0, 0))
2018-04-18 06:08:16.534059;(9, (618, 75, 693, 0))
2018-04-18 06:08:16.658171;(18, (412, 82, 495, 0))
2018-04-18 06:08:16.711424;(3, (355, 71, 427, 2))
2018-04-18 06:08:16.761886;(12, (293, 72, 366, 1))
2018-04-18 06:08:16.819845;(10, (873, 51, 925, 0))
2018-04-18 06:08:16.821978;(16, (318, 84, 403, 0))
2018-04-18 06:08:16.919114;(14, (317, 90, 408, 1))
2018-04-18 06:08:16.948390;(21, (858, 47, 906, 0))
2018-04-18 06:08:16.949482;(22, (116, 60, 177, 3))
2018-04-18 06:08:16.986816;(4, (778, 69, 848, 0))
2018-04-18 06:08:17.113574;(13, (582, 63, 646, 1))
2018-04-18 06:08:17.145565;(6, (283, 75, 359, 1))
2018-04-18 06:08:17.243159;(17, (263, 85, 349, 0))
2018-04-18 06:08:17.287787;(20, (234, 81, 316, 1))
2018-04-18 06:08:17.289131;(23, (0, 0, 0, 0))
2018-04-18 06:08:17.355415;(19, (332, 79, 412, 1))
2018-04-18 06:08:17.357668;(11, (2, 36, 39, 7))
2018-04-18 06:08:17.441914;(8, (8, 42, 51, 9))
2018-04-18 06:08:17.479608;(5, (801, 64, 866, 0))
2018-04-18 06:09:15.715384;(1, (0, 0, 0, 0))
2018-04-18 06:09:16.555805;(9, (781, 84, 866, 0))
2018-04-18 06:09:16.667309;(18, (452, 95, 548, 0))
2018-04-18 06:09:16.727239;(3, (422, 86, 509, 2))
2018-04-18 06:09:16.773328;(12, (334, 86, 421, 2))
2018-04-18 06:09:16.846078;(10, (1049, 62, 1111, 0))
2018-04-18 06:09:16.847367;(16, (385, 102, 488, 0))
2018-04-18 06:09:16.935052;(14, (370, 100, 471, 2))
2018-04-18 06:09:16.963970;(22, (126, 69, 196, 4))
2018-04-18 06:09:16.975433;(21, (1056, 55, 1111, 0))
2018-04-18 06:09:17.006236;(4, (832, 82, 915, 0))
2018-04-18 06:09:17.128928;(13, (672, 77, 749, 1))
2018-04-18 06:09:17.161517;(6, (355, 92, 448, 1))
2018-04-18 06:09:17.254232;(17, (286, 96, 383, 1))
2018-04-18 06:09:17.299825;(20, (274, 94, 369, 2))
2018-04-18 06:09:17.301607;(23, (0, 0, 0, 0))
2018-04-18 06:09:17.371387;(19, (386, 95, 482, 1))
2018-04-18 06:09:17.371792;(11, (4, 45, 50, 9))
2018-04-18 06:09:17.453771;(8, (11, 51, 63, 10))
2018-04-18 06:10:16.723461;(1, (0, 0, 0, 0))
2018-04-18 06:10:16.738083;(3, (475, 102, 578, 2))
2018-04-18 06:10:16.790778;(12, (418, 101, 519, 2))
2018-04-18 06:10:16.861611;(16, (407, 113, 521, 0))
2018-04-18 06:10:16.950640;(14, (429, 115, 545, 2))
2018-04-18 06:10:16.995968;(21, (1216, 65, 1282, 0))
2018-04-18 06:10:17.022902;(4, (909, 95, 1005, 0))
2018-04-18 06:10:17.152565;(13, (798, 91, 889, 1))
2018-04-18 06:10:17.270975;(17, (355, 115, 470, 1))
2018-04-18 06:10:17.317427;(20, (336, 114, 451, 2))
2018-04-18 06:10:17.318506;(23, (0, 0, 0, 0))
2018-04-18 06:10:17.384388;(19, (447, 109, 557, 1))
2018-04-18 06:10:17.385706;(11, (7, 54, 62, 10))
2018-04-18 06:10:17.463624;(8, (11, 56, 68, 11))
2018-04-18 06:11:16.598006;(9, (963, 110, 1074, 1))
2018-04-18 06:11:16.697938;(18, (543, 125, 669, 1))
2018-04-18 06:11:16.731406;(1, (0, 0, 0, 0))
2018-04-18 06:11:16.750687;(3, (529, 118, 648, 2))
2018-04-18 06:11:16.803242;(12, (485, 112, 598, 2))
2018-04-18 06:11:16.876214;(16, (430, 125, 556, 1))
2018-04-18 06:11:16.893363;(10, (1349, 83, 1433, 0))
2018-04-18 06:11:16.968101;(14, (519, 132, 651, 2))
2018-04-18 06:11:16.989773;(22, (185, 96, 282, 5))
2018-04-18 06:11:17.022478;(21, (1406, 72, 1479, 0))
2018-04-18 06:11:17.041335;(4, (1038, 109, 1148, 0))
2018-04-18 06:11:17.175771;(13, (926, 101, 1028, 1))
2018-04-18 06:11:17.193021;(6, (511, 122, 634, 1))
2018-04-18 06:11:17.284507;(17, (403, 130, 534, 1))
2018-04-18 06:11:17.340192;(20, (388, 124, 513, 2))
2018-04-18 06:11:17.342681;(23, (0, 0, 0, 0))
2018-04-18 06:11:17.393862;(11, (7, 59, 67, 11))
2018-04-18 06:11:17.398435;(19, (464, 124, 589, 1))
2018-04-18 06:11:17.479580;(8, (13, 66, 80, 13))
2018-04-18 06:12:16.617680;(9, (1052, 123, 1176, 1))
2018-04-18 06:12:16.710027;(18, (573, 136, 710, 2))
2018-04-18 06:12:16.739548;(1, (0, 0, 0, 0))
2018-04-18 06:12:16.759736;(3, (546, 129, 676, 3))
2018-04-18 06:12:16.813989;(12, (548, 128, 677, 2))
2018-04-18 06:12:16.913928;(10, (1495, 93, 1589, 0))
2018-04-18 06:12:16.985694;(14, (597, 143, 741, 2))
2018-04-18 06:12:16.999330;(22, (225, 110, 336, 5))
2018-04-18 06:12:17.046599;(21, (1596, 80, 1676, 0))
2018-04-18 06:12:17.197036;(13, (1027, 117, 1145, 1))
2018-04-18 06:12:17.208573;(6, (570, 132, 702, 1))
2018-04-18 06:12:17.355644;(20, (462, 139, 602, 2))
2018-04-18 06:12:17.357821;(23, (0, 0, 0, 0))
2018-04-18 06:12:17.402669;(11, (7, 66, 74, 13))
2018-04-18 06:12:17.412101;(19, (477, 132, 610, 2))
2018-04-18 06:12:17.487001;(8, (13, 71, 85, 14))
2018-04-18 06:12:17.892776;(16, (469, 137, 607, 1))
2018-04-18 06:12:18.058167;(4, (1154, 124, 1279, 0))
2018-04-18 06:12:18.296827;(17, (462, 148, 611, 1))
2018-04-18 06:13:16.749775;(1, (0, 0, 0, 0))
2018-04-18 06:13:16.938261;(10, (1659, 103, 1763, 0))
2018-04-18 06:13:16.997134;(14, (627, 152, 779, 3))
2018-04-18 06:13:17.068023;(21, (1756, 91, 1847, 0))
2018-04-18 06:13:17.379204;(23, (0, 0, 0, 0))
2018-04-18 06:13:17.411793;(11, (11, 76, 88, 14))
2018-04-18 06:13:17.636340;(9, (1158, 135, 1294, 1))
2018-04-18 06:13:17.723631;(18, (623, 151, 775, 2))
2018-04-18 06:13:17.777453;(3, (625, 146, 772, 3))
2018-04-18 06:13:17.825097;(12, (575, 139, 715, 3))
2018-04-18 06:13:17.907939;(16, (527, 155, 683, 1))
2018-04-18 06:13:18.008435;(22, (246, 120, 366, 6))
2018-04-18 06:13:18.075324;(4, (1259, 139, 1399, 0))
2018-04-18 06:13:18.217949;(13, (1122, 131, 1254, 1))
2018-04-18 06:13:18.222851;(6, (653, 145, 799, 1))
2018-04-18 06:13:18.311452;(17, (540, 165, 706, 1))
2018-04-18 06:13:18.382501;(20, (486, 150, 637, 2))
2018-04-18 06:13:18.427826;(19, (556, 146, 703, 2))
2018-04-18 06:13:18.498229;(8, (14, 79, 94, 16))
2018-04-18 06:14:16.759769;(1, (0, 0, 0, 0))
2018-04-18 06:14:16.964856;(10, (1837, 109, 1947, 0))
2018-04-18 06:14:17.010497;(14, (700, 169, 870, 3))
2018-04-18 06:14:17.090707;(21, (1929, 99, 2029, 0))
2018-04-18 06:14:17.385803;(23, (0, 0, 0, 0))
2018-04-18 06:14:17.662995;(9, (1255, 151, 1407, 1))
2018-04-18 06:14:17.739973;(18, (715, 162, 878, 2))
2018-04-18 06:14:17.787004;(3, (663, 160, 824, 3))
2018-04-18 06:14:17.834822;(12, (596, 152, 749, 4))
2018-04-18 06:14:17.923795;(16, (591, 172, 764, 1))
2018-04-18 06:14:18.018325;(22, (286, 131, 418, 6))
2018-04-18 06:14:18.098354;(4, (1410, 151, 1562, 0))
2018-04-18 06:14:18.237998;(13, (1240, 144, 1385, 1))
2018-04-18 06:14:18.240039;(6, (723, 162, 886, 1))
2018-04-18 06:14:18.326288;(17, (587, 181, 769, 1))
2018-04-18 06:14:18.422745;(11, (11, 83, 95, 16))
2018-04-18 06:14:18.441530;(19, (579, 157, 737, 3))
2018-04-18 06:14:18.507509;(8, (14, 86, 101, 18))
2018-04-18 06:15:16.769610;(1, (0, 0, 0, 0))
2018-04-18 06:15:17.683974;(9, (1382, 164, 1547, 1))
2018-04-18 06:15:17.758557;(18, (812, 176, 989, 2))
2018-04-18 06:15:17.798420;(3, (714, 173, 887, 4))
2018-04-18 06:15:17.853429;(12, (665, 169, 835, 4))
2018-04-18 06:15:17.939180;(16, (630, 186, 817, 1))
2018-04-18 06:15:17.988872;(10, (2009, 119, 2128, 0))
2018-04-18 06:15:18.026759;(14, (791, 185, 977, 3))
2018-04-18 06:15:18.027809;(22, (297, 141, 439, 8))
2018-04-18 06:15:18.114804;(21, (2061, 112, 2174, 0))
2018-04-18 06:15:18.120513;(4, (1501, 167, 1669, 0))
2018-04-18 06:15:18.265324;(6, (819, 173, 993, 1))
2018-04-18 06:15:18.340810;(17, (630, 201, 832, 1))
2018-04-18 06:15:18.396155;(23, (0, 0, 0, 0))
2018-04-18 06:15:18.436349;(11, (14, 90, 105, 17))
2018-04-18 06:15:18.457427;(19, (631, 172, 804, 4))
2018-04-18 06:15:18.521671;(8, (15, 93, 109, 19))
2018-04-18 06:16:16.783939;(1, (0, 0, 0, 0))
2018-04-18 06:16:17.777607;(18, (848, 193, 1042, 2))
2018-04-18 06:16:17.811318;(3, (800, 190, 991, 4))
2018-04-18 06:16:17.869247;(12, (712, 186, 899, 4))
2018-04-18 06:16:17.963305;(16, (734, 198, 933, 1))
2018-04-18 06:16:18.008258;(10, (2109, 130, 2240, 0))
2018-04-18 06:16:18.041609;(14, (831, 200, 1032, 3))
2018-04-18 06:16:18.042624;(22, (345, 155, 501, 8))
2018-04-18 06:16:18.137973;(21, (2200, 123, 2324, 0))
2018-04-18 06:16:18.140511;(4, (1630, 178, 1809, 0))
2018-04-18 06:16:18.280236;(13, (1486, 166, 1652, 1))
2018-04-18 06:16:18.282234;(6, (916, 191, 1108, 1))
2018-04-18 06:16:18.353885;(17, (649, 210, 860, 2))
2018-04-18 06:16:18.405350;(23, (0, 0, 0, 0))
2018-04-18 06:16:18.450827;(11, (14, 97, 112, 19))
2018-04-18 06:16:18.472383;(19, (680, 189, 870, 4))
2018-04-18 06:16:18.530454;(8, (15, 99, 115, 21))
2018-04-18 06:17:16.794153;(1, (0, 0, 0, 0))
2018-04-18 06:17:17.725852;(9, (1592, 197, 1790, 1))
2018-04-18 06:17:17.793459;(18, (935, 206, 1142, 2))
2018-04-18 06:17:17.824898;(3, (861, 206, 1068, 4))
2018-04-18 06:17:17.885024;(12, (765, 198, 964, 4))
2018-04-18 06:17:18.029727;(10, (2226, 142, 2368, 0))
2018-04-18 06:17:18.053823;(14, (866, 213, 1080, 3))
2018-04-18 06:17:18.055653;(22, (399, 172, 572, 8))
2018-04-18 06:17:18.162326;(21, (2343, 136, 2479, 0))
2018-04-18 06:17:18.164355;(4, (1722, 192, 1914, 0))
2018-04-18 06:17:18.302926;(13, (1590, 178, 1769, 1))
2018-04-18 06:17:18.304174;(6, (960, 203, 1164, 1))
2018-04-18 06:17:18.368128;(17, (699, 225, 925, 2))
2018-04-18 06:17:18.414398;(23, (0, 0, 0, 0))
2018-04-18 06:17:18.459836;(11, (16, 103, 120, 21))
2018-04-18 06:17:18.482024;(19, (711, 203, 915, 4))
2018-04-18 06:17:18.542294;(8, (15, 105, 121, 22))
2018-04-18 06:17:18.979862;(16, (833, 213, 1047, 1))
2018-04-18 06:18:16.806702;(1, (0, 0, 0, 0))
2018-04-18 06:18:17.743417;(9, (1692, 214, 1907, 1))
2018-04-18 06:18:17.813355;(18, (1028, 222, 1251, 2))
2018-04-18 06:18:17.838715;(3, (905, 221, 1127, 4))
2018-04-18 06:18:18.051067;(10, (2390, 153, 2543, 0))
2018-04-18 06:18:18.069640;(22, (421, 183, 605, 9))
2018-04-18 06:18:18.070876;(14, (937, 226, 1164, 3))
2018-04-18 06:18:18.193585;(21, (2514, 144, 2658, 0))
2018-04-18 06:18:18.323103;(13, (1723, 192, 1915, 1))
2018-04-18 06:18:18.427010;(23, (0, 0, 0, 0))
2018-04-18 06:18:18.466928;(11, (17, 111, 129, 22))
2018-04-18 06:18:18.486635;(19, (711, 208, 920, 5))
2018-04-18 06:18:18.551855;(8, (16, 112, 129, 23))
2018-04-18 06:18:18.899153;(12, (819, 213, 1033, 4))
2018-04-18 06:18:18.989493;(16, (879, 231, 1111, 1))
2018-04-18 06:18:19.188072;(4, (1825, 208, 2034, 0))
2018-04-18 06:18:19.325285;(6, (1051, 219, 1271, 1))
2018-04-18 06:18:19.384787;(17, (754, 239, 994, 2))
