2018-04-19 00:22:20.427671;(17, (5, 20, 0, 20, 20, 0, 0, 5, 0, 0, 15, 25, 0))
2018-04-19 00:22:20.445327;(23, (4, 86, 0, 86, 85, 0, 0, 21, 3, 0, 121, 109, 0))
2018-04-19 00:22:20.556310;(15, (4, 12, 0, 12, 12, 0, 0, 0, 1, 0, 39, 13, 0))
2018-04-19 00:22:20.560418;(6, (3, 15, 0, 15, 15, 0, 0, 0, 0, 0, 28, 15, 0))
2018-04-19 00:22:20.643734;(5, (4, 58, 0, 58, 58, 0, 0, 2, 14, 0, 101, 74, 0))
2018-04-19 00:22:20.724282;(9, (4, 12, 0, 12, 12, 0, 0, 1, 0, 0, 6, 13, 0))
2018-04-19 00:22:20.766118;(3, (5, 61, 0, 61, 60, 0, 0, 14, 28, 0, 100, 102, 0))
2018-04-19 00:22:20.778531;(14, (4, 26, 0, 26, 26, 0, 0, 2, 17, 0, 58, 45, 0))
2018-04-19 00:22:20.794287;(11, (4, 29, 0, 29, 29, 0, 0, 1, 0, 0, 57, 30, 0))
2018-04-19 00:22:20.828571;(19, (3, 15, 0, 15, 15, 0, 0, 0, 0, 0, 29, 15, 0))
2018-04-19 00:22:20.861601;(8, (5, 20, 0, 20, 19, 0, 0, 15, 13, 0, 65, 47, 0))
2018-04-19 00:22:20.931154;(10, (4, 107, 0, 107, 105, 0, 0, 7, 39, 0, 141, 151, 0))
2018-04-19 00:22:20.984249;(22, (4, 21, 0, 21, 20, 0, 0, 3, 31, 0, 75, 54, 0))
2018-04-19 00:22:21.008149;(13, (4, 60, 0, 60, 60, 0, 0, 7, 1, 0, 71, 68, 0))
2018-04-19 00:22:21.126123;(4, (4, 44, 0, 44, 43, 0, 0, 10, 15, 0, 47, 68, 0))
2018-04-19 00:22:21.158785;(20, (5, 49, 0, 49, 47, 0, 0, 19, 40, 0, 72, 106, 0))
2018-04-19 00:22:21.209329;(18, (4, 74, 0, 74, 74, 0, 0, 2, 0, 0, 94, 76, 0))
2018-04-19 00:22:21.211651;(12, (4, 16, 0, 16, 16, 0, 0, 2, 0, 0, 37, 18, 0))
2018-04-19 00:22:21.255729;(16, (4, 14, 0, 14, 13, 0, 0, 2, 23, 0, 43, 38, 0))
2018-04-19 00:22:21.288533;(1, (4, 125, 0, 125, 125, 0, 0, 1, 21, 0, 277, 147, 0))
2018-04-19 00:22:21.315776;(21, (7, 30, 0, 30, 29, 0, 0, 32, 2, 0, 52, 63, 0))
2018-04-19 00:22:21.323358;(7, (4, 38, 0, 38, 36, 0, 0, 9, 21, 0, 71, 66, 0))
2018-04-19 00:22:50.432745;(17, (4, 52, 0, 52, 51, 0, 0, 11, 12, 0, 42, 74, 0))
2018-04-19 00:22:50.447263;(23, (5, 266, 0, 266, 257, 0, 0, 112, 125, 0, 300, 494, 0))
2018-04-19 00:22:50.561394;(15, (4, 35, 0, 35, 34, 0, 0, 2, 58, 0, 68, 94, 0))
2018-04-19 00:22:50.566113;(6, (7, 54, 0, 54, 53, 0, 0, 27, 87, 0, 70, 167, 0))
2018-04-19 00:22:50.648974;(5, (5, 256, 0, 256, 243, 0, 0, 68, 293, 0, 302, 604, 0))
2018-04-19 00:22:50.732600;(9, (5, 41, 0, 41, 40, 0, 0, 8, 13, 0, 33, 61, 0))
2018-04-19 00:22:50.771919;(3, (6, 253, 0, 253, 247, 0, 0, 113, 140, 0, 299, 500, 0))
2018-04-19 00:22:50.784121;(14, (5, 85, 0, 85, 84, 0, 0, 22, 103, 0, 117, 209, 0))
2018-04-19 00:22:50.797637;(11, (5, 85, 0, 85, 84, 0, 0, 10, 66, 0, 122, 160, 0))
2018-04-19 00:22:50.834238;(19, (4, 43, 0, 43, 42, 0, 0, 4, 27, 0, 67, 73, 0))
2018-04-19 00:22:50.865975;(8, (4, 53, 0, 53, 51, 0, 0, 24, 23, 0, 112, 98, 0))
2018-04-19 00:22:50.935839;(10, (5, 436, 0, 436, 417, 0, 0, 84, 459, 0, 477, 960, 0))
2018-04-19 00:22:50.996763;(22, (8, 57, 0, 57, 55, 0, 0, 32, 87, 0, 110, 174, 0))
2018-04-19 00:22:51.015661;(13, (5, 195, 0, 195, 193, 0, 0, 40, 23, 0, 206, 256, 0))
2018-04-19 00:22:51.134691;(4, (4, 130, 0, 130, 129, 0, 0, 15, 15, 0, 135, 159, 0))
2018-04-19 00:22:51.164615;(20, (5, 193, 0, 193, 189, 0, 0, 33, 136, 0, 217, 358, 0))
2018-04-19 00:22:51.215334;(18, (5, 238, 0, 238, 233, 0, 0, 33, 169, 0, 261, 435, 0))
2018-04-19 00:22:51.217978;(12, (5, 47, 0, 47, 45, 0, 0, 13, 49, 0, 71, 107, 0))
2018-04-19 00:22:51.262940;(16, (5, 57, 0, 57, 55, 0, 0, 15, 52, 0, 86, 122, 0))
2018-04-19 00:22:51.291596;(1, (5, 587, 1, 586, 569, 0, 0, 76, 841, 1, 790, 1486, 0))
2018-04-19 00:22:51.323645;(21, (7, 65, 0, 65, 62, 0, 0, 67, 41, 0, 88, 170, 0))
2018-04-19 00:22:51.330878;(7, (5, 155, 0, 155, 148, 0, 0, 57, 119, 0, 194, 324, 0))
2018-04-19 00:23:20.435091;(17, (5, 62, 0, 62, 60, 0, 0, 18, 27, 0, 47, 105, 0))
2018-04-19 00:23:20.450483;(23, (5, 446, 0, 446, 428, 0, 0, 180, 294, 0, 486, 902, 0))
2018-04-19 00:23:20.568467;(15, (5, 316, 0, 316, 298, 0, 0, 101, 625, 0, 337, 1024, 0))
2018-04-19 00:23:20.576086;(6, (7, 106, 0, 106, 104, 0, 0, 63, 205, 0, 118, 372, 0))
2018-04-19 00:23:20.654673;(5, (5, 707, 0, 707, 680, 0, 0, 142, 701, 0, 793, 1523, 0))
2018-04-19 00:23:20.736570;(9, (4, 50, 0, 50, 49, 0, 0, 8, 13, 0, 43, 70, 0))
2018-04-19 00:23:20.777704;(3, (5, 420, 0, 420, 408, 0, 0, 174, 272, 0, 491, 854, 0))
2018-04-19 00:23:20.787669;(14, (5, 126, 0, 126, 124, 0, 0, 34, 175, 0, 166, 333, 0))
2018-04-19 00:23:20.799557;(11, (6, 154, 0, 154, 151, 0, 0, 38, 176, 0, 208, 365, 0))
2018-04-19 00:23:20.839221;(19, (6, 107, 0, 107, 104, 0, 0, 39, 73, 0, 137, 216, 0))
2018-04-19 00:23:20.869664;(8, (5, 91, 0, 91, 82, 0, 0, 43, 166, 0, 171, 291, 0))
2018-04-19 00:23:20.941795;(10, (6, 551, 0, 551, 520, 0, 0, 172, 738, 0, 606, 1430, 0))
2018-04-19 00:23:21.002025;(22, (5, 220, 0, 220, 209, 0, 0, 124, 259, 0, 296, 592, 0))
2018-04-19 00:23:21.020658;(13, (6, 255, 0, 255, 250, 0, 0, 64, 138, 0, 261, 452, 0))
2018-04-19 00:23:21.138720;(4, (6, 169, 0, 169, 165, 0, 0, 47, 66, 0, 171, 278, 0))
2018-04-19 00:23:21.169780;(20, (8, 232, 0, 232, 221, 0, 0, 93, 280, 0, 258, 594, 0))
2018-04-19 00:23:21.221970;(18, (5, 386, 0, 386, 373, 0, 0, 68, 378, 0, 415, 819, 0))
2018-04-19 00:23:21.223358;(12, (5, 91, 0, 91, 84, 0, 0, 27, 156, 0, 128, 267, 0))
2018-04-19 00:23:21.268331;(16, (6, 99, 0, 99, 96, 0, 0, 36, 65, 0, 140, 197, 0))
2018-04-19 00:23:21.293895;(1, (5, 928, 1, 927, 883, 0, 0, 171, 1706, 1, 1222, 2760, 0))
2018-04-19 00:23:21.330694;(21, (5, 140, 0, 140, 134, 0, 0, 92, 181, 0, 171, 407, 0))
2018-04-19 00:23:21.336324;(7, (4, 214, 0, 214, 207, 0, 0, 62, 123, 0, 257, 392, 0))
2018-04-19 00:23:50.438920;(17, (6, 86, 0, 86, 83, 0, 0, 36, 47, 0, 63, 166, 0))
2018-04-19 00:23:50.454340;(23, (5, 714, 0, 714, 684, 0, 0, 287, 625, 0, 759, 1596, 0))
2018-04-19 00:23:50.573849;(15, (5, 599, 2, 597, 563, 0, 0, 199, 1147, 2, 601, 1909, 0))
2018-04-19 00:23:50.586538;(6, (6, 144, 0, 144, 138, 0, 0, 102, 276, 0, 156, 516, 0))
2018-04-19 00:23:50.660803;(5, (4, 903, 0, 903, 869, 0, 0, 168, 957, 0, 1028, 1994, 0))
2018-04-19 00:23:50.741311;(9, (4, 77, 0, 77, 76, 0, 0, 10, 28, 0, 69, 114, 0))
2018-04-19 00:23:50.780131;(3, (5, 548, 0, 548, 528, 0, 0, 209, 558, 0, 629, 1295, 0))
2018-04-19 00:23:50.791605;(14, (5, 274, 0, 274, 266, 0, 0, 89, 418, 0, 330, 773, 0))
2018-04-19 00:23:50.804788;(11, (5, 217, 0, 217, 210, 0, 0, 76, 256, 0, 281, 542, 0))
2018-04-19 00:23:50.842896;(19, (6, 147, 0, 147, 143, 0, 0, 56, 110, 0, 172, 309, 0))
2018-04-19 00:23:50.872589;(8, (5, 157, 0, 157, 146, 0, 0, 48, 244, 0, 262, 438, 0))
2018-04-19 00:23:50.950539;(10, (5, 628, 0, 628, 595, 0, 0, 180, 837, 0, 695, 1612, 0))
2018-04-19 00:23:51.007926;(22, (6, 347, 0, 347, 332, 0, 0, 181, 439, 0, 438, 952, 0))
2018-04-19 00:23:51.026348;(13, (5, 400, 0, 400, 394, 0, 0, 94, 150, 0, 406, 638, 0))
2018-04-19 00:23:51.145642;(4, (4, 251, 0, 251, 247, 0, 0, 51, 66, 0, 256, 364, 0))
2018-04-19 00:23:51.174962;(20, (5, 261, 0, 261, 249, 0, 0, 98, 306, 0, 292, 653, 0))
2018-04-19 00:23:51.227174;(18, (5, 642, 0, 642, 622, 0, 0, 121, 711, 0, 676, 1454, 0))
2018-04-19 00:23:51.228185;(12, (5, 151, 0, 151, 143, 0, 0, 34, 223, 0, 195, 400, 0))
2018-04-19 00:23:51.273732;(16, (6, 137, 0, 137, 133, 0, 0, 63, 119, 0, 188, 315, 0))
2018-04-19 00:23:51.295917;(1, (5, 1340, 1, 1339, 1284, 0, 0, 236, 2400, 1, 1688, 3920, 0))
2018-04-19 00:23:51.336608;(21, (4, 171, 0, 171, 165, 0, 0, 92, 192, 0, 208, 449, 0))
2018-04-19 00:23:51.340165;(7, (6, 276, 0, 276, 267, 0, 0, 95, 280, 0, 330, 642, 0))
2018-04-19 00:24:20.442515;(17, (4, 100, 0, 100, 97, 0, 0, 36, 61, 0, 72, 194, 0))
2018-04-19 00:24:20.458850;(23, (5, 844, 0, 844, 808, 0, 0, 333, 781, 0, 890, 1922, 0))
2018-04-19 00:24:20.578821;(15, (5, 887, 2, 885, 841, 0, 0, 269, 1394, 2, 910, 2504, 0))
2018-04-19 00:24:20.591337;(6, (5, 174, 0, 174, 167, 0, 0, 105, 308, 0, 193, 580, 0))
2018-04-19 00:24:20.666487;(5, (5, 1211, 0, 1211, 1155, 0, 0, 288, 1483, 0, 1322, 2926, 0))
2018-04-19 00:24:20.746974;(9, (5, 108, 0, 108, 107, 0, 0, 14, 28, 0, 99, 149, 0))
2018-04-19 00:24:20.786540;(3, (6, 632, 0, 632, 609, 0, 0, 249, 678, 0, 726, 1536, 0))
2018-04-19 00:24:20.795041;(14, (5, 316, 0, 316, 307, 0, 0, 96, 478, 0, 399, 881, 0))
2018-04-19 00:24:20.807682;(11, (5, 284, 0, 284, 274, 0, 0, 99, 324, 0, 365, 697, 0))
2018-04-19 00:24:20.848072;(19, (6, 186, 0, 186, 182, 0, 0, 70, 110, 0, 206, 362, 0))
2018-04-19 00:24:20.877696;(8, (6, 227, 0, 227, 213, 0, 0, 79, 331, 0, 337, 623, 0))
2018-04-19 00:24:20.956205;(10, (5, 749, 0, 749, 708, 0, 0, 225, 1057, 0, 822, 1990, 0))
2018-04-19 00:24:21.013543;(22, (5, 507, 0, 507, 481, 0, 0, 266, 593, 0, 608, 1340, 0))
2018-04-19 00:24:21.030761;(13, (5, 570, 0, 570, 560, 0, 0, 157, 211, 0, 573, 928, 0))
2018-04-19 00:24:21.150920;(4, (4, 344, 0, 344, 340, 0, 0, 54, 69, 0, 351, 463, 0))
2018-04-19 00:24:21.187678;(20, (5, 346, 0, 346, 331, 0, 0, 127, 420, 0, 390, 878, 0))
2018-04-19 00:24:21.230459;(18, (5, 759, 0, 759, 729, 0, 0, 174, 845, 0, 805, 1748, 0))
2018-04-19 00:24:21.231347;(12, (4, 189, 0, 189, 180, 0, 0, 34, 261, 0, 253, 475, 0))
2018-04-19 00:24:21.277139;(16, (4, 157, 0, 157, 151, 0, 0, 74, 134, 0, 221, 359, 0))
2018-04-19 00:24:21.299181;(1, (4, 1771, 1, 1770, 1696, 0, 0, 310, 3121, 1, 2168, 5127, 0))
2018-04-19 00:24:21.342783;(21, (5, 202, 0, 202, 196, 0, 0, 96, 192, 0, 246, 484, 0))
2018-04-19 00:24:21.346019;(7, (6, 323, 0, 323, 313, 0, 0, 112, 331, 0, 392, 756, 0))
2018-04-19 00:24:50.446825;(17, (8, 130, 0, 130, 127, 0, 0, 61, 72, 0, 95, 260, 0))
2018-04-19 00:24:50.461738;(23, (5, 1051, 0, 1051, 1013, 0, 0, 368, 848, 0, 1108, 2229, 0))
2018-04-19 00:24:50.584030;(15, (5, 1114, 2, 1112, 1055, 0, 0, 345, 1663, 2, 1147, 3063, 0))
2018-04-19 00:24:50.672857;(5, (4, 1425, 0, 1425, 1358, 0, 0, 337, 1727, 0, 1552, 3422, 0))
2018-04-19 00:24:50.753499;(9, (4, 138, 0, 138, 137, 0, 0, 14, 28, 0, 129, 179, 0))
2018-04-19 00:24:50.790980;(3, (5, 863, 0, 863, 835, 0, 0, 285, 907, 0, 970, 2027, 0))
2018-04-19 00:24:50.800326;(14, (5, 446, 0, 446, 436, 0, 0, 116, 547, 0, 536, 1099, 0))
2018-04-19 00:24:50.811889;(11, (6, 321, 0, 321, 309, 0, 0, 119, 380, 0, 405, 808, 0))
2018-04-19 00:24:50.852688;(19, (6, 222, 0, 222, 216, 0, 0, 98, 147, 0, 247, 461, 0))
2018-04-19 00:24:50.880518;(8, (5, 319, 0, 319, 302, 0, 0, 112, 481, 0, 447, 895, 0))
2018-04-19 00:24:50.961412;(10, (5, 908, 0, 908, 861, 0, 0, 266, 1317, 0, 986, 2444, 0))
2018-04-19 00:24:51.021345;(22, (5, 802, 0, 802, 763, 0, 0, 388, 990, 0, 924, 2141, 0))
2018-04-19 00:24:51.036338;(13, (5, 731, 0, 731, 720, 0, 0, 200, 247, 0, 726, 1167, 0))
2018-04-19 00:24:51.156826;(4, (4, 435, 0, 435, 431, 0, 0, 61, 70, 0, 445, 562, 0))
2018-04-19 00:24:51.191520;(20, (6, 425, 0, 425, 407, 0, 0, 160, 581, 0, 480, 1148, 0))
2018-04-19 00:24:51.236052;(12, (5, 262, 0, 262, 249, 0, 0, 70, 329, 0, 332, 648, 0))
2018-04-19 00:24:51.238368;(18, (4, 900, 0, 900, 869, 0, 0, 196, 858, 0, 962, 1923, 0))
2018-04-19 00:24:51.281284;(16, (5, 177, 0, 177, 170, 0, 0, 87, 136, 0, 253, 393, 0))
2018-04-19 00:24:51.301927;(1, (5, 2217, 1, 2216, 2126, 0, 0, 392, 3885, 1, 2666, 6403, 0))
2018-04-19 00:24:51.348637;(21, (4, 233, 0, 233, 227, 0, 0, 96, 198, 0, 279, 521, 0))
2018-04-19 00:24:51.350538;(7, (5, 444, 0, 444, 430, 0, 0, 149, 513, 0, 521, 1092, 0))
2018-04-19 00:25:20.451325;(17, (10, 146, 0, 146, 141, 0, 0, 88, 72, 0, 104, 301, 0))
2018-04-19 00:25:20.463574;(23, (5, 1308, 0, 1308, 1262, 0, 0, 457, 1003, 0, 1379, 2722, 0))
2018-04-19 00:25:20.591679;(15, (5, 1356, 2, 1354, 1287, 0, 0, 415, 1910, 2, 1400, 3612, 0))
2018-04-19 00:25:20.678714;(5, (5, 1488, 0, 1488, 1414, 0, 0, 370, 1900, 0, 1625, 3684, 0))
2018-04-19 00:25:20.759948;(9, (4, 170, 0, 170, 169, 0, 0, 15, 28, 0, 160, 212, 0))
2018-04-19 00:25:20.797704;(3, (5, 1086, 0, 1086, 1048, 0, 0, 319, 1216, 0, 1216, 2583, 0))
2018-04-19 00:25:20.804637;(14, (5, 534, 0, 534, 521, 0, 0, 135, 709, 0, 635, 1365, 0))
2018-04-19 00:25:20.816042;(11, (7, 357, 0, 357, 341, 0, 0, 143, 527, 0, 458, 1011, 0))
2018-04-19 00:25:20.857814;(19, (7, 248, 0, 248, 241, 0, 0, 124, 178, 0, 282, 543, 0))
2018-04-19 00:25:20.966005;(10, (5, 965, 0, 965, 912, 0, 0, 292, 1513, 0, 1059, 2717, 0))
2018-04-19 00:25:21.027797;(22, (6, 1117, 0, 1117, 1063, 0, 0, 532, 1504, 0, 1229, 3099, 0))
2018-04-19 00:25:21.042310;(13, (5, 890, 0, 890, 879, 0, 0, 224, 249, 0, 887, 1352, 0))
2018-04-19 00:25:21.164615;(4, (5, 529, 0, 529, 525, 0, 0, 67, 73, 0, 541, 665, 0))
2018-04-19 00:25:21.195224;(20, (5, 463, 0, 463, 443, 0, 0, 175, 608, 0, 527, 1226, 0))
2018-04-19 00:25:21.240428;(12, (5, 311, 0, 311, 291, 0, 0, 87, 513, 0, 388, 891, 0))
2018-04-19 00:25:21.246448;(18, (5, 1008, 0, 1008, 975, 0, 0, 221, 921, 0, 1094, 2117, 0))
2018-04-19 00:25:21.285618;(16, (8, 235, 0, 235, 226, 0, 0, 124, 250, 0, 307, 600, 0))
2018-04-19 00:25:21.305589;(1, (5, 2616, 1, 2615, 2512, 0, 0, 472, 4550, 1, 3118, 7534, 0))
2018-04-19 00:25:21.353975;(21, (5, 267, 0, 267, 261, 0, 0, 100, 229, 0, 320, 590, 0))
2018-04-19 00:25:21.355153;(7, (5, 553, 0, 553, 537, 0, 0, 174, 609, 0, 639, 1320, 0))
2018-04-19 00:25:50.459668;(17, (5, 189, 0, 189, 182, 0, 0, 113, 101, 0, 142, 396, 0))
2018-04-19 00:25:50.466903;(23, (5, 1541, 0, 1541, 1484, 0, 0, 521, 1228, 0, 1619, 3233, 0))
2018-04-19 00:25:50.596560;(15, (5, 1677, 2, 1675, 1590, 0, 0, 526, 2286, 2, 1725, 4402, 0))
2018-04-19 00:25:50.685626;(5, (4, 1549, 0, 1549, 1473, 0, 0, 376, 1958, 0, 1699, 3807, 0))
2018-04-19 00:25:50.801200;(3, (5, 1171, 0, 1171, 1130, 0, 0, 348, 1335, 0, 1330, 2813, 0))
2018-04-19 00:25:50.808106;(14, (5, 650, 0, 650, 629, 0, 0, 170, 986, 0, 777, 1786, 0))
2018-04-19 00:25:50.819302;(11, (6, 377, 0, 377, 359, 0, 0, 156, 554, 0, 494, 1069, 0))
2018-04-19 00:25:50.860182;(19, (4, 255, 0, 255, 248, 0, 0, 125, 186, 0, 298, 559, 0))
2018-04-19 00:25:50.971792;(10, (6, 1001, 0, 1001, 943, 0, 0, 316, 1615, 0, 1100, 2874, 0))
2018-04-19 00:25:51.031704;(22, (5, 1348, 0, 1348, 1277, 0, 0, 665, 1797, 0, 1474, 3739, 0))
2018-04-19 00:25:51.046999;(13, (5, 1032, 0, 1032, 1020, 0, 0, 254, 260, 0, 1028, 1534, 0))
2018-04-19 00:25:51.170279;(4, (4, 611, 0, 611, 607, 0, 0, 69, 73, 0, 625, 749, 0))
2018-04-19 00:25:51.198904;(20, (6, 500, 0, 500, 478, 0, 0, 205, 640, 0, 568, 1323, 0))
2018-04-19 00:25:51.245683;(12, (4, 381, 0, 381, 356, 0, 0, 106, 600, 0, 481, 1062, 0))
2018-04-19 00:25:51.255080;(18, (5, 1186, 0, 1186, 1148, 0, 0, 257, 1143, 0, 1285, 2548, 0))
2018-04-19 00:25:51.288987;(16, (5, 274, 0, 274, 261, 0, 0, 154, 296, 0, 358, 712, 0))
2018-04-19 00:25:51.310029;(1, (4, 3050, 1, 3049, 2936, 0, 0, 534, 5033, 1, 3597, 8503, 0))
2018-04-19 00:25:51.359008;(21, (4, 301, 0, 301, 294, 0, 0, 111, 229, 0, 357, 634, 0))
2018-04-19 00:25:51.359532;(7, (5, 697, 0, 697, 673, 0, 0, 247, 800, 0, 773, 1720, 0))
2018-04-19 00:26:20.464865;(17, (5, 227, 0, 227, 220, 0, 0, 122, 101, 0, 180, 443, 0))
2018-04-19 00:26:20.469655;(23, (5, 1694, 0, 1694, 1634, 0, 0, 561, 1305, 0, 1784, 3500, 0))
2018-04-19 00:26:20.603652;(15, (5, 1830, 2, 1828, 1734, 0, 0, 580, 2442, 2, 1878, 4756, 0))
2018-04-19 00:26:20.691774;(5, (5, 1923, 0, 1923, 1828, 0, 0, 495, 2414, 0, 2087, 4737, 0))
2018-04-19 00:26:20.808385;(3, (5, 1238, 0, 1238, 1192, 0, 0, 361, 1474, 0, 1412, 3027, 0))
2018-04-19 00:26:20.812337;(14, (5, 701, 0, 701, 680, 0, 0, 177, 1021, 0, 844, 1878, 0))
2018-04-19 00:26:20.823894;(11, (6, 417, 0, 417, 399, 0, 0, 163, 572, 0, 547, 1134, 0))
2018-04-19 00:26:20.864450;(19, (5, 295, 0, 295, 288, 0, 0, 137, 201, 0, 343, 626, 0))
2018-04-19 00:26:20.976859;(10, (5, 1040, 0, 1040, 980, 0, 0, 330, 1656, 0, 1143, 2966, 0))
2018-04-19 00:26:21.039580;(22, (6, 1424, 0, 1424, 1348, 0, 0, 706, 1883, 0, 1560, 3937, 0))
2018-04-19 00:26:21.053329;(13, (5, 1192, 0, 1192, 1175, 0, 0, 308, 367, 0, 1181, 1850, 0))
2018-04-19 00:26:21.177763;(4, (4, 711, 0, 711, 704, 0, 0, 81, 126, 0, 724, 911, 0))
2018-04-19 00:26:21.254547;(12, (5, 461, 0, 461, 435, 0, 0, 118, 681, 0, 580, 1234, 0))
2018-04-19 00:26:21.262966;(18, (4, 1308, 0, 1308, 1267, 0, 0, 271, 1197, 0, 1415, 2735, 0))
2018-04-19 00:26:21.290971;(16, (6, 287, 0, 287, 275, 0, 0, 158, 305, 0, 381, 738, 0))
2018-04-19 00:26:21.313654;(1, (5, 3519, 2, 3517, 3392, 0, 0, 595, 5787, 2, 4112, 9774, 0))
2018-04-19 00:26:21.365423;(21, (4, 331, 0, 331, 324, 0, 0, 113, 229, 0, 390, 666, 0))
2018-04-19 00:26:21.366339;(7, (5, 882, 0, 882, 851, 0, 0, 316, 976, 0, 951, 2143, 0))
2018-04-19 00:26:50.471648;(23, (5, 1982, 0, 1982, 1917, 0, 0, 638, 1433, 0, 2073, 3988, 0))
2018-04-19 00:26:50.820468;(14, (4, 741, 0, 741, 719, 0, 0, 179, 1057, 0, 897, 1955, 0))
2018-04-19 00:26:50.829613;(11, (5, 653, 0, 653, 628, 0, 0, 224, 892, 0, 796, 1744, 0))
2018-04-19 00:26:50.983464;(10, (5, 1144, 0, 1144, 1081, 0, 0, 345, 1811, 0, 1250, 3237, 0))
2018-04-19 00:26:51.315490;(1, (5, 4025, 2, 4023, 3879, 0, 0, 709, 6794, 2, 4661, 11382, 0))
2018-04-19 00:26:51.371979;(7, (6, 1022, 0, 1022, 987, 0, 0, 381, 1123, 0, 1082, 2491, 0))
2018-04-19 00:26:51.469123;(17, (7, 266, 0, 266, 259, 0, 0, 149, 130, 0, 210, 538, 0))
2018-04-19 00:26:51.611787;(15, (4, 1922, 2, 1920, 1821, 0, 0, 609, 2525, 2, 1975, 4955, 0))
2018-04-19 00:26:51.700166;(5, (5, 2294, 0, 2294, 2174, 0, 0, 630, 2960, 0, 2467, 5764, 0))
2018-04-19 00:26:51.814960;(3, (4, 1300, 0, 1300, 1251, 0, 0, 371, 1575, 0, 1489, 3197, 0))
2018-04-19 00:26:51.869497;(19, (5, 338, 0, 338, 331, 0, 0, 150, 249, 0, 381, 730, 0))
2018-04-19 00:26:52.047249;(22, (6, 1515, 0, 1515, 1433, 0, 0, 764, 2060, 0, 1661, 4257, 0))
2018-04-19 00:26:52.058708;(13, (4, 1359, 0, 1359, 1339, 0, 0, 341, 403, 0, 1346, 2083, 0))
2018-04-19 00:26:52.185348;(4, (5, 821, 0, 821, 813, 0, 0, 109, 126, 0, 829, 1048, 0))
2018-04-19 00:26:52.260268;(12, (5, 622, 0, 622, 590, 0, 0, 149, 893, 0, 748, 1632, 0))
2018-04-19 00:26:52.269557;(18, (5, 1579, 0, 1579, 1534, 0, 0, 315, 1335, 0, 1692, 3184, 0))
2018-04-19 00:26:52.298366;(16, (4, 347, 0, 347, 330, 0, 0, 167, 448, 0, 453, 945, 0))
2018-04-19 00:27:20.474427;(23, (5, 2126, 0, 2126, 2059, 0, 0, 680, 1523, 0, 2223, 4262, 0))
2018-04-19 00:27:20.835503;(11, (5, 738, 0, 738, 710, 0, 0, 241, 1014, 0, 890, 1965, 0))
2018-04-19 00:27:20.991621;(10, (5, 1422, 0, 1422, 1357, 0, 0, 371, 2110, 0, 1546, 3838, 0))
2018-04-19 00:27:21.318554;(1, (5, 4438, 2, 4436, 4279, 0, 0, 767, 7515, 2, 5128, 12561, 0))
2018-04-19 00:27:21.471875;(17, (4, 288, 0, 288, 281, 0, 0, 151, 134, 0, 233, 566, 0))
2018-04-19 00:27:21.622016;(15, (6, 1961, 2, 1959, 1859, 0, 0, 627, 2601, 2, 2010, 5087, 0))
2018-04-19 00:27:21.706775;(5, (4, 2702, 0, 2702, 2567, 0, 0, 686, 3329, 0, 2884, 6582, 0))
2018-04-19 00:27:21.818871;(3, (5, 1376, 0, 1376, 1325, 0, 0, 389, 1646, 0, 1575, 3360, 0))
2018-04-19 00:27:21.872107;(19, (6, 366, 0, 366, 356, 0, 0, 170, 317, 0, 409, 843, 0))
2018-04-19 00:27:22.052554;(22, (6, 1675, 0, 1675, 1584, 0, 0, 845, 2359, 0, 1835, 4788, 0))
2018-04-19 00:27:22.065311;(13, (5, 1517, 0, 1517, 1495, 0, 0, 389, 428, 0, 1504, 2312, 0))
2018-04-19 00:27:22.191519;(4, (4, 918, 0, 918, 909, 0, 0, 121, 126, 0, 925, 1156, 0))
2018-04-19 00:27:22.263257;(12, (5, 699, 0, 699, 664, 0, 0, 163, 1046, 0, 840, 1873, 0))
2018-04-19 00:27:22.275979;(18, (5, 1700, 0, 1700, 1653, 0, 0, 328, 1437, 0, 1820, 3418, 0))
2018-04-19 00:27:22.300915;(16, (5, 404, 0, 404, 384, 0, 0, 179, 557, 0, 530, 1120, 0))
2018-04-19 00:27:22.378603;(7, (7, 1173, 0, 1173, 1129, 0, 0, 516, 1303, 0, 1238, 2948, 0))
2018-04-19 00:27:50.998442;(10, (5, 1633, 0, 1633, 1551, 0, 0, 470, 2598, 0, 1762, 4619, 0))
2018-04-19 00:27:51.322784;(1, (5, 4885, 2, 4883, 4705, 0, 0, 856, 8330, 2, 5598, 13891, 0))
2018-04-19 00:27:51.475489;(17, (8, 299, 0, 299, 292, 0, 0, 157, 149, 0, 238, 598, 0))
2018-04-19 00:27:51.477409;(23, (5, 2434, 0, 2434, 2362, 0, 0, 739, 1651, 0, 2533, 4752, 0))
2018-04-19 00:27:51.629573;(15, (5, 1993, 2, 1991, 1891, 0, 0, 630, 2652, 2, 2042, 5173, 0))
2018-04-19 00:27:51.712482;(5, (4, 2974, 0, 2974, 2828, 0, 0, 719, 3664, 0, 3167, 7211, 0))
2018-04-19 00:27:51.824215;(3, (6, 1499, 0, 1499, 1445, 0, 0, 456, 1709, 0, 1715, 3610, 0))
2018-04-19 00:27:51.841307;(11, (6, 766, 0, 766, 736, 0, 0, 261, 1094, 0, 924, 2091, 0))
2018-04-19 00:27:51.877704;(19, (6, 476, 0, 476, 463, 0, 0, 221, 433, 0, 510, 1117, 0))
2018-04-19 00:27:52.056759;(22, (5, 1703, 0, 1703, 1611, 0, 0, 850, 2388, 0, 1875, 4849, 0))
2018-04-19 00:27:52.070455;(13, (5, 1672, 0, 1672, 1647, 0, 0, 426, 486, 0, 1659, 2559, 0))
2018-04-19 00:27:52.198055;(4, (5, 1011, 0, 1011, 1002, 0, 0, 138, 154, 0, 1019, 1294, 0))
2018-04-19 00:27:52.267718;(12, (5, 727, 0, 727, 688, 0, 0, 176, 1142, 0, 876, 2006, 0))
2018-04-19 00:27:52.283052;(18, (5, 1988, 0, 1988, 1939, 0, 0, 357, 1523, 0, 2117, 3819, 0))
2018-04-19 00:27:52.307260;(16, (5, 540, 0, 540, 515, 0, 0, 214, 679, 0, 688, 1408, 0))
2018-04-19 00:27:52.390632;(7, (5, 1209, 0, 1209, 1165, 0, 0, 520, 1322, 0, 1293, 3007, 0))
2018-04-19 00:28:21.329717;(1, (5, 5247, 2, 5245, 5043, 0, 0, 937, 9071, 2, 6018, 15051, 0))
2018-04-19 00:28:21.478500;(17, (5, 312, 0, 312, 305, 0, 0, 159, 162, 0, 247, 626, 0))
2018-04-19 00:28:21.479193;(23, (5, 2711, 0, 2711, 2632, 0, 0, 827, 1786, 0, 2820, 5245, 0))
2018-04-19 00:28:21.637929;(15, (5, 2110, 2, 2108, 1998, 0, 0, 701, 2822, 2, 2162, 5521, 0))
2018-04-19 00:28:21.717595;(5, (5, 3281, 0, 3281, 3119, 0, 0, 810, 4033, 0, 3482, 7962, 0))
2018-04-19 00:28:21.829201;(3, (6, 1627, 0, 1627, 1564, 0, 0, 538, 1912, 0, 1853, 4014, 0))
2018-04-19 00:28:21.847144;(11, (4, 812, 0, 812, 779, 0, 0, 272, 1169, 0, 976, 2220, 0))
2018-04-19 00:28:21.882026;(19, (7, 510, 0, 510, 495, 0, 0, 244, 494, 0, 546, 1233, 0))
2018-04-19 00:28:22.007122;(10, (5, 1858, 0, 1858, 1761, 0, 0, 541, 3031, 0, 1990, 5333, 0))
2018-04-19 00:28:22.061531;(22, (6, 1740, 0, 1740, 1646, 0, 0, 859, 2550, 0, 1932, 5055, 0))
2018-04-19 00:28:22.075294;(13, (5, 1781, 0, 1781, 1750, 0, 0, 478, 560, 0, 1763, 2788, 0))
2018-04-19 00:28:22.203819;(4, (4, 1075, 0, 1075, 1066, 0, 0, 141, 182, 0, 1082, 1389, 0))
2018-04-19 00:28:22.274940;(12, (6, 762, 0, 762, 721, 0, 0, 196, 1271, 0, 915, 2188, 0))
2018-04-19 00:28:22.310548;(16, (5, 647, 0, 647, 622, 0, 0, 231, 693, 0, 813, 1546, 0))
2018-04-19 00:28:22.397653;(7, (5, 1259, 0, 1259, 1213, 0, 0, 545, 1336, 0, 1360, 3094, 0))
2018-04-19 00:28:51.333342;(1, (5, 5612, 2, 5610, 5391, 0, 0, 1056, 9713, 2, 6448, 16160, 0))
2018-04-19 00:28:51.482528;(17, (6, 329, 0, 329, 321, 0, 0, 173, 177, 0, 257, 671, 0))
2018-04-19 00:28:51.483360;(23, (5, 3069, 0, 3069, 2981, 0, 0, 959, 1960, 0, 3184, 5900, 0))
2018-04-19 00:28:51.643905;(15, (5, 2142, 2, 2140, 2023, 0, 0, 726, 2943, 2, 2190, 5692, 0))
2018-04-19 00:28:51.722839;(5, (4, 3596, 0, 3596, 3420, 0, 0, 872, 4390, 0, 3805, 8682, 0))
2018-04-19 00:28:51.833458;(3, (5, 1714, 0, 1714, 1650, 0, 0, 548, 1999, 0, 1950, 4197, 0))
2018-04-19 00:28:51.853373;(11, (5, 872, 0, 872, 834, 0, 0, 311, 1252, 0, 1050, 2397, 0))
2018-04-19 00:28:51.888009;(19, (7, 558, 0, 558, 534, 0, 0, 326, 592, 0, 586, 1452, 0))
2018-04-19 00:28:52.015701;(10, (5, 1975, 0, 1975, 1878, 0, 0, 570, 3163, 0, 2115, 5611, 0))
2018-04-19 00:28:52.066877;(22, (5, 1798, 0, 1798, 1703, 0, 0, 870, 2604, 0, 2012, 5177, 0))
2018-04-19 00:28:52.080005;(13, (5, 1847, 0, 1847, 1813, 0, 0, 502, 641, 0, 1826, 2956, 0))
2018-04-19 00:28:52.207524;(4, (5, 1106, 0, 1106, 1096, 0, 0, 151, 196, 0, 1116, 1443, 0))
2018-04-19 00:28:52.280145;(12, (6, 796, 0, 796, 754, 0, 0, 209, 1336, 0, 957, 2299, 0))
2018-04-19 00:28:52.314315;(16, (6, 784, 0, 784, 754, 0, 0, 320, 827, 0, 964, 1901, 0))
2018-04-19 00:28:52.403541;(7, (5, 1303, 0, 1303, 1254, 0, 0, 566, 1390, 0, 1406, 3210, 0))
2018-04-19 00:29:21.337319;(1, (5, 5994, 2, 5992, 5753, 0, 0, 1122, 10644, 2, 6887, 17519, 0))
2018-04-19 00:29:21.484784;(17, (5, 339, 0, 339, 331, 0, 0, 176, 177, 0, 260, 684, 0))
2018-04-19 00:29:21.486476;(23, (5, 3257, 0, 3257, 3164, 0, 0, 1024, 2131, 0, 3382, 6319, 0))
2018-04-19 00:29:21.651584;(15, (5, 2176, 2, 2174, 2056, 0, 0, 731, 3007, 2, 2231, 5794, 0))
2018-04-19 00:29:21.729873;(5, (5, 4081, 0, 4081, 3882, 0, 0, 979, 4924, 0, 4304, 9785, 0))
2018-04-19 00:29:21.839342;(3, (5, 1879, 0, 1879, 1812, 0, 0, 579, 2160, 0, 2143, 4551, 0))
2018-04-19 00:29:21.857556;(11, (6, 955, 0, 955, 915, 0, 0, 350, 1387, 0, 1137, 2652, 0))
2018-04-19 00:29:21.891703;(19, (7, 594, 0, 594, 569, 0, 0, 347, 651, 0, 626, 1567, 0))
2018-04-19 00:29:22.020302;(10, (5, 2251, 0, 2251, 2142, 0, 0, 660, 3772, 0, 2397, 6574, 0))
2018-04-19 00:29:22.073726;(22, (5, 2038, 0, 2038, 1937, 0, 0, 920, 3030, 0, 2258, 5887, 0))
2018-04-19 00:29:22.085863;(13, (5, 1954, 0, 1954, 1918, 0, 0, 538, 715, 0, 1929, 3171, 0))
2018-04-19 00:29:22.215424;(4, (5, 1160, 0, 1160, 1149, 0, 0, 164, 222, 0, 1170, 1535, 0))
2018-04-19 00:29:22.285349;(12, (4, 822, 0, 822, 780, 0, 0, 210, 1371, 0, 997, 2361, 0))
2018-04-19 00:29:22.323437;(16, (5, 821, 0, 821, 791, 0, 0, 326, 869, 0, 1015, 1986, 0))
2018-04-19 00:29:22.412073;(7, (7, 1361, 0, 1361, 1308, 0, 0, 614, 1507, 0, 1467, 3429, 0))
2018-04-19 00:29:51.343278;(1, (5, 6444, 2, 6442, 6174, 0, 0, 1286, 11659, 2, 7389, 19119, 0))
2018-04-19 00:29:51.489900;(23, (5, 3659, 0, 3659, 3555, 0, 0, 1157, 2427, 0, 3791, 7139, 0))
2018-04-19 00:29:51.491978;(17, (7, 356, 0, 356, 347, 0, 0, 190, 192, 0, 271, 729, 0))
2018-04-19 00:29:51.657430;(15, (5, 2225, 2, 2223, 2103, 0, 0, 744, 3098, 2, 2280, 5945, 0))
2018-04-19 00:29:51.739269;(5, (5, 4533, 0, 4533, 4315, 0, 0, 1081, 5593, 0, 4769, 10989, 0))
2018-04-19 00:29:51.845657;(3, (5, 2142, 0, 2142, 2070, 0, 0, 648, 2466, 0, 2396, 5184, 0))
2018-04-19 00:29:51.861893;(11, (5, 1022, 0, 1022, 977, 0, 0, 372, 1530, 0, 1204, 2879, 0))
2018-04-19 00:29:51.896673;(19, (5, 618, 0, 618, 593, 0, 0, 354, 651, 0, 657, 1598, 0))
2018-04-19 00:29:52.026106;(10, (6, 2465, 0, 2465, 2341, 0, 0, 738, 4323, 0, 2609, 7402, 0))
2018-04-19 00:29:52.079764;(22, (5, 2196, 0, 2196, 2089, 0, 0, 954, 3253, 0, 2432, 6296, 0))
2018-04-19 00:29:52.092816;(13, (6, 2076, 0, 2076, 2036, 0, 0, 590, 881, 0, 2048, 3507, 0))
2018-04-19 00:29:52.222695;(4, (6, 1231, 0, 1231, 1217, 0, 0, 200, 327, 0, 1239, 1744, 0))
2018-04-19 00:29:52.291311;(12, (6, 859, 0, 859, 817, 0, 0, 217, 1441, 0, 1038, 2475, 0))
2018-04-19 00:29:52.332454;(16, (6, 912, 0, 912, 879, 0, 0, 372, 957, 0, 1107, 2208, 0))
2018-04-19 00:29:52.420408;(7, (5, 1423, 0, 1423, 1369, 0, 0, 621, 1592, 0, 1535, 3582, 0))
2018-04-19 00:30:21.346046;(1, (5, 6814, 2, 6812, 6526, 0, 0, 1374, 12386, 2, 7832, 20286, 0))
2018-04-19 00:30:21.495102;(23, (5, 4015, 0, 4015, 3909, 0, 0, 1235, 2540, 0, 4165, 7684, 0))
2018-04-19 00:30:21.497313;(17, (5, 379, 0, 379, 368, 0, 0, 208, 207, 0, 288, 783, 0))
2018-04-19 00:30:21.665754;(15, (6, 2263, 2, 2261, 2135, 0, 0, 771, 3254, 2, 2318, 6160, 0))
2018-04-19 00:30:21.745437;(5, (5, 4919, 0, 4919, 4682, 0, 0, 1174, 6034, 0, 5174, 11890, 0))
2018-04-19 00:30:21.851864;(3, (4, 2451, 0, 2451, 2363, 0, 0, 684, 2962, 0, 2689, 6009, 0))
2018-04-19 00:30:21.866881;(11, (5, 1124, 0, 1124, 1079, 0, 0, 387, 1626, 0, 1313, 3092, 0))
2018-04-19 00:30:21.905564;(19, (4, 656, 0, 656, 631, 0, 0, 355, 652, 0, 706, 1638, 0))
2018-04-19 00:30:22.031905;(10, (7, 2527, 0, 2527, 2401, 0, 0, 772, 4500, 0, 2676, 7673, 0))
2018-04-19 00:30:22.084202;(22, (6, 2420, 0, 2420, 2301, 0, 0, 1049, 3677, 0, 2667, 7027, 0))
2018-04-19 00:30:22.094970;(13, (7, 2097, 0, 2097, 2055, 0, 0, 615, 902, 0, 2065, 3572, 0))
2018-04-19 00:30:22.225909;(4, (4, 1241, 0, 1241, 1227, 0, 0, 201, 327, 0, 1250, 1755, 0))
2018-04-19 00:30:22.296737;(12, (5, 897, 0, 897, 854, 0, 0, 224, 1476, 0, 1089, 2554, 0))
2018-04-19 00:30:22.338365;(16, (5, 1007, 0, 1007, 972, 0, 0, 404, 1000, 0, 1212, 2376, 0))
2018-04-19 00:30:22.427176;(7, (4, 1469, 0, 1469, 1415, 0, 0, 621, 1612, 0, 1598, 3648, 0))
2018-04-19 00:30:51.349841;(1, (5, 7172, 2, 7170, 6865, 0, 0, 1451, 13135, 2, 8240, 21451, 0))
2018-04-19 00:30:51.499306;(23, (5, 4215, 0, 4215, 4102, 0, 0, 1308, 2680, 0, 4376, 8090, 0))
2018-04-19 00:30:51.502418;(17, (6, 413, 0, 413, 401, 0, 0, 224, 236, 0, 315, 861, 0))
2018-04-19 00:30:51.671953;(15, (5, 2581, 2, 2579, 2441, 0, 0, 850, 3619, 2, 2641, 6910, 0))
2018-04-19 00:30:51.751832;(5, (5, 5105, 0, 5105, 4858, 0, 0, 1248, 6314, 0, 5376, 12420, 0))
2018-04-19 00:30:51.857523;(3, (5, 2728, 0, 2728, 2636, 0, 0, 712, 3177, 0, 2982, 6525, 0))
2018-04-19 00:30:51.870965;(11, (5, 1202, 0, 1202, 1154, 0, 0, 410, 1788, 0, 1396, 3352, 0))
2018-04-19 00:30:51.915964;(19, (5, 696, 0, 696, 670, 0, 0, 372, 687, 0, 746, 1729, 0))
2018-04-19 00:30:52.037436;(10, (5, 2557, 0, 2557, 2429, 0, 0, 781, 4572, 0, 2713, 7782, 0))
2018-04-19 00:30:52.089994;(22, (5, 2735, 0, 2735, 2601, 0, 0, 1190, 4073, 0, 2986, 7864, 0))
2018-04-19 00:30:52.098190;(13, (6, 2116, 0, 2116, 2073, 0, 0, 630, 903, 0, 2079, 3606, 0))
2018-04-19 00:30:52.232246;(4, (4, 1255, 0, 1255, 1240, 0, 0, 204, 342, 0, 1257, 1786, 0))
2018-04-19 00:30:52.300839;(12, (5, 940, 0, 940, 896, 0, 0, 229, 1546, 0, 1148, 2671, 0))
2018-04-19 00:30:52.342458;(16, (5, 1047, 0, 1047, 1012, 0, 0, 408, 1075, 0, 1270, 2495, 0))
2018-04-19 00:30:52.430739;(7, (5, 1525, 0, 1525, 1471, 0, 0, 630, 1697, 0, 1670, 3798, 0))
2018-04-19 00:31:21.357304;(1, (5, 7590, 2, 7588, 7264, 0, 0, 1551, 14038, 2, 8707, 22853, 0))
2018-04-19 00:31:21.509370;(17, (6, 432, 0, 432, 419, 0, 0, 239, 236, 0, 330, 894, 0))
2018-04-19 00:31:21.509527;(23, (5, 4515, 0, 4515, 4394, 0, 0, 1409, 2857, 0, 4679, 8660, 0))
2018-04-19 00:31:21.680966;(15, (5, 2863, 2, 2861, 2709, 0, 0, 937, 4010, 2, 2924, 7656, 0))
2018-04-19 00:31:21.759036;(5, (5, 5334, 0, 5334, 5079, 0, 0, 1289, 6508, 0, 5616, 12876, 0))
2018-04-19 00:31:21.864328;(3, (4, 2953, 0, 2953, 2860, 0, 0, 725, 3280, 0, 3218, 6865, 0))
2018-04-19 00:31:21.922383;(19, (4, 723, 0, 723, 697, 0, 0, 372, 687, 0, 771, 1756, 0))
2018-04-19 00:31:22.045724;(10, (5, 2592, 0, 2592, 2460, 0, 0, 795, 4669, 0, 2752, 7924, 0))
2018-04-19 00:31:22.095583;(22, (5, 2948, 0, 2948, 2808, 0, 0, 1272, 4252, 0, 3211, 8332, 0))
2018-04-19 00:31:22.100032;(13, (5, 2223, 0, 2223, 2179, 0, 0, 659, 983, 0, 2180, 3821, 0))
2018-04-19 00:31:22.240070;(4, (5, 1348, 0, 1348, 1328, 0, 0, 226, 448, 0, 1349, 2002, 0))
2018-04-19 00:31:22.305386;(12, (5, 993, 0, 993, 945, 0, 0, 238, 1655, 0, 1205, 2838, 0))
2018-04-19 00:31:22.350696;(16, (6, 1128, 0, 1128, 1090, 0, 0, 442, 1162, 0, 1367, 2694, 0))
2018-04-19 00:31:22.435852;(7, (5, 1578, 0, 1578, 1524, 0, 0, 635, 1762, 0, 1730, 3921, 0))
2018-04-19 00:31:51.362054;(1, (4, 7929, 2, 7927, 7590, 0, 0, 1589, 14518, 2, 9093, 23697, 0))
2018-04-19 00:31:51.516108;(17, (5, 447, 0, 447, 434, 0, 0, 244, 236, 0, 341, 914, 0))
2018-04-19 00:31:51.517960;(23, (5, 4747, 0, 4747, 4624, 0, 0, 1448, 2966, 0, 4922, 9038, 0))
2018-04-19 00:31:51.686816;(15, (4, 3015, 2, 3013, 2851, 0, 0, 995, 4158, 2, 3084, 8004, 0))
2018-04-19 00:31:51.769782;(5, (5, 5606, 0, 5606, 5344, 0, 0, 1339, 6694, 0, 5905, 13377, 0))
2018-04-19 00:31:51.869886;(3, (5, 3092, 0, 3092, 2997, 0, 0, 753, 3400, 0, 3384, 7150, 0))
2018-04-19 00:31:51.927145;(19, (5, 769, 0, 769, 741, 0, 0, 392, 735, 0, 822, 1868, 0))
2018-04-19 00:31:52.100359;(22, (6, 3070, 0, 3070, 2919, 0, 0, 1353, 4483, 0, 3347, 8755, 0))
2018-04-19 00:31:52.105378;(13, (4, 2360, 0, 2360, 2313, 0, 0, 685, 995, 0, 2316, 3993, 0))
2018-04-19 00:31:52.247038;(4, (4, 1435, 0, 1435, 1415, 0, 0, 230, 448, 0, 1439, 2093, 0))
2018-04-19 00:31:52.309267;(12, (5, 1046, 0, 1046, 997, 0, 0, 245, 1735, 0, 1269, 2977, 0))
2018-04-19 00:31:52.354704;(16, (5, 1182, 0, 1182, 1143, 0, 0, 445, 1254, 0, 1447, 2842, 0))
2018-04-19 00:31:52.439353;(7, (5, 1623, 0, 1623, 1568, 0, 0, 647, 1796, 0, 1785, 4011, 0))
2018-04-19 00:32:21.523194;(17, (5, 472, 0, 472, 458, 0, 0, 255, 263, 0, 363, 976, 0))
2018-04-19 00:32:21.523462;(23, (5, 4993, 0, 4993, 4866, 0, 0, 1499, 3072, 0, 5177, 9437, 0))
2018-04-19 00:32:21.693448;(15, (5, 3327, 2, 3325, 3153, 0, 0, 1078, 4559, 2, 3406, 8790, 0))
2018-04-19 00:32:21.777603;(5, (5, 5888, 0, 5888, 5612, 0, 0, 1399, 7101, 0, 6189, 14112, 0))
2018-04-19 00:32:21.875947;(3, (5, 3324, 0, 3324, 3227, 0, 0, 779, 3547, 0, 3630, 7553, 0))
2018-04-19 00:32:21.933957;(19, (5, 807, 0, 807, 778, 0, 0, 414, 742, 0, 866, 1934, 0))
2018-04-19 00:32:22.105866;(22, (5, 3342, 0, 3342, 3179, 0, 0, 1464, 4796, 0, 3629, 9439, 0))
2018-04-19 00:32:22.110338;(13, (5, 2485, 0, 2485, 2437, 0, 0, 710, 1035, 0, 2443, 4182, 0))
2018-04-19 00:32:22.254804;(4, (4, 1513, 0, 1513, 1493, 0, 0, 235, 475, 0, 1516, 2203, 0))
2018-04-19 00:32:22.313927;(12, (5, 1105, 0, 1105, 1055, 0, 0, 258, 1842, 0, 1335, 3155, 0))
2018-04-19 00:32:22.361329;(16, (5, 1224, 0, 1224, 1183, 0, 0, 460, 1289, 0, 1502, 2932, 0))
2018-04-19 00:32:22.365406;(1, (5, 8341, 2, 8339, 7987, 0, 0, 1693, 15157, 2, 9563, 24837, 0))
2018-04-19 00:32:22.446426;(7, (5, 1696, 0, 1696, 1641, 0, 0, 653, 1847, 0, 1868, 4141, 0))
2018-04-19 00:32:51.529909;(23, (5, 5219, 0, 5219, 5090, 0, 0, 1533, 3196, 0, 5404, 9819, 0))
2018-04-19 00:32:51.531854;(17, (6, 505, 0, 505, 491, 0, 0, 273, 292, 0, 391, 1056, 0))
2018-04-19 00:32:51.699639;(15, (5, 3730, 2, 3728, 3538, 0, 0, 1213, 4909, 2, 3812, 9660, 0))
2018-04-19 00:32:51.784296;(5, (4, 6146, 0, 6146, 5863, 0, 0, 1423, 7299, 0, 6452, 14585, 0))
2018-04-19 00:32:51.882033;(3, (4, 3616, 0, 3616, 3514, 0, 0, 805, 3750, 0, 3936, 8069, 0))
2018-04-19 00:32:51.938880;(19, (6, 830, 0, 830, 801, 0, 0, 424, 765, 0, 887, 1990, 0))
2018-04-19 00:32:52.260227;(4, (5, 1577, 0, 1577, 1557, 0, 0, 246, 496, 0, 1582, 2299, 0))
2018-04-19 00:32:52.320234;(12, (5, 1216, 0, 1216, 1160, 0, 0, 298, 1962, 0, 1451, 3420, 0))
2018-04-19 00:32:52.368992;(16, (5, 1272, 0, 1272, 1230, 0, 0, 464, 1367, 0, 1552, 3061, 0))
2018-04-19 00:32:52.370506;(1, (5, 8799, 2, 8797, 8431, 0, 0, 1790, 15925, 2, 10057, 26146, 0))
2018-04-19 00:32:52.457356;(7, (5, 1798, 0, 1798, 1740, 0, 0, 680, 1974, 0, 1970, 4394, 0))
2018-04-19 00:32:53.111227;(22, (6, 3701, 0, 3701, 3519, 0, 0, 1622, 5292, 0, 3993, 10433, 0))
2018-04-19 00:32:53.115081;(13, (5, 2594, 0, 2594, 2542, 0, 0, 752, 1088, 0, 2548, 4382, 0))
2018-04-19 00:33:21.533986;(23, (5, 5692, 0, 5692, 5549, 0, 0, 1663, 3495, 0, 5885, 10707, 0))
2018-04-19 00:33:21.706273;(15, (5, 3841, 2, 3839, 3638, 0, 0, 1262, 5096, 2, 3932, 9996, 0))
2018-04-19 00:33:21.790278;(5, (4, 6464, 1, 6463, 6163, 0, 0, 1479, 7758, 1, 6781, 15400, 0))
2018-04-19 00:33:21.887696;(3, (5, 3821, 0, 3821, 3716, 0, 0, 844, 3946, 0, 4150, 8506, 0))
2018-04-19 00:33:22.268049;(4, (4, 1661, 0, 1661, 1641, 0, 0, 249, 497, 0, 1671, 2387, 0))
2018-04-19 00:33:22.374795;(16, (5, 1347, 0, 1347, 1298, 0, 0, 504, 1544, 0, 1631, 3346, 0))
2018-04-19 00:33:22.375913;(1, (5, 9242, 2, 9240, 8845, 0, 0, 1917, 16966, 2, 10563, 27728, 0))
2018-04-19 00:33:22.474139;(7, (4, 1856, 0, 1856, 1796, 0, 0, 691, 2021, 0, 2043, 4508, 0))
2018-04-19 00:33:22.537350;(17, (7, 529, 0, 529, 515, 0, 0, 297, 295, 0, 405, 1107, 0))
2018-04-19 00:33:22.943834;(19, (5, 871, 0, 871, 842, 0, 0, 436, 778, 0, 929, 2056, 0))
2018-04-19 00:33:23.115439;(22, (6, 3775, 0, 3775, 3588, 0, 0, 1662, 5450, 0, 4076, 10700, 0))
2018-04-19 00:33:23.120556;(13, (5, 2741, 0, 2741, 2688, 0, 0, 769, 1132, 0, 2693, 4589, 0))
2018-04-19 00:33:23.326180;(12, (5, 1283, 0, 1283, 1225, 0, 0, 306, 2071, 0, 1529, 3602, 0))
2018-04-19 00:33:51.537317;(23, (4, 6137, 0, 6137, 5982, 0, 0, 1742, 3697, 0, 6337, 11421, 0))
2018-04-19 00:33:52.276024;(4, (4, 1753, 0, 1753, 1730, 0, 0, 267, 533, 0, 1766, 2530, 0))
2018-04-19 00:33:52.381589;(1, (5, 9717, 2, 9715, 9307, 0, 0, 2039, 17583, 2, 11076, 28929, 0))
2018-04-19 00:33:52.482499;(7, (5, 1899, 0, 1899, 1838, 0, 0, 703, 2056, 0, 2096, 4597, 0))
2018-04-19 00:33:52.539525;(17, (6, 541, 0, 541, 526, 0, 0, 307, 310, 0, 412, 1143, 0))
2018-04-19 00:33:52.711755;(15, (5, 4036, 2, 4034, 3823, 0, 0, 1333, 5297, 2, 4133, 10453, 0))
2018-04-19 00:33:52.797241;(5, (4, 6748, 1, 6747, 6442, 0, 0, 1511, 7922, 1, 7071, 15875, 0))
2018-04-19 00:33:52.893995;(3, (5, 4083, 0, 4083, 3974, 0, 0, 892, 4198, 0, 4391, 9064, 0))
2018-04-19 00:33:52.951460;(19, (4, 912, 0, 912, 882, 0, 0, 446, 799, 0, 973, 2127, 0))
2018-04-19 00:33:53.123648;(22, (6, 3908, 0, 3908, 3711, 0, 0, 1744, 5702, 0, 4222, 11157, 0))
2018-04-19 00:33:53.127037;(13, (5, 2895, 0, 2895, 2841, 0, 0, 804, 1174, 0, 2845, 4819, 0))
2018-04-19 00:33:53.334061;(12, (5, 1405, 0, 1405, 1342, 0, 0, 331, 2256, 0, 1660, 3929, 0))
2018-04-19 00:33:53.380406;(16, (6, 1435, 0, 1435, 1385, 0, 0, 517, 1714, 0, 1718, 3616, 0))
2018-04-19 00:34:21.539466;(23, (5, 6205, 0, 6205, 6046, 0, 0, 1770, 3787, 0, 6413, 11603, 0))
2018-04-19 00:34:22.386660;(1, (5, 9997, 2, 9995, 9579, 0, 0, 2072, 17972, 2, 11416, 29623, 0))
2018-04-19 00:34:22.541433;(17, (4, 549, 0, 549, 534, 0, 0, 308, 310, 0, 415, 1152, 0))
2018-04-19 00:34:22.717692;(15, (5, 4257, 2, 4255, 4036, 0, 0, 1403, 5511, 2, 4352, 10950, 0))
2018-04-19 00:34:22.803701;(5, (4, 7020, 1, 7019, 6711, 0, 0, 1525, 8040, 1, 7350, 16276, 0))
2018-04-19 00:34:22.899352;(3, (5, 4232, 0, 4232, 4121, 0, 0, 923, 4370, 0, 4563, 9414, 0))
2018-04-19 00:34:22.954631;(19, (6, 946, 0, 946, 914, 0, 0, 474, 863, 0, 1010, 2251, 0))
2018-04-19 00:34:23.130063;(22, (5, 4062, 0, 4062, 3861, 0, 0, 1764, 5921, 0, 4384, 11546, 0))
2018-04-19 00:34:23.132173;(13, (5, 3043, 0, 3043, 2988, 0, 0, 840, 1236, 0, 2989, 5064, 0))
2018-04-19 00:34:23.283825;(4, (5, 1844, 0, 1844, 1821, 0, 0, 270, 572, 0, 1858, 2663, 0))
2018-04-19 00:34:23.336342;(12, (4, 1534, 0, 1534, 1458, 0, 0, 357, 2620, 0, 1806, 4435, 0))
2018-04-19 00:34:23.385529;(16, (4, 1527, 0, 1527, 1477, 0, 0, 529, 1769, 0, 1831, 3775, 0))
2018-04-19 00:34:23.487976;(7, (4, 1932, 0, 1932, 1870, 0, 0, 709, 2098, 0, 2151, 4677, 0))
2018-04-19 00:34:51.546483;(23, (5, 6269, 0, 6269, 6103, 0, 0, 1820, 3893, 0, 6476, 11816, 0))
2018-04-19 00:34:52.391621;(1, (4, 10262, 2, 10260, 9831, 0, 0, 2109, 18489, 2, 11738, 30429, 0))
2018-04-19 00:34:52.549528;(17, (3, 553, 0, 553, 537, 0, 0, 316, 310, 0, 418, 1163, 0))
2018-04-19 00:34:52.726362;(15, (5, 4583, 2, 4581, 4356, 0, 0, 1478, 5811, 2, 4700, 11645, 0))
2018-04-19 00:34:52.810631;(5, (5, 7358, 1, 7357, 7035, 0, 0, 1621, 8504, 1, 7688, 17160, 0))
2018-04-19 00:34:52.909798;(3, (4, 4399, 0, 4399, 4285, 0, 0, 933, 4514, 0, 4753, 9732, 0))
2018-04-19 00:34:52.960778;(19, (5, 976, 0, 976, 944, 0, 0, 480, 899, 0, 1050, 2323, 0))
2018-04-19 00:34:53.134555;(22, (5, 4248, 0, 4248, 4046, 0, 0, 1778, 6115, 0, 4588, 11939, 0))
2018-04-19 00:34:53.138237;(13, (5, 3163, 0, 3163, 3101, 0, 0, 908, 1350, 0, 3105, 5359, 0))
2018-04-19 00:34:53.288064;(4, (5, 1922, 0, 1922, 1897, 0, 0, 294, 604, 0, 1934, 2795, 0))
2018-04-19 00:34:53.338896;(12, (5, 1585, 0, 1585, 1504, 0, 0, 389, 2721, 0, 1867, 4614, 0))
2018-04-19 00:34:53.391374;(16, (4, 1562, 0, 1562, 1511, 0, 0, 534, 1806, 0, 1877, 3851, 0))
2018-04-19 00:34:53.492847;(7, (4, 1957, 0, 1957, 1895, 0, 0, 710, 2109, 0, 2196, 4714, 0))
2018-04-19 00:35:21.550144;(23, (5, 6323, 0, 6323, 6156, 0, 0, 1840, 3947, 0, 6535, 11943, 0))
2018-04-19 00:35:22.395175;(1, (4, 10532, 2, 10530, 10092, 0, 0, 2165, 18863, 2, 12065, 31120, 0))
2018-04-19 00:35:22.552270;(17, (6, 571, 0, 571, 554, 0, 0, 332, 313, 0, 429, 1199, 0))
2018-04-19 00:35:22.732785;(15, (5, 4653, 2, 4651, 4426, 0, 0, 1487, 5845, 2, 4793, 11758, 0))
2018-04-19 00:35:22.817427;(5, (5, 7768, 3, 7765, 7426, 0, 0, 1718, 8964, 3, 8101, 18108, 0))
2018-04-19 00:35:22.915392;(3, (5, 4620, 0, 4620, 4502, 0, 0, 966, 4789, 0, 5003, 10257, 0))
2018-04-19 00:35:22.963171;(19, (7, 1002, 0, 1002, 970, 0, 0, 491, 925, 0, 1087, 2386, 0))
2018-04-19 00:35:23.138032;(22, (5, 4483, 0, 4483, 4274, 0, 0, 1819, 6499, 0, 4834, 12592, 0))
2018-04-19 00:35:23.143514;(13, (7, 3240, 0, 3240, 3176, 0, 0, 956, 1477, 0, 3179, 5609, 0))
2018-04-19 00:35:23.292809;(4, (5, 1981, 0, 1981, 1955, 0, 0, 300, 681, 0, 1996, 2936, 0))
2018-04-19 00:35:23.346728;(12, (4, 1616, 0, 1616, 1533, 0, 0, 401, 2770, 0, 1913, 4704, 0))
2018-04-19 00:35:23.394078;(16, (7, 1592, 0, 1592, 1539, 0, 0, 559, 1891, 0, 1920, 3989, 0))
2018-04-19 00:35:23.497677;(7, (5, 2026, 0, 2026, 1962, 0, 0, 721, 2182, 0, 2281, 4865, 0))
2018-04-19 00:35:52.398134;(1, (5, 10799, 2, 10797, 10350, 0, 0, 2222, 19362, 2, 12366, 31934, 0))
2018-04-19 00:35:52.555103;(17, (3, 578, 0, 578, 560, 0, 0, 340, 313, 0, 434, 1213, 0))
2018-04-19 00:35:52.558030;(23, (4, 6395, 0, 6395, 6228, 0, 0, 1844, 3947, 0, 6615, 12019, 0))
2018-04-19 00:35:52.738915;(15, (4, 4763, 2, 4761, 4536, 0, 0, 1489, 5876, 2, 4912, 11901, 0))
2018-04-19 00:35:52.823873;(5, (5, 8025, 3, 8022, 7677, 0, 0, 1756, 9268, 3, 8368, 18701, 0))
2018-04-19 00:35:52.920199;(3, (4, 4827, 0, 4827, 4707, 0, 0, 977, 4936, 0, 5232, 10620, 0))
2018-04-19 00:35:52.970189;(19, (4, 1029, 0, 1029, 997, 0, 0, 496, 925, 0, 1117, 2418, 0))
2018-04-19 00:35:53.144160;(22, (5, 4718, 0, 4718, 4502, 0, 0, 1863, 6732, 0, 5082, 13097, 0))
2018-04-19 00:35:53.148005;(13, (3, 3242, 0, 3242, 3178, 0, 0, 956, 1477, 0, 3182, 5611, 0))
2018-04-19 00:35:53.295004;(4, (3, 1983, 0, 1983, 1957, 0, 0, 300, 681, 0, 2000, 2938, 0))
2018-04-19 00:35:53.349237;(12, (4, 1651, 0, 1651, 1568, 0, 0, 403, 2783, 0, 1963, 4754, 0))
2018-04-19 00:35:53.396087;(16, (6, 1612, 0, 1612, 1559, 0, 0, 565, 1905, 0, 1955, 4029, 0))
2018-04-19 00:35:53.502363;(7, (4, 2061, 0, 2061, 1997, 0, 0, 726, 2197, 0, 2335, 4920, 0))
2018-04-19 00:36:22.401700;(1, (4, 11058, 2, 11056, 10594, 0, 0, 2278, 19823, 2, 12663, 32695, 0))
2018-04-19 00:36:22.557290;(17, (3, 582, 0, 582, 563, 0, 0, 348, 313, 0, 437, 1224, 0))
2018-04-19 00:36:22.562181;(23, (5, 6459, 0, 6459, 6292, 0, 0, 1852, 3959, 0, 6688, 12103, 0))
2018-04-19 00:36:22.744179;(15, (5, 5072, 2, 5070, 4829, 0, 0, 1591, 6241, 2, 5224, 12661, 0))
2018-04-19 00:36:22.829518;(5, (5, 8092, 3, 8089, 7743, 0, 0, 1766, 9325, 3, 8448, 18834, 0))
2018-04-19 00:36:22.926474;(3, (4, 5067, 0, 5067, 4946, 0, 0, 991, 5087, 0, 5487, 11024, 0))
2018-04-19 00:36:22.973951;(19, (4, 1054, 0, 1054, 1022, 0, 0, 499, 925, 0, 1145, 2446, 0))
2018-04-19 00:36:23.147037;(22, (4, 4965, 0, 4965, 4745, 0, 0, 1878, 6921, 0, 5343, 13544, 0))
2018-04-19 00:36:23.151212;(13, (3, 3243, 0, 3243, 3179, 0, 0, 956, 1477, 0, 3186, 5612, 0))
2018-04-19 00:36:23.297359;(4, (4, 1984, 0, 1984, 1958, 0, 0, 300, 681, 0, 2001, 2939, 0))
2018-04-19 00:36:23.352235;(12, (4, 1669, 0, 1669, 1586, 0, 0, 403, 2812, 0, 1991, 4801, 0))
2018-04-19 00:36:23.398611;(16, (4, 1632, 0, 1632, 1578, 0, 0, 569, 1920, 0, 1986, 4067, 0))
2018-04-19 00:36:23.507688;(7, (4, 2095, 0, 2095, 2031, 0, 0, 730, 2210, 0, 2386, 4971, 0))
2018-04-19 00:36:52.405822;(1, (4, 11302, 2, 11300, 10834, 0, 0, 2298, 20009, 2, 12939, 33141, 0))
2018-04-19 00:36:52.559411;(17, (4, 583, 0, 583, 564, 0, 0, 348, 313, 0, 441, 1225, 0))
2018-04-19 00:36:52.563884;(23, (4, 6519, 0, 6519, 6352, 0, 0, 1852, 3959, 0, 6759, 12163, 0))
2018-04-19 00:36:52.750860;(15, (4, 5380, 2, 5378, 5128, 0, 0, 1648, 6498, 2, 5534, 13274, 0))
2018-04-19 00:36:52.835472;(5, (5, 8127, 3, 8124, 7778, 0, 0, 1770, 9381, 3, 8492, 18929, 0))
2018-04-19 00:36:52.931490;(3, (5, 5267, 0, 5267, 5145, 0, 0, 1003, 5269, 0, 5706, 11417, 0))
2018-04-19 00:36:52.977092;(19, (5, 1065, 0, 1065, 1033, 0, 0, 503, 925, 0, 1164, 2461, 0))
2018-04-19 00:36:53.150995;(22, (4, 5182, 0, 5182, 4960, 0, 0, 1895, 7056, 0, 5587, 13911, 0))
2018-04-19 00:36:53.153834;(13, (0, 3243, 0, 3243, 3179, 0, 0, 956, 1477, 0, 3188, 5612, 0))
2018-04-19 00:36:53.299697;(4, (0, 1984, 0, 1984, 1958, 0, 0, 300, 681, 0, 2001, 2939, 0))
2018-04-19 00:36:53.355621;(12, (5, 1687, 0, 1687, 1603, 0, 0, 408, 2844, 0, 2025, 4855, 0))
2018-04-19 00:36:53.404320;(16, (5, 1661, 0, 1661, 1603, 0, 0, 587, 1985, 0, 2022, 4175, 0))
2018-04-19 00:36:53.515934;(7, (5, 2133, 0, 2133, 2069, 0, 0, 735, 2222, 0, 2433, 5026, 0))
2018-04-19 00:37:22.413589;(1, (4, 11530, 2, 11528, 11056, 0, 0, 2326, 20319, 2, 13193, 33701, 0))
2018-04-19 00:37:22.562997;(17, (0, 583, 0, 583, 564, 0, 0, 348, 313, 0, 446, 1225, 0))
2018-04-19 00:37:22.566943;(23, (4, 6581, 0, 6581, 6414, 0, 0, 1853, 3959, 0, 6828, 12226, 0))
2018-04-19 00:37:22.756424;(15, (5, 5590, 2, 5588, 5328, 0, 0, 1709, 6678, 2, 5750, 13715, 0))
2018-04-19 00:37:22.840825;(5, (4, 8224, 3, 8221, 7873, 0, 0, 1780, 9452, 3, 8596, 19105, 0))
2018-04-19 00:37:22.935954;(3, (5, 5407, 0, 5407, 5279, 0, 0, 1027, 5462, 0, 5867, 11768, 0))
2018-04-19 00:37:22.979868;(19, (6, 1083, 0, 1083, 1050, 0, 0, 520, 927, 0, 1189, 2497, 0))
2018-04-19 00:37:23.156102;(22, (5, 5352, 0, 5352, 5126, 0, 0, 1919, 7307, 0, 5772, 14352, 0))
2018-04-19 00:37:23.156408;(13, (6, 3244, 0, 3244, 3180, 0, 0, 956, 1488, 0, 3191, 5624, 0))
2018-04-19 00:37:23.303134;(4, (3, 1985, 0, 1985, 1959, 0, 0, 300, 681, 0, 2003, 2940, 0))
2018-04-19 00:37:23.359073;(12, (4, 1714, 0, 1714, 1629, 0, 0, 412, 2872, 0, 2065, 4913, 0))
2018-04-19 00:37:23.411219;(16, (5, 1703, 0, 1703, 1643, 0, 0, 608, 2043, 0, 2072, 4294, 0))
2018-04-19 00:37:23.521635;(7, (6, 2181, 0, 2181, 2113, 0, 0, 774, 2316, 0, 2482, 5203, 0))
2018-04-19 00:37:52.415407;(1, (4, 11790, 2, 11788, 11305, 0, 0, 2351, 20726, 2, 13485, 34382, 0))
2018-04-19 00:37:52.565817;(17, (3, 584, 0, 584, 565, 0, 0, 348, 313, 0, 449, 1226, 0))
2018-04-19 00:37:52.569757;(23, (4, 6641, 0, 6641, 6474, 0, 0, 1854, 3959, 0, 6895, 12287, 0))
2018-04-19 00:37:52.762723;(15, (4, 5625, 2, 5623, 5363, 0, 0, 1709, 6684, 2, 5792, 13756, 0))
2018-04-19 00:37:52.846235;(5, (4, 8549, 3, 8546, 8194, 0, 0, 1811, 9630, 3, 8927, 19635, 0))
2018-04-19 00:37:52.941680;(3, (5, 5594, 0, 5594, 5460, 0, 0, 1059, 5739, 0, 6067, 12258, 0))
2018-04-19 00:37:52.983635;(19, (4, 1104, 0, 1104, 1070, 0, 0, 527, 944, 0, 1209, 2541, 0))
2018-04-19 00:37:53.161244;(22, (5, 5572, 0, 5572, 5339, 0, 0, 1972, 7691, 0, 6006, 15002, 0))
2018-04-19 00:37:53.162355;(13, (0, 3244, 0, 3244, 3180, 0, 0, 956, 1488, 0, 3194, 5624, 0))
2018-04-19 00:37:53.306546;(4, (0, 1985, 0, 1985, 1959, 0, 0, 300, 681, 0, 2003, 2940, 0))
2018-04-19 00:37:53.361895;(12, (4, 1963, 0, 1963, 1872, 0, 0, 435, 3078, 0, 2324, 5385, 0))
2018-04-19 00:37:53.414642;(16, (5, 1741, 0, 1741, 1677, 0, 0, 637, 2112, 0, 2121, 4426, 0))
2018-04-19 00:37:53.529882;(7, (4, 2203, 0, 2203, 2133, 0, 0, 789, 2331, 0, 2519, 5253, 0))
2018-04-19 00:38:22.422721;(1, (4, 12034, 2, 12032, 11536, 0, 0, 2389, 21122, 2, 13769, 35047, 0))
2018-04-19 00:38:22.567802;(17, (0, 584, 0, 584, 565, 0, 0, 348, 313, 0, 455, 1226, 0))
2018-04-19 00:38:22.574958;(23, (4, 6703, 0, 6703, 6536, 0, 0, 1854, 3959, 0, 6969, 12349, 0))
2018-04-19 00:38:22.769647;(15, (5, 5867, 2, 5865, 5604, 0, 0, 1740, 6791, 2, 6043, 14135, 0))
2018-04-19 00:38:22.852127;(5, (5, 8854, 3, 8851, 8486, 0, 0, 1902, 10075, 3, 9237, 20463, 0))
2018-04-19 00:38:22.945503;(3, (5, 5766, 0, 5766, 5631, 0, 0, 1078, 5943, 0, 6271, 12652, 0))
2018-04-19 00:38:22.987273;(19, (4, 1121, 0, 1121, 1086, 0, 0, 535, 946, 0, 1231, 2567, 0))
2018-04-19 00:38:23.165851;(22, (5, 5776, 0, 5776, 5542, 0, 0, 2012, 7875, 0, 6230, 15429, 0))
2018-04-19 00:38:23.167034;(13, (0, 3244, 0, 3244, 3180, 0, 0, 956, 1488, 0, 3201, 5624, 0))
2018-04-19 00:38:23.309594;(4, (0, 1985, 0, 1985, 1959, 0, 0, 300, 681, 0, 2004, 2940, 0))
2018-04-19 00:38:23.423926;(16, (5, 1758, 0, 1758, 1694, 0, 0, 640, 2122, 0, 2153, 4456, 0))
2018-04-19 00:38:23.535635;(7, (6, 2259, 0, 2259, 2184, 0, 0, 830, 2398, 0, 2580, 5412, 0))
