2018-04-14 20:24:30.473956;(20, (120, 54, 0, 0, 0, 0, 0, 0, 0, 0))
2018-04-14 20:24:30.497507;(13, (98, 59, 0, 0, 0, 0, 0, 0, 0, 0))
2018-04-14 20:24:30.536901;(14, (68, 40, 0, 0, 0, 0, 0, 0, 0, 0))
2018-04-14 20:24:30.580117;(19, (56, 38, 0, 0, 0, 0, 0, 0, 0, 0))
2018-04-14 20:24:30.584990;(6, (101, 40, 0, 0, 0, 0, 0, 0, 0, 0))
2018-04-14 20:24:30.624818;(1, (210, 30, 0, 0, 0, 0, 0, 0, 0, 0))
2018-04-14 20:24:30.675731;(22, (166, 101, 0, 0, 0, 0, 0, 0, 0, 0))
2018-04-14 20:24:30.713442;(9, (87, 49, 0, 0, 0, 0, 0, 0, 0, 0))
2018-04-14 20:24:30.767159;(8, (77, 43, 0, 0, 0, 0, 0, 0, 0, 0))
2018-04-14 20:24:30.804139;(25, (68, 46, 0, 0, 0, 0, 0, 0, 0, 0))
2018-04-14 20:24:30.840666;(26, (108, 44, 0, 0, 0, 0, 0, 0, 0, 0))
2018-04-14 20:24:30.895313;(15, (102, 44, 0, 0, 0, 0, 0, 0, 0, 0))
2018-04-14 20:24:30.931834;(23, (110, 58, 0, 0, 0, 0, 0, 0, 0, 0))
2018-04-14 20:24:30.988197;(5, (125, 64, 0, 0, 0, 0, 0, 0, 0, 0))
2018-04-14 20:24:31.038550;(11, (67, 53, 0, 0, 0, 0, 0, 0, 0, 0))
2018-04-14 20:24:31.085324;(24, (71, 48, 0, 0, 0, 0, 0, 0, 0, 0))
2018-04-14 20:24:31.132441;(16, (67, 35, 0, 0, 0, 0, 0, 0, 0, 0))
2018-04-14 20:24:31.162638;(7, (78, 46, 0, 0, 0, 0, 0, 0, 0, 0))
2018-04-14 20:24:31.231583;(4, (69, 55, 0, 0, 0, 0, 0, 0, 0, 0))
2018-04-14 20:24:31.235076;(21, (79, 42, 0, 0, 0, 0, 0, 0, 0, 0))
2018-04-14 20:24:31.261939;(3, (85, 36, 0, 0, 0, 0, 0, 0, 0, 0))
2018-04-14 20:24:31.328238;(18, (48, 43, 0, 0, 0, 0, 0, 0, 0, 0))
2018-04-14 20:24:31.328611;(12, (102, 52, 0, 0, 0, 0, 0, 0, 0, 0))
2018-04-14 20:24:31.368673;(10, (58, 45, 0, 0, 0, 0, 0, 0, 0, 0))
2018-04-14 20:24:31.400146;(17, (78, 38, 0, 0, 0, 0, 0, 0, 0, 0))
2018-04-14 20:24:31.430126;(2, (65, 40, 0, 0, 0, 0, 0, 0, 0, 0))
2018-04-14 20:25:30.490425;(20, (148, 71, 0, 0, 0, 0, 0, 0, 0, 0))
2018-04-14 20:25:30.515576;(13, (124, 75, 0, 0, 0, 0, 0, 0, 0, 0))
2018-04-14 20:25:30.555226;(14, (90, 53, 0, 0, 0, 0, 0, 0, 0, 0))
2018-04-14 20:25:30.596679;(19, (76, 52, 0, 0, 0, 0, 0, 0, 0, 0))
2018-04-14 20:25:30.601839;(6, (126, 52, 0, 0, 0, 0, 0, 0, 0, 0))
2018-04-14 20:25:30.642661;(1, (261, 41, 0, 0, 0, 0, 0, 0, 0, 0))
2018-04-14 20:25:30.693177;(22, (207, 132, 0, 0, 0, 0, 0, 0, 0, 0))
2018-04-14 20:25:30.731283;(9, (105, 65, 0, 0, 0, 0, 0, 0, 0, 0))
2018-04-14 20:25:30.785858;(8, (96, 55, 0, 0, 0, 0, 0, 0, 0, 0))
2018-04-14 20:25:30.822222;(25, (88, 62, 0, 0, 0, 0, 0, 0, 0, 0))
2018-04-14 20:25:30.856790;(26, (140, 58, 0, 0, 0, 0, 0, 0, 0, 0))
2018-04-14 20:25:30.911040;(15, (130, 61, 0, 0, 0, 0, 0, 0, 0, 0))
2018-04-14 20:25:30.948088;(23, (135, 71, 0, 0, 0, 0, 0, 0, 0, 0))
2018-04-14 20:25:31.004509;(5, (153, 82, 0, 0, 0, 0, 0, 0, 0, 0))
2018-04-14 20:25:31.054358;(11, (85, 73, 0, 0, 0, 0, 0, 0, 0, 0))
2018-04-14 20:25:31.102351;(24, (89, 63, 0, 0, 0, 0, 0, 0, 0, 0))
2018-04-14 20:25:31.148816;(16, (83, 47, 0, 0, 0, 0, 0, 0, 0, 0))
2018-04-14 20:25:31.181103;(7, (103, 62, 0, 0, 0, 0, 0, 0, 0, 0))
2018-04-14 20:25:31.247962;(4, (88, 67, 0, 0, 0, 0, 0, 0, 0, 0))
2018-04-14 20:25:31.253044;(21, (99, 59, 0, 0, 0, 0, 0, 0, 0, 0))
2018-04-14 20:25:31.278039;(3, (105, 48, 0, 0, 0, 0, 0, 0, 0, 0))
2018-04-14 20:25:31.343856;(18, (63, 58, 0, 0, 0, 0, 0, 0, 0, 0))
2018-04-14 20:25:31.344905;(12, (132, 69, 0, 0, 0, 0, 0, 0, 0, 0))
2018-04-14 20:25:31.385880;(10, (79, 58, 0, 0, 0, 0, 0, 0, 0, 0))
2018-04-14 20:25:31.416510;(17, (97, 53, 0, 0, 0, 0, 0, 0, 0, 0))
2018-04-14 20:25:31.447103;(2, (86, 55, 0, 0, 0, 0, 0, 0, 0, 0))
2018-04-14 20:26:30.506956;(20, (182, 93, 0, 0, 0, 0, 0, 0, 0, 0))
2018-04-14 20:26:30.531756;(13, (150, 89, 0, 0, 0, 0, 0, 0, 0, 0))
2018-04-14 20:26:30.571392;(14, (112, 70, 0, 0, 0, 0, 0, 0, 0, 0))
2018-04-14 20:26:30.613140;(19, (95, 66, 0, 0, 0, 0, 0, 0, 0, 0))
2018-04-14 20:26:30.619586;(6, (151, 66, 0, 0, 0, 0, 0, 0, 0, 0))
2018-04-14 20:26:30.659450;(1, (287, 55, 0, 0, 0, 0, 0, 0, 0, 0))
2018-04-14 20:26:30.709866;(22, (239, 157, 0, 0, 0, 0, 0, 0, 0, 0))
2018-04-14 20:26:30.747868;(9, (125, 90, 0, 0, 0, 0, 0, 0, 0, 0))
2018-04-14 20:26:30.804202;(8, (112, 70, 0, 0, 0, 0, 0, 0, 0, 0))
2018-04-14 20:26:30.839682;(25, (111, 86, 0, 0, 0, 0, 0, 0, 0, 0))
2018-04-14 20:26:30.873901;(26, (175, 76, 0, 0, 0, 0, 0, 0, 0, 0))
2018-04-14 20:26:30.926871;(15, (155, 81, 0, 0, 0, 0, 0, 0, 0, 0))
2018-04-14 20:26:30.963987;(23, (162, 85, 0, 0, 0, 0, 0, 0, 0, 0))
2018-04-14 20:26:31.020346;(5, (186, 101, 0, 0, 0, 0, 0, 0, 0, 0))
2018-04-14 20:26:31.070561;(11, (105, 90, 0, 0, 0, 0, 0, 0, 0, 0))
2018-04-14 20:26:31.118651;(24, (111, 79, 0, 0, 0, 0, 0, 0, 0, 0))
2018-04-14 20:26:31.166195;(16, (105, 61, 0, 0, 0, 0, 0, 0, 0, 0))
2018-04-14 20:26:31.196522;(7, (121, 76, 0, 0, 0, 0, 0, 0, 0, 0))
2018-04-14 20:26:31.265315;(4, (112, 82, 0, 0, 0, 0, 0, 0, 0, 0))
2018-04-14 20:26:31.270387;(21, (115, 75, 0, 0, 0, 0, 0, 0, 0, 0))
2018-04-14 20:26:31.294963;(3, (124, 62, 0, 0, 0, 0, 0, 0, 0, 0))
2018-04-14 20:26:31.359457;(18, (81, 78, 0, 0, 0, 0, 0, 0, 0, 0))
2018-04-14 20:26:31.360015;(12, (153, 84, 0, 0, 0, 0, 0, 0, 0, 0))
2018-04-14 20:26:31.401638;(10, (103, 74, 0, 0, 0, 0, 0, 0, 0, 0))
2018-04-14 20:26:31.432123;(17, (119, 69, 0, 0, 0, 0, 0, 0, 0, 0))
2018-04-14 20:26:31.464139;(2, (104, 71, 0, 0, 0, 0, 0, 0, 0, 0))
2018-04-14 20:27:30.524132;(20, (212, 116, 0, 0, 0, 0, 0, 0, 0, 0))
2018-04-14 20:27:30.548652;(13, (175, 105, 0, 0, 0, 0, 0, 0, 0, 0))
2018-04-14 20:27:30.587395;(14, (132, 87, 0, 0, 0, 0, 0, 0, 0, 0))
2018-04-14 20:27:30.629196;(19, (115, 81, 0, 0, 0, 0, 0, 0, 0, 0))
2018-04-14 20:27:30.636029;(6, (178, 81, 0, 0, 0, 0, 0, 0, 0, 0))
2018-04-14 20:27:30.676093;(1, (335, 70, 0, 0, 0, 0, 0, 0, 0, 0))
2018-04-14 20:27:30.726713;(22, (282, 190, 0, 0, 0, 0, 0, 0, 0, 0))
2018-04-14 20:27:30.764653;(9, (146, 109, 0, 0, 0, 0, 0, 0, 0, 0))
2018-04-14 20:27:30.821403;(8, (132, 86, 0, 0, 0, 0, 0, 0, 0, 0))
2018-04-14 20:27:30.856563;(25, (129, 106, 0, 0, 0, 0, 0, 0, 0, 0))
2018-04-14 20:27:30.892970;(26, (204, 92, 0, 0, 0, 0, 0, 0, 0, 0))
2018-04-14 20:27:30.943340;(15, (185, 99, 0, 0, 0, 0, 0, 0, 0, 0))
2018-04-14 20:27:30.981196;(23, (188, 101, 0, 0, 0, 0, 0, 0, 0, 0))
2018-04-14 20:27:31.036813;(5, (211, 121, 0, 0, 0, 0, 0, 0, 0, 0))
2018-04-14 20:27:31.087257;(11, (125, 107, 0, 0, 0, 0, 0, 0, 0, 0))
2018-04-14 20:27:31.135632;(24, (133, 94, 0, 0, 0, 0, 0, 0, 0, 0))
2018-04-14 20:27:31.182693;(16, (128, 76, 0, 0, 0, 0, 0, 0, 0, 0))
2018-04-14 20:27:31.213462;(7, (147, 95, 0, 0, 0, 0, 0, 0, 0, 0))
2018-04-14 20:27:31.281917;(4, (135, 97, 0, 0, 0, 0, 0, 0, 0, 0))
2018-04-14 20:27:31.287702;(21, (136, 95, 0, 0, 0, 0, 0, 0, 0, 0))
2018-04-14 20:27:31.312161;(3, (147, 78, 0, 0, 0, 0, 0, 0, 0, 0))
2018-04-14 20:27:31.376815;(18, (99, 93, 0, 0, 0, 0, 0, 0, 0, 0))
2018-04-14 20:27:31.377435;(12, (179, 103, 0, 0, 0, 0, 0, 0, 0, 0))
2018-04-14 20:27:31.417496;(10, (120, 90, 0, 0, 0, 0, 0, 0, 0, 0))
2018-04-14 20:27:31.448272;(17, (139, 88, 0, 0, 0, 0, 0, 0, 0, 0))
2018-04-14 20:27:31.480229;(2, (125, 92, 0, 0, 0, 0, 0, 0, 0, 0))
2018-04-14 20:28:30.539990;(20, (233, 130, 0, 0, 0, 0, 0, 0, 0, 0))
2018-04-14 20:28:30.565740;(13, (194, 119, 0, 0, 0, 0, 0, 0, 0, 0))
2018-04-14 20:28:30.603015;(14, (147, 101, 0, 0, 0, 0, 0, 0, 0, 0))
2018-04-14 20:28:30.646599;(19, (131, 95, 0, 0, 0, 0, 0, 0, 0, 0))
2018-04-14 20:28:30.651933;(6, (199, 95, 0, 0, 0, 0, 0, 0, 0, 0))
2018-04-14 20:28:30.692563;(1, (350, 84, 0, 0, 0, 0, 0, 0, 0, 0))
2018-04-14 20:28:30.743172;(22, (301, 204, 0, 0, 0, 0, 0, 0, 0, 0))
2018-04-14 20:28:30.781172;(9, (161, 126, 0, 0, 0, 0, 0, 0, 0, 0))
2018-04-14 20:28:30.839845;(8, (150, 100, 0, 0, 0, 0, 0, 0, 0, 0))
2018-04-14 20:28:30.872655;(25, (146, 122, 0, 0, 0, 0, 0, 0, 0, 0))
2018-04-14 20:28:30.910219;(26, (226, 106, 0, 0, 0, 0, 0, 0, 0, 0))
2018-04-14 20:28:30.959748;(15, (206, 113, 0, 0, 0, 0, 0, 0, 0, 0))
2018-04-14 20:28:30.998351;(23, (210, 115, 0, 0, 0, 0, 0, 0, 0, 0))
2018-04-14 20:28:31.053577;(5, (231, 136, 0, 0, 0, 0, 0, 0, 0, 0))
2018-04-14 20:28:31.103510;(11, (142, 122, 0, 0, 0, 0, 0, 0, 0, 0))
2018-04-14 20:28:31.152435;(24, (151, 108, 0, 0, 0, 0, 0, 0, 0, 0))
2018-04-14 20:28:31.201171;(16, (145, 91, 0, 0, 0, 0, 0, 0, 0, 0))
2018-04-14 20:28:31.230126;(7, (165, 109, 0, 0, 0, 0, 0, 0, 0, 0))
2018-04-14 20:28:31.298071;(4, (153, 112, 0, 0, 0, 0, 0, 0, 0, 0))
2018-04-14 20:28:31.303910;(21, (152, 111, 0, 0, 0, 0, 0, 0, 0, 0))
2018-04-14 20:28:31.327738;(3, (163, 92, 0, 0, 0, 0, 0, 0, 0, 0))
2018-04-14 20:28:31.397640;(12, (198, 118, 0, 0, 0, 0, 0, 0, 0, 0))
2018-04-14 20:28:31.397948;(18, (114, 109, 0, 0, 0, 0, 0, 0, 0, 0))
2018-04-14 20:28:31.433238;(10, (137, 105, 0, 0, 0, 0, 0, 0, 0, 0))
2018-04-14 20:28:31.463987;(17, (157, 104, 0, 0, 0, 0, 0, 0, 0, 0))
2018-04-14 20:28:31.496213;(2, (141, 108, 0, 0, 0, 0, 0, 0, 0, 0))
2018-04-14 20:29:30.556074;(20, (249, 144, 0, 0, 0, 0, 0, 0, 0, 0))
2018-04-14 20:29:30.582029;(13, (211, 133, 0, 0, 0, 0, 0, 0, 0, 0))
2018-04-14 20:29:30.619580;(14, (163, 115, 0, 0, 0, 0, 0, 0, 0, 0))
2018-04-14 20:29:30.662641;(19, (147, 109, 0, 0, 0, 0, 0, 0, 0, 0))
2018-04-14 20:29:30.668220;(6, (216, 109, 0, 0, 0, 0, 0, 0, 0, 0))
2018-04-14 20:29:30.708942;(1, (364, 98, 0, 0, 0, 0, 0, 0, 0, 0))
2018-04-14 20:29:30.759469;(22, (317, 218, 0, 0, 0, 0, 0, 0, 0, 0))
2018-04-14 20:29:30.799054;(9, (176, 141, 0, 0, 0, 0, 0, 0, 0, 0))
2018-04-14 20:29:30.856792;(8, (165, 114, 0, 0, 0, 0, 0, 0, 0, 0))
2018-04-14 20:29:30.890394;(25, (162, 137, 0, 0, 0, 0, 0, 0, 0, 0))
2018-04-14 20:29:30.926515;(26, (244, 120, 0, 0, 0, 0, 0, 0, 0, 0))
2018-04-14 20:29:30.975728;(15, (223, 127, 0, 0, 0, 0, 0, 0, 0, 0))
2018-04-14 20:29:31.015455;(23, (227, 129, 0, 0, 0, 0, 0, 0, 0, 0))
2018-04-14 20:29:31.068704;(5, (248, 151, 0, 0, 0, 0, 0, 0, 0, 0))
2018-04-14 20:29:31.119677;(11, (157, 137, 0, 0, 0, 0, 0, 0, 0, 0))
2018-04-14 20:29:31.169090;(24, (167, 123, 0, 0, 0, 0, 0, 0, 0, 0))
2018-04-14 20:29:31.221098;(16, (161, 105, 0, 0, 0, 0, 0, 0, 0, 0))
2018-04-14 20:29:31.246712;(7, (181, 123, 0, 0, 0, 0, 0, 0, 0, 0))
2018-04-14 20:29:31.314386;(4, (170, 126, 0, 0, 0, 0, 0, 0, 0, 0))
2018-04-14 20:29:31.320936;(21, (167, 126, 0, 0, 0, 0, 0, 0, 0, 0))
2018-04-14 20:29:31.344109;(3, (178, 106, 0, 0, 0, 0, 0, 0, 0, 0))
2018-04-14 20:29:31.415893;(12, (215, 132, 0, 0, 0, 0, 0, 0, 0, 0))
2018-04-14 20:29:31.416441;(18, (129, 123, 0, 0, 0, 0, 0, 0, 0, 0))
2018-04-14 20:29:31.449338;(10, (153, 119, 0, 0, 0, 0, 0, 0, 0, 0))
2018-04-14 20:29:31.479610;(17, (172, 119, 0, 0, 0, 0, 0, 0, 0, 0))
2018-04-14 20:29:31.511907;(2, (157, 123, 0, 0, 0, 0, 0, 0, 0, 0))
2018-04-14 20:30:30.572373;(20, (269, 162, 0, 0, 0, 0, 0, 0, 0, 0))
2018-04-14 20:30:30.597884;(13, (227, 147, 0, 0, 0, 0, 0, 0, 0, 0))
2018-04-14 20:30:30.635381;(14, (182, 133, 0, 0, 0, 0, 0, 0, 0, 0))
2018-04-14 20:30:30.678586;(19, (164, 123, 0, 0, 0, 0, 0, 0, 0, 0))
2018-04-14 20:30:30.685186;(6, (235, 123, 0, 0, 0, 0, 0, 0, 0, 0))
2018-04-14 20:30:30.726155;(1, (387, 112, 0, 0, 0, 0, 0, 0, 0, 0))
2018-04-14 20:30:30.777787;(22, (340, 238, 0, 0, 0, 0, 0, 0, 0, 0))
2018-04-14 20:30:30.816156;(9, (192, 155, 0, 0, 0, 0, 0, 0, 0, 0))
2018-04-14 20:30:30.873787;(8, (180, 128, 0, 0, 0, 0, 0, 0, 0, 0))
2018-04-14 20:30:30.907730;(25, (178, 155, 0, 0, 0, 0, 0, 0, 0, 0))
2018-04-14 20:30:30.943532;(26, (265, 135, 0, 0, 0, 0, 0, 0, 0, 0))
2018-04-14 20:30:30.992118;(15, (241, 142, 0, 0, 0, 0, 0, 0, 0, 0))
2018-04-14 20:30:31.031751;(23, (241, 143, 0, 0, 0, 0, 0, 0, 0, 0))
2018-04-14 20:30:31.085137;(5, (267, 170, 0, 0, 0, 0, 0, 0, 0, 0))
2018-04-14 20:30:31.135855;(11, (175, 151, 0, 0, 0, 0, 0, 0, 0, 0))
2018-04-14 20:30:31.185392;(24, (186, 138, 0, 0, 0, 0, 0, 0, 0, 0))
2018-04-14 20:30:31.242125;(16, (175, 120, 0, 0, 0, 0, 0, 0, 0, 0))
2018-04-14 20:30:31.263155;(7, (201, 139, 0, 0, 0, 0, 0, 0, 0, 0))
2018-04-14 20:30:31.331350;(4, (189, 140, 0, 0, 0, 0, 0, 0, 0, 0))
2018-04-14 20:30:31.337816;(21, (186, 141, 0, 0, 0, 0, 0, 0, 0, 0))
2018-04-14 20:30:31.361952;(3, (195, 120, 0, 0, 0, 0, 0, 0, 0, 0))
2018-04-14 20:30:31.434143;(12, (234, 147, 0, 0, 0, 0, 0, 0, 0, 0))
2018-04-14 20:30:31.434572;(18, (145, 138, 0, 0, 0, 0, 0, 0, 0, 0))
2018-04-14 20:30:31.465892;(10, (170, 133, 0, 0, 0, 0, 0, 0, 0, 0))
2018-04-14 20:30:31.496575;(17, (187, 133, 0, 0, 0, 0, 0, 0, 0, 0))
2018-04-14 20:30:31.528070;(2, (174, 142, 0, 0, 0, 0, 0, 0, 0, 0))
2018-04-14 20:31:30.589177;(20, (288, 176, 0, 0, 0, 0, 0, 0, 0, 0))
2018-04-14 20:31:30.614054;(13, (245, 162, 0, 0, 0, 0, 0, 0, 0, 0))
2018-04-14 20:31:30.651367;(14, (198, 147, 0, 0, 0, 0, 0, 0, 0, 0))
2018-04-14 20:31:30.694362;(19, (178, 138, 0, 0, 0, 0, 0, 0, 0, 0))
2018-04-14 20:31:30.702243;(6, (252, 137, 0, 0, 0, 0, 0, 0, 0, 0))
2018-04-14 20:31:30.742297;(1, (401, 126, 0, 0, 0, 0, 0, 0, 0, 0))
2018-04-14 20:31:30.794723;(22, (357, 252, 0, 0, 0, 0, 0, 0, 0, 0))
2018-04-14 20:31:30.833089;(9, (209, 170, 0, 0, 0, 0, 0, 0, 0, 0))
2018-04-14 20:31:30.889803;(8, (195, 143, 0, 0, 0, 0, 0, 0, 0, 0))
2018-04-14 20:31:30.923822;(25, (195, 171, 0, 0, 0, 0, 0, 0, 0, 0))
2018-04-14 20:31:30.959911;(26, (284, 149, 0, 0, 0, 0, 0, 0, 0, 0))
2018-04-14 20:31:31.009209;(15, (261, 156, 0, 0, 0, 0, 0, 0, 0, 0))
2018-04-14 20:31:31.048240;(23, (258, 157, 0, 0, 0, 0, 0, 0, 0, 0))
2018-04-14 20:31:31.101847;(5, (286, 186, 0, 0, 0, 0, 0, 0, 0, 0))
2018-04-14 20:31:31.152058;(11, (192, 165, 0, 0, 0, 0, 0, 0, 0, 0))
2018-04-14 20:31:31.202149;(24, (205, 152, 0, 0, 0, 0, 0, 0, 0, 0))
2018-04-14 20:31:31.261240;(16, (191, 134, 0, 0, 0, 0, 0, 0, 0, 0))
2018-04-14 20:31:31.279952;(7, (217, 153, 0, 0, 0, 0, 0, 0, 0, 0))
2018-04-14 20:31:31.348723;(4, (206, 155, 0, 0, 0, 0, 0, 0, 0, 0))
2018-04-14 20:31:31.354998;(21, (202, 155, 0, 0, 0, 0, 0, 0, 0, 0))
2018-04-14 20:31:31.379510;(3, (210, 134, 0, 0, 0, 0, 0, 0, 0, 0))
2018-04-14 20:31:31.452712;(18, (161, 152, 0, 0, 0, 0, 0, 0, 0, 0))
2018-04-14 20:31:31.453734;(12, (250, 161, 0, 0, 0, 0, 0, 0, 0, 0))
2018-04-14 20:31:31.483818;(10, (185, 148, 0, 0, 0, 0, 0, 0, 0, 0))
2018-04-14 20:31:31.515133;(17, (204, 148, 0, 0, 0, 0, 0, 0, 0, 0))
2018-04-14 20:31:31.543972;(2, (188, 157, 0, 0, 0, 0, 0, 0, 0, 0))
2018-04-14 20:32:30.605482;(20, (302, 191, 0, 0, 0, 0, 0, 0, 0, 0))
2018-04-14 20:32:30.631122;(13, (260, 176, 0, 0, 0, 0, 0, 0, 0, 0))
2018-04-14 20:32:30.668087;(14, (213, 161, 0, 0, 0, 0, 0, 0, 0, 0))
2018-04-14 20:32:30.709657;(19, (193, 152, 0, 0, 0, 0, 0, 0, 0, 0))
2018-04-14 20:32:30.718978;(6, (269, 152, 0, 0, 0, 0, 0, 0, 0, 0))
2018-04-14 20:32:30.758115;(1, (422, 141, 0, 0, 0, 0, 0, 0, 0, 0))
2018-04-14 20:32:30.811140;(22, (375, 267, 0, 0, 0, 0, 0, 0, 0, 0))
2018-04-14 20:32:30.848965;(9, (224, 184, 0, 0, 0, 0, 0, 0, 0, 0))
2018-04-14 20:32:30.905094;(8, (211, 157, 0, 0, 0, 0, 0, 0, 0, 0))
2018-04-14 20:32:30.939232;(25, (210, 186, 0, 0, 0, 0, 0, 0, 0, 0))
2018-04-14 20:32:30.975688;(26, (301, 163, 0, 0, 0, 0, 0, 0, 0, 0))
2018-04-14 20:32:31.024817;(15, (277, 170, 0, 0, 0, 0, 0, 0, 0, 0))
2018-04-14 20:32:31.065011;(23, (273, 172, 0, 0, 0, 0, 0, 0, 0, 0))
2018-04-14 20:32:31.117988;(5, (301, 201, 0, 0, 0, 0, 0, 0, 0, 0))
2018-04-14 20:32:31.168330;(11, (207, 180, 0, 0, 0, 0, 0, 0, 0, 0))
2018-04-14 20:32:31.218356;(24, (221, 166, 0, 0, 0, 0, 0, 0, 0, 0))
2018-04-14 20:32:31.276710;(16, (206, 148, 0, 0, 0, 0, 0, 0, 0, 0))
2018-04-14 20:32:31.297977;(7, (234, 168, 0, 0, 0, 0, 0, 0, 0, 0))
2018-04-14 20:32:31.364497;(4, (223, 169, 0, 0, 0, 0, 0, 0, 0, 0))
2018-04-14 20:32:31.371519;(21, (218, 169, 0, 0, 0, 0, 0, 0, 0, 0))
2018-04-14 20:32:31.395611;(3, (226, 150, 0, 0, 0, 0, 0, 0, 0, 0))
2018-04-14 20:32:31.468640;(18, (176, 166, 0, 0, 0, 0, 0, 0, 0, 0))
2018-04-14 20:32:31.470474;(12, (268, 176, 0, 0, 0, 0, 0, 0, 0, 0))
2018-04-14 20:32:31.500254;(10, (200, 162, 0, 0, 0, 0, 0, 0, 0, 0))
2018-04-14 20:32:31.530833;(17, (219, 162, 0, 0, 0, 0, 0, 0, 0, 0))
2018-04-14 20:32:31.560580;(2, (203, 172, 0, 0, 0, 0, 0, 0, 0, 0))
2018-04-14 20:33:30.621942;(20, (322, 210, 0, 0, 0, 0, 0, 0, 0, 0))
2018-04-14 20:33:30.646850;(13, (275, 190, 0, 0, 0, 0, 0, 0, 0, 0))
2018-04-14 20:33:30.684168;(14, (231, 177, 0, 0, 0, 0, 0, 0, 0, 0))
2018-04-14 20:33:30.725988;(19, (209, 166, 0, 0, 0, 0, 0, 0, 0, 0))
2018-04-14 20:33:30.735191;(6, (285, 166, 0, 0, 0, 0, 0, 0, 0, 0))
2018-04-14 20:33:30.774116;(1, (445, 162, 0, 0, 0, 0, 0, 0, 0, 0))
2018-04-14 20:33:30.827050;(22, (398, 287, 0, 0, 0, 0, 0, 0, 0, 0))
2018-04-14 20:33:30.864328;(9, (239, 198, 0, 0, 0, 0, 0, 0, 0, 0))
2018-04-14 20:33:30.920823;(8, (226, 171, 0, 0, 0, 0, 0, 0, 0, 0))
2018-04-14 20:33:30.954797;(25, (226, 200, 0, 0, 0, 0, 0, 0, 0, 0))
2018-04-14 20:33:30.991587;(26, (317, 177, 0, 0, 0, 0, 0, 0, 0, 0))
2018-04-14 20:33:31.041350;(15, (292, 184, 0, 0, 0, 0, 0, 0, 0, 0))
2018-04-14 20:33:31.079671;(23, (289, 186, 0, 0, 0, 0, 0, 0, 0, 0))
2018-04-14 20:33:31.133634;(5, (318, 216, 0, 0, 0, 0, 0, 0, 0, 0))
2018-04-14 20:33:31.183772;(11, (223, 195, 0, 0, 0, 0, 0, 0, 0, 0))
2018-04-14 20:33:31.234660;(24, (236, 181, 0, 0, 0, 0, 0, 0, 0, 0))
2018-04-14 20:33:31.294478;(16, (221, 162, 0, 0, 0, 0, 0, 0, 0, 0))
2018-04-14 20:33:31.319026;(7, (251, 183, 0, 0, 0, 0, 0, 0, 0, 0))
2018-04-14 20:33:31.382093;(4, (239, 183, 0, 0, 0, 0, 0, 0, 0, 0))
2018-04-14 20:33:31.388236;(21, (233, 189, 0, 0, 0, 0, 0, 0, 0, 0))
2018-04-14 20:33:31.411976;(3, (242, 164, 0, 0, 0, 0, 0, 0, 0, 0))
2018-04-14 20:33:31.484264;(18, (191, 180, 0, 0, 0, 0, 0, 0, 0, 0))
2018-04-14 20:33:31.485306;(12, (287, 193, 0, 0, 0, 0, 0, 0, 0, 0))
2018-04-14 20:33:31.515914;(10, (216, 177, 0, 0, 0, 0, 0, 0, 0, 0))
2018-04-14 20:33:31.546344;(17, (234, 176, 0, 0, 0, 0, 0, 0, 0, 0))
2018-04-14 20:33:31.576248;(2, (218, 186, 0, 0, 0, 0, 0, 0, 0, 0))
2018-04-14 20:34:31.637985;(20, (596, 480, 75, 0, 0, 0, 0, 0, 0, 0))
2018-04-14 20:34:31.662798;(13, (418, 344, 1, 0, 0, 0, 0, 0, 0, 0))
2018-04-14 20:34:31.697917;(14, (370, 299, 32, 2, 0, 0, 0, 0, 0, 0))
2018-04-14 20:34:31.739839;(19, (349, 312, 20, 1, 0, 0, 0, 0, 0, 0))
2018-04-14 20:34:31.751087;(6, (754, 629, 255, 2, 0, 0, 0, 0, 0, 0))
2018-04-14 20:34:31.787744;(1, (1759, 1334, 1156, 578, 0, 0, 0, 0, 0, 0))
2018-04-14 20:34:31.843041;(22, (852, 705, 217, 0, 0, 0, 0, 0, 0, 0))
2018-04-14 20:34:31.880629;(9, (423, 396, 16, 0, 0, 0, 0, 0, 0, 0))
2018-04-14 20:34:31.937629;(8, (425, 372, 25, 0, 0, 0, 0, 0, 0, 0))
2018-04-14 20:34:31.967444;(25, (296, 252, 6, 2, 0, 0, 0, 0, 0, 0))
2018-04-14 20:34:32.006247;(26, (563, 386, 118, 2, 0, 0, 0, 0, 0, 0))
2018-04-14 20:34:32.057387;(15, (553, 427, 53, 0, 0, 0, 0, 0, 0, 0))
2018-04-14 20:34:32.095462;(23, (613, 511, 134, 0, 0, 0, 0, 0, 0, 0))
2018-04-14 20:34:32.145920;(5, (453, 327, 30, 0, 0, 0, 0, 0, 0, 0))
2018-04-14 20:34:32.196912;(11, (430, 413, 121, 1, 0, 0, 0, 0, 0, 0))
2018-04-14 20:34:32.251349;(24, (412, 381, 8, 0, 0, 0, 0, 0, 0, 0))
2018-04-14 20:34:32.311890;(16, (396, 353, 7, 0, 0, 0, 0, 0, 0, 0))
2018-04-14 20:34:32.336755;(7, (632, 556, 181, 1, 0, 0, 0, 0, 0, 0))
2018-04-14 20:34:32.397302;(4, (367, 294, 16, 1, 0, 0, 0, 0, 0, 0))
2018-04-14 20:34:32.406221;(21, (470, 430, 54, 3, 0, 0, 0, 0, 0, 0))
2018-04-14 20:34:32.431066;(3, (976, 874, 498, 1, 0, 0, 0, 0, 0, 0))
2018-04-14 20:34:32.499045;(18, (339, 332, 67, 2, 0, 0, 0, 0, 0, 0))
2018-04-14 20:34:32.501745;(12, (545, 462, 80, 0, 0, 0, 0, 0, 0, 0))
2018-04-14 20:34:32.533405;(10, (472, 447, 64, 0, 0, 0, 0, 0, 0, 0))
2018-04-14 20:34:32.562421;(17, (420, 371, 17, 0, 0, 0, 0, 0, 0, 0))
2018-04-14 20:34:32.593883;(2, (477, 457, 59, 2, 0, 0, 0, 0, 0, 0))
2018-04-14 20:35:31.654275;(20, (759, 637, 168, 0, 0, 0, 0, 0, 0, 0))
2018-04-14 20:35:31.678878;(13, (560, 473, 55, 0, 0, 0, 0, 0, 0, 0))
2018-04-14 20:35:31.716146;(14, (538, 464, 60, 2, 0, 0, 0, 0, 0, 0))
2018-04-14 20:35:31.754867;(19, (400, 364, 20, 1, 0, 0, 0, 0, 0, 0))
2018-04-14 20:35:31.763953;(6, (969, 813, 390, 2, 0, 0, 0, 0, 0, 0))
2018-04-14 20:35:31.800969;(1, (2286, 1784, 1592, 796, 0, 0, 0, 0, 0, 0))
2018-04-14 20:35:31.857350;(22, (1036, 857, 325, 0, 0, 0, 0, 0, 0, 0))
2018-04-14 20:35:31.893498;(9, (468, 429, 16, 0, 0, 0, 0, 0, 0, 0))
2018-04-14 20:35:31.952068;(8, (531, 446, 67, 0, 0, 0, 0, 0, 0, 0))
2018-04-14 20:35:31.982244;(25, (434, 417, 10, 5, 0, 0, 0, 0, 0, 0))
2018-04-14 20:35:32.027177;(26, (841, 675, 225, 2, 0, 0, 0, 0, 0, 0))
2018-04-14 20:35:32.071755;(15, (614, 451, 53, 0, 0, 0, 0, 0, 0, 0))
2018-04-14 20:35:32.109214;(23, (708, 582, 169, 0, 0, 0, 0, 0, 0, 0))
2018-04-14 20:35:32.163498;(5, (598, 505, 32, 0, 0, 0, 0, 0, 0, 0))
2018-04-14 20:35:32.214198;(11, (794, 844, 343, 1, 0, 0, 0, 0, 0, 0))
2018-04-14 20:35:32.264337;(24, (462, 418, 10, 0, 0, 0, 0, 0, 0, 0))
2018-04-14 20:35:32.326568;(16, (438, 381, 7, 0, 0, 0, 0, 0, 0, 0))
2018-04-14 20:35:32.352557;(7, (983, 895, 471, 1, 0, 0, 0, 0, 0, 0))
2018-04-14 20:35:32.414692;(4, (519, 442, 31, 1, 0, 0, 0, 0, 0, 0))
2018-04-14 20:35:32.420796;(21, (511, 458, 63, 3, 0, 0, 0, 0, 0, 0))
2018-04-14 20:35:32.445956;(3, (1190, 1066, 644, 1, 0, 0, 0, 0, 0, 0))
2018-04-14 20:35:32.516481;(18, (441, 459, 67, 2, 0, 0, 0, 0, 0, 0))
2018-04-14 20:35:32.520436;(12, (761, 638, 226, 0, 0, 0, 0, 0, 0, 0))
2018-04-14 20:35:32.549366;(10, (754, 722, 286, 0, 0, 0, 0, 0, 0, 0))
2018-04-14 20:35:32.576789;(17, (513, 444, 52, 0, 0, 0, 0, 0, 0, 0))
2018-04-14 20:35:32.608353;(2, (667, 634, 194, 2, 0, 0, 0, 0, 0, 0))
2018-04-14 20:36:31.670295;(20, (793, 665, 168, 0, 0, 0, 0, 0, 0, 0))
2018-04-14 20:36:31.695313;(13, (604, 494, 55, 0, 0, 0, 0, 0, 0, 0))
2018-04-14 20:36:31.732358;(14, (564, 485, 60, 2, 0, 0, 0, 0, 0, 0))
2018-04-14 20:36:31.770913;(19, (420, 379, 20, 1, 0, 0, 0, 0, 0, 0))
2018-04-14 20:36:31.780998;(6, (1013, 841, 390, 2, 0, 0, 0, 0, 0, 0))
2018-04-14 20:36:31.817341;(1, (2334, 1798, 1592, 796, 0, 0, 0, 0, 0, 0))
2018-04-14 20:36:31.875042;(22, (1076, 886, 325, 0, 0, 0, 0, 0, 0, 0))
2018-04-14 20:36:31.909203;(9, (501, 453, 16, 0, 0, 0, 0, 0, 0, 0))
2018-04-14 20:36:31.967955;(8, (569, 464, 67, 0, 0, 0, 0, 0, 0, 0))
2018-04-14 20:36:31.998078;(25, (459, 432, 10, 5, 0, 0, 0, 0, 0, 0))
2018-04-14 20:36:32.043254;(26, (887, 699, 225, 2, 0, 0, 0, 0, 0, 0))
2018-04-14 20:36:32.087627;(15, (661, 467, 53, 0, 0, 0, 0, 0, 0, 0))
2018-04-14 20:36:32.125482;(23, (737, 605, 169, 0, 0, 0, 0, 0, 0, 0))
2018-04-14 20:36:32.179249;(5, (629, 530, 32, 0, 0, 0, 0, 0, 0, 0))
2018-04-14 20:36:32.229909;(11, (822, 869, 343, 1, 0, 0, 0, 0, 0, 0))
2018-04-14 20:36:32.280194;(24, (487, 437, 10, 0, 0, 0, 0, 0, 0, 0))
2018-04-14 20:36:32.343625;(16, (470, 404, 7, 0, 0, 0, 0, 0, 0, 0))
2018-04-14 20:36:32.369367;(7, (1011, 918, 471, 1, 0, 0, 0, 0, 0, 0))
2018-04-14 20:36:32.430778;(4, (560, 464, 31, 1, 0, 0, 0, 0, 0, 0))
2018-04-14 20:36:32.437041;(21, (539, 473, 63, 3, 0, 0, 0, 0, 0, 0))
2018-04-14 20:36:32.462413;(3, (1227, 1094, 644, 1, 0, 0, 0, 0, 0, 0))
2018-04-14 20:36:32.532631;(18, (460, 474, 67, 2, 0, 0, 0, 0, 0, 0))
2018-04-14 20:36:32.536626;(12, (783, 654, 226, 0, 0, 0, 0, 0, 0, 0))
2018-04-14 20:36:32.565774;(10, (782, 745, 286, 0, 0, 0, 0, 0, 0, 0))
2018-04-14 20:36:32.593914;(17, (548, 465, 52, 0, 0, 0, 0, 0, 0, 0))
2018-04-14 20:36:32.624492;(2, (699, 657, 194, 2, 0, 0, 0, 0, 0, 0))
2018-04-14 20:37:31.686468;(20, (818, 685, 168, 0, 0, 0, 0, 0, 0, 0))
2018-04-14 20:37:31.711429;(13, (629, 510, 55, 0, 0, 0, 0, 0, 0, 0))
2018-04-14 20:37:31.751119;(14, (587, 503, 60, 2, 0, 0, 0, 0, 0, 0))
2018-04-14 20:37:31.786873;(19, (435, 393, 20, 1, 0, 0, 0, 0, 0, 0))
2018-04-14 20:37:31.797147;(6, (1036, 858, 390, 2, 0, 0, 0, 0, 0, 0))
2018-04-14 20:37:31.835610;(1, (2353, 1814, 1592, 796, 0, 0, 0, 0, 0, 0))
2018-04-14 20:37:31.891566;(22, (1102, 904, 325, 0, 0, 0, 0, 0, 0, 0))
2018-04-14 20:37:31.926732;(9, (524, 472, 16, 0, 0, 0, 0, 0, 0, 0))
2018-04-14 20:37:31.985401;(8, (594, 480, 67, 0, 0, 0, 0, 0, 0, 0))
2018-04-14 20:37:32.014922;(25, (478, 449, 10, 5, 0, 0, 0, 0, 0, 0))
2018-04-14 20:37:32.061827;(26, (913, 715, 225, 2, 0, 0, 0, 0, 0, 0))
2018-04-14 20:37:32.103770;(15, (690, 483, 53, 0, 0, 0, 0, 0, 0, 0))
2018-04-14 20:37:32.142150;(23, (754, 620, 169, 0, 0, 0, 0, 0, 0, 0))
2018-04-14 20:37:32.195531;(5, (652, 547, 32, 0, 0, 0, 0, 0, 0, 0))
2018-04-14 20:37:32.245960;(11, (840, 885, 343, 1, 0, 0, 0, 0, 0, 0))
2018-04-14 20:37:32.296936;(24, (507, 455, 10, 0, 0, 0, 0, 0, 0, 0))
2018-04-14 20:37:32.360589;(16, (489, 421, 7, 0, 0, 0, 0, 0, 0, 0))
2018-04-14 20:37:32.387896;(7, (1028, 934, 471, 1, 0, 0, 0, 0, 0, 0))
2018-04-14 20:37:32.447889;(4, (586, 480, 31, 1, 0, 0, 0, 0, 0, 0))
2018-04-14 20:37:32.453566;(21, (559, 489, 63, 3, 0, 0, 0, 0, 0, 0))
2018-04-14 20:37:32.478983;(3, (1245, 1111, 644, 1, 0, 0, 0, 0, 0, 0))
2018-04-14 20:37:32.548882;(18, (475, 488, 67, 2, 0, 0, 0, 0, 0, 0))
2018-04-14 20:37:32.552983;(12, (800, 671, 226, 0, 0, 0, 0, 0, 0, 0))
2018-04-14 20:37:32.582520;(10, (797, 759, 286, 0, 0, 0, 0, 0, 0, 0))
2018-04-14 20:37:32.610712;(17, (567, 480, 52, 0, 0, 0, 0, 0, 0, 0))
2018-04-14 20:37:32.643893;(2, (715, 672, 194, 2, 0, 0, 0, 0, 0, 0))
2018-04-14 20:38:31.702467;(20, (839, 700, 168, 0, 0, 0, 0, 0, 0, 0))
2018-04-14 20:38:31.727657;(13, (650, 526, 55, 0, 0, 0, 0, 0, 0, 0))
2018-04-14 20:38:31.766950;(14, (604, 519, 60, 2, 0, 0, 0, 0, 0, 0))
2018-04-14 20:38:31.804570;(19, (453, 410, 20, 1, 0, 0, 0, 0, 0, 0))
2018-04-14 20:38:31.813972;(6, (1059, 872, 390, 2, 0, 0, 0, 0, 0, 0))
2018-04-14 20:38:31.853383;(1, (2373, 1828, 1592, 796, 0, 0, 0, 0, 0, 0))
2018-04-14 20:38:31.907191;(22, (1123, 919, 325, 0, 0, 0, 0, 0, 0, 0))
2018-04-14 20:38:31.942167;(9, (542, 487, 16, 0, 0, 0, 0, 0, 0, 0))
2018-04-14 20:38:32.001810;(8, (614, 495, 67, 0, 0, 0, 0, 0, 0, 0))
2018-04-14 20:38:32.032943;(25, (495, 464, 10, 5, 0, 0, 0, 0, 0, 0))
2018-04-14 20:38:32.079173;(26, (937, 730, 225, 2, 0, 0, 0, 0, 0, 0))
2018-04-14 20:38:32.120020;(15, (712, 498, 53, 0, 0, 0, 0, 0, 0, 0))
2018-04-14 20:38:32.158779;(23, (775, 637, 169, 0, 0, 0, 0, 0, 0, 0))
2018-04-14 20:38:32.212142;(5, (672, 563, 32, 0, 0, 0, 0, 0, 0, 0))
2018-04-14 20:38:32.262400;(11, (857, 900, 343, 1, 0, 0, 0, 0, 0, 0))
2018-04-14 20:38:32.313905;(24, (524, 470, 10, 0, 0, 0, 0, 0, 0, 0))
2018-04-14 20:38:32.379183;(16, (509, 438, 7, 0, 0, 0, 0, 0, 0, 0))
2018-04-14 20:38:32.404809;(7, (1047, 950, 471, 1, 0, 0, 0, 0, 0, 0))
2018-04-14 20:38:32.465485;(4, (606, 496, 31, 1, 0, 0, 0, 0, 0, 0))
2018-04-14 20:38:32.470903;(21, (578, 504, 63, 3, 0, 0, 0, 0, 0, 0))
2018-04-14 20:38:32.495481;(3, (1266, 1126, 644, 1, 0, 0, 0, 0, 0, 0))
2018-04-14 20:38:32.564193;(18, (492, 505, 67, 2, 0, 0, 0, 0, 0, 0))
2018-04-14 20:38:32.568192;(12, (818, 685, 226, 0, 0, 0, 0, 0, 0, 0))
2018-04-14 20:38:32.598922;(10, (815, 777, 286, 0, 0, 0, 0, 0, 0, 0))
2018-04-14 20:38:32.627118;(17, (588, 497, 52, 0, 0, 0, 0, 0, 0, 0))
2018-04-14 20:38:32.660354;(2, (735, 689, 194, 2, 0, 0, 0, 0, 0, 0))
2018-04-14 20:39:31.718695;(20, (862, 715, 168, 0, 0, 0, 0, 0, 0, 0))
2018-04-14 20:39:31.743992;(13, (670, 542, 55, 0, 0, 0, 0, 0, 0, 0))
2018-04-14 20:39:31.783394;(14, (622, 538, 60, 2, 0, 0, 0, 0, 0, 0))
2018-04-14 20:39:31.822484;(19, (469, 424, 20, 1, 0, 0, 0, 0, 0, 0))
2018-04-14 20:39:31.830732;(6, (1078, 888, 390, 2, 0, 0, 0, 0, 0, 0))
2018-04-14 20:39:31.869132;(1, (2391, 1842, 1592, 796, 0, 0, 0, 0, 0, 0))
2018-04-14 20:39:31.923263;(22, (1139, 935, 325, 0, 0, 0, 0, 0, 0, 0))
2018-04-14 20:39:31.958211;(9, (561, 501, 16, 0, 0, 0, 0, 0, 0, 0))
2018-04-14 20:39:32.018440;(8, (631, 510, 67, 0, 0, 0, 0, 0, 0, 0))
2018-04-14 20:39:32.049681;(25, (514, 478, 10, 5, 0, 0, 0, 0, 0, 0))
2018-04-14 20:39:32.096306;(26, (959, 745, 225, 2, 0, 0, 0, 0, 0, 0))
2018-04-14 20:39:32.138323;(15, (732, 512, 53, 0, 0, 0, 0, 0, 0, 0))
2018-04-14 20:39:32.175987;(23, (791, 651, 169, 0, 0, 0, 0, 0, 0, 0))
2018-04-14 20:39:32.228820;(5, (692, 582, 32, 0, 0, 0, 0, 0, 0, 0))
2018-04-14 20:39:32.279045;(11, (872, 915, 343, 1, 0, 0, 0, 0, 0, 0))
2018-04-14 20:39:32.331979;(24, (547, 484, 10, 0, 0, 0, 0, 0, 0, 0))
2018-04-14 20:39:32.396346;(16, (525, 452, 7, 0, 0, 0, 0, 0, 0, 0))
2018-04-14 20:39:32.424659;(7, (1062, 964, 471, 1, 0, 0, 0, 0, 0, 0))
2018-04-14 20:39:32.483173;(4, (629, 510, 31, 1, 0, 0, 0, 0, 0, 0))
2018-04-14 20:39:32.489406;(21, (594, 518, 63, 3, 0, 0, 0, 0, 0, 0))
2018-04-14 20:39:32.512546;(3, (1284, 1142, 644, 1, 0, 0, 0, 0, 0, 0))
2018-04-14 20:39:32.581308;(18, (511, 519, 67, 2, 0, 0, 0, 0, 0, 0))
2018-04-14 20:39:32.584786;(12, (833, 700, 226, 0, 0, 0, 0, 0, 0, 0))
2018-04-14 20:39:32.615858;(10, (835, 791, 286, 0, 0, 0, 0, 0, 0, 0))
2018-04-14 20:39:32.644597;(17, (603, 512, 52, 0, 0, 0, 0, 0, 0, 0))
2018-04-14 20:39:32.676808;(2, (752, 703, 194, 2, 0, 0, 0, 0, 0, 0))
2018-04-14 20:40:31.734845;(20, (878, 730, 168, 0, 0, 0, 0, 0, 0, 0))
2018-04-14 20:40:31.760213;(13, (686, 556, 55, 0, 0, 0, 0, 0, 0, 0))
2018-04-14 20:40:31.799173;(14, (638, 553, 60, 2, 0, 0, 0, 0, 0, 0))
2018-04-14 20:40:31.839654;(19, (483, 438, 20, 1, 0, 0, 0, 0, 0, 0))
2018-04-14 20:40:31.847644;(6, (1094, 902, 390, 2, 0, 0, 0, 0, 0, 0))
2018-04-14 20:40:31.885805;(1, (2406, 1856, 1592, 796, 0, 0, 0, 0, 0, 0))
2018-04-14 20:40:31.938821;(22, (1155, 949, 325, 0, 0, 0, 0, 0, 0, 0))
2018-04-14 20:40:31.974889;(9, (577, 516, 16, 0, 0, 0, 0, 0, 0, 0))
2018-04-14 20:40:32.035012;(8, (647, 524, 67, 0, 0, 0, 0, 0, 0, 0))
2018-04-14 20:40:32.066247;(25, (530, 492, 10, 5, 0, 0, 0, 0, 0, 0))
2018-04-14 20:40:32.112880;(26, (977, 759, 225, 2, 0, 0, 0, 0, 0, 0))
2018-04-14 20:40:32.154841;(15, (751, 526, 53, 0, 0, 0, 0, 0, 0, 0))
2018-04-14 20:40:32.192924;(23, (806, 666, 169, 0, 0, 0, 0, 0, 0, 0))
2018-04-14 20:40:32.245265;(5, (711, 599, 32, 0, 0, 0, 0, 0, 0, 0))
2018-04-14 20:40:32.296040;(11, (888, 931, 343, 1, 0, 0, 0, 0, 0, 0))
2018-04-14 20:40:32.348767;(24, (564, 501, 10, 0, 0, 0, 0, 0, 0, 0))
2018-04-14 20:40:32.413354;(16, (543, 469, 7, 0, 0, 0, 0, 0, 0, 0))
2018-04-14 20:40:32.441632;(7, (1078, 980, 471, 1, 0, 0, 0, 0, 0, 0))
2018-04-14 20:40:32.504125;(4, (649, 526, 31, 1, 0, 0, 0, 0, 0, 0))
2018-04-14 20:40:32.508176;(21, (611, 534, 63, 3, 0, 0, 0, 0, 0, 0))
2018-04-14 20:40:32.528705;(3, (1300, 1158, 644, 1, 0, 0, 0, 0, 0, 0))
2018-04-14 20:40:32.597652;(18, (527, 535, 67, 2, 0, 0, 0, 0, 0, 0))
2018-04-14 20:40:32.601351;(12, (849, 716, 226, 0, 0, 0, 0, 0, 0, 0))
2018-04-14 20:40:32.632161;(10, (851, 807, 286, 0, 0, 0, 0, 0, 0, 0))
2018-04-14 20:40:32.660892;(17, (622, 528, 52, 0, 0, 0, 0, 0, 0, 0))
2018-04-14 20:40:32.692629;(2, (768, 719, 194, 2, 0, 0, 0, 0, 0, 0))
2018-04-14 20:41:31.751628;(20, (894, 744, 168, 0, 0, 0, 0, 0, 0, 0))
2018-04-14 20:41:31.777281;(13, (700, 570, 55, 0, 0, 0, 0, 0, 0, 0))
2018-04-14 20:41:31.815450;(14, (655, 567, 60, 2, 0, 0, 0, 0, 0, 0))
2018-04-14 20:41:31.856399;(19, (498, 452, 20, 1, 0, 0, 0, 0, 0, 0))
2018-04-14 20:41:31.864788;(6, (1109, 917, 390, 2, 0, 0, 0, 0, 0, 0))
2018-04-14 20:41:31.901418;(1, (2425, 1870, 1592, 796, 0, 0, 0, 0, 0, 0))
2018-04-14 20:41:31.956401;(22, (1170, 963, 325, 0, 0, 0, 0, 0, 0, 0))
2018-04-14 20:41:31.990732;(9, (593, 530, 16, 0, 0, 0, 0, 0, 0, 0))
2018-04-14 20:41:32.050705;(8, (663, 538, 67, 0, 0, 0, 0, 0, 0, 0))
2018-04-14 20:41:32.082559;(25, (547, 506, 10, 5, 0, 0, 0, 0, 0, 0))
2018-04-14 20:41:32.129582;(26, (995, 776, 225, 2, 0, 0, 0, 0, 0, 0))
2018-04-14 20:41:32.171009;(15, (767, 540, 53, 0, 0, 0, 0, 0, 0, 0))
2018-04-14 20:41:32.209648;(23, (821, 680, 169, 0, 0, 0, 0, 0, 0, 0))
2018-04-14 20:41:32.261940;(5, (728, 613, 32, 0, 0, 0, 0, 0, 0, 0))
2018-04-14 20:41:32.313136;(11, (902, 945, 343, 1, 0, 0, 0, 0, 0, 0))
2018-04-14 20:41:32.366612;(24, (580, 518, 10, 0, 0, 0, 0, 0, 0, 0))
2018-04-14 20:41:32.430072;(16, (557, 483, 7, 0, 0, 0, 0, 0, 0, 0))
2018-04-14 20:41:32.458036;(7, (1095, 997, 471, 1, 0, 0, 0, 0, 0, 0))
2018-04-14 20:41:32.520613;(4, (666, 542, 31, 1, 0, 0, 0, 0, 0, 0))
2018-04-14 20:41:32.527269;(21, (628, 548, 63, 3, 0, 0, 0, 0, 0, 0))
2018-04-14 20:41:32.546295;(3, (1316, 1173, 644, 1, 0, 0, 0, 0, 0, 0))
2018-04-14 20:41:32.616210;(18, (542, 549, 67, 2, 0, 0, 0, 0, 0, 0))
2018-04-14 20:41:32.618092;(12, (866, 730, 226, 0, 0, 0, 0, 0, 0, 0))
2018-04-14 20:41:32.648040;(10, (868, 823, 286, 0, 0, 0, 0, 0, 0, 0))
2018-04-14 20:41:32.677798;(17, (637, 542, 52, 0, 0, 0, 0, 0, 0, 0))
2018-04-14 20:41:32.709373;(2, (786, 735, 194, 2, 0, 0, 0, 0, 0, 0))
2018-04-14 20:42:31.768087;(20, (909, 758, 168, 0, 0, 0, 0, 0, 0, 0))
2018-04-14 20:42:31.793737;(13, (715, 585, 55, 0, 0, 0, 0, 0, 0, 0))
2018-04-14 20:42:31.832223;(14, (673, 581, 60, 2, 0, 0, 0, 0, 0, 0))
2018-04-14 20:42:31.871871;(19, (513, 467, 20, 1, 0, 0, 0, 0, 0, 0))
2018-04-14 20:42:31.880750;(6, (1125, 931, 390, 2, 0, 0, 0, 0, 0, 0))
2018-04-14 20:42:31.917030;(1, (2439, 1884, 1592, 796, 0, 0, 0, 0, 0, 0))
2018-04-14 20:42:31.972184;(22, (1187, 977, 325, 0, 0, 0, 0, 0, 0, 0))
2018-04-14 20:42:32.006942;(9, (609, 544, 16, 0, 0, 0, 0, 0, 0, 0))
2018-04-14 20:42:32.066502;(8, (677, 553, 67, 0, 0, 0, 0, 0, 0, 0))
2018-04-14 20:42:32.098976;(25, (565, 521, 10, 5, 0, 0, 0, 0, 0, 0))
2018-04-14 20:42:32.146591;(26, (1016, 790, 225, 2, 0, 0, 0, 0, 0, 0))
2018-04-14 20:42:32.187703;(15, (784, 554, 53, 0, 0, 0, 0, 0, 0, 0))
2018-04-14 20:42:32.226796;(23, (837, 694, 169, 0, 0, 0, 0, 0, 0, 0))
2018-04-14 20:42:32.278480;(5, (746, 626, 32, 0, 0, 0, 0, 0, 0, 0))
2018-04-14 20:42:32.330676;(11, (919, 959, 343, 1, 0, 0, 0, 0, 0, 0))
2018-04-14 20:42:32.383619;(24, (594, 533, 10, 0, 0, 0, 0, 0, 0, 0))
2018-04-14 20:42:32.447269;(16, (571, 495, 7, 0, 0, 0, 0, 0, 0, 0))
2018-04-14 20:42:32.474948;(7, (1109, 1009, 471, 1, 0, 0, 0, 0, 0, 0))
2018-04-14 20:42:32.538914;(4, (683, 554, 31, 1, 0, 0, 0, 0, 0, 0))
2018-04-14 20:42:32.544848;(21, (642, 561, 63, 3, 0, 0, 0, 0, 0, 0))
2018-04-14 20:42:32.564285;(3, (1332, 1187, 644, 1, 0, 0, 0, 0, 0, 0))
2018-04-14 20:42:32.632854;(18, (558, 564, 67, 2, 0, 0, 0, 0, 0, 0))
2018-04-14 20:42:32.635491;(12, (883, 744, 226, 0, 0, 0, 0, 0, 0, 0))
2018-04-14 20:42:32.665192;(10, (884, 838, 286, 0, 0, 0, 0, 0, 0, 0))
2018-04-14 20:42:32.695433;(17, (653, 556, 52, 0, 0, 0, 0, 0, 0, 0))
2018-04-14 20:42:32.726140;(2, (801, 750, 194, 2, 0, 0, 0, 0, 0, 0))
2018-04-14 20:43:31.785079;(20, (927, 773, 168, 0, 0, 0, 0, 0, 0, 0))
2018-04-14 20:43:31.811282;(13, (733, 599, 55, 0, 0, 0, 0, 0, 0, 0))
2018-04-14 20:43:31.850068;(14, (689, 596, 60, 2, 0, 0, 0, 0, 0, 0))
2018-04-14 20:43:31.887390;(19, (528, 481, 20, 1, 0, 0, 0, 0, 0, 0))
2018-04-14 20:43:31.896671;(6, (1142, 945, 390, 2, 0, 0, 0, 0, 0, 0))
2018-04-14 20:43:31.932682;(1, (2456, 1899, 1592, 796, 0, 0, 0, 0, 0, 0))
2018-04-14 20:43:31.988540;(22, (1203, 992, 325, 0, 0, 0, 0, 0, 0, 0))
2018-04-14 20:43:32.022646;(9, (625, 559, 16, 0, 0, 0, 0, 0, 0, 0))
2018-04-14 20:43:32.083227;(8, (695, 567, 67, 0, 0, 0, 0, 0, 0, 0))
2018-04-14 20:43:32.114411;(25, (580, 535, 10, 5, 0, 0, 0, 0, 0, 0))
2018-04-14 20:43:32.163301;(26, (1034, 804, 225, 2, 0, 0, 0, 0, 0, 0))
2018-04-14 20:43:32.204088;(15, (803, 568, 53, 0, 0, 0, 0, 0, 0, 0))
2018-04-14 20:43:32.243706;(23, (854, 709, 169, 0, 0, 0, 0, 0, 0, 0))
2018-04-14 20:43:32.295743;(5, (763, 640, 32, 0, 0, 0, 0, 0, 0, 0))
2018-04-14 20:43:32.347852;(11, (933, 974, 343, 1, 0, 0, 0, 0, 0, 0))
2018-04-14 20:43:32.400743;(24, (609, 548, 10, 0, 0, 0, 0, 0, 0, 0))
2018-04-14 20:43:32.464313;(16, (588, 509, 7, 0, 0, 0, 0, 0, 0, 0))
2018-04-14 20:43:32.491641;(7, (1127, 1026, 474, 1, 0, 0, 0, 0, 0, 0))
2018-04-14 20:43:32.556056;(4, (701, 568, 31, 1, 0, 0, 0, 0, 0, 0))
2018-04-14 20:43:32.561634;(21, (658, 575, 63, 3, 0, 0, 0, 0, 0, 0))
2018-04-14 20:43:32.583228;(3, (1349, 1203, 648, 1, 0, 0, 0, 0, 0, 0))
2018-04-14 20:43:32.649032;(18, (570, 576, 67, 2, 0, 0, 0, 0, 0, 0))
2018-04-14 20:43:32.651393;(12, (896, 756, 226, 0, 0, 0, 0, 0, 0, 0))
2018-04-14 20:43:32.681413;(10, (899, 852, 286, 0, 0, 0, 0, 0, 0, 0))
2018-04-14 20:43:32.712640;(17, (670, 571, 52, 0, 0, 0, 0, 0, 0, 0))
2018-04-14 20:44:31.799817;(20, (1209, 1046, 254, 1, 0, 0, 0, 0, 0, 0))
2018-04-14 20:44:31.823709;(13, (874, 742, 66, 0, 0, 0, 0, 0, 0, 0))
2018-04-14 20:44:31.864662;(14, (874, 789, 126, 5, 0, 0, 0, 0, 0, 0))
2018-04-14 20:44:31.903029;(19, (756, 697, 85, 1, 0, 0, 0, 0, 0, 0))
2018-04-14 20:44:31.911700;(6, (1435, 1267, 490, 2, 0, 0, 0, 0, 0, 0))
2018-04-14 20:44:31.944752;(1, (3811, 3144, 2822, 1411, 0, 0, 0, 0, 0, 0))
2018-04-14 20:44:32.006231;(22, (1404, 1195, 356, 0, 0, 0, 0, 0, 0, 0))
2018-04-14 20:44:32.035776;(9, (750, 690, 23, 1, 0, 0, 0, 0, 0, 0))
2018-04-14 20:44:32.099337;(8, (1088, 966, 273, 0, 0, 0, 0, 0, 0, 0))
2018-04-14 20:44:32.128346;(25, (662, 609, 17, 7, 0, 0, 0, 0, 0, 0))
2018-04-14 20:44:32.176340;(26, (1299, 1036, 348, 5, 0, 0, 0, 0, 0, 0))
2018-04-14 20:44:32.217894;(15, (1008, 765, 62, 0, 0, 0, 0, 0, 0, 0))
2018-04-14 20:44:32.258138;(23, (1397, 1269, 529, 3, 0, 0, 0, 0, 0, 0))
2018-04-14 20:44:32.309858;(5, (979, 853, 52, 0, 0, 0, 0, 0, 0, 0))
2018-04-14 20:44:32.361966;(11, (1290, 1350, 522, 1, 0, 0, 0, 0, 0, 0))
2018-04-14 20:44:32.414059;(24, (723, 639, 42, 3, 0, 0, 0, 0, 0, 0))
2018-04-14 20:44:32.479387;(16, (743, 686, 14, 0, 0, 0, 0, 0, 0, 0))
2018-04-14 20:44:32.503703;(7, (2324, 2221, 1431, 1, 0, 0, 0, 0, 0, 0))
2018-04-14 20:44:32.569977;(4, (935, 783, 98, 3, 0, 0, 0, 0, 0, 0))
2018-04-14 20:44:32.577774;(21, (1260, 1190, 482, 3, 0, 0, 0, 0, 0, 0))
2018-04-14 20:44:32.597759;(3, (1739, 1548, 834, 1, 0, 0, 0, 0, 0, 0))
2018-04-14 20:44:32.660423;(18, (707, 723, 143, 3, 0, 0, 0, 0, 0, 0))
2018-04-14 20:44:32.665646;(12, (1118, 1022, 294, 0, 0, 0, 0, 0, 0, 0))
2018-04-14 20:44:32.695443;(10, (1194, 1171, 404, 1, 0, 0, 0, 0, 0, 0))
2018-04-14 20:44:32.728207;(17, (865, 773, 81, 0, 0, 0, 0, 0, 0, 0))
2018-04-14 20:44:32.756655;(2, (1231, 1218, 423, 2, 0, 0, 0, 0, 0, 0))
2018-04-14 20:45:32.814243;(20, (1311, 1113, 283, 1, 0, 0, 0, 0, 0, 0))
2018-04-14 20:45:32.839926;(13, (1016, 867, 104, 0, 0, 0, 0, 0, 0, 0))
2018-04-14 20:45:32.882118;(14, (974, 897, 131, 5, 0, 0, 0, 0, 0, 0))
2018-04-14 20:45:32.917894;(19, (777, 711, 85, 1, 0, 0, 0, 0, 0, 0))
2018-04-14 20:45:32.925102;(6, (1493, 1298, 491, 2, 0, 0, 0, 0, 0, 0))
2018-04-14 20:45:32.959335;(1, (4314, 3554, 3218, 1609, 0, 0, 0, 0, 0, 0))
2018-04-14 20:45:33.019520;(22, (1462, 1227, 358, 0, 0, 0, 0, 0, 0, 0))
2018-04-14 20:45:33.051617;(9, (858, 795, 25, 1, 0, 0, 0, 0, 0, 0))
2018-04-14 20:45:33.112775;(8, (1159, 1008, 286, 0, 0, 0, 0, 0, 0, 0))
2018-04-14 20:45:33.146115;(25, (785, 751, 17, 7, 0, 0, 0, 0, 0, 0))
2018-04-14 20:45:33.194210;(26, (1627, 1345, 507, 5, 0, 0, 0, 0, 0, 0))
2018-04-14 20:45:33.231723;(15, (1076, 794, 63, 0, 0, 0, 0, 0, 0, 0))
2018-04-14 20:45:33.272414;(23, (1567, 1419, 619, 3, 0, 0, 0, 0, 0, 0))
2018-04-14 20:45:33.326062;(5, (1086, 948, 72, 0, 0, 0, 0, 0, 0, 0))
2018-04-14 20:45:33.376482;(11, (1642, 1695, 817, 1, 0, 0, 0, 0, 0, 0))
2018-04-14 20:45:33.430115;(24, (863, 802, 44, 3, 0, 0, 0, 0, 0, 0))
2018-04-14 20:45:33.495517;(16, (796, 733, 14, 0, 0, 0, 0, 0, 0, 0))
2018-04-14 20:45:33.519283;(7, (2808, 2690, 1817, 1, 0, 0, 0, 0, 0, 0))
2018-04-14 20:45:33.585799;(4, (1182, 1039, 219, 3, 0, 0, 0, 0, 0, 0))
2018-04-14 20:45:33.592102;(21, (1409, 1335, 574, 3, 0, 0, 0, 0, 0, 0))
2018-04-14 20:45:33.614206;(3, (1783, 1568, 835, 1, 0, 0, 0, 0, 0, 0))
2018-04-14 20:45:33.678371;(18, (859, 900, 163, 3, 0, 0, 0, 0, 0, 0))
2018-04-14 20:45:33.684026;(12, (1152, 1045, 294, 0, 0, 0, 0, 0, 0, 0))
2018-04-14 20:45:33.709887;(10, (1566, 1522, 698, 1, 0, 0, 0, 0, 0, 0))
2018-04-14 20:45:33.743135;(17, (1005, 888, 157, 0, 0, 0, 0, 0, 0, 0))
2018-04-14 20:45:33.771372;(2, (1699, 1674, 797, 2, 0, 0, 0, 0, 0, 0))
2018-04-14 20:46:32.831301;(20, (1363, 1142, 283, 1, 0, 0, 0, 0, 0, 0))
2018-04-14 20:46:32.857188;(13, (1058, 884, 104, 0, 0, 0, 0, 0, 0, 0))
2018-04-14 20:46:32.897184;(14, (998, 917, 131, 5, 0, 0, 0, 0, 0, 0))
2018-04-14 20:46:32.933769;(19, (795, 725, 85, 1, 0, 0, 0, 0, 0, 0))
2018-04-14 20:46:32.940535;(6, (1538, 1325, 491, 2, 0, 0, 0, 0, 0, 0))
2018-04-14 20:46:32.975325;(1, (4361, 3568, 3218, 1609, 0, 0, 0, 0, 0, 0))
2018-04-14 20:46:33.035820;(22, (1503, 1254, 358, 0, 0, 0, 0, 0, 0, 0))
2018-04-14 20:46:33.067192;(9, (886, 823, 25, 1, 0, 0, 0, 0, 0, 0))
2018-04-14 20:46:33.127844;(8, (1202, 1033, 286, 0, 0, 0, 0, 0, 0, 0))
2018-04-14 20:46:33.162058;(25, (806, 767, 17, 7, 0, 0, 0, 0, 0, 0))
2018-04-14 20:46:33.211331;(26, (1674, 1369, 507, 5, 0, 0, 0, 0, 0, 0))
2018-04-14 20:46:33.247711;(15, (1125, 820, 63, 0, 0, 0, 0, 0, 0, 0))
2018-04-14 20:46:33.288785;(23, (1620, 1452, 619, 3, 0, 0, 0, 0, 0, 0))
2018-04-14 20:46:33.342399;(5, (1123, 966, 72, 0, 0, 0, 0, 0, 0, 0))
2018-04-14 20:46:33.392980;(11, (1667, 1719, 817, 1, 0, 0, 0, 0, 0, 0))
2018-04-14 20:46:33.446927;(24, (887, 818, 44, 3, 0, 0, 0, 0, 0, 0))
2018-04-14 20:46:33.512392;(16, (834, 758, 14, 0, 0, 0, 0, 0, 0, 0))
2018-04-14 20:46:33.536311;(7, (2850, 2726, 1817, 1, 0, 0, 0, 0, 0, 0))
2018-04-14 20:46:33.603334;(4, (1216, 1060, 219, 3, 0, 0, 0, 0, 0, 0))
2018-04-14 20:46:33.609872;(21, (1445, 1358, 574, 3, 0, 0, 0, 0, 0, 0))
2018-04-14 20:46:33.635794;(3, (1816, 1582, 835, 1, 0, 0, 0, 0, 0, 0))
2018-04-14 20:46:33.696684;(18, (877, 915, 163, 3, 0, 0, 0, 0, 0, 0))
2018-04-14 20:46:33.700960;(12, (1177, 1064, 294, 0, 0, 0, 0, 0, 0, 0))
2018-04-14 20:46:33.727211;(10, (1594, 1546, 698, 1, 0, 0, 0, 0, 0, 0))
2018-04-14 20:46:33.761193;(17, (1049, 908, 157, 0, 0, 0, 0, 0, 0, 0))
2018-04-14 20:46:33.787379;(2, (1739, 1702, 797, 2, 0, 0, 0, 0, 0, 0))
2018-04-14 20:47:32.847631;(20, (1388, 1161, 283, 1, 0, 0, 0, 0, 0, 0))
2018-04-14 20:47:32.872670;(13, (1081, 898, 104, 0, 0, 0, 0, 0, 0, 0))
2018-04-14 20:47:32.913495;(14, (1018, 933, 131, 5, 0, 0, 0, 0, 0, 0))
2018-04-14 20:47:32.949684;(19, (811, 739, 85, 1, 0, 0, 0, 0, 0, 0))
2018-04-14 20:47:32.956708;(6, (1564, 1340, 491, 2, 0, 0, 0, 0, 0, 0))
2018-04-14 20:47:32.992489;(1, (4384, 3582, 3218, 1609, 0, 0, 0, 0, 0, 0))
2018-04-14 20:47:33.052584;(22, (1529, 1270, 358, 0, 0, 0, 0, 0, 0, 0))
2018-04-14 20:47:33.082963;(9, (908, 838, 25, 1, 0, 0, 0, 0, 0, 0))
2018-04-14 20:47:33.143759;(8, (1230, 1052, 286, 0, 0, 0, 0, 0, 0, 0))
2018-04-14 20:47:33.177909;(25, (825, 782, 17, 7, 0, 0, 0, 0, 0, 0))
2018-04-14 20:47:33.227398;(26, (1703, 1388, 507, 5, 0, 0, 0, 0, 0, 0))
2018-04-14 20:47:33.266808;(15, (1149, 842, 63, 0, 0, 0, 0, 0, 0, 0))
2018-04-14 20:47:33.304362;(23, (1645, 1470, 619, 3, 0, 0, 0, 0, 0, 0))
2018-04-14 20:47:33.358492;(5, (1154, 981, 72, 0, 0, 0, 0, 0, 0, 0))
2018-04-14 20:47:33.409177;(11, (1685, 1736, 817, 1, 0, 0, 0, 0, 0, 0))
2018-04-14 20:47:33.462665;(24, (906, 837, 44, 3, 0, 0, 0, 0, 0, 0))
2018-04-14 20:47:33.528793;(16, (857, 773, 14, 0, 0, 0, 0, 0, 0, 0))
2018-04-14 20:47:33.552987;(7, (2870, 2744, 1817, 1, 0, 0, 0, 0, 0, 0))
2018-04-14 20:47:33.619489;(4, (1240, 1076, 219, 3, 0, 0, 0, 0, 0, 0))
2018-04-14 20:47:33.626749;(21, (1466, 1377, 574, 3, 0, 0, 0, 0, 0, 0))
2018-04-14 20:47:33.655767;(3, (1839, 1596, 835, 1, 0, 0, 0, 0, 0, 0))
2018-04-14 20:47:33.713352;(18, (893, 930, 163, 3, 0, 0, 0, 0, 0, 0))
2018-04-14 20:47:33.718009;(12, (1197, 1080, 294, 0, 0, 0, 0, 0, 0, 0))
2018-04-14 20:47:33.743179;(10, (1613, 1563, 698, 1, 0, 0, 0, 0, 0, 0))
2018-04-14 20:47:33.777027;(17, (1076, 922, 157, 0, 0, 0, 0, 0, 0, 0))
2018-04-14 20:47:33.802582;(2, (1759, 1719, 797, 2, 0, 0, 0, 0, 0, 0))
2018-04-14 20:48:32.864576;(20, (1410, 1178, 283, 1, 0, 0, 0, 0, 0, 0))
2018-04-14 20:48:32.889462;(13, (1103, 913, 104, 0, 0, 0, 0, 0, 0, 0))
2018-04-14 20:48:32.930253;(14, (1034, 947, 131, 5, 0, 0, 0, 0, 0, 0))
2018-04-14 20:48:32.966059;(19, (827, 753, 85, 1, 0, 0, 0, 0, 0, 0))
2018-04-14 20:48:32.973381;(6, (1584, 1355, 491, 2, 0, 0, 0, 0, 0, 0))
2018-04-14 20:48:33.009903;(1, (4405, 3596, 3218, 1609, 0, 0, 0, 0, 0, 0))
2018-04-14 20:48:33.068720;(22, (1548, 1285, 358, 0, 0, 0, 0, 0, 0, 0))
2018-04-14 20:48:33.100814;(9, (924, 857, 25, 1, 0, 0, 0, 0, 0, 0))
2018-04-14 20:48:33.159865;(8, (1249, 1066, 286, 0, 0, 0, 0, 0, 0, 0))
2018-04-14 20:48:33.194744;(25, (841, 796, 17, 7, 0, 0, 0, 0, 0, 0))
2018-04-14 20:48:33.244559;(26, (1723, 1401, 507, 5, 0, 0, 0, 0, 0, 0))
2018-04-14 20:48:33.283360;(15, (1174, 857, 63, 0, 0, 0, 0, 0, 0, 0))
2018-04-14 20:48:33.324132;(23, (1670, 1488, 619, 3, 0, 0, 0, 0, 0, 0))
2018-04-14 20:48:33.378323;(5, (1171, 995, 72, 0, 0, 0, 0, 0, 0, 0))
2018-04-14 20:48:33.426492;(11, (1703, 1753, 817, 1, 0, 0, 0, 0, 0, 0))
2018-04-14 20:48:33.479138;(24, (921, 854, 44, 3, 0, 0, 0, 0, 0, 0))
2018-04-14 20:48:33.545552;(16, (875, 788, 14, 0, 0, 0, 0, 0, 0, 0))
2018-04-14 20:48:33.569851;(7, (2890, 2764, 1817, 1, 0, 0, 0, 0, 0, 0))
2018-04-14 20:48:33.636523;(4, (1260, 1093, 219, 3, 0, 0, 0, 0, 0, 0))
2018-04-14 20:48:33.644383;(21, (1486, 1393, 574, 3, 0, 0, 0, 0, 0, 0))
2018-04-14 20:48:33.672899;(3, (1860, 1612, 835, 1, 0, 0, 0, 0, 0, 0))
2018-04-14 20:48:33.730843;(18, (909, 946, 163, 3, 0, 0, 0, 0, 0, 0))
2018-04-14 20:48:33.735136;(12, (1213, 1095, 294, 0, 0, 0, 0, 0, 0, 0))
2018-04-14 20:48:33.762407;(10, (1630, 1580, 698, 1, 0, 0, 0, 0, 0, 0))
2018-04-14 20:48:33.795208;(17, (1099, 940, 157, 0, 0, 0, 0, 0, 0, 0))
2018-04-14 20:48:33.821056;(2, (1779, 1736, 797, 2, 0, 0, 0, 0, 0, 0))
2018-04-14 20:49:32.881051;(20, (1429, 1193, 283, 1, 0, 0, 0, 0, 0, 0))
2018-04-14 20:49:32.906410;(13, (1121, 929, 104, 0, 0, 0, 0, 0, 0, 0))
2018-04-14 20:49:32.947116;(14, (1053, 961, 131, 5, 0, 0, 0, 0, 0, 0))
2018-04-14 20:49:32.982804;(19, (842, 767, 85, 1, 0, 0, 0, 0, 0, 0))
2018-04-14 20:49:32.990161;(6, (1601, 1369, 491, 2, 0, 0, 0, 0, 0, 0))
2018-04-14 20:49:33.026562;(1, (4425, 3610, 3218, 1609, 0, 0, 0, 0, 0, 0))
2018-04-14 20:49:33.085715;(22, (1565, 1300, 358, 0, 0, 0, 0, 0, 0, 0))
2018-04-14 20:49:33.116980;(9, (942, 877, 25, 1, 0, 0, 0, 0, 0, 0))
2018-04-14 20:49:33.175906;(8, (1265, 1081, 286, 0, 0, 0, 0, 0, 0, 0))
2018-04-14 20:49:33.211020;(25, (861, 811, 17, 7, 0, 0, 0, 0, 0, 0))
2018-04-14 20:49:33.261264;(26, (1750, 1418, 507, 5, 0, 0, 0, 0, 0, 0))
2018-04-14 20:49:33.300874;(15, (1191, 869, 63, 0, 0, 0, 0, 0, 0, 0))
2018-04-14 20:49:33.342695;(23, (1687, 1503, 619, 3, 0, 0, 0, 0, 0, 0))
2018-04-14 20:49:33.395276;(5, (1199, 1014, 72, 0, 0, 0, 0, 0, 0, 0))
2018-04-14 20:49:33.443212;(11, (1719, 1769, 817, 1, 0, 0, 0, 0, 0, 0))
2018-04-14 20:49:33.495932;(24, (939, 874, 44, 3, 0, 0, 0, 0, 0, 0))
2018-04-14 20:49:33.563098;(16, (894, 804, 14, 0, 0, 0, 0, 0, 0, 0))
2018-04-14 20:49:33.588016;(7, (2909, 2782, 1817, 1, 0, 0, 0, 0, 0, 0))
2018-04-14 20:49:33.654272;(4, (1281, 1108, 219, 3, 0, 0, 0, 0, 0, 0))
2018-04-14 20:49:33.661960;(21, (1505, 1410, 574, 3, 0, 0, 0, 0, 0, 0))
2018-04-14 20:49:33.690469;(3, (1877, 1626, 835, 1, 0, 0, 0, 0, 0, 0))
2018-04-14 20:49:33.748127;(18, (925, 961, 163, 3, 0, 0, 0, 0, 0, 0))
2018-04-14 20:49:33.753757;(12, (1229, 1109, 294, 0, 0, 0, 0, 0, 0, 0))
2018-04-14 20:49:33.779696;(10, (1649, 1596, 698, 1, 0, 0, 0, 0, 0, 0))
2018-04-14 20:49:33.813177;(17, (1118, 955, 157, 0, 0, 0, 0, 0, 0, 0))
2018-04-14 20:49:33.837088;(2, (1799, 1752, 797, 2, 0, 0, 0, 0, 0, 0))
2018-04-14 20:50:32.896757;(20, (1448, 1207, 283, 1, 0, 0, 0, 0, 0, 0))
2018-04-14 20:50:32.923102;(13, (1139, 943, 104, 0, 0, 0, 0, 0, 0, 0))
2018-04-14 20:50:32.964049;(14, (1068, 976, 131, 5, 0, 0, 0, 0, 0, 0))
2018-04-14 20:50:32.999124;(19, (857, 781, 85, 1, 0, 0, 0, 0, 0, 0))
2018-04-14 20:50:33.007173;(6, (1618, 1384, 491, 2, 0, 0, 0, 0, 0, 0))
2018-04-14 20:50:33.043727;(1, (4442, 3624, 3218, 1609, 0, 0, 0, 0, 0, 0))
2018-04-14 20:50:33.101928;(22, (1584, 1314, 358, 0, 0, 0, 0, 0, 0, 0))
2018-04-14 20:50:33.133053;(9, (957, 893, 25, 1, 0, 0, 0, 0, 0, 0))
2018-04-14 20:50:33.192750;(8, (1282, 1096, 286, 0, 0, 0, 0, 0, 0, 0))
2018-04-14 20:50:33.227131;(25, (876, 825, 17, 7, 0, 0, 0, 0, 0, 0))
2018-04-14 20:50:33.278344;(26, (1768, 1432, 507, 5, 0, 0, 0, 0, 0, 0))
2018-04-14 20:50:33.317584;(15, (1210, 884, 63, 0, 0, 0, 0, 0, 0, 0))
2018-04-14 20:50:33.359717;(23, (1707, 1517, 619, 3, 0, 0, 0, 0, 0, 0))
2018-04-14 20:50:33.413577;(5, (1219, 1028, 72, 0, 0, 0, 0, 0, 0, 0))
2018-04-14 20:50:33.460167;(11, (1731, 1781, 817, 1, 0, 0, 0, 0, 0, 0))
2018-04-14 20:50:33.512961;(24, (954, 889, 44, 3, 0, 0, 0, 0, 0, 0))
2018-04-14 20:50:33.580636;(16, (910, 819, 14, 0, 0, 0, 0, 0, 0, 0))
2018-04-14 20:50:33.605708;(7, (2924, 2797, 1817, 1, 0, 0, 0, 0, 0, 0))
2018-04-14 20:50:33.671762;(4, (1297, 1122, 219, 3, 0, 0, 0, 0, 0, 0))
2018-04-14 20:50:33.680628;(21, (1521, 1424, 574, 3, 0, 0, 0, 0, 0, 0))
2018-04-14 20:50:33.707484;(3, (1894, 1641, 835, 1, 0, 0, 0, 0, 0, 0))
2018-04-14 20:50:33.767667;(18, (939, 975, 163, 3, 0, 0, 0, 0, 0, 0))
2018-04-14 20:50:33.771653;(12, (1245, 1123, 294, 0, 0, 0, 0, 0, 0, 0))
2018-04-14 20:50:33.797016;(10, (1663, 1610, 698, 1, 0, 0, 0, 0, 0, 0))
2018-04-14 20:50:33.831375;(17, (1136, 969, 157, 0, 0, 0, 0, 0, 0, 0))
2018-04-14 20:50:33.854408;(2, (1814, 1766, 797, 2, 0, 0, 0, 0, 0, 0))
2018-04-14 20:51:32.911127;(20, (1462, 1222, 283, 1, 0, 0, 0, 0, 0, 0))
2018-04-14 20:51:32.938684;(13, (1154, 957, 104, 0, 0, 0, 0, 0, 0, 0))
2018-04-14 20:51:32.979251;(14, (1084, 990, 131, 5, 0, 0, 0, 0, 0, 0))
2018-04-14 20:51:33.014641;(19, (872, 795, 85, 1, 0, 0, 0, 0, 0, 0))
2018-04-14 20:51:33.023101;(6, (1633, 1398, 491, 2, 0, 0, 0, 0, 0, 0))
2018-04-14 20:51:33.059497;(1, (4456, 3638, 3218, 1609, 0, 0, 0, 0, 0, 0))
2018-04-14 20:51:33.116991;(22, (1600, 1328, 358, 0, 0, 0, 0, 0, 0, 0))
2018-04-14 20:51:33.148768;(9, (972, 907, 25, 1, 0, 0, 0, 0, 0, 0))
2018-04-14 20:51:33.207969;(8, (1297, 1110, 286, 0, 0, 0, 0, 0, 0, 0))
2018-04-14 20:51:33.243137;(25, (891, 839, 17, 7, 0, 0, 0, 0, 0, 0))
2018-04-14 20:51:33.294145;(26, (1785, 1446, 507, 5, 0, 0, 0, 0, 0, 0))
2018-04-14 20:51:33.334075;(15, (1225, 898, 63, 0, 0, 0, 0, 0, 0, 0))
2018-04-14 20:51:33.376400;(23, (1721, 1531, 619, 3, 0, 0, 0, 0, 0, 0))
2018-04-14 20:51:33.432152;(5, (1233, 1040, 72, 0, 0, 0, 0, 0, 0, 0))
2018-04-14 20:51:33.477063;(11, (1746, 1796, 817, 1, 0, 0, 0, 0, 0, 0))
2018-04-14 20:51:33.529640;(24, (966, 902, 44, 3, 0, 0, 0, 0, 0, 0))
2018-04-14 20:51:33.597411;(16, (925, 833, 14, 0, 0, 0, 0, 0, 0, 0))
2018-04-14 20:51:33.623658;(7, (2937, 2809, 1817, 1, 0, 0, 0, 0, 0, 0))
2018-04-14 20:51:33.688385;(4, (1313, 1136, 219, 3, 0, 0, 0, 0, 0, 0))
2018-04-14 20:51:33.697205;(21, (1536, 1438, 574, 3, 0, 0, 0, 0, 0, 0))
2018-04-14 20:51:33.723998;(3, (1908, 1655, 835, 1, 0, 0, 0, 0, 0, 0))
2018-04-14 20:51:33.783991;(18, (953, 990, 163, 3, 0, 0, 0, 0, 0, 0))
2018-04-14 20:51:33.787583;(12, (1261, 1137, 294, 0, 0, 0, 0, 0, 0, 0))
2018-04-14 20:51:33.814537;(10, (1679, 1624, 698, 1, 0, 0, 0, 0, 0, 0))
2018-04-14 20:51:33.847868;(17, (1151, 983, 157, 0, 0, 0, 0, 0, 0, 0))
2018-04-14 20:51:33.870074;(2, (1829, 1781, 797, 2, 0, 0, 0, 0, 0, 0))
2018-04-14 20:52:32.927579;(20, (1478, 1236, 283, 1, 0, 0, 0, 0, 0, 0))
2018-04-14 20:52:32.953982;(13, (1171, 971, 104, 0, 0, 0, 0, 0, 0, 0))
2018-04-14 20:52:32.995932;(14, (1106, 1005, 131, 5, 0, 0, 0, 0, 0, 0))
2018-04-14 20:52:33.031915;(19, (887, 809, 85, 1, 0, 0, 0, 0, 0, 0))
2018-04-14 20:52:33.040624;(6, (1648, 1413, 491, 2, 0, 0, 0, 0, 0, 0))
2018-04-14 20:52:33.075940;(1, (4477, 3652, 3218, 1609, 0, 0, 0, 0, 0, 0))
2018-04-14 20:52:33.133201;(22, (1615, 1342, 358, 0, 0, 0, 0, 0, 0, 0))
2018-04-14 20:52:33.164946;(9, (989, 922, 25, 1, 0, 0, 0, 0, 0, 0))
2018-04-14 20:52:33.223944;(8, (1312, 1124, 286, 0, 0, 0, 0, 0, 0, 0))
2018-04-14 20:52:33.259583;(25, (914, 853, 17, 7, 0, 0, 0, 0, 0, 0))
2018-04-14 20:52:33.311090;(26, (1810, 1464, 507, 5, 0, 0, 0, 0, 0, 0))
2018-04-14 20:52:33.350978;(15, (1245, 912, 63, 0, 0, 0, 0, 0, 0, 0))
2018-04-14 20:52:33.394067;(23, (1737, 1545, 619, 3, 0, 0, 0, 0, 0, 0))
2018-04-14 20:52:33.450663;(5, (1256, 1061, 72, 0, 0, 0, 0, 0, 0, 0))
2018-04-14 20:52:33.494123;(11, (1767, 1815, 817, 1, 0, 0, 0, 0, 0, 0))
2018-04-14 20:52:33.546915;(24, (984, 925, 44, 3, 0, 0, 0, 0, 0, 0))
2018-04-14 20:52:33.615056;(16, (938, 845, 14, 0, 0, 0, 0, 0, 0, 0))
2018-04-14 20:52:33.641108;(7, (2957, 2828, 1817, 1, 0, 0, 0, 0, 0, 0))
2018-04-14 20:52:33.706030;(4, (1335, 1150, 219, 3, 0, 0, 0, 0, 0, 0))
2018-04-14 20:52:33.714441;(21, (1550, 1450, 574, 3, 0, 0, 0, 0, 0, 0))
2018-04-14 20:52:33.741177;(3, (1922, 1667, 835, 1, 0, 0, 0, 0, 0, 0))
2018-04-14 20:52:33.801267;(18, (972, 1005, 163, 3, 0, 0, 0, 0, 0, 0))
2018-04-14 20:52:33.804986;(12, (1274, 1150, 294, 0, 0, 0, 0, 0, 0, 0))
2018-04-14 20:52:33.832356;(10, (1702, 1644, 698, 1, 0, 0, 0, 0, 0, 0))
2018-04-14 20:52:33.864452;(17, (1167, 997, 157, 0, 0, 0, 0, 0, 0, 0))
2018-04-14 20:52:33.886502;(2, (1850, 1800, 797, 2, 0, 0, 0, 0, 0, 0))
2018-04-14 20:53:32.944227;(20, (1495, 1250, 283, 1, 0, 0, 0, 0, 0, 0))
2018-04-14 20:53:32.968959;(13, (1188, 986, 104, 0, 0, 0, 0, 0, 0, 0))
2018-04-14 20:53:33.013479;(14, (1123, 1019, 131, 5, 0, 0, 0, 0, 0, 0))
2018-04-14 20:53:33.049190;(19, (901, 823, 85, 1, 0, 0, 0, 0, 0, 0))
2018-04-14 20:53:33.057682;(6, (1665, 1427, 491, 2, 0, 0, 0, 0, 0, 0))
2018-04-14 20:53:33.092497;(1, (4518, 3692, 3243, 1622, 0, 0, 0, 0, 0, 0))
2018-04-14 20:53:33.149111;(22, (1631, 1357, 358, 0, 0, 0, 0, 0, 0, 0))
2018-04-14 20:53:33.180934;(9, (1006, 936, 25, 1, 0, 0, 0, 0, 0, 0))
2018-04-14 20:53:33.240349;(8, (1328, 1139, 286, 0, 0, 0, 0, 0, 0, 0))
2018-04-14 20:53:33.276497;(25, (931, 868, 17, 7, 0, 0, 0, 0, 0, 0))
2018-04-14 20:53:33.327652;(26, (1828, 1478, 507, 5, 0, 0, 0, 0, 0, 0))
2018-04-14 20:53:33.367138;(15, (1263, 927, 63, 0, 0, 0, 0, 0, 0, 0))
2018-04-14 20:53:33.410881;(23, (1754, 1559, 619, 3, 0, 0, 0, 0, 0, 0))
2018-04-14 20:53:33.467325;(5, (1275, 1076, 72, 0, 0, 0, 0, 0, 0, 0))
2018-04-14 20:53:33.510878;(11, (1781, 1829, 817, 1, 0, 0, 0, 0, 0, 0))
2018-04-14 20:53:33.563741;(24, (1000, 941, 44, 3, 0, 0, 0, 0, 0, 0))
2018-04-14 20:53:33.632035;(16, (956, 859, 14, 0, 0, 0, 0, 0, 0, 0))
2018-04-14 20:53:33.657693;(7, (3020, 2888, 1862, 1, 0, 0, 0, 0, 0, 0))
2018-04-14 20:53:33.722076;(4, (1353, 1164, 219, 3, 0, 0, 0, 0, 0, 0))
2018-04-14 20:53:33.731394;(21, (1568, 1467, 577, 3, 0, 0, 0, 0, 0, 0))
2018-04-14 20:53:33.759186;(3, (1954, 1703, 835, 1, 0, 0, 0, 0, 0, 0))
2018-04-14 20:53:33.820174;(18, (987, 1019, 163, 3, 0, 0, 0, 0, 0, 0))
2018-04-14 20:53:33.823533;(12, (1288, 1164, 294, 0, 0, 0, 0, 0, 0, 0))
2018-04-14 20:53:33.851151;(10, (1715, 1656, 698, 1, 0, 0, 0, 0, 0, 0))
2018-04-14 20:53:33.880358;(17, (1182, 1009, 157, 0, 0, 0, 0, 0, 0, 0))
2018-04-14 20:53:33.905528;(2, (1942, 1921, 797, 2, 0, 0, 0, 0, 0, 0))
2018-04-14 20:54:32.957957;(20, (1682, 1421, 316, 1, 0, 0, 0, 0, 0, 0))
2018-04-14 20:54:32.984357;(13, (1337, 1144, 114, 0, 0, 0, 0, 0, 0, 0))
2018-04-14 20:54:33.025926;(14, (1213, 1100, 156, 6, 0, 0, 0, 0, 0, 0))
2018-04-14 20:54:33.063969;(19, (1161, 1109, 179, 2, 0, 0, 0, 0, 0, 0))
2018-04-14 20:54:33.076352;(6, (1880, 1660, 534, 3, 0, 0, 0, 0, 0, 0))
2018-04-14 20:54:33.104116;(1, (5725, 4772, 4308, 2154, 0, 0, 0, 0, 0, 0))
2018-04-14 20:54:33.167491;(22, (1787, 1515, 362, 0, 0, 0, 0, 0, 0, 0))
2018-04-14 20:54:33.192532;(9, (1086, 1000, 37, 2, 0, 0, 0, 0, 0, 0))
2018-04-14 20:54:33.251490;(8, (1528, 1343, 385, 1, 0, 0, 0, 0, 0, 0))
2018-04-14 20:54:33.288369;(25, (993, 925, 19, 9, 0, 0, 0, 0, 0, 0))
2018-04-14 20:54:33.341320;(26, (2067, 1713, 570, 12, 0, 0, 0, 0, 0, 0))
2018-04-14 20:54:33.380047;(15, (1399, 1026, 96, 0, 0, 0, 0, 0, 0, 0))
2018-04-14 20:54:33.424498;(23, (2245, 2062, 898, 4, 0, 0, 0, 0, 0, 0))
2018-04-14 20:54:33.481397;(5, (1416, 1214, 76, 0, 0, 0, 0, 0, 0, 0))
2018-04-14 20:54:33.523085;(11, (2133, 2188, 1040, 4, 0, 0, 0, 0, 0, 0))
2018-04-14 20:54:33.577934;(24, (1092, 1041, 53, 3, 0, 0, 0, 0, 0, 0))
2018-04-14 20:54:33.646296;(16, (1117, 1039, 19, 2, 0, 0, 0, 0, 0, 0))
2018-04-14 20:54:33.671065;(7, (4012, 3867, 2586, 1, 0, 0, 0, 0, 0, 0))
2018-04-14 20:54:33.733080;(4, (1457, 1242, 224, 9, 0, 0, 0, 0, 0, 0))
2018-04-14 20:54:33.746108;(21, (2196, 2147, 992, 5, 0, 0, 0, 0, 0, 0))
2018-04-14 20:54:33.772157;(3, (2300, 2033, 1030, 1, 0, 0, 0, 0, 0, 0))
2018-04-14 20:54:33.837096;(18, (1131, 1184, 206, 6, 0, 0, 0, 0, 0, 0))
2018-04-14 20:54:33.841275;(12, (1583, 1467, 404, 1, 0, 0, 0, 0, 0, 0))
2018-04-14 20:54:33.870048;(10, (2073, 2037, 859, 2, 0, 0, 0, 0, 0, 0))
2018-04-14 20:54:33.895796;(17, (1501, 1341, 272, 5, 0, 0, 0, 0, 0, 0))
2018-04-14 20:54:33.916063;(2, (2318, 2284, 1069, 2, 0, 0, 0, 0, 0, 0))
2018-04-14 20:55:32.972748;(20, (1922, 1646, 401, 2, 0, 0, 0, 0, 0, 0))
2018-04-14 20:55:32.999043;(13, (1444, 1232, 126, 0, 0, 0, 0, 0, 0, 0))
2018-04-14 20:55:33.041504;(14, (1371, 1270, 161, 6, 0, 0, 0, 0, 0, 0))
2018-04-14 20:55:33.076507;(19, (1569, 1511, 496, 2, 0, 0, 0, 0, 0, 0))
2018-04-14 20:55:33.090517;(6, (2171, 1915, 725, 3, 0, 0, 0, 0, 0, 0))
2018-04-14 20:55:33.117426;(1, (6383, 5302, 4824, 2412, 0, 0, 0, 0, 0, 0))
2018-04-14 20:55:33.180024;(22, (1886, 1581, 388, 0, 0, 0, 0, 0, 0, 0))
2018-04-14 20:55:33.206938;(9, (1281, 1221, 74, 2, 0, 0, 0, 0, 0, 0))
2018-04-14 20:55:33.266976;(8, (1785, 1594, 476, 2, 0, 0, 0, 0, 0, 0))
2018-04-14 20:55:33.303095;(25, (1197, 1117, 60, 9, 0, 0, 0, 0, 0, 0))
2018-04-14 20:55:33.356452;(26, (2464, 2072, 796, 13, 0, 0, 0, 0, 0, 0))
2018-04-14 20:55:33.393757;(15, (1507, 1098, 96, 0, 0, 0, 0, 0, 0, 0))
2018-04-14 20:55:33.438758;(23, (2545, 2336, 1088, 4, 0, 0, 0, 0, 0, 0))
2018-04-14 20:55:33.497620;(5, (1554, 1336, 81, 0, 0, 0, 0, 0, 0, 0))
2018-04-14 20:55:33.538154;(11, (2593, 2644, 1318, 5, 0, 0, 0, 0, 0, 0))
2018-04-14 20:55:33.596482;(24, (1231, 1195, 56, 4, 0, 0, 0, 0, 0, 0))
2018-04-14 20:55:33.663012;(16, (1181, 1081, 20, 2, 0, 0, 0, 0, 0, 0))
2018-04-14 20:55:33.684448;(7, (4540, 4372, 2986, 1, 0, 0, 0, 0, 0, 0))
2018-04-14 20:55:33.749166;(4, (1647, 1442, 261, 9, 0, 0, 0, 0, 0, 0))
2018-04-14 20:55:33.760819;(21, (2251, 2184, 995, 5, 0, 0, 0, 0, 0, 0))
2018-04-14 20:55:33.785626;(3, (2475, 2170, 1133, 1, 0, 0, 0, 0, 0, 0))
2018-04-14 20:55:33.853855;(18, (1258, 1321, 231, 6, 0, 0, 0, 0, 0, 0))
2018-04-14 20:55:33.854951;(12, (1726, 1596, 486, 1, 0, 0, 0, 0, 0, 0))
2018-04-14 20:55:33.885122;(10, (2479, 2438, 1144, 4, 0, 0, 0, 0, 0, 0))
2018-04-14 20:55:33.912313;(17, (1642, 1456, 323, 5, 0, 0, 0, 0, 0, 0))
2018-04-14 20:55:33.928689;(2, (2355, 2300, 1069, 2, 0, 0, 0, 0, 0, 0))
2018-04-14 20:56:33.015533;(13, (1488, 1258, 128, 0, 0, 0, 0, 0, 0, 0))
2018-04-14 20:56:33.056867;(14, (1402, 1288, 161, 6, 0, 0, 0, 0, 0, 0))
2018-04-14 20:56:33.680405;(16, (1212, 1102, 20, 2, 0, 0, 0, 0, 0, 0))
2018-04-14 20:56:33.765699;(4, (1681, 1462, 261, 9, 0, 0, 0, 0, 0, 0))
2018-04-14 20:56:33.871671;(18, (1309, 1357, 247, 6, 0, 0, 0, 0, 0, 0))
2018-04-14 20:56:33.900790;(10, (2579, 2531, 1202, 4, 0, 0, 0, 0, 0, 0))
2018-04-14 20:56:33.989235;(20, (1960, 1664, 401, 2, 0, 0, 0, 0, 0, 0))
2018-04-14 20:56:34.092091;(19, (1673, 1611, 559, 2, 0, 0, 0, 0, 0, 0))
2018-04-14 20:56:34.106170;(6, (2200, 1935, 725, 3, 0, 0, 0, 0, 0, 0))
2018-04-14 20:56:34.133441;(1, (6493, 5378, 4886, 2443, 0, 0, 0, 0, 0, 0))
2018-04-14 20:56:34.196473;(22, (1921, 1596, 388, 0, 0, 0, 0, 0, 0, 0))
2018-04-14 20:56:34.223358;(9, (1314, 1256, 74, 2, 0, 0, 0, 0, 0, 0))
2018-04-14 20:56:34.282138;(8, (1812, 1610, 476, 2, 0, 0, 0, 0, 0, 0))
2018-04-14 20:56:34.318325;(25, (1231, 1133, 60, 9, 0, 0, 0, 0, 0, 0))
2018-04-14 20:56:34.372480;(26, (2568, 2147, 839, 13, 0, 0, 0, 0, 0, 0))
2018-04-14 20:56:34.413401;(15, (1624, 1224, 96, 0, 0, 0, 0, 0, 0, 0))
2018-04-14 20:56:34.455501;(23, (2579, 2352, 1088, 4, 0, 0, 0, 0, 0, 0))
2018-04-14 20:56:34.515275;(5, (1659, 1441, 140, 0, 0, 0, 0, 0, 0, 0))
2018-04-14 20:56:34.556175;(11, (2691, 2738, 1376, 5, 0, 0, 0, 0, 0, 0))
2018-04-14 20:56:34.611768;(24, (1257, 1216, 56, 4, 0, 0, 0, 0, 0, 0))
2018-04-14 20:56:34.701654;(7, (4638, 4466, 3044, 1, 0, 0, 0, 0, 0, 0))
2018-04-14 20:56:34.777967;(21, (2277, 2199, 995, 5, 0, 0, 0, 0, 0, 0))
2018-04-14 20:56:34.802557;(3, (2502, 2185, 1133, 1, 0, 0, 0, 0, 0, 0))
2018-04-14 20:56:34.872376;(12, (1749, 1613, 486, 1, 0, 0, 0, 0, 0, 0))
2018-04-14 20:56:34.928105;(17, (1677, 1472, 323, 5, 0, 0, 0, 0, 0, 0))
2018-04-14 20:56:34.944681;(2, (2377, 2315, 1069, 2, 0, 0, 0, 0, 0, 0))
2018-04-14 20:57:34.006666;(20, (1982, 1679, 401, 2, 0, 0, 0, 0, 0, 0))
2018-04-14 20:57:34.033372;(13, (1509, 1274, 128, 0, 0, 0, 0, 0, 0, 0))
2018-04-14 20:57:34.073692;(14, (1420, 1303, 161, 6, 0, 0, 0, 0, 0, 0))
2018-04-14 20:57:34.110040;(19, (1691, 1626, 559, 2, 0, 0, 0, 0, 0, 0))
2018-04-14 20:57:34.123568;(6, (2221, 1949, 725, 3, 0, 0, 0, 0, 0, 0))
2018-04-14 20:57:34.151500;(1, (6510, 5392, 4886, 2443, 0, 0, 0, 0, 0, 0))
2018-04-14 20:57:34.215483;(22, (1941, 1611, 388, 0, 0, 0, 0, 0, 0, 0))
2018-04-14 20:57:34.239834;(9, (1332, 1272, 74, 2, 0, 0, 0, 0, 0, 0))
2018-04-14 20:57:34.298726;(8, (1831, 1625, 476, 2, 0, 0, 0, 0, 0, 0))
2018-04-14 20:57:34.334663;(25, (1249, 1148, 60, 9, 0, 0, 0, 0, 0, 0))
2018-04-14 20:57:34.389090;(26, (2591, 2163, 839, 13, 0, 0, 0, 0, 0, 0))
2018-04-14 20:57:34.429909;(15, (1648, 1238, 96, 0, 0, 0, 0, 0, 0, 0))
2018-04-14 20:57:34.472285;(23, (2599, 2367, 1088, 4, 0, 0, 0, 0, 0, 0))
2018-04-14 20:57:34.533162;(5, (1681, 1457, 140, 0, 0, 0, 0, 0, 0, 0))
2018-04-14 20:57:34.574447;(11, (2708, 2754, 1376, 5, 0, 0, 0, 0, 0, 0))
2018-04-14 20:57:34.629119;(24, (1276, 1231, 56, 4, 0, 0, 0, 0, 0, 0))
2018-04-14 20:57:34.698222;(16, (1233, 1118, 20, 2, 0, 0, 0, 0, 0, 0))
2018-04-14 20:57:34.719809;(7, (4655, 4482, 3044, 1, 0, 0, 0, 0, 0, 0))
2018-04-14 20:57:34.783764;(4, (1701, 1477, 261, 9, 0, 0, 0, 0, 0, 0))
2018-04-14 20:57:34.795407;(21, (2294, 2214, 995, 5, 0, 0, 0, 0, 0, 0))
2018-04-14 20:57:34.819194;(3, (2520, 2199, 1133, 1, 0, 0, 0, 0, 0, 0))
2018-04-14 20:57:34.891039;(12, (1767, 1627, 486, 1, 0, 0, 0, 0, 0, 0))
2018-04-14 20:57:34.891913;(18, (1326, 1372, 247, 6, 0, 0, 0, 0, 0, 0))
2018-04-14 20:57:34.918419;(10, (2598, 2547, 1202, 4, 0, 0, 0, 0, 0, 0))
2018-04-14 20:57:34.944846;(17, (1697, 1487, 323, 5, 0, 0, 0, 0, 0, 0))
2018-04-14 20:57:34.961354;(2, (2395, 2330, 1069, 2, 0, 0, 0, 0, 0, 0))
2018-04-14 20:58:34.024952;(20, (2001, 1693, 401, 2, 0, 0, 0, 0, 0, 0))
2018-04-14 20:58:34.050950;(13, (1530, 1289, 128, 0, 0, 0, 0, 0, 0, 0))
2018-04-14 20:58:34.091168;(14, (1435, 1317, 161, 6, 0, 0, 0, 0, 0, 0))
2018-04-14 20:58:34.127048;(19, (1709, 1642, 559, 2, 0, 0, 0, 0, 0, 0))
2018-04-14 20:58:34.141594;(6, (2241, 1964, 725, 3, 0, 0, 0, 0, 0, 0))
2018-04-14 20:58:34.169483;(1, (6529, 5406, 4886, 2443, 0, 0, 0, 0, 0, 0))
2018-04-14 20:58:34.233126;(22, (1960, 1626, 388, 0, 0, 0, 0, 0, 0, 0))
2018-04-14 20:58:34.256104;(9, (1348, 1287, 74, 2, 0, 0, 0, 0, 0, 0))
2018-04-14 20:58:34.315054;(8, (1850, 1639, 476, 2, 0, 0, 0, 0, 0, 0))
2018-04-14 20:58:34.350634;(25, (1264, 1162, 60, 9, 0, 0, 0, 0, 0, 0))
2018-04-14 20:58:34.406051;(26, (2609, 2179, 839, 13, 0, 0, 0, 0, 0, 0))
2018-04-14 20:58:34.446714;(15, (1670, 1254, 96, 0, 0, 0, 0, 0, 0, 0))
2018-04-14 20:58:34.489066;(23, (2618, 2381, 1088, 4, 0, 0, 0, 0, 0, 0))
2018-04-14 20:58:34.550141;(5, (1699, 1474, 140, 0, 0, 0, 0, 0, 0, 0))
2018-04-14 20:58:34.591867;(11, (2726, 2770, 1376, 5, 0, 0, 0, 0, 0, 0))
2018-04-14 20:58:34.646923;(24, (1291, 1245, 56, 4, 0, 0, 0, 0, 0, 0))
2018-04-14 20:58:34.715677;(16, (1251, 1136, 20, 2, 0, 0, 0, 0, 0, 0))
2018-04-14 20:58:34.737382;(7, (4674, 4499, 3044, 1, 0, 0, 0, 0, 0, 0))
2018-04-14 20:58:34.803403;(4, (1716, 1491, 261, 9, 0, 0, 0, 0, 0, 0))
2018-04-14 20:58:34.814466;(21, (2313, 2229, 995, 5, 0, 0, 0, 0, 0, 0))
2018-04-14 20:58:34.836984;(3, (2540, 2213, 1133, 1, 0, 0, 0, 0, 0, 0))
2018-04-14 20:58:34.910393;(18, (1341, 1386, 247, 6, 0, 0, 0, 0, 0, 0))
2018-04-14 20:58:34.912578;(12, (1786, 1644, 486, 1, 0, 0, 0, 0, 0, 0))
2018-04-14 20:58:34.935396;(10, (2615, 2563, 1202, 4, 0, 0, 0, 0, 0, 0))
2018-04-14 20:58:34.964402;(17, (1715, 1501, 323, 5, 0, 0, 0, 0, 0, 0))
2018-04-14 20:58:34.977945;(2, (2413, 2344, 1069, 2, 0, 0, 0, 0, 0, 0))
2018-04-14 20:59:34.042803;(20, (2027, 1709, 401, 2, 0, 0, 0, 0, 0, 0))
2018-04-14 20:59:34.069481;(13, (1553, 1305, 128, 0, 0, 0, 0, 0, 0, 0))
2018-04-14 20:59:34.108438;(14, (1452, 1333, 161, 6, 0, 0, 0, 0, 0, 0))
2018-04-14 20:59:34.143045;(19, (1730, 1662, 559, 2, 0, 0, 0, 0, 0, 0))
2018-04-14 20:59:34.159055;(6, (2260, 1979, 725, 3, 0, 0, 0, 0, 0, 0))
2018-04-14 20:59:34.187150;(1, (6552, 5420, 4886, 2443, 0, 0, 0, 0, 0, 0))
2018-04-14 20:59:34.252648;(22, (1980, 1640, 388, 0, 0, 0, 0, 0, 0, 0))
2018-04-14 20:59:34.272816;(9, (1367, 1309, 74, 2, 0, 0, 0, 0, 0, 0))
2018-04-14 20:59:34.331243;(8, (1869, 1654, 476, 2, 0, 0, 0, 0, 0, 0))
2018-04-14 20:59:34.366946;(25, (1281, 1177, 60, 9, 0, 0, 0, 0, 0, 0))
2018-04-14 20:59:34.422441;(26, (2637, 2199, 839, 13, 0, 0, 0, 0, 0, 0))
2018-04-14 20:59:34.462777;(15, (1696, 1268, 96, 0, 0, 0, 0, 0, 0, 0))
2018-04-14 20:59:34.506055;(23, (2638, 2396, 1088, 4, 0, 0, 0, 0, 0, 0))
2018-04-14 20:59:34.566365;(5, (1724, 1491, 140, 0, 0, 0, 0, 0, 0, 0))
2018-04-14 20:59:34.609863;(11, (2746, 2790, 1376, 5, 0, 0, 0, 0, 0, 0))
2018-04-14 20:59:34.664504;(24, (1309, 1259, 56, 4, 0, 0, 0, 0, 0, 0))
2018-04-14 20:59:34.732947;(16, (1271, 1153, 20, 2, 0, 0, 0, 0, 0, 0))
2018-04-14 20:59:34.754756;(7, (4695, 4520, 3044, 1, 0, 0, 0, 0, 0, 0))
2018-04-14 20:59:34.821261;(4, (1737, 1508, 261, 9, 0, 0, 0, 0, 0, 0))
2018-04-14 20:59:34.833843;(21, (2329, 2243, 995, 5, 0, 0, 0, 0, 0, 0))
2018-04-14 20:59:34.854410;(3, (2556, 2228, 1133, 1, 0, 0, 0, 0, 0, 0))
2018-04-14 20:59:34.927750;(18, (1357, 1401, 247, 6, 0, 0, 0, 0, 0, 0))
2018-04-14 20:59:34.933574;(12, (1808, 1665, 486, 1, 0, 0, 0, 0, 0, 0))
2018-04-14 20:59:34.952550;(10, (2637, 2583, 1202, 4, 0, 0, 0, 0, 0, 0))
2018-04-14 20:59:34.981225;(17, (1739, 1518, 323, 5, 0, 0, 0, 0, 0, 0))
2018-04-14 20:59:34.994885;(2, (2430, 2360, 1069, 2, 0, 0, 0, 0, 0, 0))
2018-04-14 21:00:34.061965;(20, (2043, 1723, 401, 2, 0, 0, 0, 0, 0, 0))
2018-04-14 21:00:34.087158;(13, (1569, 1319, 128, 0, 0, 0, 0, 0, 0, 0))
2018-04-14 21:00:34.126937;(14, (1468, 1347, 161, 6, 0, 0, 0, 0, 0, 0))
2018-04-14 21:00:34.159409;(19, (1744, 1676, 559, 2, 0, 0, 0, 0, 0, 0))
2018-04-14 21:00:34.176263;(6, (2274, 1993, 725, 3, 0, 0, 0, 0, 0, 0))
2018-04-14 21:00:34.204232;(1, (6566, 5434, 4886, 2443, 0, 0, 0, 0, 0, 0))
2018-04-14 21:00:34.269605;(22, (1995, 1654, 388, 0, 0, 0, 0, 0, 0, 0))
2018-04-14 21:00:34.289854;(9, (1382, 1324, 74, 2, 0, 0, 0, 0, 0, 0))
2018-04-14 21:00:34.348155;(8, (1884, 1668, 476, 2, 0, 0, 0, 0, 0, 0))
2018-04-14 21:00:34.384067;(25, (1298, 1191, 60, 9, 0, 0, 0, 0, 0, 0))
2018-04-14 21:00:34.440556;(26, (2654, 2213, 839, 13, 0, 0, 0, 0, 0, 0))
2018-04-14 21:00:34.478801;(15, (1713, 1282, 96, 0, 0, 0, 0, 0, 0, 0))
2018-04-14 21:00:34.522753;(23, (2653, 2410, 1088, 4, 0, 0, 0, 0, 0, 0))
2018-04-14 21:00:34.583749;(5, (1740, 1506, 140, 0, 0, 0, 0, 0, 0, 0))
2018-04-14 21:00:34.627584;(11, (2760, 2804, 1376, 5, 0, 0, 0, 0, 0, 0))
2018-04-14 21:00:34.682050;(24, (1324, 1274, 56, 4, 0, 0, 0, 0, 0, 0))
2018-04-14 21:00:34.750490;(16, (1286, 1168, 20, 2, 0, 0, 0, 0, 0, 0))
2018-04-14 21:00:34.772232;(7, (4707, 4532, 3044, 1, 0, 0, 0, 0, 0, 0))
2018-04-14 21:00:34.838620;(4, (1753, 1522, 261, 9, 0, 0, 0, 0, 0, 0))
2018-04-14 21:00:34.851206;(21, (2343, 2257, 995, 5, 0, 0, 0, 0, 0, 0))
2018-04-14 21:00:34.872965;(3, (2572, 2244, 1133, 1, 0, 0, 0, 0, 0, 0))
2018-04-14 21:00:34.946907;(18, (1374, 1417, 247, 6, 0, 0, 0, 0, 0, 0))
2018-04-14 21:00:34.952991;(12, (1822, 1679, 486, 1, 0, 0, 0, 0, 0, 0))
2018-04-14 21:00:34.969331;(10, (2654, 2599, 1202, 4, 0, 0, 0, 0, 0, 0))
2018-04-14 21:00:34.997784;(17, (1754, 1532, 323, 5, 0, 0, 0, 0, 0, 0))
2018-04-14 21:00:35.012523;(2, (2445, 2374, 1069, 2, 0, 0, 0, 0, 0, 0))
2018-04-14 21:01:34.079900;(20, (2057, 1737, 401, 2, 0, 0, 0, 0, 0, 0))
2018-04-14 21:01:34.104984;(13, (1584, 1333, 128, 0, 0, 0, 0, 0, 0, 0))
2018-04-14 21:01:34.144021;(14, (1482, 1361, 161, 6, 0, 0, 0, 0, 0, 0))
2018-04-14 21:01:34.176123;(19, (1758, 1690, 559, 2, 0, 0, 0, 0, 0, 0))
2018-04-14 21:01:34.192542;(6, (2289, 2007, 725, 3, 0, 0, 0, 0, 0, 0))
2018-04-14 21:01:34.220233;(1, (6580, 5448, 4886, 2443, 0, 0, 0, 0, 0, 0))
2018-04-14 21:01:34.286499;(22, (2010, 1668, 388, 0, 0, 0, 0, 0, 0, 0))
2018-04-14 21:01:34.305758;(9, (1396, 1339, 74, 2, 0, 0, 0, 0, 0, 0))
2018-04-14 21:01:34.363426;(8, (1898, 1682, 476, 2, 0, 0, 0, 0, 0, 0))
2018-04-14 21:01:34.400325;(25, (1312, 1206, 60, 9, 0, 0, 0, 0, 0, 0))
2018-04-14 21:01:34.456262;(26, (2668, 2227, 839, 13, 0, 0, 0, 0, 0, 0))
2018-04-14 21:01:34.494513;(15, (1728, 1296, 96, 0, 0, 0, 0, 0, 0, 0))
2018-04-14 21:01:34.538836;(23, (2667, 2424, 1088, 4, 0, 0, 0, 0, 0, 0))
2018-04-14 21:01:34.600505;(5, (1754, 1520, 140, 0, 0, 0, 0, 0, 0, 0))
2018-04-14 21:01:34.643885;(11, (2775, 2818, 1376, 5, 0, 0, 0, 0, 0, 0))
2018-04-14 21:01:34.698494;(24, (1338, 1288, 56, 4, 0, 0, 0, 0, 0, 0))
2018-04-14 21:01:34.767077;(16, (1301, 1182, 20, 2, 0, 0, 0, 0, 0, 0))
2018-04-14 21:01:34.788783;(7, (4722, 4546, 3044, 1, 0, 0, 0, 0, 0, 0))
2018-04-14 21:01:34.855416;(4, (1768, 1538, 261, 9, 0, 0, 0, 0, 0, 0))
2018-04-14 21:01:34.868194;(21, (2360, 2273, 995, 5, 0, 0, 0, 0, 0, 0))
2018-04-14 21:01:34.889679;(3, (2584, 2256, 1133, 1, 0, 0, 0, 0, 0, 0))
2018-04-14 21:01:34.964974;(18, (1386, 1429, 247, 6, 0, 0, 0, 0, 0, 0))
2018-04-14 21:01:34.972928;(12, (1835, 1691, 486, 1, 0, 0, 0, 0, 0, 0))
2018-04-14 21:01:34.986820;(10, (2668, 2613, 1202, 4, 0, 0, 0, 0, 0, 0))
2018-04-14 21:01:35.014686;(17, (1766, 1544, 323, 5, 0, 0, 0, 0, 0, 0))
2018-04-14 21:01:35.029236;(2, (2459, 2389, 1069, 2, 0, 0, 0, 0, 0, 0))
2018-04-14 21:02:34.096265;(20, (2074, 1751, 401, 2, 0, 0, 0, 0, 0, 0))
2018-04-14 21:02:34.121544;(13, (1599, 1348, 128, 0, 0, 0, 0, 0, 0, 0))
2018-04-14 21:02:34.160988;(14, (1497, 1375, 161, 6, 0, 0, 0, 0, 0, 0))
2018-04-14 21:02:34.193654;(19, (1775, 1705, 559, 2, 0, 0, 0, 0, 0, 0))
2018-04-14 21:02:34.208799;(6, (2304, 2021, 725, 3, 0, 0, 0, 0, 0, 0))
2018-04-14 21:02:34.237771;(1, (6596, 5462, 4886, 2443, 0, 0, 0, 0, 0, 0))
2018-04-14 21:02:34.305654;(22, (2027, 1682, 388, 0, 0, 0, 0, 0, 0, 0))
2018-04-14 21:02:34.322731;(9, (1412, 1353, 74, 2, 0, 0, 0, 0, 0, 0))
2018-04-14 21:02:34.380439;(8, (1913, 1696, 476, 2, 0, 0, 0, 0, 0, 0))
2018-04-14 21:02:34.415783;(25, (1327, 1220, 60, 9, 0, 0, 0, 0, 0, 0))
2018-04-14 21:02:34.472443;(26, (2684, 2243, 839, 13, 0, 0, 0, 0, 0, 0))
2018-04-14 21:02:34.511166;(15, (1744, 1310, 96, 0, 0, 0, 0, 0, 0, 0))
2018-04-14 21:02:34.554740;(23, (2681, 2438, 1088, 4, 0, 0, 0, 0, 0, 0))
2018-04-14 21:02:34.616488;(5, (1770, 1535, 140, 0, 0, 0, 0, 0, 0, 0))
2018-04-14 21:02:34.659799;(11, (2791, 2833, 1376, 5, 0, 0, 0, 0, 0, 0))
2018-04-14 21:02:34.717757;(24, (1353, 1302, 56, 4, 0, 0, 0, 0, 0, 0))
2018-04-14 21:02:34.783666;(16, (1315, 1197, 20, 2, 0, 0, 0, 0, 0, 0))
2018-04-14 21:02:34.805489;(7, (4738, 4562, 3044, 1, 0, 0, 0, 0, 0, 0))
2018-04-14 21:02:34.870690;(4, (1782, 1550, 261, 9, 0, 0, 0, 0, 0, 0))
2018-04-14 21:02:34.883590;(21, (2373, 2286, 995, 5, 0, 0, 0, 0, 0, 0))
2018-04-14 21:02:34.905271;(3, (2600, 2270, 1133, 1, 0, 0, 0, 0, 0, 0))
2018-04-14 21:02:34.981132;(18, (1402, 1443, 247, 6, 0, 0, 0, 0, 0, 0))
2018-04-14 21:02:34.990996;(12, (1851, 1705, 486, 1, 0, 0, 0, 0, 0, 0))
2018-04-14 21:02:35.005130;(10, (2682, 2627, 1202, 4, 0, 0, 0, 0, 0, 0))
2018-04-14 21:02:35.032544;(17, (1782, 1558, 323, 5, 0, 0, 0, 0, 0, 0))
2018-04-14 21:02:35.046399;(2, (2473, 2401, 1069, 2, 0, 0, 0, 0, 0, 0))
2018-04-14 21:03:34.112409;(20, (2091, 1766, 401, 2, 0, 0, 0, 0, 0, 0))
2018-04-14 21:03:34.138338;(13, (1618, 1362, 128, 0, 0, 0, 0, 0, 0, 0))
2018-04-14 21:03:34.177972;(14, (1514, 1390, 161, 6, 0, 0, 0, 0, 0, 0))
2018-04-14 21:03:34.211555;(19, (1794, 1724, 561, 2, 0, 0, 0, 0, 0, 0))
2018-04-14 21:03:34.224941;(6, (2323, 2036, 725, 3, 0, 0, 0, 0, 0, 0))
2018-04-14 21:03:34.253027;(1, (6695, 5556, 4966, 2483, 0, 0, 0, 0, 0, 0))
2018-04-14 21:03:34.322430;(22, (2045, 1697, 388, 0, 0, 0, 0, 0, 0, 0))
2018-04-14 21:03:34.339521;(9, (1429, 1368, 74, 2, 0, 0, 0, 0, 0, 0))
2018-04-14 21:03:34.397573;(8, (1932, 1711, 476, 2, 0, 0, 0, 0, 0, 0))
2018-04-14 21:03:34.432238;(25, (1342, 1234, 60, 9, 0, 0, 0, 0, 0, 0))
2018-04-14 21:03:34.488221;(26, (2705, 2258, 840, 13, 0, 0, 0, 0, 0, 0))
2018-04-14 21:03:34.526717;(15, (1765, 1324, 96, 0, 0, 0, 0, 0, 0, 0))
2018-04-14 21:03:34.572026;(23, (2699, 2453, 1088, 4, 0, 0, 0, 0, 0, 0))
2018-04-14 21:03:34.632569;(5, (1788, 1550, 140, 0, 0, 0, 0, 0, 0, 0))
2018-04-14 21:03:34.675621;(11, (2809, 2850, 1377, 5, 0, 0, 0, 0, 0, 0))
2018-04-14 21:03:34.734554;(24, (1370, 1316, 56, 4, 0, 0, 0, 0, 0, 0))
2018-04-14 21:03:34.800455;(16, (1333, 1211, 20, 2, 0, 0, 0, 0, 0, 0))
2018-04-14 21:03:34.822403;(7, (4807, 4629, 3092, 1, 0, 0, 0, 0, 0, 0))
2018-04-14 21:03:34.887832;(4, (1799, 1567, 261, 9, 0, 0, 0, 0, 0, 0))
2018-04-14 21:03:34.899698;(21, (2398, 2306, 999, 5, 0, 0, 0, 0, 0, 0))
2018-04-14 21:03:34.921952;(3, (2675, 2362, 1133, 1, 0, 0, 0, 0, 0, 0))
2018-04-14 21:03:34.997087;(18, (1417, 1458, 247, 6, 0, 0, 0, 0, 0, 0))
2018-04-14 21:03:35.007338;(12, (1871, 1723, 488, 1, 0, 0, 0, 0, 0, 0))
2018-04-14 21:03:35.021341;(10, (2699, 2642, 1203, 4, 0, 0, 0, 0, 0, 0))
2018-04-14 21:03:35.050000;(17, (1800, 1573, 323, 5, 0, 0, 0, 0, 0, 0))
2018-04-14 21:03:35.066299;(2, (2564, 2514, 1069, 2, 0, 0, 0, 0, 0, 0))
2018-04-14 21:04:34.127333;(20, (2173, 1825, 406, 3, 0, 0, 0, 0, 0, 0))
2018-04-14 21:04:34.151858;(13, (1795, 1553, 141, 3, 0, 0, 0, 0, 0, 0))
2018-04-14 21:04:34.192911;(14, (1702, 1595, 187, 9, 0, 0, 0, 0, 0, 0))
2018-04-14 21:04:34.225456;(19, (2395, 2341, 988, 3, 0, 0, 0, 0, 0, 0))
2018-04-14 21:04:34.239332;(6, (2875, 2566, 1077, 3, 0, 0, 0, 0, 0, 0))
2018-04-14 21:04:34.264090;(1, (7989, 6754, 6148, 3074, 0, 0, 0, 0, 0, 0))
2018-04-14 21:04:34.335671;(22, (2235, 1886, 426, 0, 0, 0, 0, 0, 0, 0))
2018-04-14 21:04:34.352886;(9, (1495, 1423, 78, 5, 0, 0, 0, 0, 0, 0))
2018-04-14 21:04:34.412271;(8, (2101, 1896, 496, 4, 0, 0, 0, 0, 0, 0))
2018-04-14 21:04:34.447256;(25, (1478, 1390, 63, 12, 0, 0, 0, 0, 0, 0))
2018-04-14 21:04:34.503086;(26, (3163, 2715, 1056, 16, 0, 0, 0, 0, 0, 0))
2018-04-14 21:04:34.542418;(15, (1929, 1485, 106, 1, 0, 0, 0, 0, 0, 0))
2018-04-14 21:04:34.588698;(23, (3158, 2941, 1363, 7, 0, 0, 0, 0, 0, 0))
2018-04-14 21:04:34.645250;(5, (1945, 1684, 169, 5, 0, 0, 0, 0, 0, 0))
2018-04-14 21:04:34.690402;(11, (3371, 3416, 1744, 8, 0, 0, 0, 0, 0, 0))
2018-04-14 21:04:34.747201;(24, (1475, 1419, 64, 8, 0, 0, 0, 0, 0, 0))
2018-04-14 21:04:34.814839;(16, (1422, 1310, 22, 2, 0, 0, 0, 0, 0, 0))
2018-04-14 21:04:34.838305;(7, (5585, 5418, 3692, 1, 0, 0, 0, 0, 0, 0))
2018-04-14 21:04:34.900171;(4, (1891, 1644, 262, 11, 0, 0, 0, 0, 0, 0))
2018-04-14 21:04:34.913300;(21, (2581, 2514, 1031, 5, 0, 0, 0, 0, 0, 0))
2018-04-14 21:04:34.935022;(3, (3281, 2949, 1621, 1, 0, 0, 0, 0, 0, 0))
2018-04-14 21:04:35.012717;(18, (1663, 1722, 335, 10, 0, 0, 0, 0, 0, 0))
2018-04-14 21:04:35.021920;(12, (2030, 1898, 511, 1, 0, 0, 0, 0, 0, 0))
2018-04-14 21:04:35.038410;(10, (3216, 3187, 1515, 8, 0, 0, 0, 0, 0, 0))
2018-04-14 21:04:35.065303;(17, (2229, 2015, 545, 8, 0, 0, 0, 0, 0, 0))
2018-04-14 21:04:35.078555;(2, (2644, 2585, 1082, 4, 0, 0, 0, 0, 0, 0))
2018-04-14 21:05:34.146968;(20, (2338, 1991, 412, 3, 0, 0, 0, 0, 0, 0))
2018-04-14 21:05:34.167019;(13, (1936, 1685, 214, 3, 0, 0, 0, 0, 0, 0))
2018-04-14 21:05:34.208120;(14, (1748, 1639, 188, 9, 0, 0, 0, 0, 0, 0))
2018-04-14 21:05:34.239653;(19, (2627, 2565, 1150, 3, 0, 0, 0, 0, 0, 0))
2018-04-14 21:05:34.253757;(6, (3133, 2796, 1256, 3, 0, 0, 0, 0, 0, 0))
2018-04-14 21:05:34.278573;(1, (8429, 7108, 6488, 3244, 0, 0, 0, 0, 0, 0))
2018-04-14 21:05:34.350511;(22, (2284, 1905, 426, 0, 0, 0, 0, 0, 0, 0))
2018-04-14 21:05:34.369137;(9, (1753, 1686, 93, 5, 0, 0, 0, 0, 0, 0))
2018-04-14 21:05:34.426214;(8, (2265, 2044, 603, 5, 0, 0, 0, 0, 0, 0))
2018-04-14 21:05:34.462597;(25, (1530, 1444, 63, 12, 0, 0, 0, 0, 0, 0))
2018-04-14 21:05:34.517092;(26, (3435, 2935, 1218, 16, 0, 0, 0, 0, 0, 0))
2018-04-14 21:05:34.556576;(15, (2110, 1652, 107, 1, 0, 0, 0, 0, 0, 0))
2018-04-14 21:05:34.602211;(23, (3411, 3168, 1541, 7, 0, 0, 0, 0, 0, 0))
2018-04-14 21:05:34.659964;(5, (2181, 1914, 173, 5, 0, 0, 0, 0, 0, 0))
2018-04-14 21:05:34.703541;(11, (3607, 3635, 1906, 8, 0, 0, 0, 0, 0, 0))
2018-04-14 21:05:34.764215;(24, (1640, 1581, 95, 9, 0, 0, 0, 0, 0, 0))
2018-04-14 21:05:34.831165;(16, (1549, 1435, 30, 2, 0, 0, 0, 0, 0, 0))
2018-04-14 21:05:34.854798;(7, (5859, 5674, 3871, 1, 0, 0, 0, 0, 0, 0))
2018-04-14 21:05:34.917258;(4, (2134, 1889, 273, 11, 0, 0, 0, 0, 0, 0))
2018-04-14 21:05:34.926433;(21, (2816, 2734, 1184, 5, 0, 0, 0, 0, 0, 0))
2018-04-14 21:05:34.949805;(3, (3495, 3137, 1782, 1, 0, 0, 0, 0, 0, 0))
2018-04-14 21:05:35.027170;(18, (1694, 1751, 335, 10, 0, 0, 0, 0, 0, 0))
2018-04-14 21:05:35.035143;(12, (2100, 1959, 529, 1, 0, 0, 0, 0, 0, 0))
2018-04-14 21:05:35.054011;(10, (3448, 3407, 1675, 8, 0, 0, 0, 0, 0, 0))
2018-04-14 21:05:35.079184;(17, (2485, 2245, 722, 8, 0, 0, 0, 0, 0, 0))
2018-04-14 21:05:35.092196;(2, (2696, 2616, 1087, 4, 0, 0, 0, 0, 0, 0))
2018-04-14 21:06:34.163791;(20, (2367, 2008, 412, 3, 0, 0, 0, 0, 0, 0))
2018-04-14 21:06:34.186235;(13, (1968, 1703, 214, 3, 0, 0, 0, 0, 0, 0))
2018-04-14 21:06:34.224879;(14, (1773, 1658, 188, 9, 0, 0, 0, 0, 0, 0))
2018-04-14 21:06:34.257403;(19, (2656, 2588, 1150, 3, 0, 0, 0, 0, 0, 0))
2018-04-14 21:06:34.270342;(6, (3166, 2815, 1256, 3, 0, 0, 0, 0, 0, 0))
2018-04-14 21:06:34.295655;(1, (8463, 7122, 6488, 3244, 0, 0, 0, 0, 0, 0))
2018-04-14 21:06:34.366428;(22, (2312, 1920, 426, 0, 0, 0, 0, 0, 0, 0))
2018-04-14 21:06:34.385868;(9, (1780, 1704, 93, 5, 0, 0, 0, 0, 0, 0))
2018-04-14 21:06:34.445929;(8, (2290, 2061, 603, 5, 0, 0, 0, 0, 0, 0))
2018-04-14 21:06:34.478321;(25, (1555, 1464, 63, 12, 0, 0, 0, 0, 0, 0))
2018-04-14 21:06:34.532729;(26, (3481, 2956, 1218, 16, 0, 0, 0, 0, 0, 0))
2018-04-14 21:06:34.572265;(15, (2143, 1673, 107, 1, 0, 0, 0, 0, 0, 0))
2018-04-14 21:06:34.617905;(23, (3442, 3187, 1541, 7, 0, 0, 0, 0, 0, 0))
2018-04-14 21:06:34.675950;(5, (2215, 1934, 173, 5, 0, 0, 0, 0, 0, 0))
2018-04-14 21:06:34.719451;(11, (3634, 3658, 1906, 8, 0, 0, 0, 0, 0, 0))
2018-04-14 21:06:34.782727;(24, (1666, 1604, 95, 9, 0, 0, 0, 0, 0, 0))
2018-04-14 21:06:34.847914;(16, (1576, 1452, 30, 2, 0, 0, 0, 0, 0, 0))
2018-04-14 21:06:34.871066;(7, (5892, 5701, 3871, 1, 0, 0, 0, 0, 0, 0))
2018-04-14 21:06:34.936057;(4, (2168, 1906, 273, 11, 0, 0, 0, 0, 0, 0))
2018-04-14 21:06:34.943857;(21, (2845, 2759, 1184, 5, 0, 0, 0, 0, 0, 0))
2018-04-14 21:06:34.966421;(3, (3523, 3151, 1782, 1, 0, 0, 0, 0, 0, 0))
2018-04-14 21:06:35.045452;(18, (1713, 1767, 335, 10, 0, 0, 0, 0, 0, 0))
2018-04-14 21:06:35.052552;(12, (2126, 1979, 529, 1, 0, 0, 0, 0, 0, 0))
2018-04-14 21:06:35.070059;(10, (3476, 3430, 1675, 8, 0, 0, 0, 0, 0, 0))
2018-04-14 21:06:35.095850;(17, (2515, 2264, 722, 8, 0, 0, 0, 0, 0, 0))
2018-04-14 21:06:35.109197;(2, (2719, 2631, 1087, 4, 0, 0, 0, 0, 0, 0))
2018-04-14 21:07:34.182407;(20, (2391, 2024, 412, 3, 0, 0, 0, 0, 0, 0))
2018-04-14 21:07:34.203641;(13, (1991, 1720, 214, 3, 0, 0, 0, 0, 0, 0))
2018-04-14 21:07:34.244242;(14, (1791, 1673, 188, 9, 0, 0, 0, 0, 0, 0))
2018-04-14 21:07:34.274950;(19, (2675, 2604, 1150, 3, 0, 0, 0, 0, 0, 0))
2018-04-14 21:07:34.286342;(6, (3196, 2837, 1256, 3, 0, 0, 0, 0, 0, 0))
2018-04-14 21:07:34.312215;(1, (8489, 7136, 6488, 3244, 0, 0, 0, 0, 0, 0))
2018-04-14 21:07:34.402194;(9, (1802, 1720, 93, 5, 0, 0, 0, 0, 0, 0))
2018-04-14 21:07:34.462103;(8, (2314, 2081, 603, 5, 0, 0, 0, 0, 0, 0))
2018-04-14 21:07:34.494365;(25, (1572, 1479, 63, 12, 0, 0, 0, 0, 0, 0))
2018-04-14 21:07:34.548547;(26, (3503, 2971, 1218, 16, 0, 0, 0, 0, 0, 0))
2018-04-14 21:07:34.587903;(15, (2166, 1693, 107, 1, 0, 0, 0, 0, 0, 0))
2018-04-14 21:07:34.634020;(23, (3471, 3208, 1541, 7, 0, 0, 0, 0, 0, 0))
2018-04-14 21:07:34.691546;(5, (2238, 1949, 173, 5, 0, 0, 0, 0, 0, 0))
2018-04-14 21:07:34.735131;(11, (3653, 3674, 1906, 8, 0, 0, 0, 0, 0, 0))
2018-04-14 21:07:34.864127;(16, (1598, 1470, 30, 2, 0, 0, 0, 0, 0, 0))
2018-04-14 21:07:34.888031;(7, (5918, 5725, 3871, 1, 0, 0, 0, 0, 0, 0))
2018-04-14 21:07:34.952729;(4, (2187, 1921, 273, 11, 0, 0, 0, 0, 0, 0))
2018-04-14 21:07:34.983065;(3, (3545, 3165, 1782, 1, 0, 0, 0, 0, 0, 0))
2018-04-14 21:07:35.062117;(18, (1729, 1783, 335, 10, 0, 0, 0, 0, 0, 0))
2018-04-14 21:07:35.069329;(12, (2151, 2001, 529, 1, 0, 0, 0, 0, 0, 0))
2018-04-14 21:07:35.086602;(10, (3494, 3447, 1675, 8, 0, 0, 0, 0, 0, 0))
2018-04-14 21:07:35.112762;(17, (2545, 2286, 722, 8, 0, 0, 0, 0, 0, 0))
2018-04-14 21:07:35.384349;(22, (2336, 1934, 426, 0, 0, 0, 0, 0, 0, 0))
2018-04-14 21:07:35.799071;(24, (1683, 1619, 95, 9, 0, 0, 0, 0, 0, 0))
2018-04-14 21:07:35.961929;(21, (2865, 2776, 1184, 5, 0, 0, 0, 0, 0, 0))
2018-04-14 21:07:36.126031;(2, (2737, 2646, 1087, 4, 0, 0, 0, 0, 0, 0))
2018-04-14 21:08:35.200020;(20, (2410, 2038, 412, 3, 0, 0, 0, 0, 0, 0))
2018-04-14 21:08:35.221007;(13, (2008, 1734, 214, 3, 0, 0, 0, 0, 0, 0))
2018-04-14 21:08:35.261412;(14, (1808, 1688, 188, 9, 0, 0, 0, 0, 0, 0))
2018-04-14 21:08:35.294778;(19, (2697, 2626, 1150, 3, 0, 0, 0, 0, 0, 0))
2018-04-14 21:08:35.305798;(6, (3214, 2852, 1256, 3, 0, 0, 0, 0, 0, 0))
2018-04-14 21:08:35.330019;(1, (8513, 7150, 6488, 3244, 0, 0, 0, 0, 0, 0))
2018-04-14 21:08:35.400931;(22, (2353, 1949, 426, 0, 0, 0, 0, 0, 0, 0))
2018-04-14 21:08:35.418604;(9, (1820, 1734, 93, 5, 0, 0, 0, 0, 0, 0))
2018-04-14 21:08:35.479996;(8, (2333, 2095, 603, 5, 0, 0, 0, 0, 0, 0))
2018-04-14 21:08:35.510183;(25, (1590, 1497, 63, 12, 0, 0, 0, 0, 0, 0))
2018-04-14 21:08:35.564085;(26, (3528, 2993, 1218, 16, 0, 0, 0, 0, 0, 0))
2018-04-14 21:08:35.603616;(15, (2184, 1708, 107, 1, 0, 0, 0, 0, 0, 0))
2018-04-14 21:08:35.650370;(23, (3489, 3223, 1541, 7, 0, 0, 0, 0, 0, 0))
2018-04-14 21:08:35.707349;(5, (2259, 1965, 173, 5, 0, 0, 0, 0, 0, 0))
2018-04-14 21:08:35.751138;(11, (3675, 3696, 1906, 8, 0, 0, 0, 0, 0, 0))
2018-04-14 21:08:35.814894;(24, (1701, 1637, 95, 9, 0, 0, 0, 0, 0, 0))
2018-04-14 21:08:35.880351;(16, (1614, 1484, 30, 2, 0, 0, 0, 0, 0, 0))
2018-04-14 21:08:35.904074;(7, (5940, 5746, 3871, 1, 0, 0, 0, 0, 0, 0))
2018-04-14 21:08:35.970533;(4, (2206, 1938, 273, 11, 0, 0, 0, 0, 0, 0))
2018-04-14 21:08:35.978083;(21, (2890, 2797, 1184, 5, 0, 0, 0, 0, 0, 0))
2018-04-14 21:08:35.999515;(3, (3562, 3179, 1782, 1, 0, 0, 0, 0, 0, 0))
2018-04-14 21:08:36.080578;(18, (1744, 1797, 335, 10, 0, 0, 0, 0, 0, 0))
2018-04-14 21:08:36.086883;(12, (2168, 2015, 529, 1, 0, 0, 0, 0, 0, 0))
2018-04-14 21:08:36.103359;(10, (3517, 3468, 1675, 8, 0, 0, 0, 0, 0, 0))
2018-04-14 21:08:36.131481;(17, (2561, 2301, 722, 8, 0, 0, 0, 0, 0, 0))
2018-04-14 21:08:36.142912;(2, (2754, 2660, 1087, 4, 0, 0, 0, 0, 0, 0))
2018-04-14 21:09:35.217237;(20, (2428, 2052, 412, 3, 0, 0, 0, 0, 0, 0))
2018-04-14 21:09:35.238993;(13, (2024, 1749, 214, 3, 0, 0, 0, 0, 0, 0))
2018-04-14 21:09:35.278096;(14, (1824, 1703, 188, 9, 0, 0, 0, 0, 0, 0))
2018-04-14 21:09:35.312725;(19, (2713, 2640, 1150, 3, 0, 0, 0, 0, 0, 0))
2018-04-14 21:09:35.325194;(6, (3232, 2866, 1256, 3, 0, 0, 0, 0, 0, 0))
2018-04-14 21:09:35.348795;(1, (8529, 7164, 6488, 3244, 0, 0, 0, 0, 0, 0))
2018-04-14 21:09:35.417740;(22, (2371, 1963, 426, 0, 0, 0, 0, 0, 0, 0))
2018-04-14 21:09:35.435990;(9, (1836, 1749, 93, 5, 0, 0, 0, 0, 0, 0))
2018-04-14 21:09:35.495369;(8, (2349, 2110, 603, 5, 0, 0, 0, 0, 0, 0))
2018-04-14 21:09:35.526006;(25, (1607, 1513, 63, 12, 0, 0, 0, 0, 0, 0))
2018-04-14 21:09:35.579640;(26, (3550, 3007, 1218, 16, 0, 0, 0, 0, 0, 0))
2018-04-14 21:09:35.619383;(15, (2201, 1723, 107, 1, 0, 0, 0, 0, 0, 0))
2018-04-14 21:09:35.666539;(23, (3506, 3237, 1541, 7, 0, 0, 0, 0, 0, 0))
2018-04-14 21:09:35.722907;(5, (2282, 1980, 173, 5, 0, 0, 0, 0, 0, 0))
2018-04-14 21:09:35.766835;(11, (3691, 3710, 1906, 8, 0, 0, 0, 0, 0, 0))
2018-04-14 21:09:35.832398;(24, (1719, 1653, 95, 9, 0, 0, 0, 0, 0, 0))
2018-04-14 21:09:35.898843;(16, (1630, 1499, 30, 2, 0, 0, 0, 0, 0, 0))
2018-04-14 21:09:35.922237;(7, (5957, 5762, 3871, 1, 0, 0, 0, 0, 0, 0))
2018-04-14 21:09:35.987156;(4, (2227, 1952, 273, 11, 0, 0, 0, 0, 0, 0))
2018-04-14 21:09:35.994445;(21, (2907, 2812, 1184, 5, 0, 0, 0, 0, 0, 0))
2018-04-14 21:09:36.016002;(3, (3580, 3193, 1782, 1, 0, 0, 0, 0, 0, 0))
2018-04-14 21:09:36.096670;(18, (1760, 1812, 335, 10, 0, 0, 0, 0, 0, 0))
2018-04-14 21:09:36.103259;(12, (2185, 2030, 529, 1, 0, 0, 0, 0, 0, 0))
2018-04-14 21:09:36.120834;(10, (3533, 3483, 1675, 8, 0, 0, 0, 0, 0, 0))
2018-04-14 21:09:36.148722;(17, (2578, 2315, 722, 8, 0, 0, 0, 0, 0, 0))
2018-04-14 21:09:36.160155;(2, (2771, 2675, 1087, 4, 0, 0, 0, 0, 0, 0))
2018-04-14 21:10:35.233148;(20, (2443, 2067, 412, 3, 0, 0, 0, 0, 0, 0))
2018-04-14 21:10:35.254091;(13, (2040, 1763, 214, 3, 0, 0, 0, 0, 0, 0))
2018-04-14 21:10:35.293499;(14, (1840, 1717, 188, 9, 0, 0, 0, 0, 0, 0))
2018-04-14 21:10:35.329904;(19, (2728, 2654, 1150, 3, 0, 0, 0, 0, 0, 0))
2018-04-14 21:10:35.343223;(6, (3248, 2880, 1256, 3, 0, 0, 0, 0, 0, 0))
2018-04-14 21:10:35.364813;(1, (8544, 7178, 6488, 3244, 0, 0, 0, 0, 0, 0))
2018-04-14 21:10:35.433651;(22, (2387, 1977, 426, 0, 0, 0, 0, 0, 0, 0))
2018-04-14 21:10:35.451663;(9, (1852, 1763, 93, 5, 0, 0, 0, 0, 0, 0))
2018-04-14 21:10:35.510926;(8, (2365, 2124, 603, 5, 0, 0, 0, 0, 0, 0))
2018-04-14 21:10:35.541635;(25, (1622, 1528, 63, 12, 0, 0, 0, 0, 0, 0))
2018-04-14 21:10:35.594967;(26, (3567, 3021, 1218, 16, 0, 0, 0, 0, 0, 0))
2018-04-14 21:10:35.634625;(15, (2217, 1738, 107, 1, 0, 0, 0, 0, 0, 0))
2018-04-14 21:10:35.683318;(23, (3521, 3251, 1541, 7, 0, 0, 0, 0, 0, 0))
2018-04-14 21:10:35.737691;(5, (2299, 1994, 173, 5, 0, 0, 0, 0, 0, 0))
2018-04-14 21:10:35.781914;(11, (3706, 3724, 1906, 8, 0, 0, 0, 0, 0, 0))
2018-04-14 21:10:35.848022;(24, (1734, 1668, 95, 9, 0, 0, 0, 0, 0, 0))
2018-04-14 21:10:35.913964;(16, (1646, 1513, 30, 2, 0, 0, 0, 0, 0, 0))
2018-04-14 21:10:35.937739;(7, (5971, 5776, 3871, 1, 0, 0, 0, 0, 0, 0))
2018-04-14 21:10:36.002724;(4, (2244, 1966, 273, 11, 0, 0, 0, 0, 0, 0))
2018-04-14 21:10:36.010188;(21, (2921, 2826, 1184, 5, 0, 0, 0, 0, 0, 0))
2018-04-14 21:10:36.031567;(3, (3595, 3207, 1782, 1, 0, 0, 0, 0, 0, 0))
2018-04-14 21:10:36.111723;(18, (1774, 1826, 335, 10, 0, 0, 0, 0, 0, 0))
2018-04-14 21:10:36.118411;(12, (2199, 2044, 529, 1, 0, 0, 0, 0, 0, 0))
2018-04-14 21:10:36.135897;(10, (3547, 3497, 1675, 8, 0, 0, 0, 0, 0, 0))
2018-04-14 21:10:36.165025;(17, (2594, 2329, 722, 8, 0, 0, 0, 0, 0, 0))
2018-04-14 21:10:36.175440;(2, (2785, 2689, 1087, 4, 0, 0, 0, 0, 0, 0))
2018-04-14 21:11:35.248758;(20, (2458, 2081, 412, 3, 0, 0, 0, 0, 0, 0))
2018-04-14 21:11:35.269427;(13, (2055, 1777, 214, 3, 0, 0, 0, 0, 0, 0))
2018-04-14 21:11:35.309057;(14, (1854, 1731, 188, 9, 0, 0, 0, 0, 0, 0))
2018-04-14 21:11:35.346528;(19, (2742, 2668, 1150, 3, 0, 0, 0, 0, 0, 0))
2018-04-14 21:11:35.359471;(6, (3263, 2894, 1256, 3, 0, 0, 0, 0, 0, 0))
2018-04-14 21:11:35.382003;(1, (8559, 7192, 6488, 3244, 0, 0, 0, 0, 0, 0))
2018-04-14 21:11:35.451715;(22, (2401, 1992, 426, 0, 0, 0, 0, 0, 0, 0))
2018-04-14 21:11:35.468615;(9, (1866, 1777, 93, 5, 0, 0, 0, 0, 0, 0))
2018-04-14 21:11:35.526896;(8, (2380, 2138, 603, 5, 0, 0, 0, 0, 0, 0))
2018-04-14 21:11:35.557291;(25, (1636, 1542, 63, 12, 0, 0, 0, 0, 0, 0))
2018-04-14 21:11:35.611205;(26, (3581, 3035, 1218, 16, 0, 0, 0, 0, 0, 0))
2018-04-14 21:11:35.649723;(15, (2232, 1752, 107, 1, 0, 0, 0, 0, 0, 0))
2018-04-14 21:11:35.699920;(23, (3536, 3265, 1541, 7, 0, 0, 0, 0, 0, 0))
2018-04-14 21:11:35.752690;(5, (2313, 2008, 173, 5, 0, 0, 0, 0, 0, 0))
2018-04-14 21:11:35.797287;(11, (3720, 3738, 1906, 8, 0, 0, 0, 0, 0, 0))
2018-04-14 21:11:35.864569;(24, (1748, 1682, 95, 9, 0, 0, 0, 0, 0, 0))
2018-04-14 21:11:35.929935;(16, (1661, 1527, 30, 2, 0, 0, 0, 0, 0, 0))
2018-04-14 21:11:35.953764;(7, (5985, 5790, 3871, 1, 0, 0, 0, 0, 0, 0))
2018-04-14 21:11:36.018645;(4, (2258, 1980, 273, 11, 0, 0, 0, 0, 0, 0))
2018-04-14 21:11:36.026052;(21, (2936, 2840, 1184, 5, 0, 0, 0, 0, 0, 0))
2018-04-14 21:11:36.047315;(3, (3610, 3221, 1782, 1, 0, 0, 0, 0, 0, 0))
2018-04-14 21:11:36.126963;(18, (1788, 1840, 335, 10, 0, 0, 0, 0, 0, 0))
2018-04-14 21:11:36.134010;(12, (2213, 2058, 529, 1, 0, 0, 0, 0, 0, 0))
2018-04-14 21:11:36.151669;(10, (3561, 3511, 1675, 8, 0, 0, 0, 0, 0, 0))
2018-04-14 21:11:36.181933;(17, (2608, 2343, 722, 8, 0, 0, 0, 0, 0, 0))
2018-04-14 21:11:36.191854;(2, (2800, 2703, 1087, 4, 0, 0, 0, 0, 0, 0))
2018-04-14 21:12:35.265308;(20, (2475, 2096, 412, 3, 0, 0, 0, 0, 0, 0))
2018-04-14 21:12:35.284812;(13, (2071, 1792, 214, 3, 0, 0, 0, 0, 0, 0))
2018-04-14 21:12:35.325348;(14, (1873, 1745, 188, 9, 0, 0, 0, 0, 0, 0))
2018-04-14 21:12:35.364345;(19, (2760, 2685, 1150, 3, 0, 0, 0, 0, 0, 0))
2018-04-14 21:12:35.376918;(6, (3278, 2909, 1256, 3, 0, 0, 0, 0, 0, 0))
2018-04-14 21:12:35.399415;(1, (8577, 7206, 6488, 3244, 0, 0, 0, 0, 0, 0))
2018-04-14 21:12:35.469345;(22, (2418, 2006, 426, 0, 0, 0, 0, 0, 0, 0))
2018-04-14 21:12:35.486550;(9, (1883, 1791, 93, 5, 0, 0, 0, 0, 0, 0))
2018-04-14 21:12:35.543349;(8, (2397, 2152, 603, 5, 0, 0, 0, 0, 0, 0))
2018-04-14 21:12:35.574218;(25, (1654, 1557, 63, 12, 0, 0, 0, 0, 0, 0))
2018-04-14 21:12:35.628695;(26, (3605, 3051, 1218, 16, 0, 0, 0, 0, 0, 0))
2018-04-14 21:12:35.665264;(15, (2250, 1766, 107, 1, 0, 0, 0, 0, 0, 0))
2018-04-14 21:12:35.715881;(23, (3552, 3279, 1541, 7, 0, 0, 0, 0, 0, 0))
2018-04-14 21:12:35.768064;(5, (2332, 2022, 173, 5, 0, 0, 0, 0, 0, 0))
2018-04-14 21:12:35.813616;(11, (3738, 3755, 1906, 8, 0, 0, 0, 0, 0, 0))
2018-04-14 21:12:35.880595;(24, (1764, 1701, 95, 9, 0, 0, 0, 0, 0, 0))
2018-04-14 21:12:35.945245;(16, (1678, 1541, 30, 2, 0, 0, 0, 0, 0, 0))
2018-04-14 21:12:35.970401;(7, (6002, 5807, 3871, 1, 0, 0, 0, 0, 0, 0))
2018-04-14 21:12:36.034319;(4, (2277, 1996, 273, 11, 0, 0, 0, 0, 0, 0))
2018-04-14 21:12:36.042794;(21, (2955, 2856, 1184, 5, 0, 0, 0, 0, 0, 0))
2018-04-14 21:12:36.063144;(3, (3626, 3235, 1782, 1, 0, 0, 0, 0, 0, 0))
2018-04-14 21:12:36.142319;(18, (1803, 1855, 335, 10, 0, 0, 0, 0, 0, 0))
2018-04-14 21:12:36.150106;(12, (2231, 2072, 529, 1, 0, 0, 0, 0, 0, 0))
2018-04-14 21:12:36.167270;(10, (3579, 3528, 1675, 8, 0, 0, 0, 0, 0, 0))
2018-04-14 21:12:36.201694;(17, (2625, 2358, 722, 8, 0, 0, 0, 0, 0, 0))
2018-04-14 21:12:36.207497;(2, (2817, 2717, 1087, 4, 0, 0, 0, 0, 0, 0))
2018-04-14 21:13:35.281393;(20, (2492, 2110, 412, 3, 0, 0, 0, 0, 0, 0))
2018-04-14 21:13:35.300219;(13, (2087, 1806, 214, 3, 0, 0, 0, 0, 0, 0))
2018-04-14 21:13:35.341146;(14, (1889, 1760, 188, 9, 0, 0, 0, 0, 0, 0))
2018-04-14 21:13:35.381007;(19, (2780, 2706, 1154, 3, 0, 0, 0, 0, 0, 0))
2018-04-14 21:13:35.393224;(6, (3296, 2923, 1256, 3, 0, 0, 0, 0, 0, 0))
2018-04-14 21:13:35.417864;(1, (8683, 7310, 6578, 3289, 0, 0, 0, 0, 0, 0))
2018-04-14 21:13:35.485902;(22, (2436, 2020, 426, 0, 0, 0, 0, 0, 0, 0))
2018-04-14 21:13:35.504085;(9, (1899, 1806, 93, 5, 0, 0, 0, 0, 0, 0))
2018-04-14 21:13:35.560090;(8, (2413, 2167, 603, 5, 0, 0, 0, 0, 0, 0))
2018-04-14 21:13:35.590245;(25, (1670, 1571, 63, 12, 0, 0, 0, 0, 0, 0))
2018-04-14 21:13:35.644171;(26, (3627, 3069, 1221, 16, 0, 0, 0, 0, 0, 0))
2018-04-14 21:13:35.680849;(15, (2269, 1780, 107, 1, 0, 0, 0, 0, 0, 0))
2018-04-14 21:13:35.731938;(23, (3567, 3294, 1541, 7, 0, 0, 0, 0, 0, 0))
2018-04-14 21:13:35.784011;(5, (2348, 2039, 173, 5, 0, 0, 0, 0, 0, 0))
2018-04-14 21:13:35.831875;(11, (3758, 3774, 1909, 8, 0, 0, 0, 0, 0, 0))
2018-04-14 21:13:35.895735;(24, (1780, 1716, 95, 9, 0, 0, 0, 0, 0, 0))
2018-04-14 21:13:35.960502;(16, (1694, 1556, 30, 2, 0, 0, 0, 0, 0, 0))
2018-04-14 21:13:35.985885;(7, (6069, 5875, 3921, 1, 0, 0, 0, 0, 0, 0))
2018-04-14 21:13:36.049927;(4, (2295, 2015, 273, 11, 0, 0, 0, 0, 0, 0))
2018-04-14 21:13:36.059477;(21, (2984, 2882, 1191, 5, 0, 0, 0, 0, 0, 0))
2018-04-14 21:13:36.080026;(3, (3701, 3331, 1782, 1, 0, 0, 0, 0, 0, 0))
2018-04-14 21:13:36.157587;(18, (1818, 1869, 335, 10, 0, 0, 0, 0, 0, 0))
2018-04-14 21:13:36.165680;(12, (2251, 2091, 531, 1, 0, 0, 0, 0, 0, 0))
2018-04-14 21:13:36.182701;(10, (3598, 3546, 1678, 8, 0, 0, 0, 0, 0, 0))
2018-04-14 21:13:36.221954;(17, (2641, 2372, 722, 8, 0, 0, 0, 0, 0, 0))
2018-04-14 21:13:36.224155;(2, (2902, 2829, 1087, 4, 0, 0, 0, 0, 0, 0))
2018-04-14 21:14:35.298176;(20, (2606, 2179, 418, 3, 0, 0, 0, 0, 0, 0))
2018-04-14 21:14:35.316631;(13, (2204, 1907, 253, 12, 0, 0, 0, 0, 0, 0))
2018-04-14 21:14:35.357196;(14, (1991, 1853, 195, 11, 0, 0, 0, 0, 0, 0))
2018-04-14 21:14:35.396851;(19, (2940, 2839, 1193, 4, 0, 0, 0, 0, 0, 0))
2018-04-14 21:14:35.412771;(6, (3632, 3250, 1372, 3, 0, 0, 0, 0, 0, 0))
2018-04-14 21:14:35.434257;(1, (9163, 7725, 6978, 3489, 0, 0, 0, 0, 0, 0))
2018-04-14 21:14:35.502933;(22, (2613, 2144, 468, 2, 0, 0, 0, 0, 0, 0))
2018-04-14 21:14:35.520290;(9, (2093, 1967, 170, 9, 0, 0, 0, 0, 0, 0))
2018-04-14 21:14:35.576975;(8, (2557, 2267, 614, 6, 0, 0, 0, 0, 0, 0))
2018-04-14 21:14:35.605355;(25, (1756, 1643, 72, 19, 0, 0, 0, 0, 0, 0))
2018-04-14 21:14:35.658712;(26, (3974, 3368, 1396, 25, 0, 0, 0, 0, 0, 0))
2018-04-14 21:14:35.695179;(15, (2414, 1869, 143, 8, 0, 0, 0, 0, 0, 0))
2018-04-14 21:14:35.747830;(23, (3802, 3537, 1647, 9, 0, 0, 0, 0, 0, 0))
2018-04-14 21:14:35.799161;(5, (2509, 2151, 215, 6, 0, 0, 0, 0, 0, 0))
2018-04-14 21:14:35.848067;(11, (3884, 3888, 1947, 12, 0, 0, 0, 0, 0, 0))
2018-04-14 21:14:35.909905;(24, (1895, 1811, 101, 12, 0, 0, 0, 0, 0, 0))
2018-04-14 21:14:35.974906;(16, (1769, 1615, 33, 4, 0, 0, 0, 0, 0, 0))
2018-04-14 21:14:36.000511;(7, (7006, 6799, 4113, 1, 0, 0, 0, 0, 0, 0))
2018-04-14 21:14:36.064437;(4, (2423, 2117, 288, 11, 0, 0, 0, 0, 0, 0))
2018-04-14 21:14:36.076445;(21, (3868, 3765, 1227, 8, 0, 0, 0, 0, 0, 0))
2018-04-14 21:14:36.095684;(3, (4655, 4248, 1953, 2, 0, 0, 0, 0, 0, 0))
2018-04-14 21:14:36.172387;(18, (2000, 2058, 459, 15, 0, 0, 0, 0, 0, 0))
2018-04-14 21:14:36.182263;(12, (2620, 2481, 606, 4, 0, 0, 0, 0, 0, 0))
2018-04-14 21:14:36.199443;(10, (3736, 3684, 1693, 12, 0, 0, 0, 0, 0, 0))
2018-04-14 21:14:36.240500;(17, (2879, 2611, 757, 9, 0, 0, 0, 0, 0, 0))
2018-04-14 21:14:36.244374;(2, (3056, 2946, 1128, 4, 0, 0, 0, 0, 0, 0))
2018-04-14 21:15:35.315665;(20, (2715, 2246, 427, 11, 0, 0, 0, 0, 0, 0))
2018-04-14 21:15:35.334717;(13, (2274, 1937, 253, 21, 0, 0, 0, 0, 0, 0))
2018-04-14 21:15:35.374577;(14, (2109, 1949, 197, 17, 0, 0, 0, 0, 0, 0))
2018-04-14 21:15:35.414047;(19, (2980, 2874, 1193, 10, 0, 0, 0, 0, 0, 0))
2018-04-14 21:15:35.430221;(6, (3719, 3281, 1373, 3, 0, 0, 0, 0, 0, 0))
2018-04-14 21:15:35.451664;(1, (9211, 7739, 6978, 3489, 0, 0, 0, 0, 0, 0))
2018-04-14 21:15:35.520730;(22, (2714, 2205, 472, 7, 0, 0, 0, 0, 0, 0))
2018-04-14 21:15:35.538024;(9, (2250, 2094, 177, 17, 0, 0, 0, 0, 0, 0))
2018-04-14 21:15:35.593483;(8, (2661, 2337, 619, 8, 0, 0, 0, 0, 0, 0))
2018-04-14 21:15:35.621564;(25, (1819, 1684, 74, 25, 0, 0, 0, 0, 0, 0))
2018-04-14 21:15:35.676297;(26, (4123, 3467, 1400, 30, 0, 0, 0, 0, 0, 0))
2018-04-14 21:15:35.712512;(15, (2603, 2003, 151, 13, 0, 0, 0, 0, 0, 0))
2018-04-14 21:15:35.765401;(23, (3961, 3675, 1649, 15, 0, 0, 0, 0, 0, 0))
2018-04-14 21:15:35.815393;(5, (2593, 2204, 219, 10, 0, 0, 0, 0, 0, 0))
2018-04-14 21:15:35.864251;(11, (3934, 3929, 1950, 17, 0, 0, 0, 0, 0, 0))
2018-04-14 21:15:35.925948;(24, (2008, 1905, 106, 20, 0, 0, 0, 0, 0, 0))
2018-04-14 21:15:35.991250;(16, (1842, 1664, 34, 10, 0, 0, 0, 0, 0, 0))
2018-04-14 21:15:36.016301;(7, (7046, 6823, 4113, 1, 0, 0, 0, 0, 0, 0))
2018-04-14 21:15:36.081066;(4, (2551, 2233, 293, 18, 0, 0, 0, 0, 0, 0))
2018-04-14 21:15:36.092810;(21, (3940, 3799, 1229, 8, 0, 0, 0, 0, 0, 0))
2018-04-14 21:15:36.111778;(3, (4715, 4271, 1953, 2, 0, 0, 0, 0, 0, 0))
2018-04-14 21:15:36.189169;(18, (2040, 2097, 459, 20, 0, 0, 0, 0, 0, 0))
2018-04-14 21:15:36.200059;(12, (2673, 2496, 606, 4, 0, 0, 0, 0, 0, 0))
2018-04-14 21:15:36.216527;(10, (3799, 3729, 1698, 18, 0, 0, 0, 0, 0, 0))
2018-04-14 21:15:36.260652;(2, (3115, 2977, 1130, 4, 0, 0, 0, 0, 0, 0))
2018-04-14 21:15:36.261130;(17, (2958, 2654, 760, 9, 0, 0, 0, 0, 0, 0))
2018-04-14 21:16:35.333005;(20, (2744, 2276, 427, 20, 0, 0, 0, 0, 0, 0))
2018-04-14 21:16:35.351661;(13, (2297, 1960, 253, 27, 0, 0, 0, 0, 0, 0))
2018-04-14 21:16:35.392012;(14, (2131, 1975, 197, 25, 0, 0, 0, 0, 0, 0))
2018-04-14 21:16:35.431264;(19, (3004, 2904, 1193, 19, 0, 0, 0, 0, 0, 0))
2018-04-14 21:16:35.447444;(6, (3745, 3296, 1373, 3, 0, 0, 0, 0, 0, 0))
2018-04-14 21:16:35.468886;(1, (9231, 7753, 6978, 3489, 0, 0, 0, 0, 0, 0))
2018-04-14 21:16:35.538336;(22, (2739, 2229, 472, 13, 0, 0, 0, 0, 0, 0))
2018-04-14 21:16:35.556804;(9, (2275, 2125, 177, 27, 0, 0, 0, 0, 0, 0))
2018-04-14 21:16:35.612388;(8, (2687, 2367, 619, 17, 0, 0, 0, 0, 0, 0))
2018-04-14 21:16:35.638472;(25, (1843, 1714, 74, 34, 0, 0, 0, 0, 0, 0))
2018-04-14 21:16:35.693699;(26, (4150, 3498, 1400, 39, 0, 0, 0, 0, 0, 0))
2018-04-14 21:16:35.729276;(15, (2630, 2028, 151, 20, 0, 0, 0, 0, 0, 0))
2018-04-14 21:16:35.782144;(23, (3987, 3705, 1649, 24, 0, 0, 0, 0, 0, 0))
2018-04-14 21:16:35.834263;(5, (2618, 2230, 219, 18, 0, 0, 0, 0, 0, 0))
2018-04-14 21:16:35.880295;(11, (3956, 3961, 1950, 27, 0, 0, 0, 0, 0, 0))
2018-04-14 21:16:35.941952;(24, (2032, 1935, 106, 29, 0, 0, 0, 0, 0, 0))
2018-04-14 21:16:36.006997;(16, (1864, 1690, 34, 18, 0, 0, 0, 0, 0, 0))
2018-04-14 21:16:36.032715;(7, (7066, 6838, 4113, 1, 0, 0, 0, 0, 0, 0))
2018-04-14 21:16:36.097466;(4, (2575, 2257, 293, 24, 0, 0, 0, 0, 0, 0))
2018-04-14 21:16:36.109369;(21, (3961, 3815, 1229, 8, 0, 0, 0, 0, 0, 0))
2018-04-14 21:16:36.128720;(3, (4737, 4286, 1953, 2, 0, 0, 0, 0, 0, 0))
2018-04-14 21:16:36.205207;(18, (2060, 2123, 459, 27, 0, 0, 0, 0, 0, 0))
2018-04-14 21:16:36.215787;(12, (2696, 2511, 606, 4, 0, 0, 0, 0, 0, 0))
2018-04-14 21:16:36.233987;(10, (3824, 3759, 1698, 27, 0, 0, 0, 0, 0, 0))
2018-04-14 21:16:36.276573;(2, (3137, 2992, 1130, 4, 0, 0, 0, 0, 0, 0))
2018-04-14 21:16:36.281977;(17, (2979, 2669, 760, 9, 0, 0, 0, 0, 0, 0))
