2018-04-17 01:54:22.477704;(2, (52, 34, 0, 0, 0, 0, 0, 0, 0, 0))
2018-04-17 01:54:22.509678;(13, (69, 47, 0, 0, 0, 0, 0, 0, 0, 0))
2018-04-17 01:54:22.529851;(14, (73, 41, 0, 0, 0, 0, 0, 0, 0, 0))
2018-04-17 01:54:22.563450;(26, (82, 36, 0, 0, 0, 0, 0, 0, 0, 0))
2018-04-17 01:54:22.599695;(7, (67, 36, 0, 0, 0, 0, 0, 0, 0, 0))
2018-04-17 01:54:22.609711;(3, (91, 37, 0, 0, 0, 0, 0, 0, 0, 0))
2018-04-17 01:54:22.642577;(9, (78, 41, 0, 0, 0, 0, 0, 0, 0, 0))
2018-04-17 01:54:22.692285;(5, (87, 59, 0, 0, 0, 0, 0, 0, 0, 0))
2018-04-17 01:54:22.708121;(4, (80, 46, 0, 0, 0, 0, 0, 0, 0, 0))
2018-04-17 01:54:22.766076;(10, (57, 46, 0, 0, 0, 0, 0, 0, 0, 0))
2018-04-17 01:54:22.807292;(19, (52, 43, 0, 0, 0, 0, 0, 0, 0, 0))
2018-04-17 01:54:22.850126;(8, (84, 47, 0, 0, 0, 0, 0, 0, 0, 0))
2018-04-17 01:54:22.904454;(21, (104, 61, 0, 0, 0, 0, 0, 0, 0, 0))
2018-04-17 01:54:22.938316;(20, (130, 69, 0, 0, 0, 0, 0, 0, 0, 0))
2018-04-17 01:54:22.966312;(18, (49, 38, 0, 0, 0, 0, 0, 0, 0, 0))
2018-04-17 01:54:22.999719;(24, (77, 38, 0, 0, 0, 0, 0, 0, 0, 0))
2018-04-17 01:54:23.067490;(6, (119, 66, 0, 0, 0, 0, 0, 0, 0, 0))
2018-04-17 01:54:23.107283;(23, (108, 57, 0, 0, 0, 0, 0, 0, 0, 0))
2018-04-17 01:54:23.172583;(11, (65, 48, 0, 0, 0, 0, 0, 0, 0, 0))
2018-04-17 01:54:23.185933;(17, (73, 39, 0, 0, 0, 0, 0, 0, 0, 0))
2018-04-17 01:54:23.266674;(1, (221, 32, 0, 0, 0, 0, 0, 0, 0, 0))
2018-04-17 01:54:23.270183;(12, (101, 59, 0, 0, 0, 0, 0, 0, 0, 0))
2018-04-17 01:54:23.357091;(22, (117, 74, 0, 0, 0, 0, 0, 0, 0, 0))
2018-04-17 01:54:23.372054;(15, (108, 60, 0, 0, 0, 0, 0, 0, 0, 0))
2018-04-17 01:54:23.425962;(25, (70, 44, 0, 0, 0, 0, 0, 0, 0, 0))
2018-04-17 01:54:23.476059;(16, (50, 36, 0, 0, 0, 0, 0, 0, 0, 0))
2018-04-17 01:55:22.493851;(2, (69, 46, 0, 0, 0, 0, 0, 0, 0, 0))
2018-04-17 01:55:22.526050;(13, (98, 70, 0, 0, 0, 0, 0, 0, 0, 0))
2018-04-17 01:55:22.545639;(14, (107, 58, 0, 0, 0, 0, 0, 0, 0, 0))
2018-04-17 01:55:22.579166;(26, (118, 55, 0, 0, 0, 0, 0, 0, 0, 0))
2018-04-17 01:55:22.615399;(7, (85, 48, 0, 0, 0, 0, 0, 0, 0, 0))
2018-04-17 01:55:22.626323;(3, (113, 49, 0, 0, 0, 0, 0, 0, 0, 0))
2018-04-17 01:55:22.659672;(9, (108, 60, 0, 0, 0, 0, 0, 0, 0, 0))
2018-04-17 01:55:22.709570;(5, (129, 76, 0, 0, 0, 0, 0, 0, 0, 0))
2018-04-17 01:55:22.724923;(4, (121, 68, 0, 0, 0, 0, 0, 0, 0, 0))
2018-04-17 01:55:22.783272;(10, (79, 63, 0, 0, 0, 0, 0, 0, 0, 0))
2018-04-17 01:55:22.823734;(19, (66, 55, 0, 0, 0, 0, 0, 0, 0, 0))
2018-04-17 01:55:22.866702;(8, (116, 63, 0, 0, 0, 0, 0, 0, 0, 0))
2018-04-17 01:55:22.921053;(21, (122, 75, 0, 0, 0, 0, 0, 0, 0, 0))
2018-04-17 01:55:22.955034;(20, (177, 90, 0, 0, 0, 0, 0, 0, 0, 0))
2018-04-17 01:55:22.983125;(18, (73, 55, 0, 0, 0, 0, 0, 0, 0, 0))
2018-04-17 01:55:23.016787;(24, (112, 62, 0, 0, 0, 0, 0, 0, 0, 0))
2018-04-17 01:55:23.084993;(6, (151, 82, 0, 0, 0, 0, 0, 0, 0, 0))
2018-04-17 01:55:23.124576;(23, (143, 73, 0, 0, 0, 0, 0, 0, 0, 0))
2018-04-17 01:55:23.190168;(11, (85, 66, 0, 0, 0, 0, 0, 0, 0, 0))
2018-04-17 01:55:23.202659;(17, (108, 61, 0, 0, 0, 0, 0, 0, 0, 0))
2018-04-17 01:55:23.283790;(1, (275, 43, 0, 0, 0, 0, 0, 0, 0, 0))
2018-04-17 01:55:23.287266;(12, (129, 79, 0, 0, 0, 0, 0, 0, 0, 0))
2018-04-17 01:55:23.376131;(22, (158, 96, 0, 0, 0, 0, 0, 0, 0, 0))
2018-04-17 01:55:23.389647;(15, (143, 73, 0, 0, 0, 0, 0, 0, 0, 0))
2018-04-17 01:55:23.442364;(25, (107, 60, 0, 0, 0, 0, 0, 0, 0, 0))
2018-04-17 01:55:23.492101;(16, (71, 49, 0, 0, 0, 0, 0, 0, 0, 0))
2018-04-17 01:56:22.510194;(2, (80, 56, 0, 0, 0, 0, 0, 0, 0, 0))
2018-04-17 01:56:22.542660;(13, (118, 89, 0, 0, 0, 0, 0, 0, 0, 0))
2018-04-17 01:56:22.561304;(14, (130, 80, 0, 0, 0, 0, 0, 0, 0, 0))
2018-04-17 01:56:22.595197;(26, (146, 66, 0, 0, 0, 0, 0, 0, 0, 0))
2018-04-17 01:56:22.631230;(7, (96, 58, 0, 0, 0, 0, 0, 0, 0, 0))
2018-04-17 01:56:22.642811;(3, (126, 59, 0, 0, 0, 0, 0, 0, 0, 0))
2018-04-17 01:56:22.676426;(9, (128, 76, 0, 0, 0, 0, 0, 0, 0, 0))
2018-04-17 01:56:22.726387;(5, (166, 93, 0, 0, 0, 0, 0, 0, 0, 0))
2018-04-17 01:56:22.741616;(4, (149, 81, 0, 0, 0, 0, 0, 0, 0, 0))
2018-04-17 01:56:22.800457;(10, (96, 79, 0, 0, 0, 0, 0, 0, 0, 0))
2018-04-17 01:56:22.840116;(19, (77, 65, 0, 0, 0, 0, 0, 0, 0, 0))
2018-04-17 01:56:22.883137;(8, (142, 78, 0, 0, 0, 0, 0, 0, 0, 0))
2018-04-17 01:56:22.937500;(21, (132, 86, 0, 0, 0, 0, 0, 0, 0, 0))
2018-04-17 01:56:22.972300;(20, (214, 106, 0, 0, 0, 0, 0, 0, 0, 0))
2018-04-17 01:56:23.000312;(18, (91, 71, 0, 0, 0, 0, 0, 0, 0, 0))
2018-04-17 01:56:23.034706;(24, (135, 80, 0, 0, 0, 0, 0, 0, 0, 0))
2018-04-17 01:56:23.102641;(6, (169, 92, 0, 0, 0, 0, 0, 0, 0, 0))
2018-04-17 01:56:23.142077;(23, (166, 88, 0, 0, 0, 0, 0, 0, 0, 0))
2018-04-17 01:56:23.207989;(11, (101, 82, 0, 0, 0, 0, 0, 0, 0, 0))
2018-04-17 01:56:23.219547;(17, (129, 75, 0, 0, 0, 0, 0, 0, 0, 0))
2018-04-17 01:56:23.301159;(1, (305, 53, 0, 0, 0, 0, 0, 0, 0, 0))
2018-04-17 01:56:23.304598;(12, (146, 95, 0, 0, 0, 0, 0, 0, 0, 0))
2018-04-17 01:56:23.394095;(22, (183, 114, 0, 0, 0, 0, 0, 0, 0, 0))
2018-04-17 01:56:23.405744;(15, (167, 84, 0, 0, 0, 0, 0, 0, 0, 0))
2018-04-17 01:56:23.458964;(25, (129, 79, 0, 0, 0, 0, 0, 0, 0, 0))
2018-04-17 01:56:23.508427;(16, (84, 59, 0, 0, 0, 0, 0, 0, 0, 0))
2018-04-17 01:57:22.526862;(2, (94, 66, 0, 0, 0, 0, 0, 0, 0, 0))
2018-04-17 01:57:22.559768;(13, (132, 102, 0, 0, 0, 0, 0, 0, 0, 0))
2018-04-17 01:57:22.577253;(14, (150, 99, 0, 0, 0, 0, 0, 0, 0, 0))
2018-04-17 01:57:22.611349;(26, (168, 82, 0, 0, 0, 0, 0, 0, 0, 0))
2018-04-17 01:57:22.647275;(7, (109, 70, 0, 0, 0, 0, 0, 0, 0, 0))
2018-04-17 01:57:22.658906;(3, (142, 70, 0, 0, 0, 0, 0, 0, 0, 0))
2018-04-17 01:57:22.693632;(9, (144, 87, 0, 0, 0, 0, 0, 0, 0, 0))
2018-04-17 01:57:22.743463;(5, (188, 104, 0, 0, 0, 0, 0, 0, 0, 0))
2018-04-17 01:57:22.758884;(4, (174, 95, 0, 0, 0, 0, 0, 0, 0, 0))
2018-04-17 01:57:22.818031;(10, (115, 94, 0, 0, 0, 0, 0, 0, 0, 0))
2018-04-17 01:57:22.857108;(19, (90, 76, 0, 0, 0, 0, 0, 0, 0, 0))
2018-04-17 01:57:22.900360;(8, (160, 94, 0, 0, 0, 0, 0, 0, 0, 0))
2018-04-17 01:57:22.954637;(21, (148, 96, 0, 0, 0, 0, 0, 0, 0, 0))
2018-04-17 01:57:22.989863;(20, (243, 120, 0, 0, 0, 0, 0, 0, 0, 0))
2018-04-17 01:57:23.017843;(18, (108, 84, 0, 0, 0, 0, 0, 0, 0, 0))
2018-04-17 01:57:23.052528;(24, (157, 93, 0, 0, 0, 0, 0, 0, 0, 0))
2018-04-17 01:57:23.120509;(6, (189, 106, 0, 0, 0, 0, 0, 0, 0, 0))
2018-04-17 01:57:23.159864;(23, (187, 105, 0, 0, 0, 0, 0, 0, 0, 0))
2018-04-17 01:57:23.225920;(11, (118, 97, 0, 0, 0, 0, 0, 0, 0, 0))
2018-04-17 01:57:23.237082;(17, (146, 86, 0, 0, 0, 0, 0, 0, 0, 0))
2018-04-17 01:57:23.318820;(1, (338, 64, 0, 0, 0, 0, 0, 0, 0, 0))
2018-04-17 01:57:23.323062;(12, (165, 111, 0, 0, 0, 0, 0, 0, 0, 0))
2018-04-17 01:57:23.410939;(22, (203, 129, 0, 0, 0, 0, 0, 0, 0, 0))
2018-04-17 01:57:23.424228;(15, (185, 95, 0, 0, 0, 0, 0, 0, 0, 0))
2018-04-17 01:57:23.475161;(25, (149, 94, 0, 0, 0, 0, 0, 0, 0, 0))
2018-04-17 01:57:23.525361;(16, (96, 70, 0, 0, 0, 0, 0, 0, 0, 0))
2018-04-17 01:58:22.543452;(2, (105, 78, 0, 0, 0, 0, 0, 0, 0, 0))
2018-04-17 01:58:22.577788;(13, (143, 117, 0, 0, 0, 0, 0, 0, 0, 0))
2018-04-17 01:58:22.594766;(14, (166, 112, 0, 0, 0, 0, 0, 0, 0, 0))
2018-04-17 01:58:22.628176;(26, (184, 93, 0, 0, 0, 0, 0, 0, 0, 0))
2018-04-17 01:58:22.664820;(7, (121, 80, 0, 0, 0, 0, 0, 0, 0, 0))
2018-04-17 01:58:22.677067;(3, (155, 81, 0, 0, 0, 0, 0, 0, 0, 0))
2018-04-17 01:58:22.711693;(9, (160, 97, 0, 0, 0, 0, 0, 0, 0, 0))
2018-04-17 01:58:22.761674;(5, (203, 115, 0, 0, 0, 0, 0, 0, 0, 0))
2018-04-17 01:58:22.776093;(4, (190, 106, 0, 0, 0, 0, 0, 0, 0, 0))
2018-04-17 01:58:22.836689;(10, (126, 104, 0, 0, 0, 0, 0, 0, 0, 0))
2018-04-17 01:58:22.874216;(19, (100, 86, 0, 0, 0, 0, 0, 0, 0, 0))
2018-04-17 01:58:22.917288;(8, (177, 107, 0, 0, 0, 0, 0, 0, 0, 0))
2018-04-17 01:58:22.971321;(21, (159, 108, 0, 0, 0, 0, 0, 0, 0, 0))
2018-04-17 01:58:23.008134;(20, (263, 130, 0, 0, 0, 0, 0, 0, 0, 0))
2018-04-17 01:58:23.035993;(18, (120, 94, 0, 0, 0, 0, 0, 0, 0, 0))
2018-04-17 01:58:23.070507;(24, (174, 104, 0, 0, 0, 0, 0, 0, 0, 0))
2018-04-17 01:58:23.138270;(6, (204, 117, 0, 0, 0, 0, 0, 0, 0, 0))
2018-04-17 01:58:23.177454;(23, (200, 115, 0, 0, 0, 0, 0, 0, 0, 0))
2018-04-17 01:58:23.243367;(11, (129, 107, 0, 0, 0, 0, 0, 0, 0, 0))
2018-04-17 01:58:23.254590;(17, (162, 96, 0, 0, 0, 0, 0, 0, 0, 0))
2018-04-17 01:58:23.336403;(1, (354, 74, 0, 0, 0, 0, 0, 0, 0, 0))
2018-04-17 01:58:23.341474;(12, (177, 121, 0, 0, 0, 0, 0, 0, 0, 0))
2018-04-17 01:58:23.430632;(22, (219, 139, 0, 0, 0, 0, 0, 0, 0, 0))
2018-04-17 01:58:23.439876;(15, (201, 106, 0, 0, 0, 0, 0, 0, 0, 0))
2018-04-17 01:58:23.492561;(25, (166, 105, 0, 0, 0, 0, 0, 0, 0, 0))
2018-04-17 01:58:23.542350;(16, (110, 80, 0, 0, 0, 0, 0, 0, 0, 0))
2018-04-17 01:59:22.560163;(2, (115, 88, 0, 0, 0, 0, 0, 0, 0, 0))
2018-04-17 01:59:22.596205;(13, (155, 127, 0, 0, 0, 0, 0, 0, 0, 0))
2018-04-17 01:59:22.613439;(14, (179, 123, 0, 0, 0, 0, 0, 0, 0, 0))
2018-04-17 01:59:22.645659;(26, (195, 104, 0, 0, 0, 0, 0, 0, 0, 0))
2018-04-17 01:59:22.681408;(7, (131, 90, 0, 0, 0, 0, 0, 0, 0, 0))
2018-04-17 01:59:22.693592;(3, (167, 91, 0, 0, 0, 0, 0, 0, 0, 0))
2018-04-17 01:59:22.728687;(9, (172, 107, 0, 0, 0, 0, 0, 0, 0, 0))
2018-04-17 01:59:22.779299;(5, (215, 125, 0, 0, 0, 0, 0, 0, 0, 0))
2018-04-17 01:59:22.793874;(4, (202, 116, 0, 0, 0, 0, 0, 0, 0, 0))
2018-04-17 01:59:22.855044;(10, (137, 114, 0, 0, 0, 0, 0, 0, 0, 0))
2018-04-17 01:59:22.891491;(19, (110, 96, 0, 0, 0, 0, 0, 0, 0, 0))
2018-04-17 01:59:22.934905;(8, (189, 118, 0, 0, 0, 0, 0, 0, 0, 0))
2018-04-17 01:59:22.988540;(21, (169, 118, 0, 0, 0, 0, 0, 0, 0, 0))
2018-04-17 01:59:23.025252;(20, (277, 140, 0, 0, 0, 0, 0, 0, 0, 0))
2018-04-17 01:59:23.053346;(18, (131, 104, 0, 0, 0, 0, 0, 0, 0, 0))
2018-04-17 01:59:23.087792;(24, (187, 114, 0, 0, 0, 0, 0, 0, 0, 0))
2018-04-17 01:59:23.156013;(6, (216, 127, 0, 0, 0, 0, 0, 0, 0, 0))
2018-04-17 01:59:23.195217;(23, (212, 125, 0, 0, 0, 0, 0, 0, 0, 0))
2018-04-17 01:59:23.261358;(11, (139, 117, 0, 0, 0, 0, 0, 0, 0, 0))
2018-04-17 01:59:23.272078;(17, (173, 107, 0, 0, 0, 0, 0, 0, 0, 0))
2018-04-17 01:59:23.353973;(1, (364, 84, 0, 0, 0, 0, 0, 0, 0, 0))
2018-04-17 01:59:23.359226;(12, (187, 131, 0, 0, 0, 0, 0, 0, 0, 0))
2018-04-17 01:59:23.449119;(22, (231, 149, 0, 0, 0, 0, 0, 0, 0, 0))
2018-04-17 01:59:23.458355;(15, (213, 116, 0, 0, 0, 0, 0, 0, 0, 0))
2018-04-17 01:59:23.510315;(25, (178, 116, 0, 0, 0, 0, 0, 0, 0, 0))
2018-04-17 01:59:23.559684;(16, (121, 90, 0, 0, 0, 0, 0, 0, 0, 0))
2018-04-17 02:00:22.577465;(2, (125, 98, 0, 0, 0, 0, 0, 0, 0, 0))
2018-04-17 02:00:22.613455;(13, (166, 138, 0, 0, 0, 0, 0, 0, 0, 0))
2018-04-17 02:00:22.631183;(14, (191, 133, 0, 0, 0, 0, 0, 0, 0, 0))
2018-04-17 02:00:22.663270;(26, (206, 115, 0, 0, 0, 0, 0, 0, 0, 0))
2018-04-17 02:00:22.698913;(7, (142, 101, 0, 0, 0, 0, 0, 0, 0, 0))
2018-04-17 02:00:22.710413;(3, (179, 102, 0, 0, 0, 0, 0, 0, 0, 0))
2018-04-17 02:00:22.745977;(9, (184, 118, 0, 0, 0, 0, 0, 0, 0, 0))
2018-04-17 02:00:22.797186;(5, (227, 135, 0, 0, 0, 0, 0, 0, 0, 0))
2018-04-17 02:00:22.811399;(4, (214, 126, 0, 0, 0, 0, 0, 0, 0, 0))
2018-04-17 02:00:22.872559;(10, (148, 124, 0, 0, 0, 0, 0, 0, 0, 0))
2018-04-17 02:00:22.908894;(19, (120, 106, 0, 0, 0, 0, 0, 0, 0, 0))
2018-04-17 02:00:22.952706;(8, (201, 129, 0, 0, 0, 0, 0, 0, 0, 0))
2018-04-17 02:00:23.005778;(21, (181, 129, 0, 0, 0, 0, 0, 0, 0, 0))
2018-04-17 02:00:23.042970;(20, (291, 150, 0, 0, 0, 0, 0, 0, 0, 0))
2018-04-17 02:00:23.070554;(18, (142, 114, 0, 0, 0, 0, 0, 0, 0, 0))
2018-04-17 02:00:23.105185;(24, (198, 125, 0, 0, 0, 0, 0, 0, 0, 0))
2018-04-17 02:00:23.173886;(6, (228, 140, 0, 0, 0, 0, 0, 0, 0, 0))
2018-04-17 02:00:23.213092;(23, (223, 135, 0, 0, 0, 0, 0, 0, 0, 0))
2018-04-17 02:00:23.279068;(11, (149, 127, 0, 0, 0, 0, 0, 0, 0, 0))
2018-04-17 02:00:23.289670;(17, (185, 117, 0, 0, 0, 0, 0, 0, 0, 0))
2018-04-17 02:00:23.371396;(1, (381, 95, 0, 0, 0, 0, 0, 0, 0, 0))
2018-04-17 02:00:23.377745;(12, (198, 141, 0, 0, 0, 0, 0, 0, 0, 0))
2018-04-17 02:00:23.468268;(22, (245, 160, 0, 0, 0, 0, 0, 0, 0, 0))
2018-04-17 02:00:23.481383;(15, (226, 126, 0, 0, 0, 0, 0, 0, 0, 0))
2018-04-17 02:00:23.526934;(25, (191, 126, 0, 0, 0, 0, 0, 0, 0, 0))
2018-04-17 02:00:23.577296;(16, (131, 101, 0, 0, 0, 0, 0, 0, 0, 0))
2018-04-17 02:01:22.596477;(2, (138, 109, 0, 0, 0, 0, 0, 0, 0, 0))
2018-04-17 02:01:22.630989;(13, (178, 150, 0, 0, 0, 0, 0, 0, 0, 0))
2018-04-17 02:01:22.649387;(14, (207, 145, 0, 0, 0, 0, 0, 0, 0, 0))
2018-04-17 02:01:22.680956;(26, (223, 126, 0, 0, 0, 0, 0, 0, 0, 0))
2018-04-17 02:01:22.716737;(7, (155, 112, 0, 0, 0, 0, 0, 0, 0, 0))
2018-04-17 02:01:22.727311;(3, (192, 112, 0, 0, 0, 0, 0, 0, 0, 0))
2018-04-17 02:01:22.762913;(9, (198, 128, 0, 0, 0, 0, 0, 0, 0, 0))
2018-04-17 02:01:22.814813;(5, (241, 151, 0, 0, 0, 0, 0, 0, 0, 0))
2018-04-17 02:01:22.829836;(4, (229, 136, 0, 0, 0, 0, 0, 0, 0, 0))
2018-04-17 02:01:22.889982;(10, (168, 139, 0, 0, 0, 0, 0, 0, 0, 0))
2018-04-17 02:01:22.926466;(19, (133, 117, 0, 0, 0, 0, 0, 0, 0, 0))
2018-04-17 02:01:22.970288;(8, (214, 142, 0, 0, 0, 0, 0, 0, 0, 0))
2018-04-17 02:01:23.024273;(21, (194, 140, 0, 0, 0, 0, 0, 0, 0, 0))
2018-04-17 02:01:23.059966;(20, (307, 160, 0, 0, 0, 0, 0, 0, 0, 0))
2018-04-17 02:01:23.089068;(18, (158, 127, 0, 0, 0, 0, 0, 0, 0, 0))
2018-04-17 02:01:23.122873;(24, (214, 135, 0, 0, 0, 0, 0, 0, 0, 0))
2018-04-17 02:01:23.191360;(6, (241, 152, 0, 0, 0, 0, 0, 0, 0, 0))
2018-04-17 02:01:23.230531;(23, (234, 145, 0, 0, 0, 0, 0, 0, 0, 0))
2018-04-17 02:01:23.296867;(11, (166, 142, 0, 0, 0, 0, 0, 0, 0, 0))
2018-04-17 02:01:23.307160;(17, (197, 127, 0, 0, 0, 0, 0, 0, 0, 0))
2018-04-17 02:01:23.389214;(1, (400, 105, 0, 0, 0, 0, 0, 0, 0, 0))
2018-04-17 02:01:23.395553;(12, (217, 155, 0, 0, 0, 0, 0, 0, 0, 0))
2018-04-17 02:01:23.488426;(22, (257, 170, 0, 0, 0, 0, 0, 0, 0, 0))
2018-04-17 02:01:23.500914;(15, (241, 136, 0, 0, 0, 0, 0, 0, 0, 0))
2018-04-17 02:01:23.545718;(25, (206, 137, 0, 0, 0, 0, 0, 0, 0, 0))
2018-04-17 02:01:23.595395;(16, (142, 111, 0, 0, 0, 0, 0, 0, 0, 0))
2018-04-17 02:02:22.611834;(2, (149, 119, 0, 0, 0, 0, 0, 0, 0, 0))
2018-04-17 02:02:22.648907;(13, (191, 160, 0, 0, 0, 0, 0, 0, 0, 0))
2018-04-17 02:02:22.666782;(14, (219, 155, 0, 0, 0, 0, 0, 0, 0, 0))
2018-04-17 02:02:22.698906;(26, (235, 136, 0, 0, 0, 0, 0, 0, 0, 0))
2018-04-17 02:02:22.735851;(7, (167, 122, 0, 0, 0, 0, 0, 0, 0, 0))
2018-04-17 02:02:22.744865;(3, (206, 123, 0, 0, 0, 0, 0, 0, 0, 0))
2018-04-17 02:02:22.780090;(9, (212, 138, 0, 0, 0, 0, 0, 0, 0, 0))
2018-04-17 02:02:22.832643;(5, (252, 162, 0, 0, 0, 0, 0, 0, 0, 0))
2018-04-17 02:02:22.848388;(4, (240, 147, 0, 0, 0, 0, 0, 0, 0, 0))
2018-04-17 02:02:22.907212;(10, (179, 149, 0, 0, 0, 0, 0, 0, 0, 0))
2018-04-17 02:02:22.943811;(19, (144, 128, 0, 0, 0, 0, 0, 0, 0, 0))
2018-04-17 02:02:22.987833;(8, (229, 152, 0, 0, 0, 0, 0, 0, 0, 0))
2018-04-17 02:02:23.042374;(21, (207, 150, 0, 0, 0, 0, 0, 0, 0, 0))
2018-04-17 02:02:23.077153;(20, (322, 171, 0, 0, 0, 0, 0, 0, 0, 0))
2018-04-17 02:02:23.107630;(18, (169, 137, 0, 0, 0, 0, 0, 0, 0, 0))
2018-04-17 02:02:23.140425;(24, (226, 145, 0, 0, 0, 0, 0, 0, 0, 0))
2018-04-17 02:02:23.208882;(6, (256, 162, 0, 0, 0, 0, 0, 0, 0, 0))
2018-04-17 02:02:23.251503;(23, (251, 158, 0, 0, 0, 0, 0, 0, 0, 0))
2018-04-17 02:02:23.314391;(11, (177, 153, 0, 0, 0, 0, 0, 0, 0, 0))
2018-04-17 02:02:23.325015;(17, (210, 143, 0, 0, 0, 0, 0, 0, 0, 0))
2018-04-17 02:02:23.406692;(1, (419, 115, 0, 0, 0, 0, 0, 0, 0, 0))
2018-04-17 02:02:23.413153;(12, (230, 168, 0, 0, 0, 0, 0, 0, 0, 0))
2018-04-17 02:02:23.507159;(22, (273, 182, 0, 0, 0, 0, 0, 0, 0, 0))
2018-04-17 02:02:23.520928;(15, (258, 147, 0, 0, 0, 0, 0, 0, 0, 0))
2018-04-17 02:02:23.563869;(25, (218, 147, 0, 0, 0, 0, 0, 0, 0, 0))
2018-04-17 02:02:23.610971;(16, (154, 121, 0, 0, 0, 0, 0, 0, 0, 0))
2018-04-17 02:03:22.626803;(2, (160, 129, 0, 0, 0, 0, 0, 0, 0, 0))
2018-04-17 02:03:22.666175;(13, (203, 170, 0, 0, 0, 0, 0, 0, 0, 0))
2018-04-17 02:03:22.683750;(14, (229, 165, 0, 0, 0, 0, 0, 0, 0, 0))
2018-04-17 02:03:22.716118;(26, (246, 146, 0, 0, 0, 0, 0, 0, 0, 0))
2018-04-17 02:03:22.753749;(7, (180, 133, 0, 0, 0, 0, 0, 0, 0, 0))
2018-04-17 02:03:22.762219;(3, (218, 133, 0, 0, 0, 0, 0, 0, 0, 0))
2018-04-17 02:03:22.797360;(9, (224, 148, 0, 0, 0, 0, 0, 0, 0, 0))
2018-04-17 02:03:22.850245;(5, (262, 172, 0, 0, 0, 0, 0, 0, 0, 0))
2018-04-17 02:03:22.864413;(4, (251, 157, 0, 0, 0, 0, 0, 0, 0, 0))
2018-04-17 02:03:22.923677;(10, (192, 161, 0, 0, 0, 0, 0, 0, 0, 0))
2018-04-17 02:03:22.961105;(19, (154, 141, 0, 0, 0, 0, 0, 0, 0, 0))
2018-04-17 02:03:23.006380;(8, (242, 163, 0, 0, 0, 0, 0, 0, 0, 0))
2018-04-17 02:03:23.059710;(21, (218, 167, 0, 0, 0, 0, 0, 0, 0, 0))
2018-04-17 02:03:23.094028;(20, (337, 184, 0, 0, 0, 0, 0, 0, 0, 0))
2018-04-17 02:03:23.124932;(18, (180, 147, 0, 0, 0, 0, 0, 0, 0, 0))
2018-04-17 02:03:23.158769;(24, (237, 155, 0, 0, 0, 0, 0, 0, 0, 0))
2018-04-17 02:03:23.226793;(6, (272, 175, 0, 0, 0, 0, 0, 0, 0, 0))
2018-04-17 02:03:23.268821;(23, (264, 171, 0, 0, 0, 0, 0, 0, 0, 0))
2018-04-17 02:03:23.332704;(11, (190, 164, 0, 0, 0, 0, 0, 0, 0, 0))
2018-04-17 02:03:23.342101;(17, (221, 154, 0, 0, 0, 0, 0, 0, 0, 0))
2018-04-17 02:03:23.423818;(1, (438, 128, 0, 0, 0, 0, 0, 0, 0, 0))
2018-04-17 02:03:23.430662;(12, (244, 179, 0, 0, 0, 0, 0, 0, 0, 0))
2018-04-17 02:03:23.525629;(22, (287, 194, 0, 0, 0, 0, 0, 0, 0, 0))
2018-04-17 02:03:23.539485;(15, (270, 157, 0, 0, 0, 0, 0, 0, 0, 0))
2018-04-17 02:03:23.582168;(25, (228, 157, 0, 0, 0, 0, 0, 0, 0, 0))
2018-04-17 02:03:23.626335;(16, (165, 131, 0, 0, 0, 0, 0, 0, 0, 0))
2018-04-17 02:04:23.644859;(2, (282, 245, 34, 1, 0, 0, 0, 0, 0, 0))
2018-04-17 02:04:23.682645;(13, (299, 259, 13, 0, 0, 0, 0, 0, 0, 0))
2018-04-17 02:04:23.699565;(14, (334, 266, 8, 0, 0, 0, 0, 0, 0, 0))
2018-04-17 02:04:23.732223;(26, (375, 255, 22, 0, 0, 0, 0, 0, 0, 0))
2018-04-17 02:04:23.770382;(7, (298, 245, 42, 2, 0, 0, 0, 0, 0, 0))
2018-04-17 02:04:23.779482;(3, (504, 392, 160, 1, 0, 0, 0, 0, 0, 0))
2018-04-17 02:04:23.819646;(9, (315, 236, 10, 0, 0, 0, 0, 0, 0, 0))
2018-04-17 02:04:23.867280;(5, (439, 336, 44, 0, 0, 0, 0, 0, 0, 0))
2018-04-17 02:04:23.879911;(4, (341, 257, 4, 0, 0, 0, 0, 0, 0, 0))
2018-04-17 02:04:23.938667;(10, (387, 352, 99, 0, 0, 0, 0, 0, 0, 0))
2018-04-17 02:04:23.977299;(19, (255, 256, 31, 3, 0, 0, 0, 0, 0, 0))
2018-04-17 02:04:24.022700;(8, (352, 271, 29, 0, 0, 0, 0, 0, 0, 0))
2018-04-17 02:04:24.075318;(21, (397, 332, 78, 1, 0, 0, 0, 0, 0, 0))
2018-04-17 02:04:24.110029;(20, (516, 330, 52, 0, 0, 0, 0, 0, 0, 0))
2018-04-17 02:04:24.140372;(18, (255, 226, 4, 0, 0, 0, 0, 0, 0, 0))
2018-04-17 02:04:24.175832;(24, (357, 263, 6, 1, 0, 0, 0, 0, 0, 0))
2018-04-17 02:04:24.242791;(6, (358, 248, 11, 0, 0, 0, 0, 0, 0, 0))
2018-04-17 02:04:24.283972;(23, (369, 269, 24, 0, 0, 0, 0, 0, 0, 0))
2018-04-17 02:04:24.349284;(11, (405, 391, 117, 0, 0, 0, 0, 0, 0, 0))
2018-04-17 02:04:24.357381;(17, (322, 244, 18, 1, 0, 0, 0, 0, 0, 0))
2018-04-17 02:04:24.438240;(1, (1084, 682, 538, 269, 0, 0, 0, 0, 0, 0))
2018-04-17 02:04:24.446014;(12, (456, 373, 115, 1, 0, 0, 0, 0, 0, 0))
2018-04-17 02:04:24.541392;(22, (552, 435, 150, 0, 0, 0, 0, 0, 0, 0))
2018-04-17 02:04:24.556752;(15, (371, 243, 2, 0, 0, 0, 0, 0, 0, 0))
2018-04-17 02:04:24.599527;(25, (304, 246, 0, 0, 0, 0, 0, 0, 0, 0))
2018-04-17 02:04:24.641905;(16, (230, 200, 0, 0, 0, 0, 0, 0, 0, 0))
2018-04-17 02:05:23.661372;(2, (302, 261, 34, 1, 0, 0, 0, 0, 0, 0))
2018-04-17 02:05:23.697498;(13, (326, 271, 13, 0, 0, 0, 0, 0, 0, 0))
2018-04-17 02:05:23.715575;(14, (359, 282, 8, 0, 0, 0, 0, 0, 0, 0))
2018-04-17 02:05:23.748983;(26, (409, 275, 22, 0, 0, 0, 0, 0, 0, 0))
2018-04-17 02:05:23.789035;(7, (316, 258, 42, 2, 0, 0, 0, 0, 0, 0))
2018-04-17 02:05:23.796282;(3, (544, 419, 160, 1, 0, 0, 0, 0, 0, 0))
2018-04-17 02:05:23.835585;(9, (340, 247, 10, 0, 0, 0, 0, 0, 0, 0))
2018-04-17 02:05:23.884595;(5, (474, 352, 44, 0, 0, 0, 0, 0, 0, 0))
2018-04-17 02:05:23.898707;(4, (367, 279, 4, 0, 0, 0, 0, 0, 0, 0))
2018-04-17 02:05:23.955367;(10, (413, 370, 99, 0, 0, 0, 0, 0, 0, 0))
2018-04-17 02:05:23.995500;(19, (274, 276, 31, 3, 0, 0, 0, 0, 0, 0))
2018-04-17 02:05:24.039764;(8, (379, 287, 29, 0, 0, 0, 0, 0, 0, 0))
2018-04-17 02:05:24.092065;(21, (425, 352, 78, 1, 0, 0, 0, 0, 0, 0))
2018-04-17 02:05:24.126565;(20, (558, 349, 52, 0, 0, 0, 0, 0, 0, 0))
2018-04-17 02:05:24.158665;(18, (276, 242, 4, 0, 0, 0, 0, 0, 0, 0))
2018-04-17 02:05:24.192937;(24, (393, 278, 6, 1, 0, 0, 0, 0, 0, 0))
2018-04-17 02:05:24.260328;(6, (383, 259, 11, 0, 0, 0, 0, 0, 0, 0))
2018-04-17 02:05:24.300979;(23, (393, 284, 24, 0, 0, 0, 0, 0, 0, 0))
2018-04-17 02:05:24.366776;(11, (426, 407, 117, 0, 0, 0, 0, 0, 0, 0))
2018-04-17 02:05:24.376921;(17, (363, 269, 18, 1, 0, 0, 0, 0, 0, 0))
2018-04-17 02:05:24.455476;(1, (1120, 692, 538, 269, 0, 0, 0, 0, 0, 0))
2018-04-17 02:05:24.462974;(12, (475, 385, 115, 1, 0, 0, 0, 0, 0, 0))
2018-04-17 02:05:24.559348;(22, (584, 447, 150, 0, 0, 0, 0, 0, 0, 0))
2018-04-17 02:05:24.574237;(15, (406, 260, 2, 0, 0, 0, 0, 0, 0, 0))
2018-04-17 02:05:24.618435;(25, (336, 264, 0, 0, 0, 0, 0, 0, 0, 0))
2018-04-17 02:05:24.658474;(16, (251, 222, 0, 0, 0, 0, 0, 0, 0, 0))
2018-04-17 02:06:23.677951;(2, (316, 272, 34, 1, 0, 0, 0, 0, 0, 0))
2018-04-17 02:06:23.713462;(13, (343, 282, 13, 0, 0, 0, 0, 0, 0, 0))
2018-04-17 02:06:23.731517;(14, (375, 293, 8, 0, 0, 0, 0, 0, 0, 0))
2018-04-17 02:06:23.766558;(26, (429, 286, 22, 0, 0, 0, 0, 0, 0, 0))
2018-04-17 02:06:23.806034;(7, (327, 269, 42, 2, 0, 0, 0, 0, 0, 0))
2018-04-17 02:06:23.813388;(3, (561, 431, 160, 1, 0, 0, 0, 0, 0, 0))
2018-04-17 02:06:23.851554;(9, (355, 258, 10, 0, 0, 0, 0, 0, 0, 0))
2018-04-17 02:06:23.902045;(5, (495, 364, 44, 0, 0, 0, 0, 0, 0, 0))
2018-04-17 02:06:23.916714;(4, (383, 294, 4, 0, 0, 0, 0, 0, 0, 0))
2018-04-17 02:06:23.973675;(10, (432, 386, 99, 0, 0, 0, 0, 0, 0, 0))
2018-04-17 02:06:24.012266;(19, (287, 286, 31, 3, 0, 0, 0, 0, 0, 0))
2018-04-17 02:06:24.056830;(8, (395, 298, 29, 0, 0, 0, 0, 0, 0, 0))
2018-04-17 02:06:24.109330;(21, (438, 364, 78, 1, 0, 0, 0, 0, 0, 0))
2018-04-17 02:06:24.143945;(20, (580, 361, 52, 0, 0, 0, 0, 0, 0, 0))
2018-04-17 02:06:24.175813;(18, (289, 253, 4, 0, 0, 0, 0, 0, 0, 0))
2018-04-17 02:06:24.210470;(24, (412, 290, 6, 1, 0, 0, 0, 0, 0, 0))
2018-04-17 02:06:24.277895;(6, (399, 269, 11, 0, 0, 0, 0, 0, 0, 0))
2018-04-17 02:06:24.318296;(23, (408, 295, 24, 0, 0, 0, 0, 0, 0, 0))
2018-04-17 02:06:24.385106;(11, (438, 419, 117, 0, 0, 0, 0, 0, 0, 0))
2018-04-17 02:06:24.394466;(17, (380, 281, 18, 1, 0, 0, 0, 0, 0, 0))
2018-04-17 02:06:24.473049;(1, (1135, 702, 538, 269, 0, 0, 0, 0, 0, 0))
2018-04-17 02:06:24.480262;(12, (488, 395, 115, 1, 0, 0, 0, 0, 0, 0))
2018-04-17 02:06:24.576961;(22, (601, 457, 150, 0, 0, 0, 0, 0, 0, 0))
2018-04-17 02:06:24.591555;(15, (425, 271, 2, 0, 0, 0, 0, 0, 0, 0))
2018-04-17 02:06:24.637420;(25, (353, 275, 0, 0, 0, 0, 0, 0, 0, 0))
2018-04-17 02:06:24.675026;(16, (265, 234, 0, 0, 0, 0, 0, 0, 0, 0))
2018-04-17 02:07:23.695291;(2, (328, 285, 34, 1, 0, 0, 0, 0, 0, 0))
2018-04-17 02:07:23.729468;(13, (355, 294, 13, 0, 0, 0, 0, 0, 0, 0))
2018-04-17 02:07:23.746986;(14, (389, 306, 8, 0, 0, 0, 0, 0, 0, 0))
2018-04-17 02:07:23.783643;(26, (442, 297, 22, 0, 0, 0, 0, 0, 0, 0))
2018-04-17 02:07:23.823256;(7, (340, 281, 42, 2, 0, 0, 0, 0, 0, 0))
2018-04-17 02:07:23.830985;(3, (572, 441, 160, 1, 0, 0, 0, 0, 0, 0))
2018-04-17 02:07:23.868085;(9, (368, 270, 10, 0, 0, 0, 0, 0, 0, 0))
2018-04-17 02:07:23.918469;(5, (510, 376, 44, 0, 0, 0, 0, 0, 0, 0))
2018-04-17 02:07:23.933435;(4, (397, 307, 4, 0, 0, 0, 0, 0, 0, 0))
2018-04-17 02:07:23.992780;(10, (450, 403, 99, 0, 0, 0, 0, 0, 0, 0))
2018-04-17 02:07:24.029363;(19, (299, 299, 31, 3, 0, 0, 0, 0, 0, 0))
2018-04-17 02:07:24.074671;(8, (409, 310, 29, 0, 0, 0, 0, 0, 0, 0))
2018-04-17 02:07:24.126254;(21, (452, 376, 78, 1, 0, 0, 0, 0, 0, 0))
2018-04-17 02:07:24.160754;(20, (595, 373, 52, 0, 0, 0, 0, 0, 0, 0))
2018-04-17 02:07:24.193881;(18, (302, 264, 4, 0, 0, 0, 0, 0, 0, 0))
2018-04-17 02:07:24.227868;(24, (426, 302, 6, 1, 0, 0, 0, 0, 0, 0))
2018-04-17 02:07:24.295501;(6, (411, 279, 11, 0, 0, 0, 0, 0, 0, 0))
2018-04-17 02:07:24.335890;(23, (420, 308, 24, 0, 0, 0, 0, 0, 0, 0))
2018-04-17 02:07:24.403051;(11, (452, 431, 117, 0, 0, 0, 0, 0, 0, 0))
2018-04-17 02:07:24.412280;(17, (393, 293, 18, 1, 0, 0, 0, 0, 0, 0))
2018-04-17 02:07:24.490818;(1, (1149, 714, 538, 269, 0, 0, 0, 0, 0, 0))
2018-04-17 02:07:24.497627;(12, (502, 407, 115, 1, 0, 0, 0, 0, 0, 0))
2018-04-17 02:07:24.594848;(22, (614, 469, 150, 0, 0, 0, 0, 0, 0, 0))
2018-04-17 02:07:24.609060;(15, (436, 281, 2, 0, 0, 0, 0, 0, 0, 0))
2018-04-17 02:07:24.660525;(25, (368, 287, 0, 0, 0, 0, 0, 0, 0, 0))
2018-04-17 02:07:24.692517;(16, (276, 246, 0, 0, 0, 0, 0, 0, 0, 0))
2018-04-17 02:08:23.712737;(2, (345, 298, 34, 1, 0, 0, 0, 0, 0, 0))
2018-04-17 02:08:23.746913;(13, (369, 305, 13, 0, 0, 0, 0, 0, 0, 0))
2018-04-17 02:08:23.763330;(14, (407, 317, 8, 0, 0, 0, 0, 0, 0, 0))
2018-04-17 02:08:23.800540;(26, (464, 310, 22, 0, 0, 0, 0, 0, 0, 0))
2018-04-17 02:08:23.840512;(7, (354, 292, 42, 2, 0, 0, 0, 0, 0, 0))
2018-04-17 02:08:23.848911;(3, (595, 455, 160, 1, 0, 0, 0, 0, 0, 0))
2018-04-17 02:08:23.885064;(9, (383, 281, 10, 0, 0, 0, 0, 0, 0, 0))
2018-04-17 02:08:23.934045;(5, (530, 388, 44, 0, 0, 0, 0, 0, 0, 0))
2018-04-17 02:08:23.949002;(4, (413, 323, 4, 0, 0, 0, 0, 0, 0, 0))
2018-04-17 02:08:24.009911;(10, (464, 414, 99, 0, 0, 0, 0, 0, 0, 0))
2018-04-17 02:08:24.047532;(19, (313, 310, 31, 3, 0, 0, 0, 0, 0, 0))
2018-04-17 02:08:24.091729;(8, (423, 327, 29, 0, 0, 0, 0, 0, 0, 0))
2018-04-17 02:08:24.143044;(21, (467, 388, 78, 1, 0, 0, 0, 0, 0, 0))
2018-04-17 02:08:24.177950;(20, (622, 385, 52, 0, 0, 0, 0, 0, 0, 0))
2018-04-17 02:08:24.210799;(18, (316, 276, 4, 0, 0, 0, 0, 0, 0, 0))
2018-04-17 02:08:24.245877;(24, (447, 314, 6, 1, 0, 0, 0, 0, 0, 0))
2018-04-17 02:08:24.313987;(6, (431, 293, 11, 0, 0, 0, 0, 0, 0, 0))
2018-04-17 02:08:24.353099;(23, (438, 319, 24, 0, 0, 0, 0, 0, 0, 0))
2018-04-17 02:08:24.420903;(11, (466, 443, 117, 0, 0, 0, 0, 0, 0, 0))
2018-04-17 02:08:24.429900;(17, (415, 307, 18, 1, 0, 0, 0, 0, 0, 0))
2018-04-17 02:08:24.507992;(1, (1167, 724, 538, 269, 0, 0, 0, 0, 0, 0))
2018-04-17 02:08:24.514479;(12, (517, 418, 115, 1, 0, 0, 0, 0, 0, 0))
2018-04-17 02:08:24.611999;(22, (636, 480, 150, 0, 0, 0, 0, 0, 0, 0))
2018-04-17 02:08:24.626191;(15, (461, 295, 2, 0, 0, 0, 0, 0, 0, 0))
2018-04-17 02:08:24.679842;(25, (387, 298, 0, 0, 0, 0, 0, 0, 0, 0))
2018-04-17 02:08:24.709345;(16, (292, 261, 0, 0, 0, 0, 0, 0, 0, 0))
2018-04-17 02:09:23.731425;(2, (357, 310, 34, 1, 0, 0, 0, 0, 0, 0))
2018-04-17 02:09:23.763989;(13, (379, 315, 13, 0, 0, 0, 0, 0, 0, 0))
2018-04-17 02:09:23.778967;(14, (418, 327, 8, 0, 0, 0, 0, 0, 0, 0))
2018-04-17 02:09:23.819742;(26, (475, 320, 22, 0, 0, 0, 0, 0, 0, 0))
2018-04-17 02:09:23.856947;(7, (364, 302, 42, 2, 0, 0, 0, 0, 0, 0))
2018-04-17 02:09:23.865293;(3, (606, 465, 160, 1, 0, 0, 0, 0, 0, 0))
2018-04-17 02:09:23.901947;(9, (393, 291, 10, 0, 0, 0, 0, 0, 0, 0))
2018-04-17 02:09:23.950199;(5, (541, 398, 44, 0, 0, 0, 0, 0, 0, 0))
2018-04-17 02:09:23.964950;(4, (423, 334, 4, 0, 0, 0, 0, 0, 0, 0))
2018-04-17 02:09:24.028288;(10, (474, 424, 99, 0, 0, 0, 0, 0, 0, 0))
2018-04-17 02:09:24.064864;(19, (323, 320, 31, 3, 0, 0, 0, 0, 0, 0))
2018-04-17 02:09:24.110531;(8, (433, 338, 29, 0, 0, 0, 0, 0, 0, 0))
2018-04-17 02:09:24.160028;(21, (477, 398, 78, 1, 0, 0, 0, 0, 0, 0))
2018-04-17 02:09:24.194642;(20, (635, 395, 52, 0, 0, 0, 0, 0, 0, 0))
2018-04-17 02:09:24.227424;(18, (326, 286, 4, 0, 0, 0, 0, 0, 0, 0))
2018-04-17 02:09:24.262914;(24, (458, 324, 6, 1, 0, 0, 0, 0, 0, 0))
2018-04-17 02:09:24.331929;(6, (442, 303, 11, 0, 0, 0, 0, 0, 0, 0))
2018-04-17 02:09:24.370436;(23, (448, 329, 24, 0, 0, 0, 0, 0, 0, 0))
2018-04-17 02:09:24.439450;(11, (476, 453, 117, 0, 0, 0, 0, 0, 0, 0))
2018-04-17 02:09:24.447665;(17, (428, 319, 18, 1, 0, 0, 0, 0, 0, 0))
2018-04-17 02:09:24.525568;(1, (1177, 734, 538, 269, 0, 0, 0, 0, 0, 0))
2018-04-17 02:09:24.531384;(12, (527, 428, 115, 1, 0, 0, 0, 0, 0, 0))
2018-04-17 02:09:24.629280;(22, (648, 490, 150, 0, 0, 0, 0, 0, 0, 0))
2018-04-17 02:09:24.643670;(15, (473, 305, 2, 0, 0, 0, 0, 0, 0, 0))
2018-04-17 02:09:24.697034;(25, (398, 308, 0, 0, 0, 0, 0, 0, 0, 0))
2018-04-17 02:09:24.730198;(16, (303, 272, 0, 0, 0, 0, 0, 0, 0, 0))
2018-04-17 02:10:23.750060;(2, (369, 322, 34, 1, 0, 0, 0, 0, 0, 0))
2018-04-17 02:10:23.780498;(13, (389, 325, 13, 0, 0, 0, 0, 0, 0, 0))
2018-04-17 02:10:23.795744;(14, (429, 337, 8, 0, 0, 0, 0, 0, 0, 0))
2018-04-17 02:10:23.837801;(26, (486, 330, 22, 0, 0, 0, 0, 0, 0, 0))
2018-04-17 02:10:23.873199;(7, (374, 312, 42, 2, 0, 0, 0, 0, 0, 0))
2018-04-17 02:10:23.881467;(3, (617, 475, 160, 1, 0, 0, 0, 0, 0, 0))
2018-04-17 02:10:23.918850;(9, (403, 301, 10, 0, 0, 0, 0, 0, 0, 0))
2018-04-17 02:10:23.966547;(5, (552, 408, 44, 0, 0, 0, 0, 0, 0, 0))
2018-04-17 02:10:23.980764;(4, (433, 345, 4, 0, 0, 0, 0, 0, 0, 0))
2018-04-17 02:10:24.047376;(10, (484, 434, 99, 0, 0, 0, 0, 0, 0, 0))
2018-04-17 02:10:24.082122;(19, (333, 330, 31, 3, 0, 0, 0, 0, 0, 0))
2018-04-17 02:10:24.127593;(8, (444, 349, 29, 0, 0, 0, 0, 0, 0, 0))
2018-04-17 02:10:24.176833;(21, (487, 408, 78, 1, 0, 0, 0, 0, 0, 0))
2018-04-17 02:10:24.211460;(20, (648, 405, 52, 0, 0, 0, 0, 0, 0, 0))
2018-04-17 02:10:24.244381;(18, (336, 296, 4, 0, 0, 0, 0, 0, 0, 0))
2018-04-17 02:10:24.280669;(24, (469, 334, 6, 1, 0, 0, 0, 0, 0, 0))
2018-04-17 02:10:24.349608;(6, (453, 313, 11, 0, 0, 0, 0, 0, 0, 0))
2018-04-17 02:10:24.387831;(23, (459, 339, 24, 0, 0, 0, 0, 0, 0, 0))
2018-04-17 02:10:24.457500;(11, (486, 463, 117, 0, 0, 0, 0, 0, 0, 0))
2018-04-17 02:10:24.465997;(17, (445, 335, 18, 1, 0, 0, 0, 0, 0, 0))
2018-04-17 02:10:24.543831;(1, (1187, 744, 538, 269, 0, 0, 0, 0, 0, 0))
2018-04-17 02:10:24.548763;(12, (537, 438, 115, 1, 0, 0, 0, 0, 0, 0))
2018-04-17 02:10:24.646974;(22, (660, 500, 150, 0, 0, 0, 0, 0, 0, 0))
2018-04-17 02:10:24.661289;(15, (485, 315, 2, 0, 0, 0, 0, 0, 0, 0))
2018-04-17 02:10:24.715045;(25, (409, 318, 0, 0, 0, 0, 0, 0, 0, 0))
2018-04-17 02:10:24.747741;(16, (314, 283, 0, 0, 0, 0, 0, 0, 0, 0))
2018-04-17 02:11:23.767642;(2, (387, 339, 34, 1, 0, 0, 0, 0, 0, 0))
2018-04-17 02:11:23.797792;(13, (401, 336, 13, 0, 0, 0, 0, 0, 0, 0))
2018-04-17 02:11:23.816178;(14, (439, 347, 8, 0, 0, 0, 0, 0, 0, 0))
2018-04-17 02:11:23.853887;(26, (499, 340, 22, 0, 0, 0, 0, 0, 0, 0))
2018-04-17 02:11:23.889129;(7, (387, 322, 42, 2, 0, 0, 0, 0, 0, 0))
2018-04-17 02:11:23.897454;(3, (630, 485, 160, 1, 0, 0, 0, 0, 0, 0))
2018-04-17 02:11:23.935461;(9, (414, 312, 10, 0, 0, 0, 0, 0, 0, 0))
2018-04-17 02:11:23.982606;(5, (564, 418, 44, 0, 0, 0, 0, 0, 0, 0))
2018-04-17 02:11:23.996204;(4, (444, 355, 4, 0, 0, 0, 0, 0, 0, 0))
2018-04-17 02:11:24.064384;(10, (494, 445, 99, 0, 0, 0, 0, 0, 0, 0))
2018-04-17 02:11:24.098673;(19, (345, 340, 31, 3, 0, 0, 0, 0, 0, 0))
2018-04-17 02:11:24.144108;(8, (457, 360, 29, 0, 0, 0, 0, 0, 0, 0))
2018-04-17 02:11:24.193391;(21, (500, 419, 78, 1, 0, 0, 0, 0, 0, 0))
2018-04-17 02:11:24.229251;(20, (661, 416, 52, 0, 0, 0, 0, 0, 0, 0))
2018-04-17 02:11:24.260496;(18, (347, 306, 4, 0, 0, 0, 0, 0, 0, 0))
2018-04-17 02:11:24.297050;(24, (481, 344, 6, 1, 0, 0, 0, 0, 0, 0))
2018-04-17 02:11:24.366284;(6, (467, 324, 11, 0, 0, 0, 0, 0, 0, 0))
2018-04-17 02:11:24.405145;(23, (473, 349, 24, 0, 0, 0, 0, 0, 0, 0))
2018-04-17 02:11:24.474396;(11, (499, 473, 117, 0, 0, 0, 0, 0, 0, 0))
2018-04-17 02:11:24.482660;(17, (462, 347, 18, 1, 0, 0, 0, 0, 0, 0))
2018-04-17 02:11:24.561166;(1, (1201, 754, 538, 269, 0, 0, 0, 0, 0, 0))
2018-04-17 02:11:24.565088;(12, (550, 449, 115, 1, 0, 0, 0, 0, 0, 0))
2018-04-17 02:11:24.663581;(22, (675, 510, 150, 0, 0, 0, 0, 0, 0, 0))
2018-04-17 02:11:24.678133;(15, (501, 325, 2, 0, 0, 0, 0, 0, 0, 0))
2018-04-17 02:11:24.732610;(25, (419, 328, 0, 0, 0, 0, 0, 0, 0, 0))
2018-04-17 02:11:24.763806;(16, (326, 294, 0, 0, 0, 0, 0, 0, 0, 0))
2018-04-17 02:12:23.784487;(2, (403, 353, 34, 1, 0, 0, 0, 0, 0, 0))
2018-04-17 02:12:23.817714;(13, (431, 357, 13, 0, 0, 0, 0, 0, 0, 0))
2018-04-17 02:12:23.836125;(14, (457, 357, 8, 0, 0, 0, 0, 0, 0, 0))
2018-04-17 02:12:23.868914;(26, (521, 356, 22, 0, 0, 0, 0, 0, 0, 0))
2018-04-17 02:12:23.904515;(7, (398, 333, 42, 2, 0, 0, 0, 0, 0, 0))
2018-04-17 02:12:23.912881;(3, (653, 500, 160, 1, 0, 0, 0, 0, 0, 0))
2018-04-17 02:12:23.951165;(9, (440, 330, 10, 0, 0, 0, 0, 0, 0, 0))
2018-04-17 02:12:23.998297;(5, (592, 432, 44, 0, 0, 0, 0, 0, 0, 0))
2018-04-17 02:12:24.011790;(4, (465, 366, 4, 0, 0, 0, 0, 0, 0, 0))
2018-04-17 02:12:24.080325;(10, (515, 459, 99, 0, 0, 0, 0, 0, 0, 0))
2018-04-17 02:12:24.115448;(19, (357, 351, 31, 3, 0, 0, 0, 0, 0, 0))
2018-04-17 02:12:24.160647;(8, (480, 370, 29, 0, 0, 0, 0, 0, 0, 0))
2018-04-17 02:12:24.210371;(21, (521, 434, 78, 1, 0, 0, 0, 0, 0, 0))
2018-04-17 02:12:24.246028;(20, (698, 435, 52, 0, 0, 0, 0, 0, 0, 0))
2018-04-17 02:12:24.277264;(18, (362, 317, 4, 0, 0, 0, 0, 0, 0, 0))
2018-04-17 02:12:24.313557;(24, (503, 359, 6, 1, 0, 0, 0, 0, 0, 0))
2018-04-17 02:12:24.384456;(6, (491, 338, 11, 0, 0, 0, 0, 0, 0, 0))
2018-04-17 02:12:24.422042;(23, (494, 365, 24, 0, 0, 0, 0, 0, 0, 0))
2018-04-17 02:12:24.491745;(11, (514, 488, 117, 0, 0, 0, 0, 0, 0, 0))
2018-04-17 02:12:24.499820;(17, (492, 364, 18, 1, 0, 0, 0, 0, 0, 0))
2018-04-17 02:12:24.578762;(1, (1224, 764, 538, 269, 0, 0, 0, 0, 0, 0))
2018-04-17 02:12:24.582125;(12, (563, 459, 115, 1, 0, 0, 0, 0, 0, 0))
2018-04-17 02:12:24.680674;(22, (703, 523, 150, 0, 0, 0, 0, 0, 0, 0))
2018-04-17 02:12:24.696457;(15, (534, 344, 2, 0, 0, 0, 0, 0, 0, 0))
2018-04-17 02:12:24.750165;(25, (439, 339, 0, 0, 0, 0, 0, 0, 0, 0))
2018-04-17 02:12:24.781029;(16, (347, 304, 0, 0, 0, 0, 0, 0, 0, 0))
2018-04-17 02:13:23.802050;(2, (413, 363, 34, 1, 0, 0, 0, 0, 0, 0))
2018-04-17 02:13:23.837476;(13, (444, 369, 13, 0, 0, 0, 0, 0, 0, 0))
2018-04-17 02:13:23.852927;(14, (469, 368, 8, 0, 0, 0, 0, 0, 0, 0))
2018-04-17 02:13:23.884392;(26, (535, 367, 22, 0, 0, 0, 0, 0, 0, 0))
2018-04-17 02:13:23.919738;(7, (408, 343, 42, 2, 0, 0, 0, 0, 0, 0))
2018-04-17 02:13:23.928315;(3, (664, 510, 160, 1, 0, 0, 0, 0, 0, 0))
2018-04-17 02:13:23.966994;(9, (455, 340, 10, 0, 0, 0, 0, 0, 0, 0))
2018-04-17 02:13:24.015226;(5, (606, 442, 44, 0, 0, 0, 0, 0, 0, 0))
2018-04-17 02:13:24.027834;(4, (479, 376, 4, 0, 0, 0, 0, 0, 0, 0))
2018-04-17 02:13:24.096452;(10, (526, 469, 99, 0, 0, 0, 0, 0, 0, 0))
2018-04-17 02:13:24.131892;(19, (367, 361, 31, 3, 0, 0, 0, 0, 0, 0))
2018-04-17 02:13:24.177587;(8, (494, 380, 29, 0, 0, 0, 0, 0, 0, 0))
2018-04-17 02:13:24.227123;(21, (532, 444, 78, 1, 0, 0, 0, 0, 0, 0))
2018-04-17 02:13:24.262775;(20, (714, 446, 52, 0, 0, 0, 0, 0, 0, 0))
2018-04-17 02:13:24.294469;(18, (373, 327, 4, 0, 0, 0, 0, 0, 0, 0))
2018-04-17 02:13:24.331997;(24, (516, 371, 6, 1, 0, 0, 0, 0, 0, 0))
2018-04-17 02:13:24.401454;(6, (503, 348, 11, 0, 0, 0, 0, 0, 0, 0))
2018-04-17 02:13:24.438878;(23, (510, 376, 24, 0, 0, 0, 0, 0, 0, 0))
2018-04-17 02:13:24.509041;(11, (524, 498, 117, 0, 0, 0, 0, 0, 0, 0))
2018-04-17 02:13:24.516740;(17, (507, 376, 18, 1, 0, 0, 0, 0, 0, 0))
2018-04-17 02:13:24.595861;(1, (1244, 783, 546, 273, 0, 0, 0, 0, 0, 0))
2018-04-17 02:13:24.598806;(12, (573, 469, 115, 1, 0, 0, 0, 0, 0, 0))
2018-04-17 02:13:24.698684;(22, (720, 533, 150, 0, 0, 0, 0, 0, 0, 0))
2018-04-17 02:13:24.714871;(15, (549, 355, 2, 0, 0, 0, 0, 0, 0, 0))
2018-04-17 02:13:24.767414;(25, (454, 349, 0, 0, 0, 0, 0, 0, 0, 0))
2018-04-17 02:13:24.800158;(16, (359, 314, 0, 0, 0, 0, 0, 0, 0, 0))
2018-04-17 02:14:23.818690;(2, (634, 590, 200, 1, 0, 0, 0, 0, 0, 0))
2018-04-17 02:14:23.854906;(13, (505, 436, 13, 1, 0, 0, 0, 0, 0, 0))
2018-04-17 02:14:23.870173;(14, (527, 438, 8, 0, 0, 0, 0, 0, 0, 0))
2018-04-17 02:14:23.900987;(26, (661, 484, 63, 0, 0, 0, 0, 0, 0, 0))
2018-04-17 02:14:23.935257;(7, (449, 395, 42, 2, 0, 0, 0, 0, 0, 0))
2018-04-17 02:14:23.943595;(3, (1167, 1008, 564, 1, 0, 0, 0, 0, 0, 0))
2018-04-17 02:14:23.983119;(9, (516, 401, 10, 0, 0, 0, 0, 0, 0, 0))
2018-04-17 02:14:24.031523;(5, (784, 591, 118, 0, 0, 0, 0, 0, 0, 0))
2018-04-17 02:14:24.044608;(4, (551, 443, 7, 0, 0, 0, 0, 0, 0, 0))
2018-04-17 02:14:24.111787;(10, (788, 748, 275, 0, 0, 0, 0, 0, 0, 0))
2018-04-17 02:14:24.147155;(19, (413, 417, 31, 3, 0, 0, 0, 0, 0, 0))
2018-04-17 02:14:24.193239;(8, (567, 456, 35, 0, 0, 0, 0, 0, 0, 0))
2018-04-17 02:14:24.243614;(21, (838, 763, 328, 1, 0, 0, 0, 0, 0, 0))
2018-04-17 02:14:24.279185;(20, (794, 510, 55, 1, 0, 0, 0, 0, 0, 0))
2018-04-17 02:14:24.310431;(18, (430, 395, 7, 0, 0, 0, 0, 0, 0, 0))
2018-04-17 02:14:24.350873;(24, (586, 453, 8, 2, 0, 0, 0, 0, 0, 0))
2018-04-17 02:14:24.416929;(6, (597, 449, 42, 0, 0, 0, 0, 0, 0, 0))
2018-04-17 02:14:24.455926;(23, (596, 456, 46, 0, 0, 0, 0, 0, 0, 0))
2018-04-17 02:14:24.524402;(11, (803, 776, 310, 0, 0, 0, 0, 0, 0, 0))
2018-04-17 02:14:24.532320;(17, (572, 440, 18, 1, 0, 0, 0, 0, 0, 0))
2018-04-17 02:14:24.610914;(1, (1842, 1335, 1086, 543, 0, 0, 0, 0, 0, 0))
2018-04-17 02:14:24.614365;(12, (710, 610, 184, 1, 0, 0, 0, 0, 0, 0))
2018-04-17 02:14:24.714071;(22, (872, 679, 229, 0, 0, 0, 0, 0, 0, 0))
2018-04-17 02:14:24.730208;(15, (616, 434, 2, 0, 0, 0, 0, 0, 0, 0))
2018-04-17 02:14:24.783885;(25, (519, 417, 0, 0, 0, 0, 0, 0, 0, 0))
2018-04-17 02:14:24.816137;(16, (419, 380, 0, 0, 0, 0, 0, 0, 0, 0))
2018-04-17 02:15:24.838318;(2, (649, 604, 200, 1, 0, 0, 0, 0, 0, 0))
2018-04-17 02:15:24.872495;(13, (525, 451, 13, 1, 0, 0, 0, 0, 0, 0))
2018-04-17 02:15:24.887803;(14, (542, 449, 8, 0, 0, 0, 0, 0, 0, 0))
2018-04-17 02:15:24.922600;(26, (682, 495, 63, 0, 0, 0, 0, 0, 0, 0))
2018-04-17 02:15:24.953889;(7, (459, 405, 42, 2, 0, 0, 0, 0, 0, 0))
2018-04-17 02:15:24.961501;(3, (1183, 1021, 564, 1, 0, 0, 0, 0, 0, 0))
2018-04-17 02:15:25.000339;(9, (536, 416, 10, 0, 0, 0, 0, 0, 0, 0))
2018-04-17 02:15:25.048442;(5, (806, 602, 118, 0, 0, 0, 0, 0, 0, 0))
2018-04-17 02:15:25.061790;(4, (567, 454, 7, 0, 0, 0, 0, 0, 0, 0))
2018-04-17 02:15:25.128821;(10, (805, 761, 275, 0, 0, 0, 0, 0, 0, 0))
2018-04-17 02:15:25.164826;(19, (425, 427, 31, 3, 0, 0, 0, 0, 0, 0))
2018-04-17 02:15:25.211036;(8, (583, 467, 35, 0, 0, 0, 0, 0, 0, 0))
2018-04-17 02:15:25.260984;(21, (849, 773, 328, 1, 0, 0, 0, 0, 0, 0))
2018-04-17 02:15:25.296621;(20, (818, 524, 55, 1, 0, 0, 0, 0, 0, 0))
2018-04-17 02:15:25.327824;(18, (443, 406, 7, 0, 0, 0, 0, 0, 0, 0))
2018-04-17 02:15:25.368656;(24, (603, 464, 8, 2, 0, 0, 0, 0, 0, 0))
2018-04-17 02:15:25.435083;(6, (616, 462, 42, 0, 0, 0, 0, 0, 0, 0))
2018-04-17 02:15:25.473763;(23, (613, 467, 46, 0, 0, 0, 0, 0, 0, 0))
2018-04-17 02:15:25.542633;(11, (814, 788, 310, 0, 0, 0, 0, 0, 0, 0))
2018-04-17 02:15:25.550036;(17, (595, 454, 18, 1, 0, 0, 0, 0, 0, 0))
2018-04-17 02:15:25.628634;(1, (1856, 1345, 1086, 543, 0, 0, 0, 0, 0, 0))
2018-04-17 02:15:25.631922;(12, (723, 620, 184, 1, 0, 0, 0, 0, 0, 0))
2018-04-17 02:15:25.732121;(22, (890, 690, 229, 0, 0, 0, 0, 0, 0, 0))
2018-04-17 02:15:25.749038;(15, (640, 445, 2, 0, 0, 0, 0, 0, 0, 0))
2018-04-17 02:15:25.802088;(25, (535, 428, 0, 0, 0, 0, 0, 0, 0, 0))
2018-04-17 02:15:25.836244;(16, (433, 391, 0, 0, 0, 0, 0, 0, 0, 0))
2018-04-17 02:16:24.855641;(2, (664, 618, 200, 1, 0, 0, 0, 0, 0, 0))
2018-04-17 02:16:24.891779;(13, (538, 462, 13, 1, 0, 0, 0, 0, 0, 0))
2018-04-17 02:16:24.904989;(14, (558, 460, 8, 0, 0, 0, 0, 0, 0, 0))
2018-04-17 02:16:24.943108;(26, (700, 506, 63, 0, 0, 0, 0, 0, 0, 0))
2018-04-17 02:16:24.972350;(7, (469, 415, 42, 2, 0, 0, 0, 0, 0, 0))
2018-04-17 02:16:24.979444;(3, (1195, 1031, 564, 1, 0, 0, 0, 0, 0, 0))
2018-04-17 02:16:25.017583;(9, (551, 426, 10, 0, 0, 0, 0, 0, 0, 0))
2018-04-17 02:16:25.065895;(5, (823, 613, 118, 0, 0, 0, 0, 0, 0, 0))
2018-04-17 02:16:25.078344;(4, (584, 465, 7, 0, 0, 0, 0, 0, 0, 0))
2018-04-17 02:16:25.145726;(10, (818, 772, 275, 0, 0, 0, 0, 0, 0, 0))
2018-04-17 02:16:25.181147;(19, (435, 437, 31, 3, 0, 0, 0, 0, 0, 0))
2018-04-17 02:16:25.228009;(8, (597, 478, 35, 0, 0, 0, 0, 0, 0, 0))
2018-04-17 02:16:25.277761;(21, (860, 783, 328, 1, 0, 0, 0, 0, 0, 0))
2018-04-17 02:16:25.313638;(20, (835, 537, 55, 1, 0, 0, 0, 0, 0, 0))
2018-04-17 02:16:25.344868;(18, (456, 417, 7, 0, 0, 0, 0, 0, 0, 0))
2018-04-17 02:16:25.388701;(24, (621, 475, 8, 2, 0, 0, 0, 0, 0, 0))
2018-04-17 02:16:25.454840;(6, (626, 473, 42, 0, 0, 0, 0, 0, 0, 0))
2018-04-17 02:16:25.491215;(23, (627, 477, 46, 0, 0, 0, 0, 0, 0, 0))
2018-04-17 02:16:25.560494;(11, (825, 798, 310, 0, 0, 0, 0, 0, 0, 0))
2018-04-17 02:16:25.568316;(17, (615, 469, 18, 1, 0, 0, 0, 0, 0, 0))
2018-04-17 02:16:25.646060;(1, (1867, 1355, 1086, 543, 0, 0, 0, 0, 0, 0))
2018-04-17 02:16:25.649228;(12, (734, 630, 184, 1, 0, 0, 0, 0, 0, 0))
2018-04-17 02:16:25.749560;(22, (904, 700, 229, 0, 0, 0, 0, 0, 0, 0))
2018-04-17 02:16:25.767476;(15, (657, 456, 2, 0, 0, 0, 0, 0, 0, 0))
2018-04-17 02:16:25.821004;(25, (549, 439, 0, 0, 0, 0, 0, 0, 0, 0))
2018-04-17 02:16:25.854263;(16, (446, 402, 0, 0, 0, 0, 0, 0, 0, 0))
2018-04-17 02:17:24.872604;(2, (674, 628, 200, 1, 0, 0, 0, 0, 0, 0))
2018-04-17 02:17:24.909868;(13, (552, 472, 13, 1, 0, 0, 0, 0, 0, 0))
2018-04-17 02:17:24.924316;(14, (572, 470, 8, 0, 0, 0, 0, 0, 0, 0))
2018-04-17 02:17:24.962193;(26, (714, 517, 63, 0, 0, 0, 0, 0, 0, 0))
2018-04-17 02:17:24.990413;(7, (479, 425, 42, 2, 0, 0, 0, 0, 0, 0))
2018-04-17 02:17:24.996067;(3, (1207, 1041, 564, 1, 0, 0, 0, 0, 0, 0))
2018-04-17 02:17:25.034743;(9, (565, 437, 10, 0, 0, 0, 0, 0, 0, 0))
2018-04-17 02:17:25.082251;(5, (837, 623, 118, 0, 0, 0, 0, 0, 0, 0))
2018-04-17 02:17:25.094476;(4, (598, 475, 7, 0, 0, 0, 0, 0, 0, 0))
2018-04-17 02:17:25.161987;(10, (829, 782, 275, 0, 0, 0, 0, 0, 0, 0))
2018-04-17 02:17:25.197343;(19, (445, 447, 31, 3, 0, 0, 0, 0, 0, 0))
2018-04-17 02:17:25.244639;(8, (610, 488, 35, 0, 0, 0, 0, 0, 0, 0))
2018-04-17 02:17:25.295396;(21, (871, 793, 328, 1, 0, 0, 0, 0, 0, 0))
2018-04-17 02:17:25.330547;(20, (849, 548, 55, 1, 0, 0, 0, 0, 0, 0))
2018-04-17 02:17:25.363080;(18, (467, 427, 7, 0, 0, 0, 0, 0, 0, 0))
2018-04-17 02:17:25.406248;(24, (634, 486, 8, 2, 0, 0, 0, 0, 0, 0))
2018-04-17 02:17:25.472433;(6, (637, 484, 42, 0, 0, 0, 0, 0, 0, 0))
2018-04-17 02:17:25.508300;(23, (640, 487, 46, 0, 0, 0, 0, 0, 0, 0))
2018-04-17 02:17:25.578558;(11, (835, 808, 310, 0, 0, 0, 0, 0, 0, 0))
2018-04-17 02:17:25.586738;(17, (633, 486, 18, 1, 0, 0, 0, 0, 0, 0))
2018-04-17 02:17:25.664267;(1, (1878, 1365, 1086, 543, 0, 0, 0, 0, 0, 0))
2018-04-17 02:17:25.666730;(12, (745, 640, 184, 1, 0, 0, 0, 0, 0, 0))
2018-04-17 02:17:25.767010;(22, (917, 710, 229, 0, 0, 0, 0, 0, 0, 0))
2018-04-17 02:17:25.784782;(15, (669, 467, 2, 0, 0, 0, 0, 0, 0, 0))
2018-04-17 02:17:25.839485;(25, (561, 450, 0, 0, 0, 0, 0, 0, 0, 0))
2018-04-17 02:17:25.872245;(16, (458, 412, 0, 0, 0, 0, 0, 0, 0, 0))
2018-04-17 02:18:24.889743;(2, (685, 638, 200, 1, 0, 0, 0, 0, 0, 0))
2018-04-17 02:18:24.927612;(13, (565, 483, 13, 1, 0, 0, 0, 0, 0, 0))
2018-04-17 02:18:24.941889;(14, (584, 481, 8, 0, 0, 0, 0, 0, 0, 0))
2018-04-17 02:18:24.981992;(26, (729, 527, 63, 0, 0, 0, 0, 0, 0, 0))
2018-04-17 02:18:25.007583;(7, (489, 435, 42, 2, 0, 0, 0, 0, 0, 0))
2018-04-17 02:18:25.013887;(3, (1218, 1051, 564, 1, 0, 0, 0, 0, 0, 0))
2018-04-17 02:18:25.051561;(9, (578, 448, 10, 0, 0, 0, 0, 0, 0, 0))
2018-04-17 02:18:25.099027;(5, (852, 634, 118, 0, 0, 0, 0, 0, 0, 0))
2018-04-17 02:18:25.111058;(4, (609, 486, 7, 0, 0, 0, 0, 0, 0, 0))
2018-04-17 02:18:25.178502;(10, (842, 793, 275, 0, 0, 0, 0, 0, 0, 0))
2018-04-17 02:18:25.213620;(19, (456, 457, 31, 3, 0, 0, 0, 0, 0, 0))
2018-04-17 02:18:25.260788;(8, (621, 499, 35, 0, 0, 0, 0, 0, 0, 0))
2018-04-17 02:18:25.312471;(21, (881, 803, 328, 1, 0, 0, 0, 0, 0, 0))
2018-04-17 02:18:25.347886;(20, (864, 558, 55, 1, 0, 0, 0, 0, 0, 0))
2018-04-17 02:18:25.381251;(18, (479, 438, 7, 0, 0, 0, 0, 0, 0, 0))
2018-04-17 02:18:25.424112;(24, (647, 496, 8, 2, 0, 0, 0, 0, 0, 0))
2018-04-17 02:18:25.489693;(6, (648, 494, 42, 0, 0, 0, 0, 0, 0, 0))
2018-04-17 02:18:25.526016;(23, (652, 497, 46, 0, 0, 0, 0, 0, 0, 0))
2018-04-17 02:18:25.596623;(11, (846, 819, 310, 0, 0, 0, 0, 0, 0, 0))
2018-04-17 02:18:25.604248;(17, (646, 496, 18, 1, 0, 0, 0, 0, 0, 0))
2018-04-17 02:18:25.682265;(1, (1888, 1375, 1086, 543, 0, 0, 0, 0, 0, 0))
2018-04-17 02:18:25.684458;(12, (756, 650, 184, 1, 0, 0, 0, 0, 0, 0))
2018-04-17 02:18:25.784789;(22, (929, 720, 229, 0, 0, 0, 0, 0, 0, 0))
2018-04-17 02:18:25.802517;(15, (684, 477, 2, 0, 0, 0, 0, 0, 0, 0))
2018-04-17 02:18:25.858841;(25, (574, 460, 0, 0, 0, 0, 0, 0, 0, 0))
2018-04-17 02:18:25.889753;(16, (469, 423, 0, 0, 0, 0, 0, 0, 0, 0))
2018-04-17 02:19:24.907750;(2, (696, 648, 200, 1, 0, 0, 0, 0, 0, 0))
2018-04-17 02:19:24.945402;(13, (576, 493, 13, 1, 0, 0, 0, 0, 0, 0))
2018-04-17 02:19:24.960080;(14, (594, 491, 8, 0, 0, 0, 0, 0, 0, 0))
2018-04-17 02:19:24.999856;(26, (740, 537, 63, 0, 0, 0, 0, 0, 0, 0))
2018-04-17 02:19:25.026189;(7, (500, 447, 42, 2, 0, 0, 0, 0, 0, 0))
2018-04-17 02:19:25.032812;(3, (1231, 1062, 564, 1, 0, 0, 0, 0, 0, 0))
2018-04-17 02:19:25.068194;(9, (589, 458, 10, 0, 0, 0, 0, 0, 0, 0))
2018-04-17 02:19:25.115524;(5, (862, 644, 118, 0, 0, 0, 0, 0, 0, 0))
2018-04-17 02:19:25.127339;(4, (620, 496, 7, 0, 0, 0, 0, 0, 0, 0))
2018-04-17 02:19:25.195113;(10, (852, 803, 275, 0, 0, 0, 0, 0, 0, 0))
2018-04-17 02:19:25.229893;(19, (467, 468, 31, 3, 0, 0, 0, 0, 0, 0))
2018-04-17 02:19:25.276958;(8, (633, 509, 35, 0, 0, 0, 0, 0, 0, 0))
2018-04-17 02:19:25.329970;(21, (894, 814, 328, 1, 0, 0, 0, 0, 0, 0))
2018-04-17 02:19:25.365358;(20, (875, 569, 55, 1, 0, 0, 0, 0, 0, 0))
2018-04-17 02:19:25.398895;(18, (489, 448, 7, 0, 0, 0, 0, 0, 0, 0))
2018-04-17 02:19:25.442091;(24, (658, 506, 8, 2, 0, 0, 0, 0, 0, 0))
2018-04-17 02:19:25.507245;(6, (659, 504, 42, 0, 0, 0, 0, 0, 0, 0))
2018-04-17 02:19:25.543164;(23, (663, 508, 46, 0, 0, 0, 0, 0, 0, 0))
2018-04-17 02:19:25.615429;(11, (857, 829, 310, 0, 0, 0, 0, 0, 0, 0))
2018-04-17 02:19:25.623530;(17, (658, 506, 18, 1, 0, 0, 0, 0, 0, 0))
2018-04-17 02:19:25.700264;(1, (1901, 1385, 1086, 543, 0, 0, 0, 0, 0, 0))
2018-04-17 02:19:25.702304;(12, (768, 660, 184, 1, 0, 0, 0, 0, 0, 0))
2018-04-17 02:19:25.803277;(22, (941, 730, 229, 0, 0, 0, 0, 0, 0, 0))
2018-04-17 02:19:25.820358;(15, (696, 487, 2, 0, 0, 0, 0, 0, 0, 0))
2018-04-17 02:19:25.876643;(25, (584, 470, 0, 0, 0, 0, 0, 0, 0, 0))
2018-04-17 02:19:25.908770;(16, (480, 433, 0, 0, 0, 0, 0, 0, 0, 0))
2018-04-17 02:20:24.926886;(2, (710, 659, 200, 1, 0, 0, 0, 0, 0, 0))
2018-04-17 02:20:24.963094;(13, (586, 503, 13, 1, 0, 0, 0, 0, 0, 0))
2018-04-17 02:20:24.977356;(14, (604, 501, 8, 0, 0, 0, 0, 0, 0, 0))
2018-04-17 02:20:25.018830;(26, (750, 547, 63, 0, 0, 0, 0, 0, 0, 0))
2018-04-17 02:20:25.049817;(7, (513, 462, 42, 2, 0, 0, 0, 0, 0, 0))
2018-04-17 02:20:25.052521;(3, (1246, 1075, 564, 1, 0, 0, 0, 0, 0, 0))
2018-04-17 02:20:25.085182;(9, (599, 468, 10, 0, 0, 0, 0, 0, 0, 0))
2018-04-17 02:20:25.132186;(5, (872, 654, 118, 0, 0, 0, 0, 0, 0, 0))
2018-04-17 02:20:25.143667;(4, (630, 506, 7, 0, 0, 0, 0, 0, 0, 0))
2018-04-17 02:20:25.212540;(10, (862, 813, 275, 0, 0, 0, 0, 0, 0, 0))
2018-04-17 02:20:25.246503;(19, (481, 478, 31, 3, 0, 0, 0, 0, 0, 0))
2018-04-17 02:20:25.293185;(8, (643, 519, 35, 0, 0, 0, 0, 0, 0, 0))
2018-04-17 02:20:25.347507;(21, (910, 825, 328, 1, 0, 0, 0, 0, 0, 0))
2018-04-17 02:20:25.384100;(20, (885, 579, 55, 1, 0, 0, 0, 0, 0, 0))
2018-04-17 02:20:25.416835;(18, (499, 458, 7, 0, 0, 0, 0, 0, 0, 0))
2018-04-17 02:20:25.461256;(24, (668, 516, 8, 2, 0, 0, 0, 0, 0, 0))
2018-04-17 02:20:25.525410;(6, (671, 514, 42, 0, 0, 0, 0, 0, 0, 0))
2018-04-17 02:20:25.560871;(23, (673, 518, 46, 0, 0, 0, 0, 0, 0, 0))
2018-04-17 02:20:25.634444;(11, (869, 839, 310, 0, 0, 0, 0, 0, 0, 0))
2018-04-17 02:20:25.642055;(17, (668, 516, 18, 1, 0, 0, 0, 0, 0, 0))
2018-04-17 02:20:25.720046;(1, (1919, 1395, 1086, 543, 0, 0, 0, 0, 0, 0))
2018-04-17 02:20:25.720389;(12, (784, 673, 184, 1, 0, 0, 0, 0, 0, 0))
2018-04-17 02:20:25.821156;(22, (953, 741, 229, 0, 0, 0, 0, 0, 0, 0))
2018-04-17 02:20:25.837957;(15, (706, 497, 2, 0, 0, 0, 0, 0, 0, 0))
2018-04-17 02:20:25.894384;(25, (594, 480, 0, 0, 0, 0, 0, 0, 0, 0))
2018-04-17 02:20:25.927765;(16, (490, 443, 0, 0, 0, 0, 0, 0, 0, 0))
2018-04-17 02:21:24.944584;(2, (722, 669, 200, 1, 0, 0, 0, 0, 0, 0))
2018-04-17 02:21:24.981857;(13, (598, 514, 13, 1, 0, 0, 0, 0, 0, 0))
2018-04-17 02:21:24.996016;(14, (616, 512, 8, 0, 0, 0, 0, 0, 0, 0))
2018-04-17 02:21:25.037329;(26, (762, 557, 63, 0, 0, 0, 0, 0, 0, 0))
2018-04-17 02:21:25.070884;(7, (524, 473, 42, 2, 0, 0, 0, 0, 0, 0))
2018-04-17 02:21:25.073381;(3, (1261, 1086, 564, 1, 0, 0, 0, 0, 0, 0))
2018-04-17 02:21:25.102428;(9, (610, 479, 10, 0, 0, 0, 0, 0, 0, 0))
2018-04-17 02:21:25.149264;(5, (886, 664, 118, 0, 0, 0, 0, 0, 0, 0))
2018-04-17 02:21:25.160695;(4, (642, 516, 7, 0, 0, 0, 0, 0, 0, 0))
2018-04-17 02:21:25.229637;(10, (872, 824, 275, 0, 0, 0, 0, 0, 0, 0))
2018-04-17 02:21:25.263273;(19, (493, 488, 31, 3, 0, 0, 0, 0, 0, 0))
2018-04-17 02:21:25.309681;(8, (654, 530, 35, 0, 0, 0, 0, 0, 0, 0))
2018-04-17 02:21:25.364904;(21, (922, 837, 328, 1, 0, 0, 0, 0, 0, 0))
2018-04-17 02:21:25.402778;(20, (899, 589, 55, 1, 0, 0, 0, 0, 0, 0))
2018-04-17 02:21:25.434957;(18, (510, 468, 7, 0, 0, 0, 0, 0, 0, 0))
2018-04-17 02:21:25.479891;(24, (682, 526, 8, 2, 0, 0, 0, 0, 0, 0))
2018-04-17 02:21:25.543792;(6, (683, 525, 42, 0, 0, 0, 0, 0, 0, 0))
2018-04-17 02:21:25.578913;(23, (685, 528, 46, 0, 0, 0, 0, 0, 0, 0))
2018-04-17 02:21:25.652864;(11, (880, 849, 310, 0, 0, 0, 0, 0, 0, 0))
2018-04-17 02:21:25.660240;(17, (681, 526, 18, 1, 0, 0, 0, 0, 0, 0))
2018-04-17 02:21:25.742168;(12, (797, 683, 184, 1, 0, 0, 0, 0, 0, 0))
2018-04-17 02:21:25.742520;(1, (1933, 1405, 1086, 543, 0, 0, 0, 0, 0, 0))
2018-04-17 02:21:25.839068;(22, (965, 751, 229, 0, 0, 0, 0, 0, 0, 0))
2018-04-17 02:21:25.855861;(15, (719, 507, 2, 0, 0, 0, 0, 0, 0, 0))
2018-04-17 02:21:25.912378;(25, (606, 491, 0, 0, 0, 0, 0, 0, 0, 0))
2018-04-17 02:21:25.946223;(16, (501, 453, 0, 0, 0, 0, 0, 0, 0, 0))
2018-04-17 02:22:24.962022;(2, (734, 679, 200, 1, 0, 0, 0, 0, 0, 0))
2018-04-17 02:22:25.000503;(13, (612, 524, 13, 1, 0, 0, 0, 0, 0, 0))
2018-04-17 02:22:25.013692;(14, (630, 522, 8, 0, 0, 0, 0, 0, 0, 0))
2018-04-17 02:22:25.057985;(26, (777, 568, 63, 0, 0, 0, 0, 0, 0, 0))
2018-04-17 02:22:25.089471;(7, (534, 484, 42, 2, 0, 0, 0, 0, 0, 0))
2018-04-17 02:22:25.093545;(3, (1272, 1096, 564, 1, 0, 0, 0, 0, 0, 0))
2018-04-17 02:22:25.120197;(9, (625, 489, 10, 0, 0, 0, 0, 0, 0, 0))
2018-04-17 02:22:25.166189;(5, (900, 675, 118, 0, 0, 0, 0, 0, 0, 0))
2018-04-17 02:22:25.177775;(4, (656, 527, 7, 0, 0, 0, 0, 0, 0, 0))
2018-04-17 02:22:25.247044;(10, (885, 834, 275, 0, 0, 0, 0, 0, 0, 0))
2018-04-17 02:22:25.281008;(19, (505, 498, 31, 3, 0, 0, 0, 0, 0, 0))
2018-04-17 02:22:25.326568;(8, (668, 540, 35, 0, 0, 0, 0, 0, 0, 0))
2018-04-17 02:22:25.382566;(21, (933, 847, 328, 1, 0, 0, 0, 0, 0, 0))
2018-04-17 02:22:25.420173;(20, (914, 600, 55, 1, 0, 0, 0, 0, 0, 0))
2018-04-17 02:22:25.452641;(18, (522, 479, 7, 0, 0, 0, 0, 0, 0, 0))
2018-04-17 02:22:25.497805;(24, (695, 537, 8, 2, 0, 0, 0, 0, 0, 0))
2018-04-17 02:22:25.561676;(6, (695, 536, 42, 0, 0, 0, 0, 0, 0, 0))
2018-04-17 02:22:25.597197;(23, (698, 538, 46, 0, 0, 0, 0, 0, 0, 0))
2018-04-17 02:22:25.671303;(11, (890, 860, 310, 0, 0, 0, 0, 0, 0, 0))
2018-04-17 02:22:25.678516;(17, (694, 537, 18, 1, 0, 0, 0, 0, 0, 0))
2018-04-17 02:22:25.764216;(12, (809, 693, 184, 1, 0, 0, 0, 0, 0, 0))
2018-04-17 02:22:25.764604;(1, (1944, 1415, 1086, 543, 0, 0, 0, 0, 0, 0))
2018-04-17 02:22:25.856693;(22, (978, 761, 229, 0, 0, 0, 0, 0, 0, 0))
2018-04-17 02:22:25.873638;(15, (733, 518, 2, 0, 0, 0, 0, 0, 0, 0))
2018-04-17 02:22:25.930267;(25, (619, 501, 0, 0, 0, 0, 0, 0, 0, 0))
2018-04-17 02:22:25.963748;(16, (513, 464, 0, 0, 0, 0, 0, 0, 0, 0))
2018-04-17 02:23:24.982334;(2, (763, 718, 200, 1, 0, 0, 0, 0, 0, 0))
2018-04-17 02:23:25.018428;(13, (622, 534, 13, 1, 0, 0, 0, 0, 0, 0))
2018-04-17 02:23:25.032142;(14, (640, 532, 8, 0, 0, 0, 0, 0, 0, 0))
2018-04-17 02:23:25.076063;(26, (787, 578, 63, 0, 0, 0, 0, 0, 0, 0))
2018-04-17 02:23:25.107037;(7, (544, 494, 42, 2, 0, 0, 0, 0, 0, 0))
2018-04-17 02:23:25.111965;(3, (1302, 1126, 583, 1, 0, 0, 0, 0, 0, 0))
2018-04-17 02:23:25.138028;(9, (635, 499, 10, 0, 0, 0, 0, 0, 0, 0))
2018-04-17 02:23:25.183367;(5, (910, 685, 118, 0, 0, 0, 0, 0, 0, 0))
2018-04-17 02:23:25.194845;(4, (666, 537, 7, 0, 0, 0, 0, 0, 0, 0))
2018-04-17 02:23:25.263875;(10, (895, 844, 275, 0, 0, 0, 0, 0, 0, 0))
2018-04-17 02:23:25.298923;(19, (515, 508, 31, 3, 0, 0, 0, 0, 0, 0))
2018-04-17 02:23:25.343176;(8, (678, 550, 35, 0, 0, 0, 0, 0, 0, 0))
2018-04-17 02:23:25.399350;(21, (964, 878, 348, 1, 0, 0, 0, 0, 0, 0))
2018-04-17 02:23:25.437224;(20, (924, 610, 55, 1, 0, 0, 0, 0, 0, 0))
2018-04-17 02:23:25.469769;(18, (532, 489, 7, 0, 0, 0, 0, 0, 0, 0))
2018-04-17 02:23:25.515364;(24, (705, 547, 8, 2, 0, 0, 0, 0, 0, 0))
2018-04-17 02:23:25.579191;(6, (705, 546, 42, 0, 0, 0, 0, 0, 0, 0))
2018-04-17 02:23:25.614361;(23, (708, 548, 46, 0, 0, 0, 0, 0, 0, 0))
2018-04-17 02:23:25.688922;(11, (900, 870, 310, 0, 0, 0, 0, 0, 0, 0))
2018-04-17 02:23:25.695950;(17, (704, 547, 18, 1, 0, 0, 0, 0, 0, 0))
2018-04-17 02:23:25.782501;(12, (819, 703, 184, 1, 0, 0, 0, 0, 0, 0))
2018-04-17 02:23:25.788520;(1, (1996, 1466, 1126, 563, 0, 0, 0, 0, 0, 0))
2018-04-17 02:23:25.876658;(22, (989, 771, 229, 0, 0, 0, 0, 0, 0, 0))
2018-04-17 02:23:25.890826;(15, (743, 528, 2, 0, 0, 0, 0, 0, 0, 0))
2018-04-17 02:23:25.948072;(25, (629, 511, 0, 0, 0, 0, 0, 0, 0, 0))
2018-04-17 02:23:25.982005;(16, (523, 474, 0, 0, 0, 0, 0, 0, 0, 0))
2018-04-17 02:24:24.993182;(2, (916, 860, 291, 1, 0, 0, 0, 0, 0, 0))
2018-04-17 02:24:25.035745;(13, (686, 593, 13, 1, 0, 0, 0, 0, 0, 0))
2018-04-17 02:24:25.046521;(14, (687, 579, 8, 2, 0, 0, 0, 0, 0, 0))
2018-04-17 02:24:25.091120;(26, (960, 738, 133, 1, 0, 0, 0, 0, 0, 0))
2018-04-17 02:24:25.123899;(7, (629, 591, 65, 2, 0, 0, 0, 0, 0, 0))
2018-04-17 02:24:25.128100;(3, (1797, 1614, 978, 1, 0, 0, 0, 0, 0, 0))
2018-04-17 02:24:25.157450;(9, (696, 585, 12, 6, 0, 0, 0, 0, 0, 0))
2018-04-17 02:24:25.200283;(5, (988, 762, 125, 1, 0, 0, 0, 0, 0, 0))
2018-04-17 02:24:25.210128;(4, (736, 599, 7, 0, 0, 0, 0, 0, 0, 0))
2018-04-17 02:24:25.279436;(10, (1076, 1040, 377, 2, 0, 0, 0, 0, 0, 0))
2018-04-17 02:24:25.316071;(19, (574, 582, 33, 3, 0, 0, 0, 0, 0, 0))
2018-04-17 02:24:25.359380;(8, (764, 638, 61, 0, 0, 0, 0, 0, 0, 0))
2018-04-17 02:24:25.415244;(21, (1208, 1117, 503, 1, 0, 0, 0, 0, 0, 0))
2018-04-17 02:24:25.452797;(20, (1054, 731, 93, 1, 0, 0, 0, 0, 0, 0))
2018-04-17 02:24:25.486320;(18, (620, 586, 28, 0, 0, 0, 0, 0, 0, 0))
2018-04-17 02:24:25.531952;(24, (783, 625, 8, 3, 0, 0, 0, 0, 0, 0))
2018-04-17 02:24:25.595897;(6, (891, 745, 166, 0, 0, 0, 0, 0, 0, 0))
2018-04-17 02:24:25.629731;(23, (762, 604, 46, 0, 0, 0, 0, 0, 0, 0))
2018-04-17 02:24:25.704185;(11, (1113, 1105, 432, 0, 0, 0, 0, 0, 0, 0))
2018-04-17 02:24:25.710428;(17, (825, 663, 97, 1, 0, 0, 0, 0, 0, 0))
2018-04-17 02:24:25.800271;(12, (971, 847, 256, 1, 0, 0, 0, 0, 0, 0))
2018-04-17 02:24:25.806916;(1, (2563, 1977, 1626, 813, 0, 0, 0, 0, 0, 0))
2018-04-17 02:24:25.894997;(22, (1129, 907, 293, 0, 0, 0, 0, 0, 0, 0))
2018-04-17 02:24:25.907482;(15, (829, 612, 22, 0, 0, 0, 0, 0, 0, 0))
2018-04-17 02:24:25.962090;(25, (700, 572, 0, 0, 0, 0, 0, 0, 0, 0))
2018-04-17 02:24:25.998324;(16, (577, 542, 0, 0, 0, 0, 0, 0, 0, 0))
2018-04-17 02:25:25.008863;(2, (943, 881, 300, 1, 0, 0, 0, 0, 0, 0))
2018-04-17 02:25:25.051515;(13, (707, 603, 13, 1, 0, 0, 0, 0, 0, 0))
2018-04-17 02:25:25.066480;(14, (722, 629, 8, 2, 0, 0, 0, 0, 0, 0))
2018-04-17 02:25:25.106733;(26, (999, 760, 142, 1, 0, 0, 0, 0, 0, 0))
2018-04-17 02:25:25.140003;(7, (649, 605, 65, 2, 0, 0, 0, 0, 0, 0))
2018-04-17 02:25:25.145103;(3, (1836, 1642, 991, 1, 0, 0, 0, 0, 0, 0))
2018-04-17 02:25:25.174108;(9, (712, 604, 12, 6, 0, 0, 0, 0, 0, 0))
2018-04-17 02:25:25.216708;(5, (1013, 775, 125, 1, 0, 0, 0, 0, 0, 0))
2018-04-17 02:25:25.226876;(4, (757, 610, 7, 0, 0, 0, 0, 0, 0, 0))
2018-04-17 02:25:25.296450;(10, (1100, 1063, 386, 2, 0, 0, 0, 0, 0, 0))
2018-04-17 02:25:25.332217;(19, (590, 601, 33, 3, 0, 0, 0, 0, 0, 0))
2018-04-17 02:25:25.375942;(8, (789, 659, 61, 0, 0, 0, 0, 0, 0, 0))
2018-04-17 02:25:25.430992;(21, (1245, 1140, 512, 1, 0, 0, 0, 0, 0, 0))
2018-04-17 02:25:25.468695;(20, (1104, 770, 110, 1, 0, 0, 0, 0, 0, 0))
2018-04-17 02:25:25.503612;(18, (646, 608, 37, 0, 0, 0, 0, 0, 0, 0))
2018-04-17 02:25:25.548306;(24, (809, 640, 8, 3, 0, 0, 0, 0, 0, 0))
2018-04-17 02:25:25.612423;(6, (943, 798, 188, 0, 0, 0, 0, 0, 0, 0))
2018-04-17 02:25:25.645345;(23, (783, 614, 46, 0, 0, 0, 0, 0, 0, 0))
2018-04-17 02:25:25.720017;(11, (1145, 1127, 441, 0, 0, 0, 0, 0, 0, 0))
2018-04-17 02:25:25.726612;(17, (868, 709, 97, 1, 0, 0, 0, 0, 0, 0))
2018-04-17 02:25:25.816332;(12, (995, 866, 256, 1, 0, 0, 0, 0, 0, 0))
2018-04-17 02:25:25.822417;(1, (2650, 2035, 1674, 837, 0, 0, 0, 0, 0, 0))
2018-04-17 02:25:25.912200;(22, (1211, 968, 328, 0, 0, 0, 0, 0, 0, 0))
2018-04-17 02:25:25.924031;(15, (862, 631, 22, 0, 0, 0, 0, 0, 0, 0))
2018-04-17 02:25:25.977772;(25, (725, 583, 0, 0, 0, 0, 0, 0, 0, 0))
2018-04-17 02:25:26.014514;(16, (593, 564, 0, 0, 0, 0, 0, 0, 0, 0))
2018-04-17 02:26:25.068905;(13, (726, 614, 13, 1, 0, 0, 0, 0, 0, 0))
2018-04-17 02:26:25.083609;(14, (739, 640, 8, 2, 0, 0, 0, 0, 0, 0))
2018-04-17 02:26:25.125749;(26, (1018, 771, 142, 1, 0, 0, 0, 0, 0, 0))
2018-04-17 02:26:25.157465;(7, (663, 615, 65, 2, 0, 0, 0, 0, 0, 0))
2018-04-17 02:26:25.163378;(3, (1853, 1652, 991, 1, 0, 0, 0, 0, 0, 0))
2018-04-17 02:26:25.194056;(9, (724, 620, 12, 6, 0, 0, 0, 0, 0, 0))
2018-04-17 02:26:25.233678;(5, (1035, 785, 125, 1, 0, 0, 0, 0, 0, 0))
2018-04-17 02:26:25.313295;(10, (1112, 1073, 386, 2, 0, 0, 0, 0, 0, 0))
2018-04-17 02:26:25.349913;(19, (602, 613, 33, 3, 0, 0, 0, 0, 0, 0))
2018-04-17 02:26:25.447430;(21, (1259, 1150, 512, 1, 0, 0, 0, 0, 0, 0))
2018-04-17 02:26:25.520387;(18, (656, 619, 37, 0, 0, 0, 0, 0, 0, 0))
2018-04-17 02:26:25.565496;(24, (824, 653, 8, 3, 0, 0, 0, 0, 0, 0))
2018-04-17 02:26:25.631814;(6, (961, 811, 188, 0, 0, 0, 0, 0, 0, 0))
2018-04-17 02:26:25.662550;(23, (798, 624, 46, 0, 0, 0, 0, 0, 0, 0))
2018-04-17 02:26:25.737997;(11, (1159, 1137, 441, 0, 0, 0, 0, 0, 0, 0))
2018-04-17 02:26:25.745437;(17, (894, 726, 97, 1, 0, 0, 0, 0, 0, 0))
2018-04-17 02:26:25.834299;(12, (1008, 878, 256, 1, 0, 0, 0, 0, 0, 0))
2018-04-17 02:26:25.839135;(1, (2665, 2045, 1674, 837, 0, 0, 0, 0, 0, 0))
2018-04-17 02:26:25.932229;(22, (1228, 980, 328, 0, 0, 0, 0, 0, 0, 0))
2018-04-17 02:26:25.941778;(15, (883, 644, 22, 0, 0, 0, 0, 0, 0, 0))
2018-04-17 02:26:25.999273;(25, (743, 593, 0, 0, 0, 0, 0, 0, 0, 0))
2018-04-17 02:26:26.025703;(2, (955, 891, 300, 1, 0, 0, 0, 0, 0, 0))
2018-04-17 02:26:26.031441;(16, (607, 576, 0, 0, 0, 0, 0, 0, 0, 0))
2018-04-17 02:26:26.244018;(4, (772, 621, 7, 0, 0, 0, 0, 0, 0, 0))
2018-04-17 02:26:26.393452;(8, (805, 672, 61, 0, 0, 0, 0, 0, 0, 0))
2018-04-17 02:26:26.485639;(20, (1128, 780, 110, 1, 0, 0, 0, 0, 0, 0))
2018-04-17 02:27:26.042506;(2, (966, 901, 300, 1, 0, 0, 0, 0, 0, 0))
2018-04-17 02:27:26.086892;(13, (740, 624, 13, 1, 0, 0, 0, 0, 0, 0))
2018-04-17 02:27:26.101013;(14, (754, 651, 8, 2, 0, 0, 0, 0, 0, 0))
2018-04-17 02:27:26.143186;(26, (1034, 781, 142, 1, 0, 0, 0, 0, 0, 0))
2018-04-17 02:27:26.174809;(7, (674, 625, 65, 2, 0, 0, 0, 0, 0, 0))
2018-04-17 02:27:26.181121;(3, (1867, 1662, 991, 1, 0, 0, 0, 0, 0, 0))
2018-04-17 02:27:26.210983;(9, (736, 631, 12, 6, 0, 0, 0, 0, 0, 0))
2018-04-17 02:27:26.251522;(5, (1051, 796, 125, 1, 0, 0, 0, 0, 0, 0))
2018-04-17 02:27:26.261904;(4, (786, 632, 7, 0, 0, 0, 0, 0, 0, 0))
2018-04-17 02:27:26.332087;(10, (1123, 1083, 386, 2, 0, 0, 0, 0, 0, 0))
2018-04-17 02:27:26.366941;(19, (613, 624, 33, 3, 0, 0, 0, 0, 0, 0))
2018-04-17 02:27:26.410989;(8, (819, 683, 61, 0, 0, 0, 0, 0, 0, 0))
2018-04-17 02:27:26.464233;(21, (1271, 1160, 512, 1, 0, 0, 0, 0, 0, 0))
2018-04-17 02:27:26.502303;(20, (1145, 790, 110, 1, 0, 0, 0, 0, 0, 0))
2018-04-17 02:27:26.537475;(18, (667, 629, 37, 0, 0, 0, 0, 0, 0, 0))
2018-04-17 02:27:26.583034;(24, (838, 664, 8, 3, 0, 0, 0, 0, 0, 0))
2018-04-17 02:27:26.649294;(6, (973, 822, 188, 0, 0, 0, 0, 0, 0, 0))
2018-04-17 02:27:26.680143;(23, (812, 634, 46, 0, 0, 0, 0, 0, 0, 0))
2018-04-17 02:27:26.756025;(11, (1170, 1147, 441, 0, 0, 0, 0, 0, 0, 0))
2018-04-17 02:27:26.763187;(17, (908, 736, 97, 1, 0, 0, 0, 0, 0, 0))
2018-04-17 02:27:26.852478;(12, (1019, 889, 256, 1, 0, 0, 0, 0, 0, 0))
2018-04-17 02:27:26.856082;(1, (2677, 2055, 1674, 837, 0, 0, 0, 0, 0, 0))
2018-04-17 02:27:26.951256;(22, (1241, 990, 328, 0, 0, 0, 0, 0, 0, 0))
2018-04-17 02:27:26.960639;(15, (899, 655, 22, 0, 0, 0, 0, 0, 0, 0))
2018-04-17 02:27:27.016912;(25, (758, 604, 0, 0, 0, 0, 0, 0, 0, 0))
2018-04-17 02:27:27.049158;(16, (619, 587, 0, 0, 0, 0, 0, 0, 0, 0))
2018-04-17 02:28:26.060255;(2, (978, 911, 300, 1, 0, 0, 0, 0, 0, 0))
2018-04-17 02:28:26.104991;(13, (750, 634, 13, 1, 0, 0, 0, 0, 0, 0))
2018-04-17 02:28:26.118471;(14, (765, 661, 8, 2, 0, 0, 0, 0, 0, 0))
2018-04-17 02:28:26.160563;(26, (1046, 792, 142, 1, 0, 0, 0, 0, 0, 0))
2018-04-17 02:28:26.192103;(7, (684, 636, 65, 2, 0, 0, 0, 0, 0, 0))
2018-04-17 02:28:26.198719;(3, (1877, 1672, 991, 1, 0, 0, 0, 0, 0, 0))
2018-04-17 02:28:26.229629;(9, (747, 641, 12, 6, 0, 0, 0, 0, 0, 0))
2018-04-17 02:28:26.270716;(5, (1063, 806, 125, 1, 0, 0, 0, 0, 0, 0))
2018-04-17 02:28:26.280543;(4, (797, 642, 7, 0, 0, 0, 0, 0, 0, 0))
2018-04-17 02:28:26.350065;(10, (1136, 1094, 386, 2, 0, 0, 0, 0, 0, 0))
2018-04-17 02:28:26.384667;(19, (625, 634, 33, 3, 0, 0, 0, 0, 0, 0))
2018-04-17 02:28:26.428358;(8, (829, 693, 61, 0, 0, 0, 0, 0, 0, 0))
2018-04-17 02:28:26.480954;(21, (1282, 1170, 512, 1, 0, 0, 0, 0, 0, 0))
2018-04-17 02:28:26.518972;(20, (1155, 800, 110, 1, 0, 0, 0, 0, 0, 0))
2018-04-17 02:28:26.554965;(18, (679, 640, 37, 0, 0, 0, 0, 0, 0, 0))
2018-04-17 02:28:26.600529;(24, (849, 674, 8, 3, 0, 0, 0, 0, 0, 0))
2018-04-17 02:28:26.666948;(6, (983, 832, 188, 0, 0, 0, 0, 0, 0, 0))
2018-04-17 02:28:26.698497;(23, (822, 644, 46, 0, 0, 0, 0, 0, 0, 0))
2018-04-17 02:28:26.774186;(11, (1181, 1158, 441, 0, 0, 0, 0, 0, 0, 0))
2018-04-17 02:28:26.780931;(17, (918, 746, 97, 1, 0, 0, 0, 0, 0, 0))
2018-04-17 02:28:26.869329;(12, (1031, 899, 256, 1, 0, 0, 0, 0, 0, 0))
2018-04-17 02:28:26.873174;(1, (2688, 2065, 1674, 837, 0, 0, 0, 0, 0, 0))
2018-04-17 02:28:26.968456;(22, (1251, 1000, 328, 0, 0, 0, 0, 0, 0, 0))
2018-04-17 02:28:26.978004;(15, (909, 665, 22, 0, 0, 0, 0, 0, 0, 0))
2018-04-17 02:28:27.035448;(25, (769, 614, 0, 0, 0, 0, 0, 0, 0, 0))
2018-04-17 02:28:27.066685;(16, (629, 597, 0, 0, 0, 0, 0, 0, 0, 0))
2018-04-17 02:29:26.078220;(2, (989, 921, 300, 1, 0, 0, 0, 0, 0, 0))
2018-04-17 02:29:26.122427;(13, (762, 644, 13, 1, 0, 0, 0, 0, 0, 0))
2018-04-17 02:29:26.136132;(14, (777, 672, 8, 2, 0, 0, 0, 0, 0, 0))
2018-04-17 02:29:26.177471;(26, (1059, 802, 142, 1, 0, 0, 0, 0, 0, 0))
2018-04-17 02:29:26.209051;(7, (696, 646, 65, 2, 0, 0, 0, 0, 0, 0))
2018-04-17 02:29:26.216065;(3, (1891, 1682, 991, 1, 0, 0, 0, 0, 0, 0))
2018-04-17 02:29:26.250835;(9, (757, 652, 12, 6, 0, 0, 0, 0, 0, 0))
2018-04-17 02:29:26.291035;(5, (1076, 816, 125, 1, 0, 0, 0, 0, 0, 0))
2018-04-17 02:29:26.299206;(4, (809, 652, 7, 0, 0, 0, 0, 0, 0, 0))
2018-04-17 02:29:26.370282;(10, (1146, 1104, 386, 2, 0, 0, 0, 0, 0, 0))
2018-04-17 02:29:26.402197;(19, (636, 645, 33, 3, 0, 0, 0, 0, 0, 0))
2018-04-17 02:29:26.445498;(8, (842, 704, 61, 0, 0, 0, 0, 0, 0, 0))
2018-04-17 02:29:26.497664;(21, (1295, 1180, 512, 1, 0, 0, 0, 0, 0, 0))
2018-04-17 02:29:26.535539;(20, (1170, 810, 110, 1, 0, 0, 0, 0, 0, 0))
2018-04-17 02:29:26.572596;(18, (689, 650, 37, 0, 0, 0, 0, 0, 0, 0))
2018-04-17 02:29:26.618313;(24, (861, 685, 8, 3, 0, 0, 0, 0, 0, 0))
2018-04-17 02:29:26.684599;(6, (995, 843, 188, 0, 0, 0, 0, 0, 0, 0))
2018-04-17 02:29:26.716186;(23, (834, 654, 46, 0, 0, 0, 0, 0, 0, 0))
2018-04-17 02:29:26.792168;(11, (1193, 1168, 441, 0, 0, 0, 0, 0, 0, 0))
2018-04-17 02:29:26.798500;(17, (931, 756, 97, 1, 0, 0, 0, 0, 0, 0))
2018-04-17 02:29:26.886253;(12, (1043, 910, 256, 1, 0, 0, 0, 0, 0, 0))
2018-04-17 02:29:26.890756;(1, (2700, 2075, 1674, 837, 0, 0, 0, 0, 0, 0))
2018-04-17 02:29:26.985870;(22, (1263, 1010, 328, 0, 0, 0, 0, 0, 0, 0))
2018-04-17 02:29:26.995929;(15, (923, 676, 22, 0, 0, 0, 0, 0, 0, 0))
2018-04-17 02:29:27.053986;(25, (781, 624, 0, 0, 0, 0, 0, 0, 0, 0))
2018-04-17 02:29:27.084507;(16, (641, 608, 0, 0, 0, 0, 0, 0, 0, 0))
2018-04-17 02:30:26.096145;(2, (1000, 931, 300, 1, 0, 0, 0, 0, 0, 0))
2018-04-17 02:30:26.140292;(13, (772, 654, 13, 1, 0, 0, 0, 0, 0, 0))
2018-04-17 02:30:26.154169;(14, (787, 682, 8, 2, 0, 0, 0, 0, 0, 0))
2018-04-17 02:30:26.195911;(26, (1070, 812, 142, 1, 0, 0, 0, 0, 0, 0))
2018-04-17 02:30:26.226066;(7, (706, 656, 65, 2, 0, 0, 0, 0, 0, 0))
2018-04-17 02:30:26.233861;(3, (1901, 1692, 991, 1, 0, 0, 0, 0, 0, 0))
2018-04-17 02:30:26.269031;(9, (767, 662, 12, 6, 0, 0, 0, 0, 0, 0))
2018-04-17 02:30:26.309288;(5, (1087, 826, 125, 1, 0, 0, 0, 0, 0, 0))
2018-04-17 02:30:26.320963;(4, (819, 662, 7, 0, 0, 0, 0, 0, 0, 0))
2018-04-17 02:30:26.387173;(10, (1158, 1114, 386, 2, 0, 0, 0, 0, 0, 0))
2018-04-17 02:30:26.420647;(19, (647, 655, 33, 3, 0, 0, 0, 0, 0, 0))
2018-04-17 02:30:26.463690;(8, (852, 714, 61, 0, 0, 0, 0, 0, 0, 0))
2018-04-17 02:30:26.514122;(21, (1305, 1190, 512, 1, 0, 0, 0, 0, 0, 0))
2018-04-17 02:30:26.551834;(20, (1180, 820, 110, 1, 0, 0, 0, 0, 0, 0))
2018-04-17 02:30:26.588964;(18, (699, 661, 37, 0, 0, 0, 0, 0, 0, 0))
2018-04-17 02:30:26.635645;(24, (871, 695, 8, 3, 0, 0, 0, 0, 0, 0))
2018-04-17 02:30:26.702522;(6, (1005, 853, 188, 0, 0, 0, 0, 0, 0, 0))
2018-04-17 02:30:26.734030;(23, (844, 664, 46, 0, 0, 0, 0, 0, 0, 0))
2018-04-17 02:30:26.811054;(11, (1203, 1179, 441, 0, 0, 0, 0, 0, 0, 0))
2018-04-17 02:30:26.816537;(17, (941, 766, 97, 1, 0, 0, 0, 0, 0, 0))
2018-04-17 02:30:26.903554;(12, (1054, 920, 256, 1, 0, 0, 0, 0, 0, 0))
2018-04-17 02:30:26.908133;(1, (2710, 2085, 1674, 837, 0, 0, 0, 0, 0, 0))
2018-04-17 02:30:27.003538;(22, (1273, 1020, 328, 0, 0, 0, 0, 0, 0, 0))
2018-04-17 02:30:27.014239;(15, (933, 686, 22, 0, 0, 0, 0, 0, 0, 0))
2018-04-17 02:30:27.073031;(25, (791, 634, 0, 0, 0, 0, 0, 0, 0, 0))
2018-04-17 02:30:27.104308;(16, (651, 618, 0, 0, 0, 0, 0, 0, 0, 0))
2018-04-17 02:31:26.113869;(2, (1010, 941, 300, 1, 0, 0, 0, 0, 0, 0))
2018-04-17 02:31:26.159673;(13, (783, 664, 13, 1, 0, 0, 0, 0, 0, 0))
2018-04-17 02:31:26.174121;(14, (797, 692, 8, 2, 0, 0, 0, 0, 0, 0))
2018-04-17 02:31:26.213576;(26, (1082, 822, 142, 1, 0, 0, 0, 0, 0, 0))
2018-04-17 02:31:26.242750;(7, (716, 666, 65, 2, 0, 0, 0, 0, 0, 0))
2018-04-17 02:31:26.251289;(3, (1912, 1703, 991, 1, 0, 0, 0, 0, 0, 0))
2018-04-17 02:31:26.286930;(9, (778, 672, 12, 6, 0, 0, 0, 0, 0, 0))
2018-04-17 02:31:26.328595;(5, (1098, 836, 125, 1, 0, 0, 0, 0, 0, 0))
2018-04-17 02:31:26.340940;(4, (830, 672, 7, 0, 0, 0, 0, 0, 0, 0))
2018-04-17 02:31:26.403194;(10, (1168, 1125, 386, 2, 0, 0, 0, 0, 0, 0))
2018-04-17 02:31:26.437485;(19, (657, 665, 33, 3, 0, 0, 0, 0, 0, 0))
2018-04-17 02:31:26.480338;(8, (863, 724, 61, 0, 0, 0, 0, 0, 0, 0))
2018-04-17 02:31:26.530513;(21, (1316, 1201, 512, 1, 0, 0, 0, 0, 0, 0))
2018-04-17 02:31:26.567994;(20, (1190, 831, 110, 1, 0, 0, 0, 0, 0, 0))
2018-04-17 02:31:26.605193;(18, (710, 671, 37, 0, 0, 0, 0, 0, 0, 0))
2018-04-17 02:31:26.652265;(24, (882, 705, 8, 3, 0, 0, 0, 0, 0, 0))
2018-04-17 02:31:26.719446;(6, (1015, 863, 188, 0, 0, 0, 0, 0, 0, 0))
2018-04-17 02:31:26.752372;(23, (855, 675, 46, 0, 0, 0, 0, 0, 0, 0))
2018-04-17 02:31:26.828166;(11, (1214, 1189, 441, 0, 0, 0, 0, 0, 0, 0))
2018-04-17 02:31:26.834457;(17, (952, 776, 97, 1, 0, 0, 0, 0, 0, 0))
2018-04-17 02:31:26.920722;(12, (1064, 930, 256, 1, 0, 0, 0, 0, 0, 0))
2018-04-17 02:31:26.925897;(1, (2721, 2095, 1674, 837, 0, 0, 0, 0, 0, 0))
2018-04-17 02:31:27.021071;(22, (1284, 1030, 328, 0, 0, 0, 0, 0, 0, 0))
2018-04-17 02:31:27.032292;(15, (944, 696, 22, 0, 0, 0, 0, 0, 0, 0))
2018-04-17 02:31:27.090731;(25, (801, 644, 0, 0, 0, 0, 0, 0, 0, 0))
2018-04-17 02:31:27.122020;(16, (662, 628, 0, 0, 0, 0, 0, 0, 0, 0))
2018-04-17 02:32:26.132459;(2, (1021, 951, 300, 1, 0, 0, 0, 0, 0, 0))
2018-04-17 02:32:26.177854;(13, (793, 674, 13, 1, 0, 0, 0, 0, 0, 0))
2018-04-17 02:32:26.191933;(14, (810, 702, 8, 2, 0, 0, 0, 0, 0, 0))
2018-04-17 02:32:26.231437;(26, (1094, 833, 142, 1, 0, 0, 0, 0, 0, 0))
2018-04-17 02:32:26.259907;(7, (727, 677, 65, 2, 0, 0, 0, 0, 0, 0))
2018-04-17 02:32:26.269144;(3, (1923, 1713, 991, 1, 0, 0, 0, 0, 0, 0))
2018-04-17 02:32:26.304993;(9, (789, 682, 12, 6, 0, 0, 0, 0, 0, 0))
2018-04-17 02:32:26.347044;(5, (1111, 847, 125, 1, 0, 0, 0, 0, 0, 0))
2018-04-17 02:32:26.358369;(4, (842, 683, 7, 0, 0, 0, 0, 0, 0, 0))
2018-04-17 02:32:26.421035;(10, (1180, 1135, 386, 2, 0, 0, 0, 0, 0, 0))
2018-04-17 02:32:26.454468;(19, (668, 676, 33, 3, 0, 0, 0, 0, 0, 0))
2018-04-17 02:32:26.497155;(8, (873, 734, 61, 0, 0, 0, 0, 0, 0, 0))
2018-04-17 02:32:26.547181;(21, (1328, 1211, 512, 1, 0, 0, 0, 0, 0, 0))
2018-04-17 02:32:26.584785;(20, (1202, 841, 110, 1, 0, 0, 0, 0, 0, 0))
2018-04-17 02:32:26.622455;(18, (722, 681, 37, 0, 0, 0, 0, 0, 0, 0))
2018-04-17 02:32:26.668771;(24, (896, 715, 8, 3, 0, 0, 0, 0, 0, 0))
2018-04-17 02:32:26.736351;(6, (1026, 874, 188, 0, 0, 0, 0, 0, 0, 0))
2018-04-17 02:32:26.769260;(23, (865, 685, 46, 0, 0, 0, 0, 0, 0, 0))
2018-04-17 02:32:26.845041;(11, (1225, 1199, 441, 0, 0, 0, 0, 0, 0, 0))
2018-04-17 02:32:26.851114;(17, (963, 786, 97, 1, 0, 0, 0, 0, 0, 0))
2018-04-17 02:32:26.937901;(12, (1076, 940, 256, 1, 0, 0, 0, 0, 0, 0))
2018-04-17 02:32:26.943046;(1, (2732, 2105, 1674, 837, 0, 0, 0, 0, 0, 0))
2018-04-17 02:32:27.039061;(22, (1294, 1040, 328, 0, 0, 0, 0, 0, 0, 0))
2018-04-17 02:32:27.049897;(15, (954, 706, 22, 0, 0, 0, 0, 0, 0, 0))
2018-04-17 02:32:27.108342;(25, (814, 655, 0, 0, 0, 0, 0, 0, 0, 0))
2018-04-17 02:32:27.139836;(16, (672, 638, 0, 0, 0, 0, 0, 0, 0, 0))
2018-04-17 02:33:26.150566;(2, (1063, 1004, 300, 1, 0, 0, 0, 0, 0, 0))
2018-04-17 02:33:26.195627;(13, (805, 684, 13, 1, 0, 0, 0, 0, 0, 0))
2018-04-17 02:33:26.208717;(14, (821, 713, 8, 2, 0, 0, 0, 0, 0, 0))
2018-04-17 02:33:26.249120;(26, (1106, 843, 142, 1, 0, 0, 0, 0, 0, 0))
2018-04-17 02:33:26.276264;(7, (738, 687, 65, 2, 0, 0, 0, 0, 0, 0))
2018-04-17 02:33:26.290187;(3, (1985, 1777, 1002, 1, 0, 0, 0, 0, 0, 0))
2018-04-17 02:33:26.322048;(9, (799, 693, 12, 6, 0, 0, 0, 0, 0, 0))
2018-04-17 02:33:26.363974;(5, (1123, 857, 125, 1, 0, 0, 0, 0, 0, 0))
2018-04-17 02:33:26.375549;(4, (853, 693, 7, 0, 0, 0, 0, 0, 0, 0))
2018-04-17 02:33:26.437391;(10, (1191, 1146, 387, 2, 0, 0, 0, 0, 0, 0))
2018-04-17 02:33:26.471230;(19, (679, 686, 33, 3, 0, 0, 0, 0, 0, 0))
2018-04-17 02:33:26.513530;(8, (885, 744, 61, 0, 0, 0, 0, 0, 0, 0))
2018-04-17 02:33:26.563668;(21, (1354, 1243, 525, 1, 0, 0, 0, 0, 0, 0))
2018-04-17 02:33:26.600511;(20, (1214, 851, 110, 1, 0, 0, 0, 0, 0, 0))
2018-04-17 02:33:26.638169;(18, (735, 694, 40, 0, 0, 0, 0, 0, 0, 0))
2018-04-17 02:33:26.685134;(24, (908, 726, 8, 3, 0, 0, 0, 0, 0, 0))
2018-04-17 02:33:26.753254;(6, (1049, 897, 200, 0, 0, 0, 0, 0, 0, 0))
2018-04-17 02:33:26.785828;(23, (876, 695, 46, 0, 0, 0, 0, 0, 0, 0))
2018-04-17 02:33:26.862130;(11, (1242, 1218, 447, 0, 0, 0, 0, 0, 0, 0))
2018-04-17 02:33:26.866682;(17, (974, 796, 97, 1, 0, 0, 0, 0, 0, 0))
2018-04-17 02:33:26.954646;(12, (1102, 965, 270, 1, 0, 0, 0, 0, 0, 0))
2018-04-17 02:33:26.959746;(1, (2793, 2164, 1723, 862, 0, 0, 0, 0, 0, 0))
2018-04-17 02:33:27.056015;(22, (1320, 1065, 343, 0, 0, 0, 0, 0, 0, 0))
2018-04-17 02:33:27.067956;(15, (967, 717, 22, 0, 0, 0, 0, 0, 0, 0))
2018-04-17 02:33:27.125489;(25, (826, 665, 0, 0, 0, 0, 0, 0, 0, 0))
2018-04-17 02:33:27.156844;(16, (683, 649, 0, 0, 0, 0, 0, 0, 0, 0))
2018-04-17 02:34:26.163011;(2, (1187, 1121, 365, 1, 0, 0, 0, 0, 0, 0))
2018-04-17 02:34:26.211882;(13, (907, 785, 37, 1, 0, 0, 0, 0, 0, 0))
2018-04-17 02:34:26.226313;(14, (907, 796, 9, 2, 0, 0, 0, 0, 0, 0))
2018-04-17 02:34:26.266641;(26, (1290, 1018, 212, 3, 0, 0, 0, 0, 0, 0))
2018-04-17 02:34:26.292133;(7, (838, 776, 77, 2, 0, 0, 0, 0, 0, 0))
2018-04-17 02:34:26.302322;(3, (2175, 1936, 1124, 1, 0, 0, 0, 0, 0, 0))
2018-04-17 02:34:26.338756;(9, (931, 818, 48, 6, 0, 0, 0, 0, 0, 0))
2018-04-17 02:34:26.387155;(5, (1243, 966, 130, 1, 0, 0, 0, 0, 0, 0))
2018-04-17 02:34:26.394230;(4, (933, 772, 9, 0, 0, 0, 0, 0, 0, 0))
2018-04-17 02:34:26.453773;(10, (1321, 1275, 423, 3, 0, 0, 0, 0, 0, 0))
2018-04-17 02:34:26.487665;(19, (764, 791, 47, 4, 0, 0, 0, 0, 0, 0))
2018-04-17 02:34:26.528281;(8, (1058, 913, 147, 0, 0, 0, 0, 0, 0, 0))
2018-04-17 02:34:26.580782;(21, (1557, 1427, 616, 1, 0, 0, 0, 0, 0, 0))
2018-04-17 02:34:26.615746;(20, (1420, 1028, 207, 1, 0, 0, 0, 0, 0, 0))
2018-04-17 02:34:26.653166;(18, (842, 813, 69, 4, 0, 0, 0, 0, 0, 0))
2018-04-17 02:34:26.699771;(24, (1047, 840, 43, 3, 0, 0, 0, 0, 0, 0))
2018-04-17 02:34:26.768042;(6, (1325, 1156, 351, 0, 0, 0, 0, 0, 0, 0))
2018-04-17 02:34:26.802100;(23, (1005, 838, 88, 0, 0, 0, 0, 0, 0, 0))
2018-04-17 02:34:26.877006;(11, (1388, 1359, 497, 1, 0, 0, 0, 0, 0, 0))
2018-04-17 02:34:26.880738;(17, (1119, 948, 160, 1, 0, 0, 0, 0, 0, 0))
2018-04-17 02:34:26.971141;(12, (1238, 1113, 304, 2, 0, 0, 0, 0, 0, 0))
2018-04-17 02:34:26.975112;(1, (3435, 2703, 2250, 1125, 0, 0, 0, 0, 0, 0))
2018-04-17 02:34:27.071189;(22, (1839, 1566, 721, 0, 0, 0, 0, 0, 0, 0))
2018-04-17 02:34:27.082827;(15, (1064, 801, 31, 0, 0, 0, 0, 0, 0, 0))
2018-04-17 02:34:27.142139;(25, (908, 748, 2, 0, 0, 0, 0, 0, 0, 0))
2018-04-17 02:34:27.172236;(16, (747, 725, 10, 0, 0, 0, 0, 0, 0, 0))
2018-04-17 02:35:26.181424;(2, (1200, 1132, 365, 1, 0, 0, 0, 0, 0, 0))
2018-04-17 02:35:26.229702;(13, (923, 796, 37, 1, 0, 0, 0, 0, 0, 0))
2018-04-17 02:35:26.243712;(14, (924, 807, 9, 2, 0, 0, 0, 0, 0, 0))
2018-04-17 02:35:26.284176;(26, (1306, 1030, 212, 3, 0, 0, 0, 0, 0, 0))
2018-04-17 02:35:26.309844;(7, (851, 787, 77, 2, 0, 0, 0, 0, 0, 0))
2018-04-17 02:35:26.319468;(3, (2191, 1946, 1124, 1, 0, 0, 0, 0, 0, 0))
2018-04-17 02:35:26.356985;(9, (947, 829, 48, 6, 0, 0, 0, 0, 0, 0))
2018-04-17 02:35:26.404970;(5, (1261, 978, 130, 1, 0, 0, 0, 0, 0, 0))
2018-04-17 02:35:26.414210;(4, (949, 783, 9, 0, 0, 0, 0, 0, 0, 0))
2018-04-17 02:35:26.471285;(10, (1337, 1286, 423, 3, 0, 0, 0, 0, 0, 0))
2018-04-17 02:35:26.506665;(19, (777, 802, 47, 4, 0, 0, 0, 0, 0, 0))
2018-04-17 02:35:26.545235;(8, (1075, 924, 147, 0, 0, 0, 0, 0, 0, 0))
2018-04-17 02:35:26.597420;(21, (1573, 1437, 616, 1, 0, 0, 0, 0, 0, 0))
2018-04-17 02:35:26.632779;(20, (1441, 1038, 207, 1, 0, 0, 0, 0, 0, 0))
2018-04-17 02:35:26.669032;(18, (857, 824, 69, 4, 0, 0, 0, 0, 0, 0))
2018-04-17 02:35:26.715675;(24, (1064, 850, 43, 3, 0, 0, 0, 0, 0, 0))
2018-04-17 02:35:26.783686;(6, (1340, 1167, 351, 0, 0, 0, 0, 0, 0, 0))
2018-04-17 02:35:26.819270;(23, (1019, 849, 88, 0, 0, 0, 0, 0, 0, 0))
2018-04-17 02:35:26.893238;(11, (1402, 1370, 497, 1, 0, 0, 0, 0, 0, 0))
2018-04-17 02:35:26.896931;(17, (1135, 959, 160, 1, 0, 0, 0, 0, 0, 0))
2018-04-17 02:35:26.990020;(12, (1253, 1124, 304, 2, 0, 0, 0, 0, 0, 0))
2018-04-17 02:35:26.992275;(1, (3450, 2713, 2250, 1125, 0, 0, 0, 0, 0, 0))
2018-04-17 02:35:27.088430;(22, (1857, 1577, 721, 0, 0, 0, 0, 0, 0, 0))
2018-04-17 02:35:27.100329;(15, (1082, 812, 31, 0, 0, 0, 0, 0, 0, 0))
2018-04-17 02:35:27.160485;(25, (925, 759, 2, 0, 0, 0, 0, 0, 0, 0))
2018-04-17 02:35:27.190368;(16, (759, 736, 10, 0, 0, 0, 0, 0, 0, 0))
2018-04-17 02:36:26.199511;(2, (1220, 1147, 365, 1, 0, 0, 0, 0, 0, 0))
2018-04-17 02:36:26.248484;(13, (937, 806, 37, 1, 0, 0, 0, 0, 0, 0))
2018-04-17 02:36:26.262331;(14, (946, 824, 9, 2, 0, 0, 0, 0, 0, 0))
2018-04-17 02:36:26.302190;(26, (1338, 1046, 212, 3, 0, 0, 0, 0, 0, 0))
2018-04-17 02:36:26.327817;(7, (865, 802, 77, 2, 0, 0, 0, 0, 0, 0))
2018-04-17 02:36:26.337252;(3, (2209, 1956, 1124, 1, 0, 0, 0, 0, 0, 0))
2018-04-17 02:36:26.377979;(9, (961, 840, 48, 6, 0, 0, 0, 0, 0, 0))
2018-04-17 02:36:26.423865;(5, (1289, 989, 130, 1, 0, 0, 0, 0, 0, 0))
2018-04-17 02:36:26.433370;(4, (973, 798, 9, 0, 0, 0, 0, 0, 0, 0))
2018-04-17 02:36:26.492846;(10, (1355, 1301, 423, 3, 0, 0, 0, 0, 0, 0))
2018-04-17 02:36:26.524151;(19, (793, 813, 47, 4, 0, 0, 0, 0, 0, 0))
2018-04-17 02:36:26.562706;(8, (1095, 934, 147, 0, 0, 0, 0, 0, 0, 0))
2018-04-17 02:36:26.614558;(21, (1601, 1456, 616, 1, 0, 0, 0, 0, 0, 0))
2018-04-17 02:36:26.649662;(20, (1469, 1049, 207, 1, 0, 0, 0, 0, 0, 0))
2018-04-17 02:36:26.685962;(18, (870, 835, 69, 4, 0, 0, 0, 0, 0, 0))
2018-04-17 02:36:26.732723;(24, (1092, 867, 43, 3, 0, 0, 0, 0, 0, 0))
2018-04-17 02:36:26.800247;(6, (1358, 1178, 351, 0, 0, 0, 0, 0, 0, 0))
2018-04-17 02:36:26.836806;(23, (1034, 865, 88, 0, 0, 0, 0, 0, 0, 0))
2018-04-17 02:36:26.910796;(11, (1420, 1385, 497, 1, 0, 0, 0, 0, 0, 0))
2018-04-17 02:36:26.913596;(17, (1151, 970, 160, 1, 0, 0, 0, 0, 0, 0))
2018-04-17 02:36:27.007451;(12, (1271, 1135, 304, 2, 0, 0, 0, 0, 0, 0))
2018-04-17 02:36:27.009730;(1, (3477, 2723, 2250, 1125, 0, 0, 0, 0, 0, 0))
2018-04-17 02:36:27.105995;(22, (1880, 1593, 721, 0, 0, 0, 0, 0, 0, 0))
2018-04-17 02:36:27.118060;(15, (1101, 823, 31, 0, 0, 0, 0, 0, 0, 0))
2018-04-17 02:36:27.177825;(25, (948, 775, 2, 0, 0, 0, 0, 0, 0, 0))
2018-04-17 02:36:27.208037;(16, (772, 747, 10, 0, 0, 0, 0, 0, 0, 0))
2018-04-17 02:37:26.216981;(2, (1234, 1158, 365, 1, 0, 0, 0, 0, 0, 0))
2018-04-17 02:37:26.266778;(13, (949, 816, 37, 1, 0, 0, 0, 0, 0, 0))
2018-04-17 02:37:26.281062;(14, (961, 835, 9, 2, 0, 0, 0, 0, 0, 0))
2018-04-17 02:37:26.319944;(26, (1354, 1056, 212, 3, 0, 0, 0, 0, 0, 0))
2018-04-17 02:37:26.345659;(7, (877, 814, 77, 2, 0, 0, 0, 0, 0, 0))
2018-04-17 02:37:26.354896;(3, (2223, 1966, 1124, 1, 0, 0, 0, 0, 0, 0))
2018-04-17 02:37:26.396138;(9, (971, 850, 48, 6, 0, 0, 0, 0, 0, 0))
2018-04-17 02:37:26.441794;(5, (1305, 999, 130, 1, 0, 0, 0, 0, 0, 0))
2018-04-17 02:37:26.450901;(4, (986, 810, 9, 0, 0, 0, 0, 0, 0, 0))
2018-04-17 02:37:26.517061;(10, (1366, 1312, 423, 3, 0, 0, 0, 0, 0, 0))
2018-04-17 02:37:26.543433;(19, (807, 823, 47, 4, 0, 0, 0, 0, 0, 0))
2018-04-17 02:37:26.581398;(8, (1108, 945, 147, 0, 0, 0, 0, 0, 0, 0))
2018-04-17 02:37:26.632057;(21, (1615, 1467, 616, 1, 0, 0, 0, 0, 0, 0))
2018-04-17 02:37:26.667919;(20, (1485, 1059, 207, 1, 0, 0, 0, 0, 0, 0))
2018-04-17 02:37:26.703427;(18, (881, 845, 69, 4, 0, 0, 0, 0, 0, 0))
2018-04-17 02:37:26.749627;(24, (1106, 878, 43, 3, 0, 0, 0, 0, 0, 0))
2018-04-17 02:37:26.817287;(6, (1371, 1188, 351, 0, 0, 0, 0, 0, 0, 0))
2018-04-17 02:37:26.856398;(23, (1046, 876, 88, 0, 0, 0, 0, 0, 0, 0))
2018-04-17 02:37:26.928238;(11, (1432, 1396, 497, 1, 0, 0, 0, 0, 0, 0))
2018-04-17 02:37:26.931110;(17, (1163, 980, 160, 1, 0, 0, 0, 0, 0, 0))
2018-04-17 02:37:27.024865;(12, (1286, 1145, 304, 2, 0, 0, 0, 0, 0, 0))
2018-04-17 02:37:27.026881;(1, (3491, 2733, 2250, 1125, 0, 0, 0, 0, 0, 0))
2018-04-17 02:37:27.123353;(22, (1894, 1603, 721, 0, 0, 0, 0, 0, 0, 0))
2018-04-17 02:37:27.135766;(15, (1114, 833, 31, 0, 0, 0, 0, 0, 0, 0))
2018-04-17 02:37:27.195072;(25, (962, 786, 2, 0, 0, 0, 0, 0, 0, 0))
2018-04-17 02:37:27.225844;(16, (783, 758, 10, 0, 0, 0, 0, 0, 0, 0))
2018-04-17 02:38:26.285185;(13, (964, 827, 37, 1, 0, 0, 0, 0, 0, 0))
2018-04-17 02:38:26.300164;(14, (974, 846, 9, 2, 0, 0, 0, 0, 0, 0))
2018-04-17 02:38:26.338485;(26, (1372, 1068, 212, 3, 0, 0, 0, 0, 0, 0))
2018-04-17 02:38:26.414600;(9, (985, 865, 48, 6, 0, 0, 0, 0, 0, 0))
2018-04-17 02:38:26.459906;(5, (1325, 1009, 130, 1, 0, 0, 0, 0, 0, 0))
2018-04-17 02:38:26.720113;(18, (892, 856, 69, 4, 0, 0, 0, 0, 0, 0))
2018-04-17 02:38:26.945898;(11, (1445, 1407, 497, 1, 0, 0, 0, 0, 0, 0))
2018-04-17 02:38:27.153228;(15, (1130, 844, 31, 0, 0, 0, 0, 0, 0, 0))
2018-04-17 02:38:27.212252;(25, (976, 797, 2, 0, 0, 0, 0, 0, 0, 0))
2018-04-17 02:38:27.234600;(2, (1246, 1169, 365, 1, 0, 0, 0, 0, 0, 0))
2018-04-17 02:38:27.243272;(16, (794, 768, 10, 0, 0, 0, 0, 0, 0, 0))
2018-04-17 02:38:27.363723;(7, (889, 824, 77, 2, 0, 0, 0, 0, 0, 0))
2018-04-17 02:38:27.372759;(3, (2237, 1976, 1124, 1, 0, 0, 0, 0, 0, 0))
2018-04-17 02:38:27.468508;(4, (999, 821, 9, 0, 0, 0, 0, 0, 0, 0))
2018-04-17 02:38:27.539304;(10, (1379, 1323, 423, 3, 0, 0, 0, 0, 0, 0))
2018-04-17 02:38:27.561176;(19, (818, 834, 47, 4, 0, 0, 0, 0, 0, 0))
2018-04-17 02:38:27.600553;(8, (1123, 956, 147, 0, 0, 0, 0, 0, 0, 0))
2018-04-17 02:38:27.649235;(21, (1629, 1478, 616, 1, 0, 0, 0, 0, 0, 0))
2018-04-17 02:38:27.685465;(20, (1505, 1069, 207, 1, 0, 0, 0, 0, 0, 0))
2018-04-17 02:38:27.766460;(24, (1121, 889, 43, 3, 0, 0, 0, 0, 0, 0))
2018-04-17 02:38:27.835454;(6, (1384, 1199, 351, 0, 0, 0, 0, 0, 0, 0))
2018-04-17 02:38:27.872708;(23, (1059, 886, 88, 0, 0, 0, 0, 0, 0, 0))
2018-04-17 02:38:27.948481;(17, (1180, 992, 160, 1, 0, 0, 0, 0, 0, 0))
2018-04-17 02:38:28.042379;(12, (1298, 1156, 304, 2, 0, 0, 0, 0, 0, 0))
2018-04-17 02:38:28.044209;(1, (3505, 2743, 2250, 1125, 0, 0, 0, 0, 0, 0))
2018-04-17 02:38:28.140921;(22, (1909, 1615, 721, 0, 0, 0, 0, 0, 0, 0))
2018-04-17 02:39:27.251690;(2, (1257, 1179, 365, 1, 0, 0, 0, 0, 0, 0))
2018-04-17 02:39:27.302963;(13, (975, 837, 37, 1, 0, 0, 0, 0, 0, 0))
2018-04-17 02:39:27.317704;(14, (985, 856, 9, 2, 0, 0, 0, 0, 0, 0))
2018-04-17 02:39:27.356075;(26, (1384, 1078, 212, 3, 0, 0, 0, 0, 0, 0))
2018-04-17 02:39:27.382387;(7, (899, 835, 77, 2, 0, 0, 0, 0, 0, 0))
2018-04-17 02:39:27.390712;(3, (2249, 1986, 1124, 1, 0, 0, 0, 0, 0, 0))
2018-04-17 02:39:27.432388;(9, (995, 876, 48, 6, 0, 0, 0, 0, 0, 0))
2018-04-17 02:39:27.478029;(5, (1337, 1019, 130, 1, 0, 0, 0, 0, 0, 0))
2018-04-17 02:39:27.486407;(4, (1010, 831, 9, 0, 0, 0, 0, 0, 0, 0))
2018-04-17 02:39:27.559084;(10, (1389, 1333, 423, 3, 0, 0, 0, 0, 0, 0))
2018-04-17 02:39:27.578738;(19, (829, 844, 47, 4, 0, 0, 0, 0, 0, 0))
2018-04-17 02:39:27.617919;(8, (1134, 966, 147, 0, 0, 0, 0, 0, 0, 0))
2018-04-17 02:39:27.667433;(21, (1641, 1488, 616, 1, 0, 0, 0, 0, 0, 0))
2018-04-17 02:39:27.702416;(20, (1518, 1079, 207, 1, 0, 0, 0, 0, 0, 0))
2018-04-17 02:39:27.736572;(18, (902, 866, 69, 4, 0, 0, 0, 0, 0, 0))
2018-04-17 02:39:27.783096;(24, (1132, 900, 43, 3, 0, 0, 0, 0, 0, 0))
2018-04-17 02:39:27.851671;(6, (1395, 1209, 351, 0, 0, 0, 0, 0, 0, 0))
2018-04-17 02:39:27.888862;(23, (1069, 897, 88, 0, 0, 0, 0, 0, 0, 0))
2018-04-17 02:39:27.963285;(11, (1455, 1417, 497, 1, 0, 0, 0, 0, 0, 0))
2018-04-17 02:39:27.965427;(17, (1192, 1002, 160, 1, 0, 0, 0, 0, 0, 0))
2018-04-17 02:39:28.059766;(12, (1309, 1166, 304, 2, 0, 0, 0, 0, 0, 0))
2018-04-17 02:39:28.061292;(1, (3517, 2753, 2250, 1125, 0, 0, 0, 0, 0, 0))
2018-04-17 02:39:28.158084;(22, (1920, 1625, 721, 0, 0, 0, 0, 0, 0, 0))
2018-04-17 02:39:28.171038;(15, (1142, 854, 31, 0, 0, 0, 0, 0, 0, 0))
2018-04-17 02:39:28.229743;(25, (987, 807, 2, 0, 0, 0, 0, 0, 0, 0))
2018-04-17 02:39:28.260909;(16, (805, 778, 10, 0, 0, 0, 0, 0, 0, 0))
2018-04-17 02:40:27.269337;(2, (1267, 1189, 365, 1, 0, 0, 0, 0, 0, 0))
2018-04-17 02:40:27.320424;(13, (986, 847, 37, 1, 0, 0, 0, 0, 0, 0))
2018-04-17 02:40:27.334727;(14, (996, 867, 9, 2, 0, 0, 0, 0, 0, 0))
2018-04-17 02:40:27.373107;(26, (1396, 1088, 212, 3, 0, 0, 0, 0, 0, 0))
2018-04-17 02:40:27.399732;(7, (910, 845, 77, 2, 0, 0, 0, 0, 0, 0))
2018-04-17 02:40:27.408164;(3, (2259, 1996, 1124, 1, 0, 0, 0, 0, 0, 0))
2018-04-17 02:40:27.449699;(9, (1005, 887, 48, 6, 0, 0, 0, 0, 0, 0))
2018-04-17 02:40:27.495679;(5, (1349, 1029, 130, 1, 0, 0, 0, 0, 0, 0))
2018-04-17 02:40:27.503622;(4, (1021, 842, 9, 0, 0, 0, 0, 0, 0, 0))
2018-04-17 02:40:27.578266;(10, (1399, 1343, 423, 3, 0, 0, 0, 0, 0, 0))
2018-04-17 02:40:27.600073;(19, (839, 855, 47, 4, 0, 0, 0, 0, 0, 0))
2018-04-17 02:40:27.635789;(8, (1144, 976, 147, 0, 0, 0, 0, 0, 0, 0))
2018-04-17 02:40:27.684581;(21, (1652, 1498, 616, 1, 0, 0, 0, 0, 0, 0))
2018-04-17 02:40:27.719314;(20, (1530, 1089, 207, 1, 0, 0, 0, 0, 0, 0))
2018-04-17 02:40:27.753623;(18, (912, 876, 69, 4, 0, 0, 0, 0, 0, 0))
2018-04-17 02:40:27.799769;(24, (1145, 910, 43, 3, 0, 0, 0, 0, 0, 0))
2018-04-17 02:40:27.867654;(6, (1405, 1219, 351, 0, 0, 0, 0, 0, 0, 0))
2018-04-17 02:40:27.904800;(23, (1079, 907, 88, 0, 0, 0, 0, 0, 0, 0))
2018-04-17 02:40:27.978975;(11, (1466, 1427, 497, 1, 0, 0, 0, 0, 0, 0))
2018-04-17 02:40:27.980869;(17, (1203, 1012, 160, 1, 0, 0, 0, 0, 0, 0))
2018-04-17 02:40:28.076437;(12, (1320, 1176, 304, 2, 0, 0, 0, 0, 0, 0))
2018-04-17 02:40:28.077676;(1, (3527, 2763, 2250, 1125, 0, 0, 0, 0, 0, 0))
2018-04-17 02:40:28.175424;(22, (1930, 1635, 721, 0, 0, 0, 0, 0, 0, 0))
2018-04-17 02:40:28.188237;(15, (1153, 864, 31, 0, 0, 0, 0, 0, 0, 0))
2018-04-17 02:40:28.246691;(25, (999, 818, 2, 0, 0, 0, 0, 0, 0, 0))
2018-04-17 02:40:28.278288;(16, (815, 788, 10, 0, 0, 0, 0, 0, 0, 0))
2018-04-17 02:41:27.287542;(2, (1280, 1199, 365, 1, 0, 0, 0, 0, 0, 0))
2018-04-17 02:41:27.338259;(13, (997, 858, 37, 1, 0, 0, 0, 0, 0, 0))
2018-04-17 02:41:27.352151;(14, (1007, 877, 9, 2, 0, 0, 0, 0, 0, 0))
2018-04-17 02:41:27.391372;(26, (1408, 1098, 212, 3, 0, 0, 0, 0, 0, 0))
2018-04-17 02:41:27.416971;(7, (922, 855, 77, 2, 0, 0, 0, 0, 0, 0))
2018-04-17 02:41:27.425680;(3, (2271, 2006, 1124, 1, 0, 0, 0, 0, 0, 0))
2018-04-17 02:41:27.467167;(9, (1017, 898, 48, 6, 0, 0, 0, 0, 0, 0))
2018-04-17 02:41:27.513458;(5, (1360, 1040, 130, 1, 0, 0, 0, 0, 0, 0))
2018-04-17 02:41:27.520974;(4, (1032, 852, 9, 0, 0, 0, 0, 0, 0, 0))
2018-04-17 02:41:27.596320;(10, (1411, 1353, 423, 3, 0, 0, 0, 0, 0, 0))
2018-04-17 02:41:27.623844;(19, (852, 865, 47, 4, 0, 0, 0, 0, 0, 0))
2018-04-17 02:41:27.654144;(8, (1156, 986, 147, 0, 0, 0, 0, 0, 0, 0))
2018-04-17 02:41:27.703442;(21, (1663, 1509, 616, 1, 0, 0, 0, 0, 0, 0))
2018-04-17 02:41:27.736793;(20, (1543, 1099, 207, 1, 0, 0, 0, 0, 0, 0))
2018-04-17 02:41:27.772098;(18, (923, 886, 69, 4, 0, 0, 0, 0, 0, 0))
2018-04-17 02:41:27.818007;(24, (1156, 920, 43, 3, 0, 0, 0, 0, 0, 0))
2018-04-17 02:41:27.883993;(6, (1416, 1229, 351, 0, 0, 0, 0, 0, 0, 0))
2018-04-17 02:41:27.920963;(23, (1093, 917, 88, 0, 0, 0, 0, 0, 0, 0))
2018-04-17 02:41:27.995306;(11, (1477, 1438, 497, 1, 0, 0, 0, 0, 0, 0))
2018-04-17 02:41:27.996694;(17, (1218, 1022, 160, 1, 0, 0, 0, 0, 0, 0))
2018-04-17 02:41:28.093562;(12, (1332, 1187, 304, 2, 0, 0, 0, 0, 0, 0))
2018-04-17 02:41:28.094994;(1, (3539, 2773, 2250, 1125, 0, 0, 0, 0, 0, 0))
2018-04-17 02:41:28.192347;(22, (1944, 1645, 721, 0, 0, 0, 0, 0, 0, 0))
2018-04-17 02:41:28.205307;(15, (1169, 874, 31, 0, 0, 0, 0, 0, 0, 0))
2018-04-17 02:41:28.263704;(25, (1010, 828, 2, 0, 0, 0, 0, 0, 0, 0))
2018-04-17 02:41:28.295254;(16, (826, 799, 10, 0, 0, 0, 0, 0, 0, 0))
2018-04-17 02:42:27.305401;(2, (1290, 1210, 365, 1, 0, 0, 0, 0, 0, 0))
2018-04-17 02:42:27.355793;(13, (1010, 868, 37, 1, 0, 0, 0, 0, 0, 0))
2018-04-17 02:42:27.369476;(14, (1018, 887, 9, 2, 0, 0, 0, 0, 0, 0))
2018-04-17 02:42:27.409623;(26, (1420, 1109, 212, 3, 0, 0, 0, 0, 0, 0))
2018-04-17 02:42:27.435279;(7, (933, 865, 77, 2, 0, 0, 0, 0, 0, 0))
2018-04-17 02:42:27.443632;(3, (2285, 2017, 1124, 1, 0, 0, 0, 0, 0, 0))
2018-04-17 02:42:27.484772;(9, (1029, 908, 48, 6, 0, 0, 0, 0, 0, 0))
2018-04-17 02:42:27.531064;(5, (1373, 1050, 130, 1, 0, 0, 0, 0, 0, 0))
2018-04-17 02:42:27.538214;(4, (1043, 862, 9, 0, 0, 0, 0, 0, 0, 0))
2018-04-17 02:42:27.618316;(10, (1423, 1364, 423, 3, 0, 0, 0, 0, 0, 0))
2018-04-17 02:42:27.645875;(19, (862, 875, 47, 4, 0, 0, 0, 0, 0, 0))
2018-04-17 02:42:27.672028;(8, (1169, 997, 147, 0, 0, 0, 0, 0, 0, 0))
2018-04-17 02:42:27.723513;(21, (1675, 1519, 616, 1, 0, 0, 0, 0, 0, 0))
2018-04-17 02:42:27.754402;(20, (1557, 1110, 207, 1, 0, 0, 0, 0, 0, 0))
2018-04-17 02:42:27.789856;(18, (935, 897, 69, 4, 0, 0, 0, 0, 0, 0))
2018-04-17 02:42:27.834376;(24, (1167, 930, 43, 3, 0, 0, 0, 0, 0, 0))
2018-04-17 02:42:27.900245;(6, (1429, 1240, 351, 0, 0, 0, 0, 0, 0, 0))
2018-04-17 02:42:27.937335;(23, (1105, 928, 88, 0, 0, 0, 0, 0, 0, 0))
2018-04-17 02:42:28.012579;(11, (1489, 1448, 497, 1, 0, 0, 0, 0, 0, 0))
2018-04-17 02:42:28.013721;(17, (1230, 1033, 160, 1, 0, 0, 0, 0, 0, 0))
2018-04-17 02:42:28.110994;(12, (1344, 1197, 304, 2, 0, 0, 0, 0, 0, 0))
2018-04-17 02:42:28.112026;(1, (3555, 2783, 2250, 1125, 0, 0, 0, 0, 0, 0))
2018-04-17 02:42:28.209267;(22, (1958, 1657, 721, 0, 0, 0, 0, 0, 0, 0))
2018-04-17 02:42:28.222922;(15, (1182, 884, 31, 0, 0, 0, 0, 0, 0, 0))
2018-04-17 02:42:28.280682;(25, (1021, 838, 2, 0, 0, 0, 0, 0, 0, 0))
2018-04-17 02:42:28.312538;(16, (837, 809, 10, 0, 0, 0, 0, 0, 0, 0))
2018-04-17 02:43:27.324774;(2, (1346, 1278, 381, 1, 0, 0, 0, 0, 0, 0))
2018-04-17 02:43:27.373134;(13, (1020, 878, 37, 1, 0, 0, 0, 0, 0, 0))
2018-04-17 02:43:27.387572;(14, (1028, 898, 9, 2, 0, 0, 0, 0, 0, 0))
2018-04-17 02:43:27.427583;(26, (1448, 1136, 229, 3, 0, 0, 0, 0, 0, 0))
2018-04-17 02:43:27.452978;(7, (943, 875, 77, 2, 0, 0, 0, 0, 0, 0))
2018-04-17 02:43:27.461883;(3, (2327, 2071, 1124, 1, 0, 0, 0, 0, 0, 0))
2018-04-17 02:43:27.503039;(9, (1039, 918, 48, 6, 0, 0, 0, 0, 0, 0))
2018-04-17 02:43:27.549596;(5, (1384, 1062, 130, 1, 0, 0, 0, 0, 0, 0))
2018-04-17 02:43:27.558139;(4, (1084, 914, 9, 0, 0, 0, 0, 0, 0, 0))
2018-04-17 02:43:27.637377;(10, (1457, 1398, 447, 3, 0, 0, 0, 0, 0, 0))
2018-04-17 02:43:27.666246;(19, (872, 885, 47, 4, 0, 0, 0, 0, 0, 0))
2018-04-17 02:43:27.690679;(8, (1179, 1007, 147, 0, 0, 0, 0, 0, 0, 0))
2018-04-17 02:43:27.742851;(21, (1733, 1577, 664, 1, 0, 0, 0, 0, 0, 0))
2018-04-17 02:43:27.773582;(20, (1568, 1120, 207, 1, 0, 0, 0, 0, 0, 0))
2018-04-17 02:43:27.806768;(18, (945, 907, 69, 4, 0, 0, 0, 0, 0, 0))
2018-04-17 02:43:27.850881;(24, (1178, 940, 43, 3, 0, 0, 0, 0, 0, 0))
2018-04-17 02:43:27.915903;(6, (1439, 1250, 351, 0, 0, 0, 0, 0, 0, 0))
2018-04-17 02:43:27.953057;(23, (1115, 938, 88, 0, 0, 0, 0, 0, 0, 0))
2018-04-17 02:43:28.028896;(11, (1530, 1489, 528, 1, 0, 0, 0, 0, 0, 0))
2018-04-17 02:43:28.029816;(17, (1240, 1043, 160, 1, 0, 0, 0, 0, 0, 0))
2018-04-17 02:43:28.128047;(12, (1354, 1207, 304, 2, 0, 0, 0, 0, 0, 0))
2018-04-17 02:43:28.128677;(1, (3641, 2869, 2326, 1163, 0, 0, 0, 0, 0, 0))
2018-04-17 02:43:28.225893;(22, (2026, 1725, 779, 0, 0, 0, 0, 0, 0, 0))
2018-04-17 02:43:28.240566;(15, (1192, 894, 31, 0, 0, 0, 0, 0, 0, 0))
2018-04-17 02:43:28.298028;(25, (1032, 848, 2, 0, 0, 0, 0, 0, 0, 0))
2018-04-17 02:43:28.332387;(16, (847, 819, 10, 0, 0, 0, 0, 0, 0, 0))
2018-04-17 02:44:27.340020;(2, (1524, 1448, 508, 1, 0, 0, 0, 0, 0, 0))
2018-04-17 02:44:27.389582;(13, (1104, 964, 42, 1, 0, 0, 0, 0, 0, 0))
2018-04-17 02:44:27.402472;(14, (1114, 990, 20, 2, 0, 0, 0, 0, 0, 0))
2018-04-17 02:44:27.443513;(26, (1611, 1277, 270, 4, 0, 0, 0, 0, 0, 0))
2018-04-17 02:44:27.468748;(7, (1023, 952, 82, 3, 0, 0, 0, 0, 0, 0))
2018-04-17 02:44:27.475535;(3, (2466, 2171, 1197, 1, 0, 0, 0, 0, 0, 0))
2018-04-17 02:44:27.517987;(9, (1136, 1019, 68, 6, 0, 0, 0, 0, 0, 0))
2018-04-17 02:44:27.565001;(5, (1498, 1156, 152, 1, 0, 0, 0, 0, 0, 0))
2018-04-17 02:44:27.570073;(4, (1134, 951, 13, 1, 0, 0, 0, 0, 0, 0))
2018-04-17 02:44:27.655057;(10, (1600, 1556, 498, 5, 0, 0, 0, 0, 0, 0))
2018-04-17 02:44:27.682721;(19, (934, 956, 48, 7, 0, 0, 0, 0, 0, 0))
2018-04-17 02:44:27.707447;(8, (1330, 1160, 231, 0, 0, 0, 0, 0, 0, 0))
2018-04-17 02:44:27.761487;(21, (1961, 1813, 789, 1, 0, 0, 0, 0, 0, 0))
2018-04-17 02:44:27.792726;(20, (1812, 1335, 340, 1, 0, 0, 0, 0, 0, 0))
2018-04-17 02:44:27.823212;(18, (1018, 999, 72, 5, 0, 0, 0, 0, 0, 0))
2018-04-17 02:44:27.867269;(24, (1309, 1058, 79, 4, 0, 0, 0, 0, 0, 0))
2018-04-17 02:44:27.929717;(6, (1547, 1351, 376, 0, 0, 0, 0, 0, 0, 0))
2018-04-17 02:44:27.969191;(23, (1189, 1016, 88, 0, 0, 0, 0, 0, 0, 0))
2018-04-17 02:44:28.046376;(11, (1683, 1626, 584, 1, 0, 0, 0, 0, 0, 0))
2018-04-17 02:44:28.047905;(17, (1358, 1160, 186, 1, 0, 0, 0, 0, 0, 0))
2018-04-17 02:44:28.144384;(12, (1506, 1358, 360, 4, 0, 0, 0, 0, 0, 0))
2018-04-17 02:44:28.146370;(1, (4223, 3365, 2810, 1405, 0, 0, 0, 0, 0, 0))
2018-04-17 02:44:28.240991;(22, (2536, 2210, 1160, 0, 0, 0, 0, 0, 0, 0))
2018-04-17 02:44:28.256005;(15, (1285, 977, 31, 0, 0, 0, 0, 0, 0, 0))
2018-04-17 02:44:28.313804;(25, (1109, 938, 3, 1, 0, 0, 0, 0, 0, 0))
2018-04-17 02:44:28.348458;(16, (921, 901, 31, 0, 0, 0, 0, 0, 0, 0))
2018-04-17 02:45:27.356744;(2, (1547, 1467, 508, 1, 0, 0, 0, 0, 0, 0))
2018-04-17 02:45:27.407251;(13, (1118, 975, 42, 1, 0, 0, 0, 0, 0, 0))
2018-04-17 02:45:27.419355;(14, (1137, 1006, 20, 2, 0, 0, 0, 0, 0, 0))
2018-04-17 02:45:27.460604;(26, (1640, 1296, 270, 4, 0, 0, 0, 0, 0, 0))
2018-04-17 02:45:27.486024;(7, (1037, 963, 82, 3, 0, 0, 0, 0, 0, 0))
2018-04-17 02:45:27.492899;(3, (2492, 2190, 1197, 1, 0, 0, 0, 0, 0, 0))
2018-04-17 02:45:27.535435;(9, (1155, 1030, 68, 6, 0, 0, 0, 0, 0, 0))
2018-04-17 02:45:27.582520;(5, (1528, 1174, 152, 1, 0, 0, 0, 0, 0, 0))
2018-04-17 02:45:27.587648;(4, (1160, 962, 13, 1, 0, 0, 0, 0, 0, 0))
2018-04-17 02:45:27.672510;(10, (1631, 1575, 498, 5, 0, 0, 0, 0, 0, 0))
2018-04-17 02:45:27.699865;(19, (949, 967, 48, 7, 0, 0, 0, 0, 0, 0))
2018-04-17 02:45:27.727372;(8, (1346, 1170, 231, 0, 0, 0, 0, 0, 0, 0))
2018-04-17 02:45:27.779582;(21, (1985, 1833, 789, 1, 0, 0, 0, 0, 0, 0))
2018-04-17 02:45:27.810212;(20, (1838, 1347, 340, 1, 0, 0, 0, 0, 0, 0))
2018-04-17 02:45:27.840534;(18, (1037, 1015, 72, 5, 0, 0, 0, 0, 0, 0))
2018-04-17 02:45:27.883271;(24, (1337, 1070, 79, 4, 0, 0, 0, 0, 0, 0))
2018-04-17 02:45:27.945779;(6, (1562, 1363, 376, 0, 0, 0, 0, 0, 0, 0))
2018-04-17 02:45:27.984953;(23, (1205, 1027, 88, 0, 0, 0, 0, 0, 0, 0))
2018-04-17 02:45:28.062433;(11, (1705, 1646, 584, 1, 0, 0, 0, 0, 0, 0))
2018-04-17 02:45:28.063099;(17, (1373, 1171, 186, 1, 0, 0, 0, 0, 0, 0))
2018-04-17 02:45:28.161063;(12, (1525, 1369, 360, 4, 0, 0, 0, 0, 0, 0))
2018-04-17 02:45:28.163189;(1, (4250, 3375, 2810, 1405, 0, 0, 0, 0, 0, 0))
2018-04-17 02:45:28.257235;(22, (2556, 2222, 1160, 0, 0, 0, 0, 0, 0, 0))
2018-04-17 02:45:28.272155;(15, (1304, 988, 31, 0, 0, 0, 0, 0, 0, 0))
2018-04-17 02:45:28.331064;(25, (1132, 954, 3, 1, 0, 0, 0, 0, 0, 0))
2018-04-17 02:45:28.365273;(16, (932, 912, 31, 0, 0, 0, 0, 0, 0, 0))
2018-04-17 02:46:27.373851;(2, (1561, 1479, 508, 1, 0, 0, 0, 0, 0, 0))
2018-04-17 02:46:27.424827;(13, (1133, 986, 42, 1, 0, 0, 0, 0, 0, 0))
2018-04-17 02:46:27.436631;(14, (1152, 1017, 20, 2, 0, 0, 0, 0, 0, 0))
2018-04-17 02:46:27.477795;(26, (1656, 1307, 270, 4, 0, 0, 0, 0, 0, 0))
2018-04-17 02:46:27.503219;(7, (1051, 974, 82, 3, 0, 0, 0, 0, 0, 0))
2018-04-17 02:46:27.512150;(3, (2510, 2202, 1197, 1, 0, 0, 0, 0, 0, 0))
2018-04-17 02:46:27.552567;(9, (1170, 1044, 68, 6, 0, 0, 0, 0, 0, 0))
2018-04-17 02:46:27.599854;(5, (1549, 1188, 152, 1, 0, 0, 0, 0, 0, 0))
2018-04-17 02:46:27.604949;(4, (1174, 973, 13, 1, 0, 0, 0, 0, 0, 0))
2018-04-17 02:46:27.689564;(10, (1647, 1588, 498, 5, 0, 0, 0, 0, 0, 0))
2018-04-17 02:46:27.716988;(19, (962, 978, 48, 7, 0, 0, 0, 0, 0, 0))
2018-04-17 02:46:27.752303;(8, (1359, 1181, 231, 0, 0, 0, 0, 0, 0, 0))
2018-04-17 02:46:27.796970;(21, (2002, 1846, 789, 1, 0, 0, 0, 0, 0, 0))
2018-04-17 02:46:27.826964;(20, (1858, 1359, 340, 1, 0, 0, 0, 0, 0, 0))
2018-04-17 02:46:27.859553;(18, (1051, 1026, 72, 5, 0, 0, 0, 0, 0, 0))
2018-04-17 02:46:27.900114;(24, (1353, 1083, 79, 4, 0, 0, 0, 0, 0, 0))
2018-04-17 02:46:27.962399;(6, (1579, 1374, 376, 0, 0, 0, 0, 0, 0, 0))
2018-04-17 02:46:28.002507;(23, (1218, 1038, 88, 0, 0, 0, 0, 0, 0, 0))
2018-04-17 02:46:28.079759;(11, (1721, 1658, 584, 1, 0, 0, 0, 0, 0, 0))
2018-04-17 02:46:28.079955;(17, (1390, 1182, 186, 1, 0, 0, 0, 0, 0, 0))
2018-04-17 02:46:28.178027;(12, (1539, 1380, 360, 4, 0, 0, 0, 0, 0, 0))
2018-04-17 02:46:28.180134;(1, (4268, 3385, 2810, 1405, 0, 0, 0, 0, 0, 0))
2018-04-17 02:46:28.274694;(22, (2572, 2234, 1160, 0, 0, 0, 0, 0, 0, 0))
2018-04-17 02:46:28.288868;(15, (1322, 999, 31, 0, 0, 0, 0, 0, 0, 0))
2018-04-17 02:46:28.348106;(25, (1148, 965, 3, 1, 0, 0, 0, 0, 0, 0))
2018-04-17 02:46:28.383775;(16, (943, 923, 31, 0, 0, 0, 0, 0, 0, 0))
