2018-03-23 00:26:08.519420;(14, (5, 0, 5, 0))
2018-03-23 00:26:08.535026;(19, (0, 0, 0, 0))
2018-03-23 00:26:08.614483;(6, (37, 3, 40, 0))
2018-03-23 00:26:08.640866;(22, (0, 0, 0, 0))
2018-03-23 00:26:08.700551;(8, (9, 1, 10, 0))
2018-03-23 00:26:08.744213;(26, (0, 0, 0, 0))
2018-03-23 00:26:08.797930;(7, (19, 2, 21, 0))
2018-03-23 00:26:08.828244;(13, (0, 0, 0, 0))
2018-03-23 00:26:08.885139;(11, (27, 2, 29, 0))
2018-03-23 00:26:08.931367;(23, (0, 0, 0, 0))
2018-03-23 00:26:08.974006;(3, (29, 3, 32, 0))
2018-03-23 00:26:08.986454;(1, (0, 0, 0, 0))
2018-03-23 00:26:09.037413;(9, (18, 1, 19, 0))
2018-03-23 00:26:09.074015;(25, (0, 0, 0, 0))
2018-03-23 00:26:09.086908;(2, (26, 6, 32, 0))
2018-03-23 00:26:09.126622;(12, (6, 3, 10, 0))
2018-03-23 00:26:09.157451;(24, (0, 0, 0, 0))
2018-03-23 00:26:09.166321;(21, (0, 0, 0, 0))
2018-03-23 00:26:09.230567;(10, (2, 0, 3, 0))
2018-03-23 00:26:09.241214;(18, (1, 0, 1, 0))
2018-03-23 00:26:09.252354;(5, (18, 2, 20, 0))
2018-03-23 00:26:09.331433;(4, (20, 5, 25, 1))
2018-03-23 00:26:09.332208;(20, (0, 0, 0, 0))
2018-03-23 00:26:09.344726;(17, (0, 0, 0, 0))
2018-03-23 00:26:09.429153;(15, (0, 0, 0, 0))
2018-03-23 00:26:09.432449;(16, (0, 0, 0, 0))
2018-03-23 00:27:08.534963;(14, (43, 14, 57, 2))
2018-03-23 00:27:08.549022;(19, (35, 16, 52, 0))
2018-03-23 00:27:08.632463;(6, (97, 12, 109, 0))
2018-03-23 00:27:08.655314;(22, (22, 12, 35, 1))
2018-03-23 00:27:08.717736;(8, (50, 13, 63, 1))
2018-03-23 00:27:08.756611;(26, (12, 6, 18, 0))
2018-03-23 00:27:08.815575;(7, (66, 10, 76, 1))
2018-03-23 00:27:08.839800;(13, (8, 13, 22, 2))
2018-03-23 00:27:08.902695;(11, (68, 15, 84, 1))
2018-03-23 00:27:08.947617;(23, (45, 7, 52, 0))
2018-03-23 00:27:08.990924;(3, (90, 18, 108, 0))
2018-03-23 00:27:09.000290;(1, (0, 0, 0, 0))
2018-03-23 00:27:09.052365;(9, (53, 15, 69, 1))
2018-03-23 00:27:09.084800;(25, (9, 13, 23, 1))
2018-03-23 00:27:09.104261;(2, (86, 19, 105, 0))
2018-03-23 00:27:09.140025;(12, (31, 26, 58, 3))
2018-03-23 00:27:09.168393;(24, (6, 4, 11, 0))
2018-03-23 00:27:09.179801;(21, (35, 6, 41, 0))
2018-03-23 00:27:09.248361;(10, (61, 13, 75, 0))
2018-03-23 00:27:09.257817;(18, (61, 13, 74, 0))
2018-03-23 00:27:09.269455;(5, (54, 29, 84, 1))
2018-03-23 00:27:09.341666;(4, (24, 21, 46, 4))
2018-03-23 00:27:09.347000;(20, (50, 13, 63, 0))
2018-03-23 00:27:09.361961;(17, (30, 15, 46, 1))
2018-03-23 00:27:09.441778;(15, (13, 4, 18, 0))
2018-03-23 00:27:09.445944;(16, (18, 10, 29, 2))
2018-03-23 00:28:08.545853;(14, (56, 33, 90, 4))
2018-03-23 00:28:08.561171;(19, (52, 31, 84, 2))
2018-03-23 00:28:08.650771;(6, (157, 19, 177, 0))
2018-03-23 00:28:08.672251;(22, (65, 22, 88, 2))
2018-03-23 00:28:08.733583;(8, (87, 25, 113, 2))
2018-03-23 00:28:08.771314;(26, (46, 29, 75, 2))
2018-03-23 00:28:08.833394;(7, (115, 23, 138, 2))
2018-03-23 00:28:08.853117;(13, (10, 31, 42, 6))
2018-03-23 00:28:08.922206;(11, (102, 36, 139, 2))
2018-03-23 00:28:08.964685;(23, (92, 18, 110, 1))
2018-03-23 00:28:09.008676;(3, (150, 25, 175, 0))
2018-03-23 00:28:09.012618;(1, (0, 0, 0, 0))
2018-03-23 00:28:09.066164;(9, (85, 38, 123, 3))
2018-03-23 00:28:09.096997;(25, (9, 22, 32, 3))
2018-03-23 00:28:09.123498;(2, (135, 32, 167, 1))
2018-03-23 00:28:09.150969;(12, (44, 46, 91, 6))
2018-03-23 00:28:09.180293;(24, (14, 9, 24, 0))
2018-03-23 00:28:09.193417;(21, (77, 21, 99, 0))
2018-03-23 00:28:09.263571;(10, (111, 30, 141, 1))
2018-03-23 00:28:09.278739;(18, (118, 23, 141, 0))
2018-03-23 00:28:09.286556;(5, (87, 51, 139, 2))
2018-03-23 00:28:09.352375;(4, (27, 41, 69, 8))
2018-03-23 00:28:09.365638;(20, (110, 25, 135, 0))
2018-03-23 00:28:09.377719;(17, (44, 34, 79, 3))
2018-03-23 00:28:09.451887;(15, (16, 6, 23, 0))
2018-03-23 00:28:09.460284;(16, (45, 27, 73, 4))
2018-03-23 00:29:08.557808;(14, (73, 49, 122, 7))
2018-03-23 00:29:08.574521;(19, (75, 51, 127, 5))
2018-03-23 00:29:08.668568;(6, (218, 24, 242, 0))
2018-03-23 00:29:08.692098;(22, (127, 34, 161, 2))
2018-03-23 00:29:08.749466;(8, (137, 41, 178, 4))
2018-03-23 00:29:08.782550;(26, (52, 47, 100, 5))
2018-03-23 00:29:08.850839;(7, (174, 42, 216, 2))
2018-03-23 00:29:08.865785;(13, (15, 45, 61, 9))
2018-03-23 00:29:08.936468;(11, (117, 56, 174, 5))
2018-03-23 00:29:08.980418;(23, (140, 38, 178, 2))
2018-03-23 00:29:09.025555;(3, (208, 31, 239, 0))
2018-03-23 00:29:09.026178;(1, (0, 0, 0, 0))
2018-03-23 00:29:09.081193;(9, (121, 55, 176, 5))
2018-03-23 00:29:09.108268;(25, (9, 35, 45, 6))
2018-03-23 00:29:09.140963;(2, (192, 44, 236, 1))
2018-03-23 00:29:09.160994;(12, (49, 60, 110, 9))
2018-03-23 00:29:09.190472;(24, (15, 16, 32, 1))
2018-03-23 00:29:09.205982;(21, (106, 44, 151, 2))
2018-03-23 00:29:09.275844;(10, (134, 48, 183, 3))
2018-03-23 00:29:09.294653;(18, (154, 33, 188, 1))
2018-03-23 00:29:09.297625;(5, (91, 66, 158, 5))
2018-03-23 00:29:09.364491;(4, (33, 54, 88, 9))
2018-03-23 00:29:09.383988;(20, (170, 44, 214, 0))
2018-03-23 00:29:09.392876;(17, (52, 46, 99, 5))
2018-03-23 00:29:09.462592;(15, (20, 10, 31, 0))
2018-03-23 00:29:09.478460;(16, (87, 49, 136, 6))
2018-03-23 00:30:08.571692;(14, (98, 64, 163, 9))
2018-03-23 00:30:08.586939;(19, (90, 74, 165, 7))
2018-03-23 00:30:08.688000;(6, (276, 34, 310, 0))
2018-03-23 00:30:08.712917;(22, (185, 45, 230, 2))
2018-03-23 00:30:08.765722;(8, (183, 57, 241, 4))
2018-03-23 00:30:08.794127;(26, (61, 62, 124, 7))
2018-03-23 00:30:08.871865;(7, (226, 61, 288, 2))
2018-03-23 00:30:08.882278;(13, (15, 56, 72, 11))
2018-03-23 00:30:08.948434;(11, (127, 74, 202, 8))
2018-03-23 00:30:08.994534;(23, (181, 51, 233, 2))
2018-03-23 00:30:09.043459;(3, (268, 41, 309, 0))
2018-03-23 00:30:09.044104;(1, (0, 0, 0, 0))
2018-03-23 00:30:09.094884;(9, (135, 71, 207, 6))
2018-03-23 00:30:09.118432;(25, (9, 47, 57, 9))
2018-03-23 00:30:09.156248;(2, (243, 65, 309, 1))
2018-03-23 00:30:09.172065;(12, (52, 79, 132, 13))
2018-03-23 00:30:09.200815;(24, (15, 25, 41, 3))
2018-03-23 00:30:09.218017;(21, (140, 63, 204, 3))
2018-03-23 00:30:09.288436;(10, (148, 64, 213, 6))
2018-03-23 00:30:09.307590;(5, (91, 78, 170, 8))
2018-03-23 00:30:09.308706;(18, (188, 55, 244, 3))
2018-03-23 00:30:09.375551;(4, (34, 65, 100, 11))
2018-03-23 00:30:09.401497;(20, (227, 64, 291, 1))
2018-03-23 00:30:09.409173;(17, (63, 67, 131, 8))
2018-03-23 00:30:09.474757;(15, (20, 12, 33, 0))
2018-03-23 00:30:09.492758;(16, (111, 67, 179, 9))
2018-03-23 00:31:08.584934;(14, (117, 76, 193, 12))
2018-03-23 00:31:08.600502;(19, (105, 97, 203, 11))
2018-03-23 00:31:08.708494;(6, (336, 43, 379, 0))
2018-03-23 00:31:08.736680;(22, (244, 55, 300, 2))
2018-03-23 00:31:08.783533;(8, (224, 75, 299, 6))
2018-03-23 00:31:08.806578;(26, (61, 74, 136, 10))
2018-03-23 00:31:08.891090;(7, (266, 76, 342, 4))
2018-03-23 00:31:08.897546;(13, (15, 68, 84, 14))
2018-03-23 00:31:08.960445;(11, (136, 86, 222, 11))
2018-03-23 00:31:09.009524;(23, (224, 63, 287, 3))
2018-03-23 00:31:09.063004;(3, (328, 50, 378, 0))
2018-03-23 00:31:09.063338;(1, (0, 0, 0, 0))
2018-03-23 00:31:09.106204;(9, (137, 87, 225, 10))
2018-03-23 00:31:09.129145;(25, (9, 59, 69, 12))
2018-03-23 00:31:09.172564;(2, (295, 80, 375, 2))
2018-03-23 00:31:09.211076;(24, (15, 37, 53, 6))
2018-03-23 00:31:09.233556;(21, (182, 77, 260, 3))
2018-03-23 00:31:09.304251;(10, (190, 80, 270, 8))
2018-03-23 00:31:09.318450;(5, (91, 93, 185, 12))
2018-03-23 00:31:09.322782;(18, (226, 66, 292, 5))
2018-03-23 00:31:09.387262;(4, (34, 74, 109, 14))
2018-03-23 00:31:09.421999;(20, (288, 73, 361, 1))
2018-03-23 00:31:09.424239;(17, (63, 97, 161, 15))
2018-03-23 00:31:09.485779;(15, (20, 15, 36, 1))
2018-03-23 00:31:09.508832;(16, (146, 82, 229, 11))
2018-03-23 00:32:08.597716;(14, (129, 87, 217, 14))
2018-03-23 00:32:08.617106;(19, (150, 109, 260, 12))
2018-03-23 00:32:08.727270;(6, (396, 49, 445, 0))
2018-03-23 00:32:08.753453;(22, (305, 62, 367, 2))
2018-03-23 00:32:08.802329;(8, (282, 87, 369, 6))
2018-03-23 00:32:08.817168;(26, (68, 89, 158, 13))
2018-03-23 00:32:08.908593;(7, (313, 90, 404, 5))
2018-03-23 00:32:08.909875;(13, (15, 79, 95, 17))
2018-03-23 00:32:08.975118;(11, (153, 104, 258, 14))
2018-03-23 00:32:09.028293;(23, (284, 69, 353, 3))
2018-03-23 00:32:09.084954;(3, (388, 57, 445, 0))
2018-03-23 00:32:09.085066;(1, (0, 0, 0, 0))
2018-03-23 00:32:09.120454;(9, (154, 101, 256, 12))
2018-03-23 00:32:09.141440;(25, (9, 73, 83, 16))
2018-03-23 00:32:09.192961;(2, (353, 88, 442, 2))
2018-03-23 00:32:09.202601;(12, (98, 112, 210, 17))
2018-03-23 00:32:09.220715;(24, (15, 50, 66, 10))
2018-03-23 00:32:09.247621;(21, (218, 94, 313, 4))
2018-03-23 00:32:09.321613;(10, (233, 99, 333, 10))
2018-03-23 00:32:09.328340;(5, (96, 109, 206, 15))
2018-03-23 00:32:09.339002;(18, (286, 77, 363, 5))
2018-03-23 00:32:09.397030;(4, (34, 83, 118, 16))
2018-03-23 00:32:09.438800;(20, (345, 83, 428, 1))
2018-03-23 00:32:09.440541;(17, (64, 127, 192, 23))
2018-03-23 00:32:09.497492;(15, (21, 19, 41, 1))
2018-03-23 00:32:09.522412;(16, (180, 98, 278, 13))
2018-03-23 00:33:08.607992;(14, (133, 99, 233, 16))
2018-03-23 00:33:08.629110;(19, (158, 123, 282, 14))
2018-03-23 00:33:08.747478;(6, (456, 57, 513, 0))
2018-03-23 00:33:08.766602;(22, (325, 78, 403, 5))
2018-03-23 00:33:08.814328;(8, (292, 97, 389, 8))
2018-03-23 00:33:08.829526;(26, (87, 104, 192, 15))
2018-03-23 00:33:08.925761;(13, (21, 96, 118, 20))
2018-03-23 00:33:08.928480;(7, (374, 100, 474, 5))
2018-03-23 00:33:08.987552;(11, (173, 120, 294, 16))
2018-03-23 00:33:09.045042;(23, (345, 73, 418, 3))
2018-03-23 00:33:09.105331;(3, (448, 64, 512, 0))
2018-03-23 00:33:09.106429;(1, (0, 0, 0, 0))
2018-03-23 00:33:09.132591;(9, (154, 114, 269, 15))
2018-03-23 00:33:09.149641;(25, (11, 84, 96, 18))
2018-03-23 00:33:09.209844;(2, (413, 99, 513, 2))
2018-03-23 00:33:09.212374;(12, (100, 120, 221, 18))
2018-03-23 00:33:09.232798;(24, (19, 59, 79, 12))
2018-03-23 00:33:09.259990;(21, (234, 110, 345, 7))
2018-03-23 00:33:09.334079;(10, (250, 116, 367, 12))
2018-03-23 00:33:09.337835;(5, (105, 122, 228, 17))
2018-03-23 00:33:09.349798;(18, (307, 97, 405, 7))
2018-03-23 00:33:09.407473;(4, (34, 92, 127, 18))
2018-03-23 00:33:09.458941;(20, (405, 88, 493, 1))
2018-03-23 00:33:09.460097;(17, (73, 141, 215, 25))
2018-03-23 00:33:09.510021;(15, (21, 26, 48, 3))
2018-03-23 00:33:09.537314;(16, (198, 110, 308, 15))
2018-03-23 00:34:08.615635;(14, (133, 111, 245, 19))
2018-03-23 00:34:08.644375;(19, (211, 133, 344, 14))
2018-03-23 00:34:08.764200;(6, (516, 68, 584, 0))
2018-03-23 00:34:08.783315;(22, (380, 95, 475, 5))
2018-03-23 00:34:08.830588;(8, (352, 101, 453, 8))
2018-03-23 00:34:08.839334;(26, (87, 115, 203, 17))
2018-03-23 00:34:08.933527;(13, (21, 112, 134, 24))
2018-03-23 00:34:08.942508;(7, (434, 106, 540, 5))
2018-03-23 00:34:08.996889;(11, (173, 134, 308, 19))
2018-03-23 00:34:09.060910;(23, (405, 78, 483, 3))
2018-03-23 00:34:09.123829;(1, (0, 0, 0, 0))
2018-03-23 00:34:09.124613;(3, (508, 75, 583, 0))
2018-03-23 00:34:09.150662;(9, (203, 127, 330, 16))
2018-03-23 00:34:09.161443;(25, (11, 96, 108, 21))
2018-03-23 00:34:09.222514;(12, (104, 132, 237, 20))
2018-03-23 00:34:09.229482;(2, (474, 103, 577, 2))
2018-03-23 00:34:09.245013;(24, (19, 72, 92, 15))
2018-03-23 00:34:09.278291;(21, (291, 126, 417, 7))
2018-03-23 00:34:09.342408;(10, (250, 132, 383, 16))
2018-03-23 00:34:09.344718;(5, (105, 134, 240, 20))
2018-03-23 00:34:09.361267;(18, (307, 108, 416, 10))
2018-03-23 00:34:09.415994;(4, (34, 101, 136, 20))
2018-03-23 00:34:09.477131;(20, (465, 94, 559, 1))
2018-03-23 00:34:09.477513;(17, (73, 153, 227, 28))
2018-03-23 00:34:09.518711;(15, (21, 40, 62, 7))
2018-03-23 00:34:09.552917;(16, (248, 119, 367, 16))
2018-03-23 00:35:08.783359;(6, (576, 81, 657, 0))
2018-03-23 00:35:08.797681;(22, (408, 114, 523, 6))
2018-03-23 00:35:08.848333;(8, (404, 117, 522, 9))
2018-03-23 00:35:08.850292;(26, (87, 127, 215, 20))
2018-03-23 00:35:08.941765;(13, (21, 128, 150, 28))
2018-03-23 00:35:08.958602;(7, (494, 111, 605, 5))
2018-03-23 00:35:09.005756;(11, (173, 146, 320, 22))
2018-03-23 00:35:09.080241;(23, (465, 87, 552, 3))
2018-03-23 00:35:09.142274;(3, (557, 89, 646, 1))
2018-03-23 00:35:09.166169;(9, (231, 144, 376, 18))
2018-03-23 00:35:09.173658;(25, (11, 107, 119, 24))
2018-03-23 00:35:09.230976;(12, (104, 144, 249, 23))
2018-03-23 00:35:09.246621;(2, (534, 111, 645, 2))
2018-03-23 00:35:09.257006;(24, (19, 84, 104, 18))
2018-03-23 00:35:09.293365;(21, (328, 145, 474, 7))
2018-03-23 00:35:09.351989;(10, (253, 149, 403, 20))
2018-03-23 00:35:09.353042;(5, (105, 145, 251, 23))
2018-03-23 00:35:09.370833;(18, (307, 120, 428, 13))
2018-03-23 00:35:09.424966;(4, (35, 110, 146, 22))
2018-03-23 00:35:09.497771;(20, (525, 104, 629, 1))
2018-03-23 00:35:09.498241;(17, (73, 165, 239, 31))
2018-03-23 00:35:09.530202;(15, (21, 54, 76, 10))
2018-03-23 00:35:09.567355;(16, (273, 134, 408, 17))
2018-03-23 00:35:09.625960;(14, (133, 123, 257, 22))
2018-03-23 00:35:09.658041;(19, (236, 160, 397, 18))
2018-03-23 00:35:10.137381;(1, (0, 0, 0, 0))
2018-03-23 00:36:09.638278;(14, (133, 134, 268, 25))
2018-03-23 00:36:09.672891;(19, (265, 179, 444, 22))
2018-03-23 00:36:09.800965;(6, (636, 89, 725, 0))
2018-03-23 00:36:09.813028;(22, (431, 123, 555, 7))
2018-03-23 00:36:09.865226;(8, (439, 132, 571, 11))
2018-03-23 00:36:09.865936;(26, (87, 138, 226, 23))
2018-03-23 00:36:09.952781;(13, (30, 147, 178, 31))
2018-03-23 00:36:09.977371;(7, (554, 127, 681, 5))
2018-03-23 00:36:10.018100;(11, (175, 161, 337, 26))
2018-03-23 00:36:10.100098;(23, (525, 96, 621, 3))
2018-03-23 00:36:10.147312;(1, (0, 0, 0, 0))
2018-03-23 00:36:10.163346;(3, (616, 94, 711, 1))
2018-03-23 00:36:10.179340;(9, (240, 160, 400, 21))
2018-03-23 00:36:10.183014;(25, (11, 119, 131, 27))
2018-03-23 00:36:10.243945;(12, (104, 156, 261, 26))
2018-03-23 00:36:10.265183;(2, (588, 123, 712, 2))
2018-03-23 00:36:10.271943;(24, (20, 92, 113, 19))
2018-03-23 00:36:10.312077;(21, (376, 161, 537, 8))
2018-03-23 00:36:10.366295;(10, (282, 169, 452, 22))
2018-03-23 00:36:10.367952;(5, (105, 155, 261, 25))
2018-03-23 00:36:10.382373;(18, (323, 137, 461, 16))
2018-03-23 00:36:10.436348;(4, (35, 119, 155, 24))
2018-03-23 00:36:10.517029;(20, (585, 114, 699, 1))
2018-03-23 00:36:10.517201;(17, (77, 185, 263, 36))
2018-03-23 00:36:10.541028;(15, (21, 68, 90, 14))
2018-03-23 00:36:10.585514;(16, (323, 151, 474, 19))
2018-03-23 00:37:09.647469;(14, (133, 145, 279, 28))
2018-03-23 00:37:09.690489;(19, (325, 185, 510, 22))
2018-03-23 00:37:09.820897;(6, (696, 106, 802, 0))
2018-03-23 00:37:09.834591;(22, (490, 129, 619, 7))
2018-03-23 00:37:09.878233;(26, (87, 149, 237, 26))
2018-03-23 00:37:09.884476;(8, (499, 136, 635, 11))
2018-03-23 00:37:09.960924;(13, (30, 158, 189, 34))
2018-03-23 00:37:09.996258;(7, (614, 145, 759, 5))
2018-03-23 00:37:10.029604;(11, (186, 176, 363, 29))
2018-03-23 00:37:10.117858;(23, (585, 99, 684, 3))
2018-03-23 00:37:10.158179;(1, (0, 0, 0, 0))
2018-03-23 00:37:10.181605;(3, (677, 101, 778, 1))
2018-03-23 00:37:10.197541;(9, (299, 166, 465, 21))
2018-03-23 00:37:10.198230;(25, (11, 130, 142, 30))
2018-03-23 00:37:10.257090;(12, (104, 168, 273, 29))
2018-03-23 00:37:10.283970;(2, (647, 129, 776, 2))
2018-03-23 00:37:10.285912;(24, (20, 101, 122, 21))
2018-03-23 00:37:10.327832;(21, (435, 170, 605, 8))
2018-03-23 00:37:10.377740;(10, (304, 192, 496, 27))
2018-03-23 00:37:10.378189;(5, (105, 167, 273, 28))
2018-03-23 00:37:10.391960;(18, (323, 150, 474, 19))
2018-03-23 00:37:10.446132;(4, (35, 129, 165, 27))
2018-03-23 00:37:10.534163;(20, (645, 119, 764, 1))
2018-03-23 00:37:10.534858;(17, (85, 202, 288, 39))
2018-03-23 00:37:10.550166;(15, (21, 82, 104, 17))
2018-03-23 00:37:10.601491;(16, (380, 159, 539, 19))
2018-03-23 00:38:09.658721;(14, (133, 156, 290, 31))
2018-03-23 00:38:09.707127;(19, (354, 196, 551, 23))
2018-03-23 00:38:09.843420;(6, (757, 131, 888, 0))
2018-03-23 00:38:09.854298;(22, (539, 141, 681, 8))
2018-03-23 00:38:09.893463;(26, (95, 170, 266, 29))
2018-03-23 00:38:09.905052;(8, (547, 147, 695, 11))
2018-03-23 00:38:09.970949;(13, (30, 170, 201, 37))
2018-03-23 00:38:10.009906;(7, (640, 164, 805, 7))
2018-03-23 00:38:10.041318;(11, (202, 197, 400, 33))
2018-03-23 00:38:10.127683;(23, (599, 113, 713, 5))
2018-03-23 00:38:10.169372;(1, (0, 0, 0, 0))
2018-03-23 00:38:10.197667;(3, (737, 109, 846, 1))
2018-03-23 00:38:10.210428;(25, (11, 141, 153, 33))
2018-03-23 00:38:10.213409;(9, (319, 183, 503, 23))
2018-03-23 00:38:10.270700;(12, (116, 183, 300, 32))
2018-03-23 00:38:10.298124;(24, (20, 111, 132, 24))
2018-03-23 00:38:10.300908;(2, (658, 140, 799, 4))
2018-03-23 00:38:10.345936;(21, (474, 178, 653, 9))
2018-03-23 00:38:10.387248;(5, (110, 181, 292, 31))
2018-03-23 00:38:10.390309;(10, (312, 204, 517, 29))
2018-03-23 00:38:10.402650;(18, (323, 162, 486, 22))
2018-03-23 00:38:10.457794;(4, (35, 140, 176, 29))
2018-03-23 00:38:10.547566;(17, (85, 218, 304, 43))
2018-03-23 00:38:10.549119;(20, (668, 133, 802, 3))
2018-03-23 00:38:10.562870;(15, (21, 96, 118, 21))
2018-03-23 00:38:10.617690;(16, (413, 171, 585, 20))
2018-03-23 00:39:09.671890;(14, (133, 167, 301, 33))
2018-03-23 00:39:09.721480;(19, (363, 209, 573, 25))
2018-03-23 00:39:09.870305;(6, (817, 146, 963, 0))
2018-03-23 00:39:09.872652;(22, (548, 162, 711, 11))
2018-03-23 00:39:09.908601;(26, (95, 183, 279, 33))
2018-03-23 00:39:09.919692;(8, (547, 159, 707, 14))
2018-03-23 00:39:09.984204;(13, (30, 180, 211, 40))
2018-03-23 00:39:10.025046;(7, (654, 180, 835, 10))
2018-03-23 00:39:10.050970;(11, (202, 206, 409, 35))
2018-03-23 00:39:10.136212;(23, (599, 125, 725, 8))
2018-03-23 00:39:10.181001;(1, (0, 0, 0, 0))
2018-03-23 00:39:10.214462;(3, (797, 124, 921, 1))
2018-03-23 00:39:10.221834;(25, (11, 152, 164, 35))
2018-03-23 00:39:10.225883;(9, (319, 197, 517, 27))
2018-03-23 00:39:10.281060;(12, (116, 194, 311, 35))
2018-03-23 00:39:10.311056;(24, (20, 120, 141, 26))
2018-03-23 00:39:10.313319;(2, (671, 156, 828, 7))
2018-03-23 00:39:10.358828;(21, (487, 195, 683, 12))
2018-03-23 00:39:10.396540;(5, (112, 203, 316, 36))
2018-03-23 00:39:10.402540;(10, (323, 218, 542, 32))
2018-03-23 00:39:10.417690;(18, (339, 180, 520, 25))
2018-03-23 00:39:10.469491;(4, (35, 151, 187, 32))
2018-03-23 00:39:10.558577;(17, (85, 234, 320, 47))
2018-03-23 00:39:10.564533;(20, (688, 146, 835, 6))
2018-03-23 00:39:10.576896;(15, (21, 110, 132, 24))
2018-03-23 00:39:10.632140;(16, (422, 188, 611, 23))
2018-03-23 00:40:09.681692;(14, (133, 179, 313, 36))
2018-03-23 00:40:09.732872;(19, (363, 221, 585, 28))
2018-03-23 00:40:09.890844;(22, (548, 174, 723, 14))
2018-03-23 00:40:09.893862;(6, (877, 159, 1036, 0))
2018-03-23 00:40:09.924305;(26, (107, 201, 309, 35))
2018-03-23 00:40:09.930081;(8, (547, 174, 722, 18))
2018-03-23 00:40:09.996388;(13, (39, 193, 233, 42))
2018-03-23 00:40:10.040531;(7, (693, 189, 882, 11))
2018-03-23 00:40:10.061549;(11, (223, 221, 444, 38))
2018-03-23 00:40:10.150924;(23, (635, 133, 768, 10))
2018-03-23 00:40:10.190091;(1, (0, 0, 0, 0))
2018-03-23 00:40:10.231009;(3, (857, 137, 994, 1))
2018-03-23 00:40:10.233063;(25, (11, 164, 176, 38))
2018-03-23 00:40:10.237195;(9, (319, 211, 531, 30))
2018-03-23 00:40:10.290888;(12, (116, 206, 323, 38))
2018-03-23 00:40:10.322691;(24, (20, 129, 150, 28))
2018-03-23 00:40:10.326676;(2, (697, 166, 864, 9))
2018-03-23 00:40:10.369761;(21, (490, 207, 698, 14))
2018-03-23 00:40:10.410613;(5, (128, 229, 357, 41))
2018-03-23 00:40:10.418063;(10, (346, 229, 575, 34))
2018-03-23 00:40:10.431852;(18, (358, 195, 553, 28))
2018-03-23 00:40:10.480356;(4, (39, 161, 201, 34))
2018-03-23 00:40:10.570583;(17, (91, 248, 339, 51))
2018-03-23 00:40:10.580693;(20, (726, 155, 881, 7))
2018-03-23 00:40:10.587930;(15, (21, 124, 146, 28))
2018-03-23 00:40:10.642306;(16, (422, 202, 625, 27))
2018-03-23 00:41:09.694247;(14, (133, 190, 324, 39))
2018-03-23 00:41:09.744105;(19, (369, 236, 606, 31))
2018-03-23 00:41:09.902672;(22, (549, 191, 741, 18))
2018-03-23 00:41:09.915455;(6, (937, 185, 1122, 0))
2018-03-23 00:41:09.937467;(26, (117, 217, 335, 38))
2018-03-23 00:41:09.942783;(8, (547, 187, 735, 21))
2018-03-23 00:41:10.005039;(13, (39, 208, 248, 46))
2018-03-23 00:41:10.057813;(7, (752, 201, 954, 11))
2018-03-23 00:41:10.072243;(11, (237, 237, 475, 40))
2018-03-23 00:41:10.173435;(23, (695, 141, 836, 10))
2018-03-23 00:41:10.199106;(1, (0, 0, 0, 0))
2018-03-23 00:41:10.246780;(3, (917, 146, 1063, 1))
2018-03-23 00:41:10.247568;(25, (11, 176, 188, 41))
2018-03-23 00:41:10.250000;(9, (323, 225, 549, 33))
2018-03-23 00:41:10.301564;(12, (116, 218, 335, 41))
2018-03-23 00:41:10.332728;(24, (22, 139, 162, 30))
2018-03-23 00:41:10.344541;(2, (758, 175, 933, 10))
2018-03-23 00:41:10.379215;(21, (490, 220, 711, 17))
2018-03-23 00:41:10.422798;(5, (130, 241, 372, 44))
2018-03-23 00:41:10.433683;(10, (376, 247, 623, 35))
2018-03-23 00:41:10.452056;(18, (418, 208, 626, 28))
2018-03-23 00:41:10.492610;(4, (39, 173, 213, 37))
2018-03-23 00:41:10.582637;(17, (94, 261, 356, 53))
2018-03-23 00:41:10.601409;(20, (787, 161, 948, 7))
2018-03-23 00:41:10.602950;(15, (21, 138, 160, 31))
2018-03-23 00:41:10.653887;(16, (422, 216, 639, 30))
2018-03-23 00:42:09.705987;(14, (133, 202, 336, 42))
2018-03-23 00:42:09.758462;(19, (389, 255, 645, 34))
2018-03-23 00:42:09.918692;(22, (566, 205, 772, 20))
2018-03-23 00:42:09.938052;(6, (997, 209, 1206, 0))
2018-03-23 00:42:09.950127;(26, (119, 234, 354, 41))
2018-03-23 00:42:09.953557;(8, (561, 200, 762, 24))
2018-03-23 00:42:10.015219;(13, (42, 222, 265, 49))
2018-03-23 00:42:10.073049;(7, (790, 214, 1004, 12))
2018-03-23 00:42:10.085094;(11, (251, 249, 501, 42))
2018-03-23 00:42:10.188153;(23, (725, 153, 878, 12))
2018-03-23 00:42:10.208721;(1, (0, 0, 0, 0))
2018-03-23 00:42:10.264719;(3, (975, 155, 1130, 1))
2018-03-23 00:42:10.266258;(25, (12, 193, 206, 45))
2018-03-23 00:42:10.266712;(9, (325, 237, 563, 35))
2018-03-23 00:42:10.313216;(12, (116, 230, 347, 44))
2018-03-23 00:42:10.342971;(24, (26, 148, 175, 32))
2018-03-23 00:42:10.359724;(2, (791, 189, 981, 12))
2018-03-23 00:42:10.393379;(21, (526, 238, 765, 18))
2018-03-23 00:42:10.436404;(5, (130, 252, 383, 46))
2018-03-23 00:42:10.449003;(10, (399, 264, 663, 37))
2018-03-23 00:42:10.467959;(18, (449, 224, 673, 30))
2018-03-23 00:42:10.508340;(4, (39, 185, 225, 40))
2018-03-23 00:42:10.593388;(17, (96, 272, 369, 55))
2018-03-23 00:42:10.616350;(15, (21, 152, 174, 35))
2018-03-23 00:42:10.618978;(20, (835, 175, 1010, 7))
2018-03-23 00:42:10.667308;(16, (434, 234, 669, 34))
2018-03-23 00:43:09.721413;(14, (156, 211, 368, 44))
2018-03-23 00:43:09.769780;(19, (394, 275, 670, 38))
2018-03-23 00:43:09.933248;(22, (604, 214, 818, 22))
2018-03-23 00:43:09.958118;(6, (1057, 235, 1292, 0))
2018-03-23 00:43:09.962457;(26, (122, 244, 367, 43))
2018-03-23 00:43:09.966290;(8, (588, 218, 806, 27))
2018-03-23 00:43:10.026400;(13, (42, 234, 277, 52))
2018-03-23 00:43:10.088916;(7, (842, 233, 1075, 13))
2018-03-23 00:43:10.099974;(11, (268, 267, 536, 45))
2018-03-23 00:43:10.204431;(23, (763, 164, 928, 13))
2018-03-23 00:43:10.218245;(1, (0, 0, 0, 0))
2018-03-23 00:43:10.281560;(3, (1029, 170, 1200, 1))
2018-03-23 00:43:10.284539;(9, (342, 254, 597, 38))
2018-03-23 00:43:10.286382;(25, (23, 218, 242, 50))
2018-03-23 00:43:10.325095;(12, (116, 242, 359, 47))
2018-03-23 00:43:10.353151;(24, (31, 158, 190, 34))
2018-03-23 00:43:10.376965;(2, (842, 202, 1045, 12))
2018-03-23 00:43:10.409954;(21, (560, 251, 811, 20))
2018-03-23 00:43:10.447988;(5, (130, 264, 395, 49))
2018-03-23 00:43:10.465909;(10, (416, 281, 698, 38))
2018-03-23 00:43:10.483418;(18, (458, 242, 701, 33))
2018-03-23 00:43:10.524079;(4, (53, 200, 254, 43))
2018-03-23 00:43:10.604226;(17, (96, 285, 382, 58))
2018-03-23 00:43:10.627866;(15, (35, 164, 200, 37))
2018-03-23 00:43:10.638074;(20, (882, 188, 1071, 8))
2018-03-23 00:43:10.682886;(16, (465, 248, 713, 36))
