2018-04-05 02:35:06.524141;(3, (254, 128, 0, 0, 0, 0, 0, 0, 253, 255, 255, 255, 255, 255, 0, 10))
2018-04-05 02:35:06.530754;(10, (254, 128, 0, 0, 0, 0, 0, 0, 253, 255, 255, 255, 255, 255, 0, 1))
2018-04-05 02:35:06.576418;(8, (254, 128, 0, 0, 0, 0, 0, 0, 253, 255, 255, 255, 255, 255, 0, 11))
2018-04-05 02:35:06.694071;(23, (254, 128, 0, 0, 0, 0, 0, 0, 253, 255, 255, 255, 255, 255, 0, 15))
2018-04-05 02:35:06.694134;(6, (254, 128, 0, 0, 0, 0, 0, 0, 253, 255, 255, 255, 255, 255, 0, 5))
2018-04-05 02:35:06.702511;(9, (254, 128, 0, 0, 0, 0, 0, 0, 253, 255, 255, 255, 255, 255, 0, 13))
2018-04-05 02:35:06.731501;(5, (254, 128, 0, 0, 0, 0, 0, 0, 253, 255, 255, 255, 255, 255, 0, 1))
2018-04-05 02:35:06.762387;(22, (254, 128, 0, 0, 0, 0, 0, 0, 253, 255, 255, 255, 255, 255, 0, 10))
2018-04-05 02:35:06.828796;(12, (254, 128, 0, 0, 0, 0, 0, 0, 253, 255, 255, 255, 255, 255, 0, 14))
2018-04-05 02:35:06.945047;(14, (254, 128, 0, 0, 0, 0, 0, 0, 253, 255, 255, 255, 255, 255, 0, 22))
2018-04-05 02:35:06.962028;(7, (254, 128, 0, 0, 0, 0, 0, 0, 253, 255, 255, 255, 255, 255, 0, 20))
2018-04-05 02:35:07.005043;(11, (254, 128, 0, 0, 0, 0, 0, 0, 253, 255, 255, 255, 255, 255, 0, 14))
2018-04-05 02:35:07.062599;(19, (254, 128, 0, 0, 0, 0, 0, 0, 253, 255, 255, 255, 255, 255, 0, 14))
2018-04-05 02:35:07.064994;(20, (254, 128, 0, 0, 0, 0, 0, 0, 253, 255, 255, 255, 255, 255, 0, 1))
2018-04-05 02:35:07.162871;(1, (0, 0, 0, 0, 0, 0, 0, 0, 0, 0, 0, 0, 0, 0, 0, 0))
2018-04-05 02:35:07.167652;(4, (254, 128, 0, 0, 0, 0, 0, 0, 253, 255, 255, 255, 255, 255, 0, 21))
2018-04-05 02:35:07.203602;(18, (254, 128, 0, 0, 0, 0, 0, 0, 253, 255, 255, 255, 255, 255, 0, 23))
2018-04-05 02:35:07.273369;(13, (254, 128, 0, 0, 0, 0, 0, 0, 253, 255, 255, 255, 255, 255, 0, 5))
2018-04-05 02:35:07.279934;(17, (0, 0, 0, 0, 0, 0, 0, 0, 0, 0, 0, 0, 0, 0, 0, 0))
2018-04-05 02:35:07.282348;(16, (254, 128, 0, 0, 0, 0, 0, 0, 253, 255, 255, 255, 255, 255, 0, 11))
2018-04-05 02:35:07.363718;(15, (254, 128, 0, 0, 0, 0, 0, 0, 253, 255, 255, 255, 255, 255, 0, 1))
2018-04-05 02:35:07.420241;(21, (254, 128, 0, 0, 0, 0, 0, 0, 253, 255, 255, 255, 255, 255, 0, 1))
2018-04-05 02:35:36.527078;(3, (254, 128, 0, 0, 0, 0, 0, 0, 253, 255, 255, 255, 255, 255, 0, 10))
2018-04-05 02:35:36.535313;(10, (254, 128, 0, 0, 0, 0, 0, 0, 253, 255, 255, 255, 255, 255, 0, 1))
2018-04-05 02:35:36.582325;(8, (254, 128, 0, 0, 0, 0, 0, 0, 253, 255, 255, 255, 255, 255, 0, 11))
2018-04-05 02:35:36.696605;(23, (254, 128, 0, 0, 0, 0, 0, 0, 253, 255, 255, 255, 255, 255, 0, 15))
2018-04-05 02:35:36.696992;(6, (254, 128, 0, 0, 0, 0, 0, 0, 253, 255, 255, 255, 255, 255, 0, 5))
2018-04-05 02:35:36.705925;(9, (254, 128, 0, 0, 0, 0, 0, 0, 253, 255, 255, 255, 255, 255, 0, 13))
2018-04-05 02:35:36.734128;(5, (254, 128, 0, 0, 0, 0, 0, 0, 253, 255, 255, 255, 255, 255, 0, 1))
2018-04-05 02:35:36.764819;(22, (254, 128, 0, 0, 0, 0, 0, 0, 253, 255, 255, 255, 255, 255, 0, 10))
2018-04-05 02:35:36.831365;(12, (254, 128, 0, 0, 0, 0, 0, 0, 253, 255, 255, 255, 255, 255, 0, 14))
2018-04-05 02:35:36.948088;(14, (254, 128, 0, 0, 0, 0, 0, 0, 253, 255, 255, 255, 255, 255, 0, 22))
2018-04-05 02:35:36.964314;(7, (254, 128, 0, 0, 0, 0, 0, 0, 253, 255, 255, 255, 255, 255, 0, 20))
2018-04-05 02:35:37.007368;(11, (254, 128, 0, 0, 0, 0, 0, 0, 253, 255, 255, 255, 255, 255, 0, 12))
2018-04-05 02:35:37.065438;(19, (254, 128, 0, 0, 0, 0, 0, 0, 253, 255, 255, 255, 255, 255, 0, 14))
2018-04-05 02:35:37.068048;(20, (254, 128, 0, 0, 0, 0, 0, 0, 253, 255, 255, 255, 255, 255, 0, 1))
2018-04-05 02:35:37.165645;(1, (0, 0, 0, 0, 0, 0, 0, 0, 0, 0, 0, 0, 0, 0, 0, 0))
2018-04-05 02:35:37.170217;(4, (254, 128, 0, 0, 0, 0, 0, 0, 253, 255, 255, 255, 255, 255, 0, 21))
2018-04-05 02:35:37.205898;(18, (254, 128, 0, 0, 0, 0, 0, 0, 253, 255, 255, 255, 255, 255, 0, 23))
2018-04-05 02:35:37.275501;(13, (254, 128, 0, 0, 0, 0, 0, 0, 253, 255, 255, 255, 255, 255, 0, 5))
2018-04-05 02:35:37.283191;(17, (0, 0, 0, 0, 0, 0, 0, 0, 0, 0, 0, 0, 0, 0, 0, 0))
2018-04-05 02:35:37.286250;(16, (0, 0, 0, 0, 0, 0, 0, 0, 0, 0, 0, 0, 0, 0, 0, 0))
2018-04-05 02:35:37.366301;(15, (254, 128, 0, 0, 0, 0, 0, 0, 253, 255, 255, 255, 255, 255, 0, 1))
2018-04-05 02:35:37.423174;(21, (254, 128, 0, 0, 0, 0, 0, 0, 253, 255, 255, 255, 255, 255, 0, 1))
2018-04-05 02:36:06.531009;(3, (254, 128, 0, 0, 0, 0, 0, 0, 253, 255, 255, 255, 255, 255, 0, 10))
2018-04-05 02:36:06.538877;(10, (254, 128, 0, 0, 0, 0, 0, 0, 253, 255, 255, 255, 255, 255, 0, 1))
2018-04-05 02:36:06.586149;(8, (254, 128, 0, 0, 0, 0, 0, 0, 253, 255, 255, 255, 255, 255, 0, 11))
2018-04-05 02:36:06.698947;(23, (254, 128, 0, 0, 0, 0, 0, 0, 253, 255, 255, 255, 255, 255, 0, 15))
2018-04-05 02:36:06.699614;(6, (254, 128, 0, 0, 0, 0, 0, 0, 253, 255, 255, 255, 255, 255, 0, 5))
2018-04-05 02:36:06.709452;(9, (254, 128, 0, 0, 0, 0, 0, 0, 253, 255, 255, 255, 255, 255, 0, 13))
2018-04-05 02:36:06.737545;(5, (254, 128, 0, 0, 0, 0, 0, 0, 253, 255, 255, 255, 255, 255, 0, 1))
2018-04-05 02:36:06.767468;(22, (254, 128, 0, 0, 0, 0, 0, 0, 253, 255, 255, 255, 255, 255, 0, 10))
2018-04-05 02:36:06.837462;(12, (254, 128, 0, 0, 0, 0, 0, 0, 253, 255, 255, 255, 255, 255, 0, 14))
2018-04-05 02:36:06.951182;(14, (254, 128, 0, 0, 0, 0, 0, 0, 253, 255, 255, 255, 255, 255, 0, 22))
2018-04-05 02:36:06.966835;(7, (254, 128, 0, 0, 0, 0, 0, 0, 253, 255, 255, 255, 255, 255, 0, 20))
2018-04-05 02:36:07.010687;(11, (254, 128, 0, 0, 0, 0, 0, 0, 253, 255, 255, 255, 255, 255, 0, 12))
2018-04-05 02:36:07.067338;(19, (254, 128, 0, 0, 0, 0, 0, 0, 253, 255, 255, 255, 255, 255, 0, 14))
2018-04-05 02:36:07.073317;(20, (254, 128, 0, 0, 0, 0, 0, 0, 253, 255, 255, 255, 255, 255, 0, 1))
2018-04-05 02:36:07.168287;(1, (0, 0, 0, 0, 0, 0, 0, 0, 0, 0, 0, 0, 0, 0, 0, 0))
2018-04-05 02:36:07.173321;(4, (254, 128, 0, 0, 0, 0, 0, 0, 253, 255, 255, 255, 255, 255, 0, 21))
2018-04-05 02:36:07.209456;(18, (254, 128, 0, 0, 0, 0, 0, 0, 253, 255, 255, 255, 255, 255, 0, 23))
2018-04-05 02:36:07.281006;(13, (254, 128, 0, 0, 0, 0, 0, 0, 253, 255, 255, 255, 255, 255, 0, 5))
2018-04-05 02:36:07.286064;(17, (0, 0, 0, 0, 0, 0, 0, 0, 0, 0, 0, 0, 0, 0, 0, 0))
2018-04-05 02:36:07.291217;(16, (254, 128, 0, 0, 0, 0, 0, 0, 253, 255, 255, 255, 255, 255, 0, 14))
2018-04-05 02:36:07.370082;(15, (254, 128, 0, 0, 0, 0, 0, 0, 253, 255, 255, 255, 255, 255, 0, 1))
2018-04-05 02:36:07.426769;(21, (254, 128, 0, 0, 0, 0, 0, 0, 253, 255, 255, 255, 255, 255, 0, 1))
2018-04-05 02:36:36.542401;(10, (254, 128, 0, 0, 0, 0, 0, 0, 253, 255, 255, 255, 255, 255, 0, 1))
2018-04-05 02:36:36.701056;(23, (254, 128, 0, 0, 0, 0, 0, 0, 253, 255, 255, 255, 255, 255, 0, 15))
2018-04-05 02:36:37.013428;(11, (254, 128, 0, 0, 0, 0, 0, 0, 253, 255, 255, 255, 255, 255, 0, 12))
2018-04-05 02:36:37.075819;(20, (254, 128, 0, 0, 0, 0, 0, 0, 253, 255, 255, 255, 255, 255, 0, 1))
2018-04-05 02:36:37.170554;(1, (0, 0, 0, 0, 0, 0, 0, 0, 0, 0, 0, 0, 0, 0, 0, 0))
2018-04-05 02:36:37.429750;(21, (254, 128, 0, 0, 0, 0, 0, 0, 253, 255, 255, 255, 255, 255, 0, 1))
2018-04-05 02:36:37.539601;(3, (254, 128, 0, 0, 0, 0, 0, 0, 253, 255, 255, 255, 255, 255, 0, 10))
2018-04-05 02:36:37.589496;(8, (254, 128, 0, 0, 0, 0, 0, 0, 253, 255, 255, 255, 255, 255, 0, 11))
2018-04-05 02:36:37.702181;(6, (254, 128, 0, 0, 0, 0, 0, 0, 253, 255, 255, 255, 255, 255, 0, 5))
2018-04-05 02:36:37.714135;(9, (254, 128, 0, 0, 0, 0, 0, 0, 253, 255, 255, 255, 255, 255, 0, 13))
2018-04-05 02:36:37.741209;(5, (254, 128, 0, 0, 0, 0, 0, 0, 253, 255, 255, 255, 255, 255, 0, 1))
2018-04-05 02:36:37.770392;(22, (254, 128, 0, 0, 0, 0, 0, 0, 253, 255, 255, 255, 255, 255, 0, 10))
2018-04-05 02:36:37.843089;(12, (254, 128, 0, 0, 0, 0, 0, 0, 253, 255, 255, 255, 255, 255, 0, 14))
2018-04-05 02:36:37.954778;(14, (254, 128, 0, 0, 0, 0, 0, 0, 253, 255, 255, 255, 255, 255, 0, 22))
2018-04-05 02:36:37.969509;(7, (254, 128, 0, 0, 0, 0, 0, 0, 253, 255, 255, 255, 255, 255, 0, 20))
2018-04-05 02:36:38.071054;(19, (254, 128, 0, 0, 0, 0, 0, 0, 253, 255, 255, 255, 255, 255, 0, 7))
2018-04-05 02:36:38.176014;(4, (254, 128, 0, 0, 0, 0, 0, 0, 253, 255, 255, 255, 255, 255, 0, 21))
2018-04-05 02:36:38.212732;(18, (254, 128, 0, 0, 0, 0, 0, 0, 253, 255, 255, 255, 255, 255, 0, 23))
2018-04-05 02:36:38.283451;(13, (254, 128, 0, 0, 0, 0, 0, 0, 253, 255, 255, 255, 255, 255, 0, 5))
2018-04-05 02:36:38.289196;(17, (0, 0, 0, 0, 0, 0, 0, 0, 0, 0, 0, 0, 0, 0, 0, 0))
2018-04-05 02:36:38.301625;(16, (254, 128, 0, 0, 0, 0, 0, 0, 253, 255, 255, 255, 255, 255, 0, 14))
2018-04-05 02:36:38.373760;(15, (254, 128, 0, 0, 0, 0, 0, 0, 253, 255, 255, 255, 255, 255, 0, 10))
2018-04-05 02:37:07.173716;(1, (0, 0, 0, 0, 0, 0, 0, 0, 0, 0, 0, 0, 0, 0, 0, 0))
2018-04-05 02:37:07.543136;(3, (254, 128, 0, 0, 0, 0, 0, 0, 253, 255, 255, 255, 255, 255, 0, 10))
2018-04-05 02:37:07.547622;(10, (254, 128, 0, 0, 0, 0, 0, 0, 253, 255, 255, 255, 255, 255, 0, 1))
2018-04-05 02:37:07.592211;(8, (254, 128, 0, 0, 0, 0, 0, 0, 253, 255, 255, 255, 255, 255, 0, 11))
2018-04-05 02:37:07.703263;(23, (254, 128, 0, 0, 0, 0, 0, 0, 253, 255, 255, 255, 255, 255, 0, 15))
2018-04-05 02:37:07.704624;(6, (254, 128, 0, 0, 0, 0, 0, 0, 253, 255, 255, 255, 255, 255, 0, 5))
2018-04-05 02:37:07.717616;(9, (254, 128, 0, 0, 0, 0, 0, 0, 253, 255, 255, 255, 255, 255, 0, 13))
2018-04-05 02:37:07.744300;(5, (254, 128, 0, 0, 0, 0, 0, 0, 253, 255, 255, 255, 255, 255, 0, 1))
2018-04-05 02:37:07.773225;(22, (254, 128, 0, 0, 0, 0, 0, 0, 253, 255, 255, 255, 255, 255, 0, 10))
2018-04-05 02:37:07.846178;(12, (254, 128, 0, 0, 0, 0, 0, 0, 253, 255, 255, 255, 255, 255, 0, 14))
2018-04-05 02:37:07.957521;(14, (254, 128, 0, 0, 0, 0, 0, 0, 253, 255, 255, 255, 255, 255, 0, 22))
2018-04-05 02:37:07.973803;(7, (254, 128, 0, 0, 0, 0, 0, 0, 253, 255, 255, 255, 255, 255, 0, 20))
2018-04-05 02:37:08.017812;(11, (254, 128, 0, 0, 0, 0, 0, 0, 253, 255, 255, 255, 255, 255, 0, 12))
2018-04-05 02:37:08.073850;(19, (254, 128, 0, 0, 0, 0, 0, 0, 253, 255, 255, 255, 255, 255, 0, 7))
2018-04-05 02:37:08.078920;(20, (254, 128, 0, 0, 0, 0, 0, 0, 253, 255, 255, 255, 255, 255, 0, 1))
2018-04-05 02:37:08.179196;(4, (254, 128, 0, 0, 0, 0, 0, 0, 253, 255, 255, 255, 255, 255, 0, 21))
2018-04-05 02:37:08.215257;(18, (254, 128, 0, 0, 0, 0, 0, 0, 253, 255, 255, 255, 255, 255, 0, 23))
2018-04-05 02:37:08.289031;(13, (254, 128, 0, 0, 0, 0, 0, 0, 253, 255, 255, 255, 255, 255, 0, 5))
2018-04-05 02:37:08.293592;(17, (0, 0, 0, 0, 0, 0, 0, 0, 0, 0, 0, 0, 0, 0, 0, 0))
2018-04-05 02:37:08.305240;(16, (254, 128, 0, 0, 0, 0, 0, 0, 253, 255, 255, 255, 255, 255, 0, 14))
2018-04-05 02:37:08.377115;(15, (254, 128, 0, 0, 0, 0, 0, 0, 253, 255, 255, 255, 255, 255, 0, 10))
2018-04-05 02:37:08.433570;(21, (254, 128, 0, 0, 0, 0, 0, 0, 253, 255, 255, 255, 255, 255, 0, 1))
2018-04-05 02:37:37.177485;(1, (0, 0, 0, 0, 0, 0, 0, 0, 0, 0, 0, 0, 0, 0, 0, 0))
2018-04-05 02:37:37.546945;(3, (254, 128, 0, 0, 0, 0, 0, 0, 253, 255, 255, 255, 255, 255, 0, 10))
2018-04-05 02:37:37.550800;(10, (254, 128, 0, 0, 0, 0, 0, 0, 253, 255, 255, 255, 255, 255, 0, 1))
2018-04-05 02:37:37.597204;(8, (254, 128, 0, 0, 0, 0, 0, 0, 253, 255, 255, 255, 255, 255, 0, 11))
2018-04-05 02:37:37.706080;(23, (254, 128, 0, 0, 0, 0, 0, 0, 253, 255, 255, 255, 255, 255, 0, 15))
2018-04-05 02:37:37.707463;(6, (254, 128, 0, 0, 0, 0, 0, 0, 253, 255, 255, 255, 255, 255, 0, 5))
2018-04-05 02:37:37.720703;(9, (254, 128, 0, 0, 0, 0, 0, 0, 253, 255, 255, 255, 255, 255, 0, 13))
2018-04-05 02:37:37.747986;(5, (254, 128, 0, 0, 0, 0, 0, 0, 253, 255, 255, 255, 255, 255, 0, 1))
2018-04-05 02:37:37.776050;(22, (254, 128, 0, 0, 0, 0, 0, 0, 253, 255, 255, 255, 255, 255, 0, 10))
2018-04-05 02:37:37.849407;(12, (254, 128, 0, 0, 0, 0, 0, 0, 253, 255, 255, 255, 255, 255, 0, 14))
2018-04-05 02:37:37.960688;(14, (254, 128, 0, 0, 0, 0, 0, 0, 253, 255, 255, 255, 255, 255, 0, 22))
2018-04-05 02:37:37.977111;(7, (254, 128, 0, 0, 0, 0, 0, 0, 253, 255, 255, 255, 255, 255, 0, 20))
2018-04-05 02:37:38.020296;(11, (254, 128, 0, 0, 0, 0, 0, 0, 253, 255, 255, 255, 255, 255, 0, 12))
2018-04-05 02:37:38.076485;(19, (254, 128, 0, 0, 0, 0, 0, 0, 253, 255, 255, 255, 255, 255, 0, 7))
2018-04-05 02:37:38.082518;(20, (254, 128, 0, 0, 0, 0, 0, 0, 253, 255, 255, 255, 255, 255, 0, 1))
2018-04-05 02:37:38.184934;(4, (254, 128, 0, 0, 0, 0, 0, 0, 253, 255, 255, 255, 255, 255, 0, 21))
2018-04-05 02:37:38.219198;(18, (254, 128, 0, 0, 0, 0, 0, 0, 253, 255, 255, 255, 255, 255, 0, 23))
2018-04-05 02:37:38.293530;(13, (254, 128, 0, 0, 0, 0, 0, 0, 253, 255, 255, 255, 255, 255, 0, 5))
2018-04-05 02:37:38.297321;(17, (0, 0, 0, 0, 0, 0, 0, 0, 0, 0, 0, 0, 0, 0, 0, 0))
2018-04-05 02:37:38.308061;(16, (254, 128, 0, 0, 0, 0, 0, 0, 253, 255, 255, 255, 255, 255, 0, 14))
2018-04-05 02:37:38.379711;(15, (254, 128, 0, 0, 0, 0, 0, 0, 253, 255, 255, 255, 255, 255, 0, 10))
2018-04-05 02:37:38.436066;(21, (254, 128, 0, 0, 0, 0, 0, 0, 253, 255, 255, 255, 255, 255, 0, 1))
2018-04-05 02:38:07.179506;(1, (0, 0, 0, 0, 0, 0, 0, 0, 0, 0, 0, 0, 0, 0, 0, 0))
2018-04-05 02:38:07.551625;(3, (254, 128, 0, 0, 0, 0, 0, 0, 253, 255, 255, 255, 255, 255, 0, 10))
2018-04-05 02:38:07.554949;(10, (254, 128, 0, 0, 0, 0, 0, 0, 253, 255, 255, 255, 255, 255, 0, 1))
2018-04-05 02:38:07.600226;(8, (254, 128, 0, 0, 0, 0, 0, 0, 253, 255, 255, 255, 255, 255, 0, 11))
2018-04-05 02:38:07.710456;(6, (254, 128, 0, 0, 0, 0, 0, 0, 253, 255, 255, 255, 255, 255, 0, 5))
2018-04-05 02:38:07.711944;(23, (254, 128, 0, 0, 0, 0, 0, 0, 253, 255, 255, 255, 255, 255, 0, 15))
2018-04-05 02:38:07.723236;(9, (254, 128, 0, 0, 0, 0, 0, 0, 253, 255, 255, 255, 255, 255, 0, 13))
2018-04-05 02:38:07.751808;(5, (254, 128, 0, 0, 0, 0, 0, 0, 253, 255, 255, 255, 255, 255, 0, 1))
2018-04-05 02:38:07.780872;(22, (254, 128, 0, 0, 0, 0, 0, 0, 253, 255, 255, 255, 255, 255, 0, 10))
2018-04-05 02:38:07.852214;(12, (254, 128, 0, 0, 0, 0, 0, 0, 253, 255, 255, 255, 255, 255, 0, 14))
2018-04-05 02:38:07.964341;(14, (254, 128, 0, 0, 0, 0, 0, 0, 253, 255, 255, 255, 255, 255, 0, 22))
2018-04-05 02:38:07.980770;(7, (254, 128, 0, 0, 0, 0, 0, 0, 253, 255, 255, 255, 255, 255, 0, 20))
2018-04-05 02:38:08.023361;(11, (254, 128, 0, 0, 0, 0, 0, 0, 253, 255, 255, 255, 255, 255, 0, 12))
2018-04-05 02:38:08.080007;(19, (254, 128, 0, 0, 0, 0, 0, 0, 253, 255, 255, 255, 255, 255, 0, 7))
2018-04-05 02:38:08.086521;(20, (254, 128, 0, 0, 0, 0, 0, 0, 253, 255, 255, 255, 255, 255, 0, 1))
2018-04-05 02:38:08.187662;(4, (254, 128, 0, 0, 0, 0, 0, 0, 253, 255, 255, 255, 255, 255, 0, 21))
2018-04-05 02:38:08.223137;(18, (254, 128, 0, 0, 0, 0, 0, 0, 253, 255, 255, 255, 255, 255, 0, 23))
2018-04-05 02:38:08.297930;(13, (254, 128, 0, 0, 0, 0, 0, 0, 253, 255, 255, 255, 255, 255, 0, 5))
2018-04-05 02:38:08.299791;(17, (0, 0, 0, 0, 0, 0, 0, 0, 0, 0, 0, 0, 0, 0, 0, 0))
2018-04-05 02:38:08.313722;(16, (254, 128, 0, 0, 0, 0, 0, 0, 253, 255, 255, 255, 255, 255, 0, 14))
2018-04-05 02:38:08.383005;(15, (254, 128, 0, 0, 0, 0, 0, 0, 253, 255, 255, 255, 255, 255, 0, 10))
2018-04-05 02:38:08.438648;(21, (254, 128, 0, 0, 0, 0, 0, 0, 253, 255, 255, 255, 255, 255, 0, 1))
2018-04-05 02:38:37.558444;(10, (254, 128, 0, 0, 0, 0, 0, 0, 253, 255, 255, 255, 255, 255, 0, 1))
2018-04-05 02:38:37.714294;(6, (254, 128, 0, 0, 0, 0, 0, 0, 253, 255, 255, 255, 255, 255, 0, 5))
2018-04-05 02:38:37.714500;(23, (254, 128, 0, 0, 0, 0, 0, 0, 253, 255, 255, 255, 255, 255, 0, 15))
2018-04-05 02:38:37.726597;(9, (254, 128, 0, 0, 0, 0, 0, 0, 253, 255, 255, 255, 255, 255, 0, 13))
2018-04-05 02:38:37.756599;(5, (254, 128, 0, 0, 0, 0, 0, 0, 253, 255, 255, 255, 255, 255, 0, 1))
2018-04-05 02:38:37.854961;(12, (254, 128, 0, 0, 0, 0, 0, 0, 253, 255, 255, 255, 255, 255, 0, 14))
2018-04-05 02:38:37.967466;(14, (254, 128, 0, 0, 0, 0, 0, 0, 253, 255, 255, 255, 255, 255, 0, 22))
2018-04-05 02:38:37.983477;(7, (254, 128, 0, 0, 0, 0, 0, 0, 253, 255, 255, 255, 255, 255, 0, 20))
2018-04-05 02:38:38.026791;(11, (254, 128, 0, 0, 0, 0, 0, 0, 253, 255, 255, 255, 255, 255, 0, 12))
2018-04-05 02:38:38.082915;(19, (254, 128, 0, 0, 0, 0, 0, 0, 253, 255, 255, 255, 255, 255, 0, 7))
2018-04-05 02:38:38.089873;(20, (254, 128, 0, 0, 0, 0, 0, 0, 253, 255, 255, 255, 255, 255, 0, 1))
2018-04-05 02:38:38.182286;(1, (0, 0, 0, 0, 0, 0, 0, 0, 0, 0, 0, 0, 0, 0, 0, 0))
2018-04-05 02:38:38.190629;(4, (254, 128, 0, 0, 0, 0, 0, 0, 253, 255, 255, 255, 255, 255, 0, 21))
2018-04-05 02:38:38.227491;(18, (254, 128, 0, 0, 0, 0, 0, 0, 253, 255, 255, 255, 255, 255, 0, 23))
2018-04-05 02:38:38.305337;(17, (0, 0, 0, 0, 0, 0, 0, 0, 0, 0, 0, 0, 0, 0, 0, 0))
2018-04-05 02:38:38.442308;(21, (254, 128, 0, 0, 0, 0, 0, 0, 253, 255, 255, 255, 255, 255, 0, 1))
2018-04-05 02:38:38.610868;(8, (254, 128, 0, 0, 0, 0, 0, 0, 253, 255, 255, 255, 255, 255, 0, 11))
2018-04-05 02:38:38.784195;(22, (254, 128, 0, 0, 0, 0, 0, 0, 253, 255, 255, 255, 255, 255, 0, 10))
2018-04-05 02:38:39.318301;(16, (254, 128, 0, 0, 0, 0, 0, 0, 253, 255, 255, 255, 255, 255, 0, 14))
2018-04-05 02:38:39.386571;(15, (254, 128, 0, 0, 0, 0, 0, 0, 253, 255, 255, 255, 255, 255, 0, 10))
2018-04-05 02:39:07.562926;(10, (254, 128, 0, 0, 0, 0, 0, 0, 253, 255, 255, 255, 255, 255, 0, 1))
2018-04-05 02:39:07.716669;(23, (254, 128, 0, 0, 0, 0, 0, 0, 253, 255, 255, 255, 255, 255, 0, 15))
2018-04-05 02:39:08.031023;(11, (254, 128, 0, 0, 0, 0, 0, 0, 253, 255, 255, 255, 255, 255, 0, 12))
2018-04-05 02:39:08.093188;(20, (254, 128, 0, 0, 0, 0, 0, 0, 253, 255, 255, 255, 255, 255, 0, 1))
2018-04-05 02:39:08.186580;(1, (0, 0, 0, 0, 0, 0, 0, 0, 0, 0, 0, 0, 0, 0, 0, 0))
2018-04-05 02:39:08.445830;(21, (254, 128, 0, 0, 0, 0, 0, 0, 253, 255, 255, 255, 255, 255, 0, 1))
2018-04-05 02:39:08.559221;(3, (254, 128, 0, 0, 0, 0, 0, 0, 253, 255, 255, 255, 255, 255, 0, 10))
2018-04-05 02:39:08.614980;(8, (254, 128, 0, 0, 0, 0, 0, 0, 253, 255, 255, 255, 255, 255, 0, 11))
2018-04-05 02:39:08.717973;(6, (254, 128, 0, 0, 0, 0, 0, 0, 253, 255, 255, 255, 255, 255, 0, 5))
2018-04-05 02:39:08.730782;(9, (254, 128, 0, 0, 0, 0, 0, 0, 253, 255, 255, 255, 255, 255, 0, 13))
2018-04-05 02:39:08.761590;(5, (254, 128, 0, 0, 0, 0, 0, 0, 253, 255, 255, 255, 255, 255, 0, 1))
2018-04-05 02:39:08.788593;(22, (254, 128, 0, 0, 0, 0, 0, 0, 253, 255, 255, 255, 255, 255, 0, 10))
2018-04-05 02:39:08.858239;(12, (254, 128, 0, 0, 0, 0, 0, 0, 253, 255, 255, 255, 255, 255, 0, 14))
2018-04-05 02:39:08.970760;(14, (254, 128, 0, 0, 0, 0, 0, 0, 253, 255, 255, 255, 255, 255, 0, 22))
2018-04-05 02:39:08.986511;(7, (254, 128, 0, 0, 0, 0, 0, 0, 253, 255, 255, 255, 255, 255, 0, 20))
2018-04-05 02:39:09.086021;(19, (254, 128, 0, 0, 0, 0, 0, 0, 253, 255, 255, 255, 255, 255, 0, 7))
2018-04-05 02:39:09.193845;(4, (254, 128, 0, 0, 0, 0, 0, 0, 253, 255, 255, 255, 255, 255, 0, 21))
2018-04-05 02:39:09.231303;(18, (254, 128, 0, 0, 0, 0, 0, 0, 253, 255, 255, 255, 255, 255, 0, 23))
2018-04-05 02:39:09.307814;(13, (254, 128, 0, 0, 0, 0, 0, 0, 253, 255, 255, 255, 255, 255, 0, 5))
2018-04-05 02:39:09.308116;(17, (0, 0, 0, 0, 0, 0, 0, 0, 0, 0, 0, 0, 0, 0, 0, 0))
2018-04-05 02:39:09.322459;(16, (254, 128, 0, 0, 0, 0, 0, 0, 253, 255, 255, 255, 255, 255, 0, 14))
2018-04-05 02:39:09.390810;(15, (254, 128, 0, 0, 0, 0, 0, 0, 253, 255, 255, 255, 255, 255, 0, 10))
2018-04-05 02:39:38.189336;(1, (0, 0, 0, 0, 0, 0, 0, 0, 0, 0, 0, 0, 0, 0, 0, 0))
2018-04-05 02:39:38.563072;(3, (254, 128, 0, 0, 0, 0, 0, 0, 253, 255, 255, 255, 255, 255, 0, 10))
2018-04-05 02:39:38.619196;(8, (254, 128, 0, 0, 0, 0, 0, 0, 253, 255, 255, 255, 255, 255, 0, 11))
2018-04-05 02:39:38.718632;(23, (254, 128, 0, 0, 0, 0, 0, 0, 253, 255, 255, 255, 255, 255, 0, 15))
2018-04-05 02:39:38.721045;(6, (254, 128, 0, 0, 0, 0, 0, 0, 253, 255, 255, 255, 255, 255, 0, 5))
2018-04-05 02:39:38.734223;(9, (254, 128, 0, 0, 0, 0, 0, 0, 253, 255, 255, 255, 255, 255, 0, 13))
2018-04-05 02:39:38.764745;(5, (254, 128, 0, 0, 0, 0, 0, 0, 253, 255, 255, 255, 255, 255, 0, 1))
2018-04-05 02:39:38.791922;(22, (254, 128, 0, 0, 0, 0, 0, 0, 253, 255, 255, 255, 255, 255, 0, 10))
2018-04-05 02:39:38.865283;(12, (254, 128, 0, 0, 0, 0, 0, 0, 253, 255, 255, 255, 255, 255, 0, 14))
2018-04-05 02:39:38.973756;(14, (254, 128, 0, 0, 0, 0, 0, 0, 253, 255, 255, 255, 255, 255, 0, 22))
2018-04-05 02:39:38.989168;(7, (254, 128, 0, 0, 0, 0, 0, 0, 253, 255, 255, 255, 255, 255, 0, 20))
2018-04-05 02:39:39.033448;(11, (254, 128, 0, 0, 0, 0, 0, 0, 253, 255, 255, 255, 255, 255, 0, 12))
2018-04-05 02:39:39.089283;(19, (254, 128, 0, 0, 0, 0, 0, 0, 253, 255, 255, 255, 255, 255, 0, 7))
2018-04-05 02:39:39.095632;(20, (254, 128, 0, 0, 0, 0, 0, 0, 253, 255, 255, 255, 255, 255, 0, 1))
2018-04-05 02:39:39.196179;(4, (254, 128, 0, 0, 0, 0, 0, 0, 253, 255, 255, 255, 255, 255, 0, 21))
2018-04-05 02:39:39.234355;(18, (254, 128, 0, 0, 0, 0, 0, 0, 253, 255, 255, 255, 255, 255, 0, 23))
2018-04-05 02:39:39.313053;(13, (254, 128, 0, 0, 0, 0, 0, 0, 253, 255, 255, 255, 255, 255, 0, 5))
2018-04-05 02:39:39.313584;(17, (0, 0, 0, 0, 0, 0, 0, 0, 0, 0, 0, 0, 0, 0, 0, 0))
2018-04-05 02:39:39.325762;(16, (254, 128, 0, 0, 0, 0, 0, 0, 253, 255, 255, 255, 255, 255, 0, 14))
2018-04-05 02:39:39.393651;(15, (254, 128, 0, 0, 0, 0, 0, 0, 253, 255, 255, 255, 255, 255, 0, 10))
2018-04-05 02:39:39.450494;(21, (254, 128, 0, 0, 0, 0, 0, 0, 253, 255, 255, 255, 255, 255, 0, 1))
2018-04-05 02:40:08.193032;(1, (0, 0, 0, 0, 0, 0, 0, 0, 0, 0, 0, 0, 0, 0, 0, 0))
2018-04-05 02:40:08.567398;(3, (254, 128, 0, 0, 0, 0, 0, 0, 253, 255, 255, 255, 255, 255, 0, 10))
2018-04-05 02:40:08.573882;(10, (254, 128, 0, 0, 0, 0, 0, 0, 253, 255, 255, 255, 255, 255, 0, 1))
2018-04-05 02:40:08.621850;(8, (254, 128, 0, 0, 0, 0, 0, 0, 253, 255, 255, 255, 255, 255, 0, 11))
2018-04-05 02:40:08.721703;(23, (254, 128, 0, 0, 0, 0, 0, 0, 253, 255, 255, 255, 255, 255, 0, 15))
2018-04-05 02:40:08.723236;(6, (254, 128, 0, 0, 0, 0, 0, 0, 253, 255, 255, 255, 255, 255, 0, 5))
2018-04-05 02:40:08.737271;(9, (254, 128, 0, 0, 0, 0, 0, 0, 253, 255, 255, 255, 255, 255, 0, 13))
2018-04-05 02:40:08.767370;(5, (254, 128, 0, 0, 0, 0, 0, 0, 253, 255, 255, 255, 255, 255, 0, 1))
2018-04-05 02:40:08.795508;(22, (254, 128, 0, 0, 0, 0, 0, 0, 253, 255, 255, 255, 255, 255, 0, 10))
2018-04-05 02:40:08.869774;(12, (254, 128, 0, 0, 0, 0, 0, 0, 253, 255, 255, 255, 255, 255, 0, 14))
2018-04-05 02:40:08.976712;(14, (254, 128, 0, 0, 0, 0, 0, 0, 253, 255, 255, 255, 255, 255, 0, 22))
2018-04-05 02:40:08.992019;(7, (254, 128, 0, 0, 0, 0, 0, 0, 253, 255, 255, 255, 255, 255, 0, 20))
2018-04-05 02:40:09.037309;(11, (254, 128, 0, 0, 0, 0, 0, 0, 253, 255, 255, 255, 255, 255, 0, 12))
2018-04-05 02:40:09.092145;(19, (254, 128, 0, 0, 0, 0, 0, 0, 253, 255, 255, 255, 255, 255, 0, 7))
2018-04-05 02:40:09.098913;(20, (254, 128, 0, 0, 0, 0, 0, 0, 253, 255, 255, 255, 255, 255, 0, 1))
2018-04-05 02:40:09.199432;(4, (254, 128, 0, 0, 0, 0, 0, 0, 253, 255, 255, 255, 255, 255, 0, 21))
2018-04-05 02:40:09.237044;(18, (254, 128, 0, 0, 0, 0, 0, 0, 253, 255, 255, 255, 255, 255, 0, 23))
2018-04-05 02:40:09.316676;(13, (254, 128, 0, 0, 0, 0, 0, 0, 253, 255, 255, 255, 255, 255, 0, 5))
2018-04-05 02:40:09.317610;(17, (0, 0, 0, 0, 0, 0, 0, 0, 0, 0, 0, 0, 0, 0, 0, 0))
2018-04-05 02:40:09.329699;(16, (254, 128, 0, 0, 0, 0, 0, 0, 253, 255, 255, 255, 255, 255, 0, 14))
2018-04-05 02:40:09.396146;(15, (254, 128, 0, 0, 0, 0, 0, 0, 253, 255, 255, 255, 255, 255, 0, 10))
2018-04-05 02:40:09.454093;(21, (254, 128, 0, 0, 0, 0, 0, 0, 253, 255, 255, 255, 255, 255, 0, 1))
2018-04-05 02:40:38.194960;(1, (0, 0, 0, 0, 0, 0, 0, 0, 0, 0, 0, 0, 0, 0, 0, 0))
2018-04-05 02:40:38.572154;(3, (254, 128, 0, 0, 0, 0, 0, 0, 253, 255, 255, 255, 255, 255, 0, 10))
2018-04-05 02:40:38.577364;(10, (254, 128, 0, 0, 0, 0, 0, 0, 253, 255, 255, 255, 255, 255, 0, 1))
2018-04-05 02:40:38.625402;(8, (254, 128, 0, 0, 0, 0, 0, 0, 253, 255, 255, 255, 255, 255, 0, 11))
2018-04-05 02:40:38.723794;(23, (254, 128, 0, 0, 0, 0, 0, 0, 253, 255, 255, 255, 255, 255, 0, 15))
2018-04-05 02:40:38.727336;(6, (254, 128, 0, 0, 0, 0, 0, 0, 253, 255, 255, 255, 255, 255, 0, 5))
2018-04-05 02:40:38.741075;(9, (254, 128, 0, 0, 0, 0, 0, 0, 253, 255, 255, 255, 255, 255, 0, 13))
2018-04-05 02:40:38.770773;(5, (254, 128, 0, 0, 0, 0, 0, 0, 253, 255, 255, 255, 255, 255, 0, 1))
2018-04-05 02:40:38.798173;(22, (254, 128, 0, 0, 0, 0, 0, 0, 253, 255, 255, 255, 255, 255, 0, 10))
2018-04-05 02:40:38.874033;(12, (254, 128, 0, 0, 0, 0, 0, 0, 253, 255, 255, 255, 255, 255, 0, 14))
2018-04-05 02:40:38.979479;(14, (254, 128, 0, 0, 0, 0, 0, 0, 253, 255, 255, 255, 255, 255, 0, 22))
2018-04-05 02:40:38.997246;(7, (254, 128, 0, 0, 0, 0, 0, 0, 253, 255, 255, 255, 255, 255, 0, 20))
2018-04-05 02:40:39.040119;(11, (254, 128, 0, 0, 0, 0, 0, 0, 253, 255, 255, 255, 255, 255, 0, 12))
2018-04-05 02:40:39.094751;(19, (254, 128, 0, 0, 0, 0, 0, 0, 253, 255, 255, 255, 255, 255, 0, 7))
2018-04-05 02:40:39.102579;(20, (254, 128, 0, 0, 0, 0, 0, 0, 253, 255, 255, 255, 255, 255, 0, 1))
2018-04-05 02:40:39.202367;(4, (254, 128, 0, 0, 0, 0, 0, 0, 253, 255, 255, 255, 255, 255, 0, 21))
2018-04-05 02:40:39.239380;(18, (254, 128, 0, 0, 0, 0, 0, 0, 253, 255, 255, 255, 255, 255, 0, 23))
2018-04-05 02:40:39.319781;(17, (0, 0, 0, 0, 0, 0, 0, 0, 0, 0, 0, 0, 0, 0, 0, 0))
2018-04-05 02:40:39.320403;(13, (254, 128, 0, 0, 0, 0, 0, 0, 253, 255, 255, 255, 255, 255, 0, 5))
2018-04-05 02:40:39.332042;(16, (254, 128, 0, 0, 0, 0, 0, 0, 253, 255, 255, 255, 255, 255, 0, 14))
2018-04-05 02:40:39.398815;(15, (254, 128, 0, 0, 0, 0, 0, 0, 253, 255, 255, 255, 255, 255, 0, 10))
2018-04-05 02:40:39.457548;(21, (254, 128, 0, 0, 0, 0, 0, 0, 253, 255, 255, 255, 255, 255, 0, 1))
2018-04-05 02:41:08.197902;(1, (0, 0, 0, 0, 0, 0, 0, 0, 0, 0, 0, 0, 0, 0, 0, 0))
2018-04-05 02:41:08.581599;(10, (254, 128, 0, 0, 0, 0, 0, 0, 253, 255, 255, 255, 255, 255, 0, 1))
2018-04-05 02:41:08.725745;(23, (254, 128, 0, 0, 0, 0, 0, 0, 253, 255, 255, 255, 255, 255, 0, 15))
2018-04-05 02:41:08.730186;(6, (254, 128, 0, 0, 0, 0, 0, 0, 253, 255, 255, 255, 255, 255, 0, 5))
2018-04-05 02:41:08.747349;(9, (254, 128, 0, 0, 0, 0, 0, 0, 253, 255, 255, 255, 255, 255, 0, 13))
2018-04-05 02:41:08.774440;(5, (254, 128, 0, 0, 0, 0, 0, 0, 253, 255, 255, 255, 255, 255, 0, 1))
2018-04-05 02:41:08.878010;(12, (254, 128, 0, 0, 0, 0, 0, 0, 253, 255, 255, 255, 255, 255, 0, 14))
2018-04-05 02:41:08.999559;(7, (254, 128, 0, 0, 0, 0, 0, 0, 253, 255, 255, 255, 255, 255, 0, 20))
2018-04-05 02:41:09.097781;(19, (254, 128, 0, 0, 0, 0, 0, 0, 253, 255, 255, 255, 255, 255, 0, 7))
2018-04-05 02:41:09.105897;(20, (254, 128, 0, 0, 0, 0, 0, 0, 253, 255, 255, 255, 255, 255, 0, 1))
2018-04-05 02:41:09.205532;(4, (254, 128, 0, 0, 0, 0, 0, 0, 253, 255, 255, 255, 255, 255, 0, 21))
2018-04-05 02:41:09.245041;(18, (254, 128, 0, 0, 0, 0, 0, 0, 253, 255, 255, 255, 255, 255, 0, 23))
2018-04-05 02:41:09.325870;(13, (254, 128, 0, 0, 0, 0, 0, 0, 253, 255, 255, 255, 255, 255, 0, 5))
2018-04-05 02:41:09.462347;(21, (254, 128, 0, 0, 0, 0, 0, 0, 253, 255, 255, 255, 255, 255, 0, 1))
2018-04-05 02:41:09.575832;(3, (254, 128, 0, 0, 0, 0, 0, 0, 253, 255, 255, 255, 255, 255, 0, 10))
2018-04-05 02:41:09.628082;(8, (254, 128, 0, 0, 0, 0, 0, 0, 253, 255, 255, 255, 255, 255, 0, 11))
2018-04-05 02:41:09.802523;(22, (254, 128, 0, 0, 0, 0, 0, 0, 253, 255, 255, 255, 255, 255, 0, 10))
2018-04-05 02:41:09.982528;(14, (254, 128, 0, 0, 0, 0, 0, 0, 253, 255, 255, 255, 255, 255, 0, 22))
2018-04-05 02:41:10.323238;(17, (0, 0, 0, 0, 0, 0, 0, 0, 0, 0, 0, 0, 0, 0, 0, 0))
2018-04-05 02:41:10.335578;(16, (254, 128, 0, 0, 0, 0, 0, 0, 253, 255, 255, 255, 255, 255, 0, 14))
2018-04-05 02:41:10.404243;(15, (254, 128, 0, 0, 0, 0, 0, 0, 253, 255, 255, 255, 255, 255, 0, 10))
2018-04-05 02:41:38.201706;(1, (0, 0, 0, 0, 0, 0, 0, 0, 0, 0, 0, 0, 0, 0, 0, 0))
2018-04-05 02:41:38.585451;(10, (254, 128, 0, 0, 0, 0, 0, 0, 253, 255, 255, 255, 255, 255, 0, 1))
2018-04-05 02:41:38.727632;(23, (254, 128, 0, 0, 0, 0, 0, 0, 253, 255, 255, 255, 255, 255, 0, 15))
2018-04-05 02:41:39.046618;(11, (254, 128, 0, 0, 0, 0, 0, 0, 253, 255, 255, 255, 255, 255, 0, 12))
2018-04-05 02:41:39.109117;(20, (254, 128, 0, 0, 0, 0, 0, 0, 253, 255, 255, 255, 255, 255, 0, 1))
2018-04-05 02:41:39.465217;(21, (254, 128, 0, 0, 0, 0, 0, 0, 253, 255, 255, 255, 255, 255, 0, 1))
2018-04-05 02:41:39.581877;(3, (254, 128, 0, 0, 0, 0, 0, 0, 253, 255, 255, 255, 255, 255, 0, 10))
2018-04-05 02:41:39.630925;(8, (254, 128, 0, 0, 0, 0, 0, 0, 253, 255, 255, 255, 255, 255, 0, 11))
2018-04-05 02:41:39.732316;(6, (254, 128, 0, 0, 0, 0, 0, 0, 253, 255, 255, 255, 255, 255, 0, 5))
2018-04-05 02:41:39.751121;(9, (254, 128, 0, 0, 0, 0, 0, 0, 253, 255, 255, 255, 255, 255, 0, 13))
2018-04-05 02:41:39.778307;(5, (254, 128, 0, 0, 0, 0, 0, 0, 253, 255, 255, 255, 255, 255, 0, 1))
2018-04-05 02:41:39.806780;(22, (254, 128, 0, 0, 0, 0, 0, 0, 253, 255, 255, 255, 255, 255, 0, 10))
2018-04-05 02:41:39.881411;(12, (254, 128, 0, 0, 0, 0, 0, 0, 253, 255, 255, 255, 255, 255, 0, 14))
2018-04-05 02:41:39.986053;(14, (254, 128, 0, 0, 0, 0, 0, 0, 253, 255, 255, 255, 255, 255, 0, 22))
2018-04-05 02:41:40.004026;(7, (254, 128, 0, 0, 0, 0, 0, 0, 253, 255, 255, 255, 255, 255, 0, 20))
2018-04-05 02:41:40.100972;(19, (254, 128, 0, 0, 0, 0, 0, 0, 253, 255, 255, 255, 255, 255, 0, 7))
2018-04-05 02:41:40.208013;(4, (254, 128, 0, 0, 0, 0, 0, 0, 253, 255, 255, 255, 255, 255, 0, 21))
2018-04-05 02:41:40.247627;(18, (254, 128, 0, 0, 0, 0, 0, 0, 253, 255, 255, 255, 255, 255, 0, 23))
2018-04-05 02:41:40.327335;(17, (0, 0, 0, 0, 0, 0, 0, 0, 0, 0, 0, 0, 0, 0, 0, 0))
2018-04-05 02:41:40.328423;(13, (254, 128, 0, 0, 0, 0, 0, 0, 253, 255, 255, 255, 255, 255, 0, 5))
2018-04-05 02:41:40.338893;(16, (254, 128, 0, 0, 0, 0, 0, 0, 253, 255, 255, 255, 255, 255, 0, 14))
2018-04-05 02:41:40.407177;(15, (254, 128, 0, 0, 0, 0, 0, 0, 253, 255, 255, 255, 255, 255, 0, 10))
2018-04-05 02:42:08.204520;(1, (0, 0, 0, 0, 0, 0, 0, 0, 0, 0, 0, 0, 0, 0, 0, 0))
2018-04-05 02:42:08.589669;(10, (254, 128, 0, 0, 0, 0, 0, 0, 253, 255, 255, 255, 255, 255, 0, 1))
2018-04-05 02:42:08.730025;(23, (254, 128, 0, 0, 0, 0, 0, 0, 253, 255, 255, 255, 255, 255, 0, 15))
2018-04-05 02:42:09.051965;(11, (254, 128, 0, 0, 0, 0, 0, 0, 253, 255, 255, 255, 255, 255, 0, 12))
2018-04-05 02:42:09.467853;(21, (254, 128, 0, 0, 0, 0, 0, 0, 253, 255, 255, 255, 255, 255, 0, 1))
2018-04-05 02:42:09.587767;(3, (254, 128, 0, 0, 0, 0, 0, 0, 253, 255, 255, 255, 255, 255, 0, 10))
2018-04-05 02:42:09.634608;(8, (254, 128, 0, 0, 0, 0, 0, 0, 253, 255, 255, 255, 255, 255, 0, 11))
2018-04-05 02:42:09.734800;(6, (254, 128, 0, 0, 0, 0, 0, 0, 253, 255, 255, 255, 255, 255, 0, 5))
2018-04-05 02:42:09.754731;(9, (254, 128, 0, 0, 0, 0, 0, 0, 253, 255, 255, 255, 255, 255, 0, 13))
2018-04-05 02:42:09.783716;(5, (254, 128, 0, 0, 0, 0, 0, 0, 253, 255, 255, 255, 255, 255, 0, 1))
2018-04-05 02:42:09.809837;(22, (254, 128, 0, 0, 0, 0, 0, 0, 253, 255, 255, 255, 255, 255, 0, 10))
2018-04-05 02:42:09.884087;(12, (254, 128, 0, 0, 0, 0, 0, 0, 253, 255, 255, 255, 255, 255, 0, 14))
2018-04-05 02:42:09.991545;(14, (254, 128, 0, 0, 0, 0, 0, 0, 253, 255, 255, 255, 255, 255, 0, 22))
2018-04-05 02:42:10.006859;(7, (254, 128, 0, 0, 0, 0, 0, 0, 253, 255, 255, 255, 255, 255, 0, 20))
2018-04-05 02:42:10.103646;(19, (254, 128, 0, 0, 0, 0, 0, 0, 253, 255, 255, 255, 255, 255, 0, 7))
2018-04-05 02:42:10.113430;(20, (254, 128, 0, 0, 0, 0, 0, 0, 253, 255, 255, 255, 255, 255, 0, 1))
2018-04-05 02:42:10.210587;(4, (254, 128, 0, 0, 0, 0, 0, 0, 253, 255, 255, 255, 255, 255, 0, 21))
2018-04-05 02:42:10.250863;(18, (254, 128, 0, 0, 0, 0, 0, 0, 253, 255, 255, 255, 255, 255, 0, 23))
2018-04-05 02:42:10.331794;(17, (0, 0, 0, 0, 0, 0, 0, 0, 0, 0, 0, 0, 0, 0, 0, 0))
2018-04-05 02:42:10.334347;(13, (254, 128, 0, 0, 0, 0, 0, 0, 253, 255, 255, 255, 255, 255, 0, 5))
2018-04-05 02:42:10.342317;(16, (254, 128, 0, 0, 0, 0, 0, 0, 253, 255, 255, 255, 255, 255, 0, 14))
2018-04-05 02:42:10.410864;(15, (254, 128, 0, 0, 0, 0, 0, 0, 253, 255, 255, 255, 255, 255, 0, 10))
2018-04-05 02:42:39.206514;(1, (0, 0, 0, 0, 0, 0, 0, 0, 0, 0, 0, 0, 0, 0, 0, 0))
2018-04-05 02:42:39.591623;(3, (254, 128, 0, 0, 0, 0, 0, 0, 253, 255, 255, 255, 255, 255, 0, 10))
2018-04-05 02:42:39.593383;(10, (254, 128, 0, 0, 0, 0, 0, 0, 253, 255, 255, 255, 255, 255, 0, 1))
2018-04-05 02:42:39.639031;(8, (254, 128, 0, 0, 0, 0, 0, 0, 253, 255, 255, 255, 255, 255, 0, 11))
2018-04-05 02:42:39.732211;(23, (254, 128, 0, 0, 0, 0, 0, 0, 253, 255, 255, 255, 255, 255, 0, 15))
2018-04-05 02:42:39.745249;(6, (254, 128, 0, 0, 0, 0, 0, 0, 253, 255, 255, 255, 255, 255, 0, 5))
2018-04-05 02:42:39.758346;(9, (254, 128, 0, 0, 0, 0, 0, 0, 253, 255, 255, 255, 255, 255, 0, 13))
2018-04-05 02:42:39.786526;(5, (254, 128, 0, 0, 0, 0, 0, 0, 253, 255, 255, 255, 255, 255, 0, 1))
2018-04-05 02:42:39.813426;(22, (254, 128, 0, 0, 0, 0, 0, 0, 253, 255, 255, 255, 255, 255, 0, 10))
2018-04-05 02:42:39.887464;(12, (254, 128, 0, 0, 0, 0, 0, 0, 253, 255, 255, 255, 255, 255, 0, 14))
2018-04-05 02:42:39.995611;(14, (254, 128, 0, 0, 0, 0, 0, 0, 253, 255, 255, 255, 255, 255, 0, 22))
2018-04-05 02:42:40.011716;(7, (254, 128, 0, 0, 0, 0, 0, 0, 253, 255, 255, 255, 255, 255, 0, 20))
2018-04-05 02:42:40.054750;(11, (254, 128, 0, 0, 0, 0, 0, 0, 253, 255, 255, 255, 255, 255, 0, 12))
2018-04-05 02:42:40.106420;(19, (254, 128, 0, 0, 0, 0, 0, 0, 253, 255, 255, 255, 255, 255, 0, 7))
2018-04-05 02:42:40.115746;(20, (254, 128, 0, 0, 0, 0, 0, 0, 253, 255, 255, 255, 255, 255, 0, 1))
2018-04-05 02:42:40.213218;(4, (254, 128, 0, 0, 0, 0, 0, 0, 253, 255, 255, 255, 255, 255, 0, 21))
2018-04-05 02:42:40.254461;(18, (254, 128, 0, 0, 0, 0, 0, 0, 253, 255, 255, 255, 255, 255, 0, 23))
2018-04-05 02:42:40.334929;(17, (0, 0, 0, 0, 0, 0, 0, 0, 0, 0, 0, 0, 0, 0, 0, 0))
2018-04-05 02:42:40.337297;(13, (254, 128, 0, 0, 0, 0, 0, 0, 253, 255, 255, 255, 255, 255, 0, 5))
2018-04-05 02:42:40.345575;(16, (254, 128, 0, 0, 0, 0, 0, 0, 253, 255, 255, 255, 255, 255, 0, 14))
2018-04-05 02:42:40.414475;(15, (254, 128, 0, 0, 0, 0, 0, 0, 253, 255, 255, 255, 255, 255, 0, 10))
2018-04-05 02:42:40.470685;(21, (254, 128, 0, 0, 0, 0, 0, 0, 253, 255, 255, 255, 255, 255, 0, 1))
2018-04-05 02:43:09.208431;(1, (0, 0, 0, 0, 0, 0, 0, 0, 0, 0, 0, 0, 0, 0, 0, 0))
2018-04-05 02:43:09.596312;(3, (254, 128, 0, 0, 0, 0, 0, 0, 253, 255, 255, 255, 255, 255, 0, 10))
2018-04-05 02:43:09.599190;(10, (254, 128, 0, 0, 0, 0, 0, 0, 253, 255, 255, 255, 255, 255, 0, 1))
2018-04-05 02:43:09.642487;(8, (254, 128, 0, 0, 0, 0, 0, 0, 253, 255, 255, 255, 255, 255, 0, 11))
2018-04-05 02:43:09.735685;(23, (254, 128, 0, 0, 0, 0, 0, 0, 253, 255, 255, 255, 255, 255, 0, 15))
2018-04-05 02:43:09.747813;(6, (254, 128, 0, 0, 0, 0, 0, 0, 253, 255, 255, 255, 255, 255, 0, 5))
2018-04-05 02:43:09.763040;(9, (254, 128, 0, 0, 0, 0, 0, 0, 253, 255, 255, 255, 255, 255, 0, 13))
2018-04-05 02:43:09.790040;(5, (254, 128, 0, 0, 0, 0, 0, 0, 253, 255, 255, 255, 255, 255, 0, 1))
2018-04-05 02:43:09.817828;(22, (254, 128, 0, 0, 0, 0, 0, 0, 253, 255, 255, 255, 255, 255, 0, 10))
2018-04-05 02:43:09.891216;(12, (254, 128, 0, 0, 0, 0, 0, 0, 253, 255, 255, 255, 255, 255, 0, 14))
2018-04-05 02:43:09.999259;(14, (254, 128, 0, 0, 0, 0, 0, 0, 253, 255, 255, 255, 255, 255, 0, 22))
2018-04-05 02:43:10.014810;(7, (254, 128, 0, 0, 0, 0, 0, 0, 253, 255, 255, 255, 255, 255, 0, 20))
2018-04-05 02:43:10.058169;(11, (254, 128, 0, 0, 0, 0, 0, 0, 253, 255, 255, 255, 255, 255, 0, 12))
2018-04-05 02:43:10.109368;(19, (254, 128, 0, 0, 0, 0, 0, 0, 253, 255, 255, 255, 255, 255, 0, 7))
2018-04-05 02:43:10.119950;(20, (254, 128, 0, 0, 0, 0, 0, 0, 253, 255, 255, 255, 255, 255, 0, 1))
2018-04-05 02:43:10.215618;(4, (254, 128, 0, 0, 0, 0, 0, 0, 253, 255, 255, 255, 255, 255, 0, 21))
2018-04-05 02:43:10.257767;(18, (254, 128, 0, 0, 0, 0, 0, 0, 253, 255, 255, 255, 255, 255, 0, 23))
2018-04-05 02:43:10.338202;(17, (0, 0, 0, 0, 0, 0, 0, 0, 0, 0, 0, 0, 0, 0, 0, 0))
2018-04-05 02:43:10.339864;(13, (254, 128, 0, 0, 0, 0, 0, 0, 253, 255, 255, 255, 255, 255, 0, 5))
2018-04-05 02:43:10.347997;(16, (254, 128, 0, 0, 0, 0, 0, 0, 253, 255, 255, 255, 255, 255, 0, 14))
2018-04-05 02:43:10.474067;(21, (254, 128, 0, 0, 0, 0, 0, 0, 253, 255, 255, 255, 255, 255, 0, 1))
2018-04-05 02:43:11.418150;(15, (254, 128, 0, 0, 0, 0, 0, 0, 253, 255, 255, 255, 255, 255, 0, 10))
2018-04-05 02:43:39.210695;(1, (0, 0, 0, 0, 0, 0, 0, 0, 0, 0, 0, 0, 0, 0, 0, 0))
2018-04-05 02:43:39.603393;(10, (254, 128, 0, 0, 0, 0, 0, 0, 253, 255, 255, 255, 255, 255, 0, 1))
2018-04-05 02:43:39.738666;(23, (254, 128, 0, 0, 0, 0, 0, 0, 253, 255, 255, 255, 255, 255, 0, 6))
2018-04-05 02:43:39.751033;(6, (254, 128, 0, 0, 0, 0, 0, 0, 253, 255, 255, 255, 255, 255, 0, 5))
2018-04-05 02:43:39.766402;(9, (254, 128, 0, 0, 0, 0, 0, 0, 253, 255, 255, 255, 255, 255, 0, 13))
2018-04-05 02:43:39.793777;(5, (254, 128, 0, 0, 0, 0, 0, 0, 253, 255, 255, 255, 255, 255, 0, 1))
2018-04-05 02:43:39.897502;(12, (254, 128, 0, 0, 0, 0, 0, 0, 253, 255, 255, 255, 255, 255, 0, 14))
2018-04-05 02:43:40.018361;(7, (254, 128, 0, 0, 0, 0, 0, 0, 253, 255, 255, 255, 255, 255, 0, 20))
2018-04-05 02:43:40.061728;(11, (254, 128, 0, 0, 0, 0, 0, 0, 253, 255, 255, 255, 255, 255, 0, 12))
2018-04-05 02:43:40.122973;(20, (254, 128, 0, 0, 0, 0, 0, 0, 253, 255, 255, 255, 255, 255, 0, 1))
2018-04-05 02:43:40.260663;(18, (254, 128, 0, 0, 0, 0, 0, 0, 253, 255, 255, 255, 255, 255, 0, 23))
2018-04-05 02:43:40.343326;(13, (254, 128, 0, 0, 0, 0, 0, 0, 253, 255, 255, 255, 255, 255, 0, 5))
2018-04-05 02:43:40.476771;(21, (254, 128, 0, 0, 0, 0, 0, 0, 253, 255, 255, 255, 255, 255, 0, 1))
2018-04-05 02:43:40.602189;(3, (254, 128, 0, 0, 0, 0, 0, 0, 253, 255, 255, 255, 255, 255, 0, 10))
2018-04-05 02:43:40.646388;(8, (254, 128, 0, 0, 0, 0, 0, 0, 253, 255, 255, 255, 255, 255, 0, 11))
2018-04-05 02:43:40.820387;(22, (254, 128, 0, 0, 0, 0, 0, 0, 253, 255, 255, 255, 255, 255, 0, 10))
2018-04-05 02:43:41.002842;(14, (254, 128, 0, 0, 0, 0, 0, 0, 253, 255, 255, 255, 255, 255, 0, 22))
2018-04-05 02:43:41.112072;(19, (254, 128, 0, 0, 0, 0, 0, 0, 253, 255, 255, 255, 255, 255, 0, 7))
2018-04-05 02:43:41.218788;(4, (254, 128, 0, 0, 0, 0, 0, 0, 253, 255, 255, 255, 255, 255, 0, 21))
2018-04-05 02:43:41.341216;(17, (0, 0, 0, 0, 0, 0, 0, 0, 0, 0, 0, 0, 0, 0, 0, 0))
2018-04-05 02:43:41.351025;(16, (254, 128, 0, 0, 0, 0, 0, 0, 253, 255, 255, 255, 255, 255, 0, 14))
2018-04-05 02:43:41.421160;(15, (254, 128, 0, 0, 0, 0, 0, 0, 253, 255, 255, 255, 255, 255, 0, 10))
2018-04-05 02:44:09.212729;(1, (0, 0, 0, 0, 0, 0, 0, 0, 0, 0, 0, 0, 0, 0, 0, 0))
2018-04-05 02:44:09.608101;(10, (254, 128, 0, 0, 0, 0, 0, 0, 253, 255, 255, 255, 255, 255, 0, 1))
2018-04-05 02:44:09.742368;(23, (254, 128, 0, 0, 0, 0, 0, 0, 253, 255, 255, 255, 255, 255, 0, 6))
2018-04-05 02:44:10.066640;(11, (254, 128, 0, 0, 0, 0, 0, 0, 253, 255, 255, 255, 255, 255, 0, 12))
2018-04-05 02:44:10.126200;(20, (254, 128, 0, 0, 0, 0, 0, 0, 253, 255, 255, 255, 255, 255, 0, 1))
2018-04-05 02:44:10.479488;(21, (254, 128, 0, 0, 0, 0, 0, 0, 253, 255, 255, 255, 255, 255, 0, 1))
2018-04-05 02:44:10.607084;(3, (254, 128, 0, 0, 0, 0, 0, 0, 253, 255, 255, 255, 255, 255, 0, 10))
2018-04-05 02:44:10.650120;(8, (254, 128, 0, 0, 0, 0, 0, 0, 253, 255, 255, 255, 255, 255, 0, 11))
2018-04-05 02:44:10.754565;(6, (254, 128, 0, 0, 0, 0, 0, 0, 253, 255, 255, 255, 255, 255, 0, 5))
2018-04-05 02:44:10.769747;(9, (254, 128, 0, 0, 0, 0, 0, 0, 253, 255, 255, 255, 255, 255, 0, 13))
2018-04-05 02:44:10.798728;(5, (254, 128, 0, 0, 0, 0, 0, 0, 253, 255, 255, 255, 255, 255, 0, 1))
2018-04-05 02:44:10.823539;(22, (254, 128, 0, 0, 0, 0, 0, 0, 253, 255, 255, 255, 255, 255, 0, 10))
2018-04-05 02:44:10.901953;(12, (254, 128, 0, 0, 0, 0, 0, 0, 253, 255, 255, 255, 255, 255, 0, 14))
2018-04-05 02:44:11.006300;(14, (254, 128, 0, 0, 0, 0, 0, 0, 253, 255, 255, 255, 255, 255, 0, 22))
2018-04-05 02:44:11.021546;(7, (254, 128, 0, 0, 0, 0, 0, 0, 253, 255, 255, 255, 255, 255, 0, 20))
2018-04-05 02:44:11.116355;(19, (254, 128, 0, 0, 0, 0, 0, 0, 253, 255, 255, 255, 255, 255, 0, 7))
2018-04-05 02:44:11.224709;(4, (254, 128, 0, 0, 0, 0, 0, 0, 253, 255, 255, 255, 255, 255, 0, 21))
2018-04-05 02:44:11.263661;(18, (254, 128, 0, 0, 0, 0, 0, 0, 253, 255, 255, 255, 255, 255, 0, 23))
2018-04-05 02:44:11.343680;(17, (0, 0, 0, 0, 0, 0, 0, 0, 0, 0, 0, 0, 0, 0, 0, 0))
2018-04-05 02:44:11.346356;(13, (254, 128, 0, 0, 0, 0, 0, 0, 253, 255, 255, 255, 255, 255, 0, 5))
2018-04-05 02:44:11.354312;(16, (254, 128, 0, 0, 0, 0, 0, 0, 253, 255, 255, 255, 255, 255, 0, 14))
2018-04-05 02:44:11.423707;(15, (254, 128, 0, 0, 0, 0, 0, 0, 253, 255, 255, 255, 255, 255, 0, 10))
2018-04-05 02:44:39.214527;(1, (0, 0, 0, 0, 0, 0, 0, 0, 0, 0, 0, 0, 0, 0, 0, 0))
2018-04-05 02:44:39.616296;(10, (254, 128, 0, 0, 0, 0, 0, 0, 253, 255, 255, 255, 255, 255, 0, 1))
2018-04-05 02:44:39.746340;(23, (254, 128, 0, 0, 0, 0, 0, 0, 253, 255, 255, 255, 255, 255, 0, 6))
2018-04-05 02:44:40.070197;(11, (254, 128, 0, 0, 0, 0, 0, 0, 253, 255, 255, 255, 255, 255, 0, 12))
2018-04-05 02:44:40.482260;(21, (254, 128, 0, 0, 0, 0, 0, 0, 253, 255, 255, 255, 255, 255, 0, 1))
2018-04-05 02:44:40.615282;(3, (254, 128, 0, 0, 0, 0, 0, 0, 253, 255, 255, 255, 255, 255, 0, 10))
2018-04-05 02:44:40.652694;(8, (254, 128, 0, 0, 0, 0, 0, 0, 253, 255, 255, 255, 255, 255, 0, 11))
2018-04-05 02:44:40.757360;(6, (254, 128, 0, 0, 0, 0, 0, 0, 253, 255, 255, 255, 255, 255, 0, 5))
2018-04-05 02:44:40.773372;(9, (254, 128, 0, 0, 0, 0, 0, 0, 253, 255, 255, 255, 255, 255, 0, 13))
2018-04-05 02:44:40.801522;(5, (254, 128, 0, 0, 0, 0, 0, 0, 253, 255, 255, 255, 255, 255, 0, 1))
2018-04-05 02:44:40.826631;(22, (254, 128, 0, 0, 0, 0, 0, 0, 253, 255, 255, 255, 255, 255, 0, 10))
2018-04-05 02:44:40.905530;(12, (254, 128, 0, 0, 0, 0, 0, 0, 253, 255, 255, 255, 255, 255, 0, 14))
2018-04-05 02:44:41.009999;(14, (254, 128, 0, 0, 0, 0, 0, 0, 253, 255, 255, 255, 255, 255, 0, 22))
2018-04-05 02:44:41.023862;(7, (254, 128, 0, 0, 0, 0, 0, 0, 253, 255, 255, 255, 255, 255, 0, 20))
2018-04-05 02:44:41.119265;(19, (254, 128, 0, 0, 0, 0, 0, 0, 253, 255, 255, 255, 255, 255, 0, 7))
2018-04-05 02:44:41.130901;(20, (254, 128, 0, 0, 0, 0, 0, 0, 253, 255, 255, 255, 255, 255, 0, 1))
2018-04-05 02:44:41.227013;(4, (254, 128, 0, 0, 0, 0, 0, 0, 253, 255, 255, 255, 255, 255, 0, 21))
2018-04-05 02:44:41.266991;(18, (254, 128, 0, 0, 0, 0, 0, 0, 253, 255, 255, 255, 255, 255, 0, 23))
2018-04-05 02:44:41.347435;(17, (0, 0, 0, 0, 0, 0, 0, 0, 0, 0, 0, 0, 0, 0, 0, 0))
2018-04-05 02:44:41.349558;(13, (254, 128, 0, 0, 0, 0, 0, 0, 253, 255, 255, 255, 255, 255, 0, 5))
2018-04-05 02:44:41.357968;(16, (254, 128, 0, 0, 0, 0, 0, 0, 253, 255, 255, 255, 255, 255, 0, 14))
2018-04-05 02:44:41.427077;(15, (254, 128, 0, 0, 0, 0, 0, 0, 253, 255, 255, 255, 255, 255, 0, 10))
2018-04-05 02:45:09.217516;(1, (0, 0, 0, 0, 0, 0, 0, 0, 0, 0, 0, 0, 0, 0, 0, 0))
2018-04-05 02:45:10.486218;(21, (254, 128, 0, 0, 0, 0, 0, 0, 253, 255, 255, 255, 255, 255, 0, 1))
2018-04-05 02:45:10.622067;(3, (254, 128, 0, 0, 0, 0, 0, 0, 253, 255, 255, 255, 255, 255, 0, 10))
2018-04-05 02:45:10.657110;(8, (254, 128, 0, 0, 0, 0, 0, 0, 253, 255, 255, 255, 255, 255, 0, 11))
2018-04-05 02:45:10.749765;(23, (254, 128, 0, 0, 0, 0, 0, 0, 253, 255, 255, 255, 255, 255, 0, 6))
2018-04-05 02:45:10.759723;(6, (254, 128, 0, 0, 0, 0, 0, 0, 253, 255, 255, 255, 255, 255, 0, 5))
2018-04-05 02:45:10.775817;(9, (254, 128, 0, 0, 0, 0, 0, 0, 253, 255, 255, 255, 255, 255, 0, 13))
2018-04-05 02:45:10.805413;(5, (254, 128, 0, 0, 0, 0, 0, 0, 253, 255, 255, 255, 255, 255, 0, 1))
2018-04-05 02:45:10.829396;(22, (254, 128, 0, 0, 0, 0, 0, 0, 253, 255, 255, 255, 255, 255, 0, 10))
2018-04-05 02:45:10.909590;(12, (254, 128, 0, 0, 0, 0, 0, 0, 253, 255, 255, 255, 255, 255, 0, 14))
2018-04-05 02:45:11.013074;(14, (254, 128, 0, 0, 0, 0, 0, 0, 253, 255, 255, 255, 255, 255, 0, 22))
2018-04-05 02:45:11.026219;(7, (254, 128, 0, 0, 0, 0, 0, 0, 253, 255, 255, 255, 255, 255, 0, 20))
2018-04-05 02:45:11.074831;(11, (254, 128, 0, 0, 0, 0, 0, 0, 253, 255, 255, 255, 255, 255, 0, 12))
2018-04-05 02:45:11.125388;(19, (254, 128, 0, 0, 0, 0, 0, 0, 253, 255, 255, 255, 255, 255, 0, 7))
2018-04-05 02:45:11.134168;(20, (254, 128, 0, 0, 0, 0, 0, 0, 253, 255, 255, 255, 255, 255, 0, 1))
2018-04-05 02:45:11.229749;(4, (254, 128, 0, 0, 0, 0, 0, 0, 253, 255, 255, 255, 255, 255, 0, 21))
2018-04-05 02:45:11.270788;(18, (254, 128, 0, 0, 0, 0, 0, 0, 253, 255, 255, 255, 255, 255, 0, 23))
2018-04-05 02:45:11.351688;(17, (0, 0, 0, 0, 0, 0, 0, 0, 0, 0, 0, 0, 0, 0, 0, 0))
2018-04-05 02:45:11.354082;(13, (254, 128, 0, 0, 0, 0, 0, 0, 253, 255, 255, 255, 255, 255, 0, 5))
2018-04-05 02:45:11.361144;(16, (254, 128, 0, 0, 0, 0, 0, 0, 253, 255, 255, 255, 255, 255, 0, 14))
2018-04-05 02:45:11.430491;(15, (254, 128, 0, 0, 0, 0, 0, 0, 253, 255, 255, 255, 255, 255, 0, 10))
2018-04-05 02:45:39.219365;(1, (0, 0, 0, 0, 0, 0, 0, 0, 0, 0, 0, 0, 0, 0, 0, 0))
2018-04-05 02:45:40.629347;(3, (254, 128, 0, 0, 0, 0, 0, 0, 253, 255, 255, 255, 255, 255, 0, 10))
2018-04-05 02:45:40.631190;(10, (254, 128, 0, 0, 0, 0, 0, 0, 253, 255, 255, 255, 255, 255, 0, 1))
2018-04-05 02:45:40.751929;(23, (254, 128, 0, 0, 0, 0, 0, 0, 253, 255, 255, 255, 255, 255, 0, 6))
2018-04-05 02:45:40.762783;(6, (254, 128, 0, 0, 0, 0, 0, 0, 253, 255, 255, 255, 255, 255, 0, 5))
2018-04-05 02:45:40.778407;(9, (254, 128, 0, 0, 0, 0, 0, 0, 253, 255, 255, 255, 255, 255, 0, 13))
2018-04-05 02:45:40.809097;(5, (254, 128, 0, 0, 0, 0, 0, 0, 253, 255, 255, 255, 255, 255, 0, 1))
2018-04-05 02:45:40.831797;(22, (254, 128, 0, 0, 0, 0, 0, 0, 253, 255, 255, 255, 255, 255, 0, 10))
2018-04-05 02:45:40.916458;(12, (254, 128, 0, 0, 0, 0, 0, 0, 253, 255, 255, 255, 255, 255, 0, 14))
2018-04-05 02:45:41.015976;(14, (254, 128, 0, 0, 0, 0, 0, 0, 253, 255, 255, 255, 255, 255, 0, 22))
2018-04-05 02:45:41.029528;(7, (254, 128, 0, 0, 0, 0, 0, 0, 253, 255, 255, 255, 255, 255, 0, 20))
2018-04-05 02:45:41.077892;(11, (254, 128, 0, 0, 0, 0, 0, 0, 253, 255, 255, 255, 255, 255, 0, 12))
2018-04-05 02:45:41.127849;(19, (254, 128, 0, 0, 0, 0, 0, 0, 253, 255, 255, 255, 255, 255, 0, 7))
2018-04-05 02:45:41.137322;(20, (254, 128, 0, 0, 0, 0, 0, 0, 253, 255, 255, 255, 255, 255, 0, 1))
2018-04-05 02:45:41.232076;(4, (254, 128, 0, 0, 0, 0, 0, 0, 253, 255, 255, 255, 255, 255, 0, 21))
2018-04-05 02:45:41.274143;(18, (254, 128, 0, 0, 0, 0, 0, 0, 253, 255, 255, 255, 255, 255, 0, 23))
2018-04-05 02:45:41.354677;(17, (0, 0, 0, 0, 0, 0, 0, 0, 0, 0, 0, 0, 0, 0, 0, 0))
2018-04-05 02:45:41.356506;(13, (254, 128, 0, 0, 0, 0, 0, 0, 253, 255, 255, 255, 255, 255, 0, 5))
2018-04-05 02:45:41.490508;(21, (254, 128, 0, 0, 0, 0, 0, 0, 253, 255, 255, 255, 255, 255, 0, 1))
2018-04-05 02:45:41.663507;(8, (254, 128, 0, 0, 0, 0, 0, 0, 253, 255, 255, 255, 255, 255, 0, 11))
2018-04-05 02:45:42.363521;(16, (254, 128, 0, 0, 0, 0, 0, 0, 253, 255, 255, 255, 255, 255, 0, 14))
2018-04-05 02:45:42.433593;(15, (254, 128, 0, 0, 0, 0, 0, 0, 253, 255, 255, 255, 255, 255, 0, 10))
2018-04-05 02:46:09.221233;(1, (0, 0, 0, 0, 0, 0, 0, 0, 0, 0, 0, 0, 0, 0, 0, 0))
2018-04-05 02:46:10.639006;(10, (254, 128, 0, 0, 0, 0, 0, 0, 253, 255, 255, 255, 255, 255, 0, 1))
2018-04-05 02:46:10.754651;(23, (254, 128, 0, 0, 0, 0, 0, 0, 253, 255, 255, 255, 255, 255, 0, 6))
2018-04-05 02:46:10.766236;(6, (254, 128, 0, 0, 0, 0, 0, 0, 253, 255, 255, 255, 255, 255, 0, 5))
2018-04-05 02:46:10.781724;(9, (254, 128, 0, 0, 0, 0, 0, 0, 253, 255, 255, 255, 255, 255, 0, 13))
2018-04-05 02:46:10.813470;(5, (254, 128, 0, 0, 0, 0, 0, 0, 253, 255, 255, 255, 255, 255, 0, 1))
2018-04-05 02:46:11.080800;(11, (254, 128, 0, 0, 0, 0, 0, 0, 253, 255, 255, 255, 255, 255, 0, 12))
2018-04-05 02:46:11.139622;(20, (254, 128, 0, 0, 0, 0, 0, 0, 253, 255, 255, 255, 255, 255, 0, 1))
2018-04-05 02:46:11.276635;(18, (254, 128, 0, 0, 0, 0, 0, 0, 253, 255, 255, 255, 255, 255, 0, 23))
2018-04-05 02:46:11.359261;(13, (254, 128, 0, 0, 0, 0, 0, 0, 253, 255, 255, 255, 255, 255, 0, 5))
2018-04-05 02:46:11.496322;(21, (254, 128, 0, 0, 0, 0, 0, 0, 253, 255, 255, 255, 255, 255, 0, 1))
2018-04-05 02:46:11.637769;(3, (254, 128, 0, 0, 0, 0, 0, 0, 253, 255, 255, 255, 255, 255, 0, 10))
2018-04-05 02:46:11.667027;(8, (254, 128, 0, 0, 0, 0, 0, 0, 253, 255, 255, 255, 255, 255, 0, 11))
2018-04-05 02:46:11.834745;(22, (254, 128, 0, 0, 0, 0, 0, 0, 253, 255, 255, 255, 255, 255, 0, 10))
2018-04-05 02:46:11.919378;(12, (254, 128, 0, 0, 0, 0, 0, 0, 253, 255, 255, 255, 255, 255, 0, 14))
2018-04-05 02:46:12.019129;(14, (254, 128, 0, 0, 0, 0, 0, 0, 253, 255, 255, 255, 255, 255, 0, 22))
2018-04-05 02:46:12.031927;(7, (254, 128, 0, 0, 0, 0, 0, 0, 253, 255, 255, 255, 255, 255, 0, 20))
2018-04-05 02:46:12.131854;(19, (254, 128, 0, 0, 0, 0, 0, 0, 253, 255, 255, 255, 255, 255, 0, 7))
2018-04-05 02:46:12.234380;(4, (254, 128, 0, 0, 0, 0, 0, 0, 253, 255, 255, 255, 255, 255, 0, 21))
2018-04-05 02:46:12.357072;(17, (0, 0, 0, 0, 0, 0, 0, 0, 0, 0, 0, 0, 0, 0, 0, 0))
2018-04-05 02:46:12.366867;(16, (254, 128, 0, 0, 0, 0, 0, 0, 253, 255, 255, 255, 255, 255, 0, 14))
2018-04-05 02:46:12.437663;(15, (254, 128, 0, 0, 0, 0, 0, 0, 253, 255, 255, 255, 255, 255, 0, 10))
2018-04-05 02:46:40.223169;(1, (0, 0, 0, 0, 0, 0, 0, 0, 0, 0, 0, 0, 0, 0, 0, 0))
2018-04-05 02:46:40.646455;(10, (254, 128, 0, 0, 0, 0, 0, 0, 253, 255, 255, 255, 255, 255, 0, 1))
2018-04-05 02:46:40.757583;(23, (254, 128, 0, 0, 0, 0, 0, 0, 253, 255, 255, 255, 255, 255, 0, 6))
2018-04-05 02:46:41.142873;(20, (254, 128, 0, 0, 0, 0, 0, 0, 253, 255, 255, 255, 255, 255, 0, 1))
2018-04-05 02:46:41.502107;(21, (254, 128, 0, 0, 0, 0, 0, 0, 253, 255, 255, 255, 255, 255, 0, 1))
2018-04-05 02:46:41.645446;(3, (254, 128, 0, 0, 0, 0, 0, 0, 253, 255, 255, 255, 255, 255, 0, 10))
2018-04-05 02:46:41.671203;(8, (254, 128, 0, 0, 0, 0, 0, 0, 253, 255, 255, 255, 255, 255, 0, 11))
2018-04-05 02:46:41.770456;(6, (254, 128, 0, 0, 0, 0, 0, 0, 253, 255, 255, 255, 255, 255, 0, 5))
2018-04-05 02:46:41.784424;(9, (254, 128, 0, 0, 0, 0, 0, 0, 253, 255, 255, 255, 255, 255, 0, 13))
2018-04-05 02:46:41.837145;(22, (254, 128, 0, 0, 0, 0, 0, 0, 253, 255, 255, 255, 255, 255, 0, 10))
2018-04-05 02:46:41.922207;(12, (254, 128, 0, 0, 0, 0, 0, 0, 253, 255, 255, 255, 255, 255, 0, 14))
2018-04-05 02:46:42.021789;(14, (254, 128, 0, 0, 0, 0, 0, 0, 253, 255, 255, 255, 255, 255, 0, 22))
2018-04-05 02:46:42.034748;(7, (254, 128, 0, 0, 0, 0, 0, 0, 253, 255, 255, 255, 255, 255, 0, 20))
2018-04-05 02:46:42.135210;(19, (254, 128, 0, 0, 0, 0, 0, 0, 253, 255, 255, 255, 255, 255, 0, 7))
2018-04-05 02:46:42.237007;(4, (254, 128, 0, 0, 0, 0, 0, 0, 253, 255, 255, 255, 255, 255, 0, 21))
2018-04-05 02:46:42.279649;(18, (254, 128, 0, 0, 0, 0, 0, 0, 253, 255, 255, 255, 255, 255, 0, 23))
2018-04-05 02:46:42.359423;(17, (0, 0, 0, 0, 0, 0, 0, 0, 0, 0, 0, 0, 0, 0, 0, 0))
2018-04-05 02:46:42.362468;(13, (254, 128, 0, 0, 0, 0, 0, 0, 253, 255, 255, 255, 255, 255, 0, 5))
2018-04-05 02:46:42.370198;(16, (254, 128, 0, 0, 0, 0, 0, 0, 253, 255, 255, 255, 255, 255, 0, 14))
2018-04-05 02:46:42.441148;(15, (254, 128, 0, 0, 0, 0, 0, 0, 253, 255, 255, 255, 255, 255, 0, 10))
2018-04-05 02:47:10.226350;(1, (0, 0, 0, 0, 0, 0, 0, 0, 0, 0, 0, 0, 0, 0, 0, 0))
2018-04-05 02:47:10.652347;(10, (254, 128, 0, 0, 0, 0, 0, 0, 253, 255, 255, 255, 255, 255, 0, 1))
2018-04-05 02:47:10.760080;(23, (254, 128, 0, 0, 0, 0, 0, 0, 253, 255, 255, 255, 255, 255, 0, 6))
2018-04-05 02:47:11.086695;(11, (254, 128, 0, 0, 0, 0, 0, 0, 253, 255, 255, 255, 255, 255, 0, 12))
2018-04-05 02:47:11.507021;(21, (254, 128, 0, 0, 0, 0, 0, 0, 253, 255, 255, 255, 255, 255, 0, 1))
2018-04-05 02:47:11.651039;(3, (254, 128, 0, 0, 0, 0, 0, 0, 253, 255, 255, 255, 255, 255, 0, 10))
2018-04-05 02:47:11.677129;(8, (254, 128, 0, 0, 0, 0, 0, 0, 253, 255, 255, 255, 255, 255, 0, 11))
2018-04-05 02:47:11.773896;(6, (254, 128, 0, 0, 0, 0, 0, 0, 253, 255, 255, 255, 255, 255, 0, 5))
2018-04-05 02:47:11.787070;(9, (254, 128, 0, 0, 0, 0, 0, 0, 253, 255, 255, 255, 255, 255, 0, 13))
2018-04-05 02:47:11.820472;(5, (254, 128, 0, 0, 0, 0, 0, 0, 253, 255, 255, 255, 255, 255, 0, 1))
2018-04-05 02:47:11.925364;(12, (254, 128, 0, 0, 0, 0, 0, 0, 253, 255, 255, 255, 255, 255, 0, 14))
2018-04-05 02:47:12.025045;(14, (254, 128, 0, 0, 0, 0, 0, 0, 253, 255, 255, 255, 255, 255, 0, 22))
2018-04-05 02:47:12.039075;(7, (254, 128, 0, 0, 0, 0, 0, 0, 253, 255, 255, 255, 255, 255, 0, 20))
2018-04-05 02:47:12.140422;(19, (254, 128, 0, 0, 0, 0, 0, 0, 253, 255, 255, 255, 255, 255, 0, 7))
2018-04-05 02:47:12.146202;(20, (254, 128, 0, 0, 0, 0, 0, 0, 253, 255, 255, 255, 255, 255, 0, 1))
2018-04-05 02:47:12.242303;(4, (254, 128, 0, 0, 0, 0, 0, 0, 253, 255, 255, 255, 255, 255, 0, 21))
2018-04-05 02:47:12.284067;(18, (254, 128, 0, 0, 0, 0, 0, 0, 253, 255, 255, 255, 255, 255, 0, 23))
2018-04-05 02:47:12.362844;(17, (0, 0, 0, 0, 0, 0, 0, 0, 0, 0, 0, 0, 0, 0, 0, 0))
2018-04-05 02:47:12.366051;(13, (254, 128, 0, 0, 0, 0, 0, 0, 253, 255, 255, 255, 255, 255, 0, 5))
2018-04-05 02:47:12.373541;(16, (254, 128, 0, 0, 0, 0, 0, 0, 253, 255, 255, 255, 255, 255, 0, 14))
2018-04-05 02:47:12.443720;(15, (254, 128, 0, 0, 0, 0, 0, 0, 253, 255, 255, 255, 255, 255, 0, 10))
2018-04-05 02:47:40.228208;(1, (0, 0, 0, 0, 0, 0, 0, 0, 0, 0, 0, 0, 0, 0, 0, 0))
2018-04-05 02:47:40.659945;(10, (254, 128, 0, 0, 0, 0, 0, 0, 253, 255, 255, 255, 255, 255, 0, 1))
2018-04-05 02:47:40.762201;(23, (254, 128, 0, 0, 0, 0, 0, 0, 253, 255, 255, 255, 255, 255, 0, 6))
2018-04-05 02:47:41.089712;(11, (254, 128, 0, 0, 0, 0, 0, 0, 253, 255, 255, 255, 255, 255, 0, 12))
2018-04-05 02:47:41.510780;(21, (254, 128, 0, 0, 0, 0, 0, 0, 253, 255, 255, 255, 255, 255, 0, 1))
2018-04-05 02:47:41.657706;(3, (254, 128, 0, 0, 0, 0, 0, 0, 253, 255, 255, 255, 255, 255, 0, 10))
2018-04-05 02:47:41.680000;(8, (254, 128, 0, 0, 0, 0, 0, 0, 253, 255, 255, 255, 255, 255, 0, 11))
2018-04-05 02:47:41.776592;(6, (254, 128, 0, 0, 0, 0, 0, 0, 253, 255, 255, 255, 255, 255, 0, 5))
2018-04-05 02:47:41.790750;(9, (254, 128, 0, 0, 0, 0, 0, 0, 253, 255, 255, 255, 255, 255, 0, 13))
2018-04-05 02:47:41.825087;(5, (254, 128, 0, 0, 0, 0, 0, 0, 253, 255, 255, 255, 255, 255, 0, 1))
2018-04-05 02:47:41.843353;(22, (254, 128, 0, 0, 0, 0, 0, 0, 253, 255, 255, 255, 255, 255, 0, 10))
2018-04-05 02:47:41.929105;(12, (254, 128, 0, 0, 0, 0, 0, 0, 253, 255, 255, 255, 255, 255, 0, 14))
2018-04-05 02:47:42.028395;(14, (254, 128, 0, 0, 0, 0, 0, 0, 253, 255, 255, 255, 255, 255, 0, 22))
2018-04-05 02:47:42.042701;(7, (254, 128, 0, 0, 0, 0, 0, 0, 253, 255, 255, 255, 255, 255, 0, 20))
2018-04-05 02:47:42.143217;(19, (254, 128, 0, 0, 0, 0, 0, 0, 253, 255, 255, 255, 255, 255, 0, 7))
2018-04-05 02:47:42.151230;(20, (254, 128, 0, 0, 0, 0, 0, 0, 253, 255, 255, 255, 255, 255, 0, 1))
2018-04-05 02:47:42.246560;(4, (254, 128, 0, 0, 0, 0, 0, 0, 253, 255, 255, 255, 255, 255, 0, 21))
2018-04-05 02:47:42.286516;(18, (254, 128, 0, 0, 0, 0, 0, 0, 253, 255, 255, 255, 255, 255, 0, 23))
2018-04-05 02:47:42.365286;(17, (0, 0, 0, 0, 0, 0, 0, 0, 0, 0, 0, 0, 0, 0, 0, 0))
2018-04-05 02:47:42.369125;(13, (254, 128, 0, 0, 0, 0, 0, 0, 253, 255, 255, 255, 255, 255, 0, 5))
2018-04-05 02:47:42.376063;(16, (254, 128, 0, 0, 0, 0, 0, 0, 253, 255, 255, 255, 255, 255, 0, 14))
2018-04-05 02:47:42.446687;(15, (254, 128, 0, 0, 0, 0, 0, 0, 253, 255, 255, 255, 255, 255, 0, 10))
2018-04-05 02:48:10.230078;(1, (0, 0, 0, 0, 0, 0, 0, 0, 0, 0, 0, 0, 0, 0, 0, 0))
2018-04-05 02:48:11.661877;(3, (254, 128, 0, 0, 0, 0, 0, 0, 253, 255, 255, 255, 255, 255, 0, 10))
2018-04-05 02:48:11.667724;(10, (254, 128, 0, 0, 0, 0, 0, 0, 253, 255, 255, 255, 255, 255, 0, 1))
2018-04-05 02:48:11.763989;(23, (254, 128, 0, 0, 0, 0, 0, 0, 253, 255, 255, 255, 255, 255, 0, 6))
2018-04-05 02:48:11.778983;(6, (254, 128, 0, 0, 0, 0, 0, 0, 253, 255, 255, 255, 255, 255, 0, 5))
2018-04-05 02:48:11.794518;(9, (254, 128, 0, 0, 0, 0, 0, 0, 253, 255, 255, 255, 255, 255, 0, 13))
2018-04-05 02:48:11.828238;(5, (254, 128, 0, 0, 0, 0, 0, 0, 253, 255, 255, 255, 255, 255, 0, 1))
2018-04-05 02:48:11.932295;(12, (254, 128, 0, 0, 0, 0, 0, 0, 253, 255, 255, 255, 255, 255, 0, 14))
2018-04-05 02:48:12.049241;(7, (254, 128, 0, 0, 0, 0, 0, 0, 253, 255, 255, 255, 255, 255, 0, 20))
2018-04-05 02:48:12.093367;(11, (254, 128, 0, 0, 0, 0, 0, 0, 253, 255, 255, 255, 255, 255, 0, 12))
2018-04-05 02:48:12.146745;(19, (254, 128, 0, 0, 0, 0, 0, 0, 253, 255, 255, 255, 255, 255, 0, 7))
2018-04-05 02:48:12.154565;(20, (254, 128, 0, 0, 0, 0, 0, 0, 253, 255, 255, 255, 255, 255, 0, 1))
2018-04-05 02:48:12.290623;(18, (254, 128, 0, 0, 0, 0, 0, 0, 253, 255, 255, 255, 255, 255, 0, 23))
2018-04-05 02:48:12.367472;(17, (0, 0, 0, 0, 0, 0, 0, 0, 0, 0, 0, 0, 0, 0, 0, 0))
2018-04-05 02:48:12.377469;(13, (254, 128, 0, 0, 0, 0, 0, 0, 253, 255, 255, 255, 255, 255, 0, 5))
2018-04-05 02:48:12.514500;(21, (254, 128, 0, 0, 0, 0, 0, 0, 253, 255, 255, 255, 255, 255, 0, 1))
2018-04-05 02:48:12.685711;(8, (254, 128, 0, 0, 0, 0, 0, 0, 253, 255, 255, 255, 255, 255, 0, 11))
2018-04-05 02:48:12.847236;(22, (254, 128, 0, 0, 0, 0, 0, 0, 253, 255, 255, 255, 255, 255, 0, 10))
2018-04-05 02:48:13.031388;(14, (254, 128, 0, 0, 0, 0, 0, 0, 253, 255, 255, 255, 255, 255, 0, 22))
2018-04-05 02:48:13.249913;(4, (254, 128, 0, 0, 0, 0, 0, 0, 253, 255, 255, 255, 255, 255, 0, 21))
2018-04-05 02:48:13.379291;(16, (254, 128, 0, 0, 0, 0, 0, 0, 253, 255, 255, 255, 255, 255, 0, 14))
2018-04-05 02:48:13.450459;(15, (254, 128, 0, 0, 0, 0, 0, 0, 253, 255, 255, 255, 255, 255, 0, 10))
2018-04-05 02:48:40.232040;(1, (0, 0, 0, 0, 0, 0, 0, 0, 0, 0, 0, 0, 0, 0, 0, 0))
2018-04-05 02:48:41.674956;(10, (254, 128, 0, 0, 0, 0, 0, 0, 253, 255, 255, 255, 255, 255, 0, 1))
2018-04-05 02:48:41.766236;(23, (254, 128, 0, 0, 0, 0, 0, 0, 253, 255, 255, 255, 255, 255, 0, 6))
2018-04-05 02:48:41.781307;(6, (254, 128, 0, 0, 0, 0, 0, 0, 253, 255, 255, 255, 255, 255, 0, 5))
2018-04-05 02:48:41.798880;(9, (254, 128, 0, 0, 0, 0, 0, 0, 253, 255, 255, 255, 255, 255, 0, 13))
2018-04-05 02:48:42.096074;(11, (254, 128, 0, 0, 0, 0, 0, 0, 253, 255, 255, 255, 255, 255, 0, 12))
2018-04-05 02:48:42.157849;(20, (254, 128, 0, 0, 0, 0, 0, 0, 253, 255, 255, 255, 255, 255, 0, 1))
2018-04-05 02:48:42.379924;(13, (254, 128, 0, 0, 0, 0, 0, 0, 253, 255, 255, 255, 255, 255, 0, 5))
2018-04-05 02:48:42.519827;(21, (254, 128, 0, 0, 0, 0, 0, 0, 253, 255, 255, 255, 255, 255, 0, 1))
2018-04-05 02:48:42.665867;(3, (254, 128, 0, 0, 0, 0, 0, 0, 253, 255, 255, 255, 255, 255, 0, 10))
2018-04-05 02:48:42.689375;(8, (254, 128, 0, 0, 0, 0, 0, 0, 253, 255, 255, 255, 255, 255, 0, 11))
2018-04-05 02:48:42.832277;(5, (254, 128, 0, 0, 0, 0, 0, 0, 253, 255, 255, 255, 255, 255, 0, 1))
2018-04-05 02:48:42.850394;(22, (254, 128, 0, 0, 0, 0, 0, 0, 253, 255, 255, 255, 255, 255, 0, 10))
2018-04-05 02:48:42.937046;(12, (254, 128, 0, 0, 0, 0, 0, 0, 253, 255, 255, 255, 255, 255, 0, 14))
2018-04-05 02:48:43.034409;(14, (254, 128, 0, 0, 0, 0, 0, 0, 253, 255, 255, 255, 255, 255, 0, 22))
2018-04-05 02:48:43.053474;(7, (254, 128, 0, 0, 0, 0, 0, 0, 253, 255, 255, 255, 255, 255, 0, 20))
2018-04-05 02:48:43.149330;(19, (254, 128, 0, 0, 0, 0, 0, 0, 253, 255, 255, 255, 255, 255, 0, 7))
2018-04-05 02:48:43.254048;(4, (254, 128, 0, 0, 0, 0, 0, 0, 253, 255, 255, 255, 255, 255, 0, 21))
2018-04-05 02:48:43.294713;(18, (254, 128, 0, 0, 0, 0, 0, 0, 253, 255, 255, 255, 255, 255, 0, 23))
2018-04-05 02:48:43.370728;(17, (0, 0, 0, 0, 0, 0, 0, 0, 0, 0, 0, 0, 0, 0, 0, 0))
2018-04-05 02:48:43.382742;(16, (254, 128, 0, 0, 0, 0, 0, 0, 253, 255, 255, 255, 255, 255, 0, 14))
2018-04-05 02:48:43.454208;(15, (254, 128, 0, 0, 0, 0, 0, 0, 253, 255, 255, 255, 255, 255, 0, 10))
2018-04-05 02:49:10.233942;(1, (0, 0, 0, 0, 0, 0, 0, 0, 0, 0, 0, 0, 0, 0, 0, 0))
2018-04-05 02:49:11.682729;(10, (254, 128, 0, 0, 0, 0, 0, 0, 253, 255, 255, 255, 255, 255, 0, 1))
2018-04-05 02:49:11.768035;(23, (254, 128, 0, 0, 0, 0, 0, 0, 253, 255, 255, 255, 255, 255, 0, 6))
2018-04-05 02:49:12.098647;(11, (254, 128, 0, 0, 0, 0, 0, 0, 253, 255, 255, 255, 255, 255, 0, 12))
2018-04-05 02:49:12.161221;(20, (254, 128, 0, 0, 0, 0, 0, 0, 253, 255, 255, 255, 255, 255, 0, 1))
2018-04-05 02:49:12.523558;(21, (254, 128, 0, 0, 0, 0, 0, 0, 253, 255, 255, 255, 255, 255, 0, 1))
2018-04-05 02:49:12.669380;(3, (254, 128, 0, 0, 0, 0, 0, 0, 253, 255, 255, 255, 255, 255, 0, 10))
2018-04-05 02:49:12.693068;(8, (254, 128, 0, 0, 0, 0, 0, 0, 253, 255, 255, 255, 255, 255, 0, 11))
2018-04-05 02:49:12.784057;(6, (254, 128, 0, 0, 0, 0, 0, 0, 253, 255, 255, 255, 255, 255, 0, 5))
2018-04-05 02:49:12.802090;(9, (254, 128, 0, 0, 0, 0, 0, 0, 253, 255, 255, 255, 255, 255, 0, 13))
2018-04-05 02:49:12.836121;(5, (254, 128, 0, 0, 0, 0, 0, 0, 253, 255, 255, 255, 255, 255, 0, 1))
2018-04-05 02:49:12.852726;(22, (254, 128, 0, 0, 0, 0, 0, 0, 253, 255, 255, 255, 255, 255, 0, 10))
2018-04-05 02:49:12.940002;(12, (254, 128, 0, 0, 0, 0, 0, 0, 253, 255, 255, 255, 255, 255, 0, 14))
2018-04-05 02:49:13.038607;(14, (254, 128, 0, 0, 0, 0, 0, 0, 253, 255, 255, 255, 255, 255, 0, 22))
2018-04-05 02:49:13.055936;(7, (254, 128, 0, 0, 0, 0, 0, 0, 253, 255, 255, 255, 255, 255, 0, 20))
2018-04-05 02:49:13.153047;(19, (254, 128, 0, 0, 0, 0, 0, 0, 253, 255, 255, 255, 255, 255, 0, 7))
2018-04-05 02:49:13.257666;(4, (254, 128, 0, 0, 0, 0, 0, 0, 253, 255, 255, 255, 255, 255, 0, 13))
2018-04-05 02:49:13.299295;(18, (254, 128, 0, 0, 0, 0, 0, 0, 253, 255, 255, 255, 255, 255, 0, 23))
2018-04-05 02:49:13.374398;(17, (0, 0, 0, 0, 0, 0, 0, 0, 0, 0, 0, 0, 0, 0, 0, 0))
2018-04-05 02:49:13.382927;(13, (254, 128, 0, 0, 0, 0, 0, 0, 253, 255, 255, 255, 255, 255, 0, 5))
2018-04-05 02:49:13.386101;(16, (254, 128, 0, 0, 0, 0, 0, 0, 253, 255, 255, 255, 255, 255, 0, 14))
2018-04-05 02:49:13.458828;(15, (254, 128, 0, 0, 0, 0, 0, 0, 253, 255, 255, 255, 255, 255, 0, 10))
2018-04-05 02:49:40.236028;(1, (0, 0, 0, 0, 0, 0, 0, 0, 0, 0, 0, 0, 0, 0, 0, 0))
2018-04-05 02:49:41.690362;(10, (254, 128, 0, 0, 0, 0, 0, 0, 253, 255, 255, 255, 255, 255, 0, 1))
2018-04-05 02:49:41.769776;(23, (254, 128, 0, 0, 0, 0, 0, 0, 253, 255, 255, 255, 255, 255, 0, 6))
2018-04-05 02:49:42.101760;(11, (254, 128, 0, 0, 0, 0, 0, 0, 253, 255, 255, 255, 255, 255, 0, 12))
2018-04-05 02:49:42.526329;(21, (254, 128, 0, 0, 0, 0, 0, 0, 253, 255, 255, 255, 255, 255, 0, 1))
2018-04-05 02:49:42.672391;(3, (254, 128, 0, 0, 0, 0, 0, 0, 253, 255, 255, 255, 255, 255, 0, 10))
2018-04-05 02:49:42.695750;(8, (254, 128, 0, 0, 0, 0, 0, 0, 253, 255, 255, 255, 255, 255, 0, 11))
2018-04-05 02:49:42.786306;(6, (254, 128, 0, 0, 0, 0, 0, 0, 253, 255, 255, 255, 255, 255, 0, 5))
2018-04-05 02:49:42.808023;(9, (254, 128, 0, 0, 0, 0, 0, 0, 253, 255, 255, 255, 255, 255, 0, 13))
2018-04-05 02:49:42.840051;(5, (254, 128, 0, 0, 0, 0, 0, 0, 253, 255, 255, 255, 255, 255, 0, 1))
2018-04-05 02:49:42.854932;(22, (254, 128, 0, 0, 0, 0, 0, 0, 253, 255, 255, 255, 255, 255, 0, 10))
2018-04-05 02:49:43.042315;(14, (254, 128, 0, 0, 0, 0, 0, 0, 253, 255, 255, 255, 255, 255, 0, 22))
2018-04-05 02:49:43.061294;(7, (254, 128, 0, 0, 0, 0, 0, 0, 253, 255, 255, 255, 255, 255, 0, 20))
2018-04-05 02:49:43.156051;(19, (254, 128, 0, 0, 0, 0, 0, 0, 253, 255, 255, 255, 255, 255, 0, 7))
2018-04-05 02:49:43.165000;(20, (254, 128, 0, 0, 0, 0, 0, 0, 253, 255, 255, 255, 255, 255, 0, 1))
2018-04-05 02:49:43.260015;(4, (254, 128, 0, 0, 0, 0, 0, 0, 253, 255, 255, 255, 255, 255, 0, 13))
2018-04-05 02:49:43.305382;(18, (254, 128, 0, 0, 0, 0, 0, 0, 253, 255, 255, 255, 255, 255, 0, 23))
2018-04-05 02:49:43.377621;(17, (0, 0, 0, 0, 0, 0, 0, 0, 0, 0, 0, 0, 0, 0, 0, 0))
2018-04-05 02:49:43.386091;(13, (254, 128, 0, 0, 0, 0, 0, 0, 253, 255, 255, 255, 255, 255, 0, 5))
2018-04-05 02:49:43.389512;(16, (254, 128, 0, 0, 0, 0, 0, 0, 253, 255, 255, 255, 255, 255, 0, 14))
2018-04-05 02:49:43.462573;(15, (254, 128, 0, 0, 0, 0, 0, 0, 253, 255, 255, 255, 255, 255, 0, 10))
2018-04-05 02:50:10.238762;(1, (0, 0, 0, 0, 0, 0, 0, 0, 0, 0, 0, 0, 0, 0, 0, 0))
2018-04-05 02:50:11.697934;(10, (254, 128, 0, 0, 0, 0, 0, 0, 253, 255, 255, 255, 255, 255, 0, 1))
2018-04-05 02:50:11.771566;(23, (254, 128, 0, 0, 0, 0, 0, 0, 253, 255, 255, 255, 255, 255, 0, 6))
2018-04-05 02:50:12.104464;(11, (254, 128, 0, 0, 0, 0, 0, 0, 253, 255, 255, 255, 255, 255, 0, 12))
2018-04-05 02:50:12.529795;(21, (254, 128, 0, 0, 0, 0, 0, 0, 253, 255, 255, 255, 255, 255, 0, 1))
2018-04-05 02:50:12.675154;(3, (254, 128, 0, 0, 0, 0, 0, 0, 253, 255, 255, 255, 255, 255, 0, 10))
2018-04-05 02:50:12.699484;(8, (254, 128, 0, 0, 0, 0, 0, 0, 253, 255, 255, 255, 255, 255, 0, 11))
2018-04-05 02:50:12.791237;(6, (254, 128, 0, 0, 0, 0, 0, 0, 253, 255, 255, 255, 255, 255, 0, 5))
2018-04-05 02:50:12.810481;(9, (254, 128, 0, 0, 0, 0, 0, 0, 253, 255, 255, 255, 255, 255, 0, 13))
2018-04-05 02:50:12.845557;(5, (254, 128, 0, 0, 0, 0, 0, 0, 253, 255, 255, 255, 255, 255, 0, 1))
2018-04-05 02:50:12.858947;(22, (254, 128, 0, 0, 0, 0, 0, 0, 253, 255, 255, 255, 255, 255, 0, 10))
2018-04-05 02:50:12.947052;(12, (254, 128, 0, 0, 0, 0, 0, 0, 253, 255, 255, 255, 255, 255, 0, 14))
2018-04-05 02:50:13.049789;(14, (254, 128, 0, 0, 0, 0, 0, 0, 253, 255, 255, 255, 255, 255, 0, 22))
2018-04-05 02:50:13.063666;(7, (254, 128, 0, 0, 0, 0, 0, 0, 253, 255, 255, 255, 255, 255, 0, 20))
2018-04-05 02:50:13.160193;(19, (254, 128, 0, 0, 0, 0, 0, 0, 253, 255, 255, 255, 255, 255, 0, 7))
2018-04-05 02:50:13.167483;(20, (254, 128, 0, 0, 0, 0, 0, 0, 253, 255, 255, 255, 255, 255, 0, 1))
2018-04-05 02:50:13.263655;(4, (254, 128, 0, 0, 0, 0, 0, 0, 253, 255, 255, 255, 255, 255, 0, 13))
2018-04-05 02:50:13.310404;(18, (254, 128, 0, 0, 0, 0, 0, 0, 253, 255, 255, 255, 255, 255, 0, 23))
2018-04-05 02:50:13.379831;(17, (0, 0, 0, 0, 0, 0, 0, 0, 0, 0, 0, 0, 0, 0, 0, 0))
2018-04-05 02:50:13.389379;(13, (254, 128, 0, 0, 0, 0, 0, 0, 253, 255, 255, 255, 255, 255, 0, 5))
2018-04-05 02:50:13.391700;(16, (254, 128, 0, 0, 0, 0, 0, 0, 253, 255, 255, 255, 255, 255, 0, 14))
2018-04-05 02:50:13.466045;(15, (254, 128, 0, 0, 0, 0, 0, 0, 253, 255, 255, 255, 255, 255, 0, 10))
2018-04-05 02:50:41.242938;(1, (0, 0, 0, 0, 0, 0, 0, 0, 0, 0, 0, 0, 0, 0, 0, 0))
2018-04-05 02:50:41.705853;(10, (254, 128, 0, 0, 0, 0, 0, 0, 253, 255, 255, 255, 255, 255, 0, 1))
2018-04-05 02:50:42.107173;(11, (254, 128, 0, 0, 0, 0, 0, 0, 253, 255, 255, 255, 255, 255, 0, 12))
2018-04-05 02:50:42.532613;(21, (254, 128, 0, 0, 0, 0, 0, 0, 253, 255, 255, 255, 255, 255, 0, 1))
2018-04-05 02:50:42.774416;(23, (254, 128, 0, 0, 0, 0, 0, 0, 253, 255, 255, 255, 255, 255, 0, 6))
2018-04-05 02:50:42.798653;(6, (254, 128, 0, 0, 0, 0, 0, 0, 253, 255, 255, 255, 255, 255, 0, 5))
2018-04-05 02:50:42.813912;(9, (254, 128, 0, 0, 0, 0, 0, 0, 253, 255, 255, 255, 255, 255, 0, 13))
2018-04-05 02:50:42.848088;(5, (254, 128, 0, 0, 0, 0, 0, 0, 253, 255, 255, 255, 255, 255, 0, 1))
2018-04-05 02:50:42.949962;(12, (254, 128, 0, 0, 0, 0, 0, 0, 253, 255, 255, 255, 255, 255, 0, 14))
2018-04-05 02:50:43.067008;(7, (254, 128, 0, 0, 0, 0, 0, 0, 253, 255, 255, 255, 255, 255, 0, 20))
2018-04-05 02:50:43.162771;(19, (254, 128, 0, 0, 0, 0, 0, 0, 253, 255, 255, 255, 255, 255, 0, 7))
2018-04-05 02:50:43.174069;(20, (254, 128, 0, 0, 0, 0, 0, 0, 253, 255, 255, 255, 255, 255, 0, 1))
2018-04-05 02:50:43.315300;(18, (254, 128, 0, 0, 0, 0, 0, 0, 253, 255, 255, 255, 255, 255, 0, 23))
2018-04-05 02:50:43.391815;(13, (254, 128, 0, 0, 0, 0, 0, 0, 253, 255, 255, 255, 255, 255, 0, 5))
2018-04-05 02:50:43.681738;(3, (254, 128, 0, 0, 0, 0, 0, 0, 253, 255, 255, 255, 255, 255, 0, 10))
2018-04-05 02:50:43.707394;(8, (254, 128, 0, 0, 0, 0, 0, 0, 253, 255, 255, 255, 255, 255, 0, 11))
2018-04-05 02:50:43.862420;(22, (254, 128, 0, 0, 0, 0, 0, 0, 253, 255, 255, 255, 255, 255, 0, 10))
2018-04-05 02:50:44.054497;(14, (254, 128, 0, 0, 0, 0, 0, 0, 253, 255, 255, 255, 255, 255, 0, 22))
2018-04-05 02:50:44.267360;(4, (254, 128, 0, 0, 0, 0, 0, 0, 253, 255, 255, 255, 255, 255, 0, 13))
2018-04-05 02:50:44.382789;(17, (0, 0, 0, 0, 0, 0, 0, 0, 0, 0, 0, 0, 0, 0, 0, 0))
2018-04-05 02:50:44.394824;(16, (254, 128, 0, 0, 0, 0, 0, 0, 253, 255, 255, 255, 255, 255, 0, 14))
2018-04-05 02:50:44.469545;(15, (254, 128, 0, 0, 0, 0, 0, 0, 253, 255, 255, 255, 255, 255, 0, 10))
2018-04-05 02:51:11.245824;(1, (0, 0, 0, 0, 0, 0, 0, 0, 0, 0, 0, 0, 0, 0, 0, 0))
2018-04-05 02:51:12.713455;(10, (254, 128, 0, 0, 0, 0, 0, 0, 253, 255, 255, 255, 255, 255, 0, 1))
2018-04-05 02:51:12.777326;(23, (254, 128, 0, 0, 0, 0, 0, 0, 253, 255, 255, 255, 255, 255, 0, 6))
2018-04-05 02:51:12.818134;(9, (254, 128, 0, 0, 0, 0, 0, 0, 253, 255, 255, 255, 255, 255, 0, 13))
2018-04-05 02:51:13.110210;(11, (254, 128, 0, 0, 0, 0, 0, 0, 253, 255, 255, 255, 255, 255, 0, 12))
2018-04-05 02:51:13.177352;(20, (254, 128, 0, 0, 0, 0, 0, 0, 253, 255, 255, 255, 255, 255, 0, 1))
2018-04-05 02:51:13.395175;(13, (254, 128, 0, 0, 0, 0, 0, 0, 253, 255, 255, 255, 255, 255, 0, 5))
2018-04-05 02:51:13.535678;(21, (254, 128, 0, 0, 0, 0, 0, 0, 253, 255, 255, 255, 255, 255, 0, 1))
2018-04-05 02:51:13.685396;(3, (254, 128, 0, 0, 0, 0, 0, 0, 253, 255, 255, 255, 255, 255, 0, 10))
2018-04-05 02:51:13.714646;(8, (254, 128, 0, 0, 0, 0, 0, 0, 253, 255, 255, 255, 255, 255, 0, 11))
2018-04-05 02:51:13.802013;(6, (254, 128, 0, 0, 0, 0, 0, 0, 253, 255, 255, 255, 255, 255, 0, 5))
2018-04-05 02:51:13.851735;(5, (254, 128, 0, 0, 0, 0, 0, 0, 253, 255, 255, 255, 255, 255, 0, 1))
2018-04-05 02:51:13.867955;(22, (254, 128, 0, 0, 0, 0, 0, 0, 253, 255, 255, 255, 255, 255, 0, 10))
2018-04-05 02:51:13.952987;(12, (254, 128, 0, 0, 0, 0, 0, 0, 253, 255, 255, 255, 255, 255, 0, 14))
2018-04-05 02:51:14.058437;(14, (254, 128, 0, 0, 0, 0, 0, 0, 253, 255, 255, 255, 255, 255, 0, 22))
2018-04-05 02:51:14.072129;(7, (254, 128, 0, 0, 0, 0, 0, 0, 253, 255, 255, 255, 255, 255, 0, 20))
2018-04-05 02:51:14.165389;(19, (254, 128, 0, 0, 0, 0, 0, 0, 253, 255, 255, 255, 255, 255, 0, 7))
2018-04-05 02:51:14.270321;(4, (254, 128, 0, 0, 0, 0, 0, 0, 253, 255, 255, 255, 255, 255, 0, 13))
2018-04-05 02:51:14.387867;(17, (0, 0, 0, 0, 0, 0, 0, 0, 0, 0, 0, 0, 0, 0, 0, 0))
2018-04-05 02:51:14.398114;(16, (254, 128, 0, 0, 0, 0, 0, 0, 253, 255, 255, 255, 255, 255, 0, 14))
2018-04-05 02:51:14.474371;(15, (254, 128, 0, 0, 0, 0, 0, 0, 253, 255, 255, 255, 255, 255, 0, 10))
