2018-04-07 07:15:04.091034;(15, (0, 0, 0, 0))
2018-04-07 07:15:04.136022;(21, (0, 0, 0, 0))
2018-04-07 07:15:04.263102;(19, (0, 0, 0, 0))
2018-04-07 07:15:04.314444;(5, (1, 0, 1, 0))
2018-04-07 07:15:04.320400;(23, (0, 0, 0, 0))
2018-04-07 07:15:04.343290;(1, (0, 0, 0, 0))
2018-04-07 07:15:04.358558;(14, (0, 0, 0, 0))
2018-04-07 07:15:04.383200;(8, (0, 0, 0, 0))
2018-04-07 07:15:04.425455;(12, (0, 0, 0, 0))
2018-04-07 07:15:04.460183;(17, (0, 0, 0, 0))
2018-04-07 07:15:04.475033;(4, (0, 0, 0, 0))
2018-04-07 07:15:04.524192;(3, (1, 0, 1, 0))
2018-04-07 07:15:04.644509;(20, (0, 0, 0, 0))
2018-04-07 07:15:04.716705;(6, (0, 0, 0, 0))
2018-04-07 07:15:04.808043;(7, (1, 0, 1, 0))
2018-04-07 07:15:04.818322;(10, (0, 0, 0, 0))
2018-04-07 07:15:04.835034;(16, (0, 0, 0, 0))
2018-04-07 07:15:04.851202;(22, (0, 0, 0, 0))
2018-04-07 07:15:04.890711;(9, (1, 0, 1, 0))
2018-04-07 07:15:04.927096;(18, (0, 0, 0, 0))
2018-04-07 07:15:04.939247;(11, (0, 0, 0, 0))
2018-04-07 07:15:04.973500;(13, (1, 0, 1, 0))
2018-04-07 07:15:34.094159;(15, (3, 0, 3, 0))
2018-04-07 07:15:34.138601;(21, (1, 0, 1, 0))
2018-04-07 07:15:34.266168;(19, (2, 0, 2, 0))
2018-04-07 07:15:34.318575;(5, (4, 0, 4, 0))
2018-04-07 07:15:34.322587;(23, (0, 0, 0, 0))
2018-04-07 07:15:34.345762;(1, (0, 0, 0, 0))
2018-04-07 07:15:34.361681;(14, (1, 0, 1, 0))
2018-04-07 07:15:34.386191;(8, (2, 0, 2, 0))
2018-04-07 07:15:34.427985;(12, (1, 0, 1, 0))
2018-04-07 07:15:34.462400;(17, (1, 0, 1, 0))
2018-04-07 07:15:34.476783;(4, (2, 0, 2, 0))
2018-04-07 07:15:34.526740;(3, (4, 0, 4, 0))
2018-04-07 07:15:34.647818;(20, (2, 0, 2, 0))
2018-04-07 07:15:34.718885;(6, (3, 0, 3, 0))
2018-04-07 07:15:34.810218;(7, (4, 0, 4, 0))
2018-04-07 07:15:34.822903;(10, (2, 0, 2, 0))
2018-04-07 07:15:34.837538;(16, (1, 0, 1, 0))
2018-04-07 07:15:34.852838;(22, (0, 0, 0, 0))
2018-04-07 07:15:34.893576;(9, (4, 0, 4, 0))
2018-04-07 07:15:34.933927;(18, (3, 0, 3, 0))
2018-04-07 07:15:34.942884;(11, (2, 0, 2, 0))
2018-04-07 07:15:34.975594;(13, (4, 0, 4, 0))
2018-04-07 07:16:04.097125;(15, (6, 0, 6, 0))
2018-04-07 07:16:04.141977;(21, (4, 0, 4, 0))
2018-04-07 07:16:04.269703;(19, (5, 0, 5, 0))
2018-04-07 07:16:04.321652;(5, (7, 0, 7, 0))
2018-04-07 07:16:04.324144;(23, (0, 0, 0, 0))
2018-04-07 07:16:04.349541;(1, (0, 0, 0, 0))
2018-04-07 07:16:04.363608;(14, (4, 0, 4, 0))
2018-04-07 07:16:04.391565;(8, (5, 0, 6, 0))
2018-04-07 07:16:04.430265;(12, (4, 0, 4, 0))
2018-04-07 07:16:04.465428;(17, (4, 0, 4, 0))
2018-04-07 07:16:04.479982;(4, (5, 0, 5, 0))
2018-04-07 07:16:04.530351;(3, (7, 0, 7, 0))
2018-04-07 07:16:04.650239;(20, (5, 0, 5, 0))
2018-04-07 07:16:04.721927;(6, (6, 0, 6, 0))
2018-04-07 07:16:04.814550;(7, (7, 0, 7, 0))
2018-04-07 07:16:04.825445;(10, (4, 0, 5, 0))
2018-04-07 07:16:04.841136;(16, (4, 0, 4, 0))
2018-04-07 07:16:04.854905;(22, (3, 0, 3, 0))
2018-04-07 07:16:04.895622;(9, (7, 0, 7, 0))
2018-04-07 07:16:04.935948;(18, (6, 0, 6, 0))
2018-04-07 07:16:04.946447;(11, (5, 0, 5, 0))
2018-04-07 07:16:04.978641;(13, (7, 0, 7, 0))
2018-04-07 07:16:34.144131;(21, (7, 0, 7, 0))
2018-04-07 07:16:34.326257;(23, (0, 0, 0, 0))
2018-04-07 07:16:34.353853;(1, (0, 0, 0, 0))
2018-04-07 07:16:34.366565;(14, (7, 0, 7, 0))
2018-04-07 07:16:34.827874;(10, (8, 1, 9, 0))
2018-04-07 07:16:34.949629;(11, (8, 0, 8, 0))
2018-04-07 07:16:35.099516;(15, (9, 0, 9, 0))
2018-04-07 07:16:35.272072;(19, (8, 0, 8, 0))
2018-04-07 07:16:35.323790;(5, (10, 0, 10, 0))
2018-04-07 07:16:35.394167;(8, (9, 1, 10, 0))
2018-04-07 07:16:35.434232;(12, (7, 2, 9, 0))
2018-04-07 07:16:35.467780;(17, (7, 0, 7, 0))
2018-04-07 07:16:35.483389;(4, (8, 0, 8, 0))
2018-04-07 07:16:35.532529;(3, (10, 0, 10, 0))
2018-04-07 07:16:35.654671;(20, (8, 0, 8, 0))
2018-04-07 07:16:35.724201;(6, (9, 0, 9, 0))
2018-04-07 07:16:35.817788;(7, (10, 1, 11, 0))
2018-04-07 07:16:35.843190;(16, (7, 0, 7, 0))
2018-04-07 07:16:35.858593;(22, (6, 0, 6, 0))
2018-04-07 07:16:35.898932;(9, (10, 0, 10, 0))
2018-04-07 07:16:35.939269;(18, (9, 0, 9, 0))
2018-04-07 07:16:35.981557;(13, (10, 0, 10, 0))
2018-04-07 07:17:04.355510;(1, (0, 0, 0, 0))
2018-04-07 07:17:05.102519;(15, (12, 0, 12, 0))
2018-04-07 07:17:05.146505;(21, (10, 0, 10, 0))
2018-04-07 07:17:05.276070;(19, (11, 0, 11, 0))
2018-04-07 07:17:05.325863;(5, (13, 0, 13, 0))
2018-04-07 07:17:05.327865;(23, (0, 0, 0, 0))
2018-04-07 07:17:05.369435;(14, (10, 0, 10, 0))
2018-04-07 07:17:05.396269;(8, (12, 1, 13, 0))
2018-04-07 07:17:05.437826;(12, (10, 2, 12, 0))
2018-04-07 07:17:05.471755;(17, (10, 0, 10, 0))
2018-04-07 07:17:05.486036;(4, (11, 0, 11, 0))
2018-04-07 07:17:05.534649;(3, (13, 0, 13, 0))
2018-04-07 07:17:05.658821;(20, (11, 0, 11, 0))
2018-04-07 07:17:05.726410;(6, (12, 0, 12, 0))
2018-04-07 07:17:05.825551;(7, (13, 1, 14, 0))
2018-04-07 07:17:05.832006;(10, (11, 1, 12, 0))
2018-04-07 07:17:05.846195;(16, (10, 0, 10, 0))
2018-04-07 07:17:05.860501;(22, (9, 0, 9, 0))
2018-04-07 07:17:05.901975;(9, (13, 0, 13, 0))
2018-04-07 07:17:05.941298;(18, (12, 0, 12, 0))
2018-04-07 07:17:05.951623;(11, (11, 0, 11, 0))
2018-04-07 07:17:05.984540;(13, (13, 0, 13, 0))
2018-04-07 07:17:34.357456;(1, (0, 0, 0, 0))
2018-04-07 07:17:35.105967;(15, (15, 0, 15, 0))
2018-04-07 07:17:35.149449;(21, (13, 0, 13, 0))
2018-04-07 07:17:35.279164;(19, (14, 0, 14, 0))
2018-04-07 07:17:35.327912;(5, (16, 0, 16, 0))
2018-04-07 07:17:35.330245;(23, (0, 0, 0, 0))
2018-04-07 07:17:35.371240;(14, (13, 0, 13, 0))
2018-04-07 07:17:35.398293;(8, (15, 1, 16, 0))
2018-04-07 07:17:35.439763;(12, (13, 2, 15, 0))
2018-04-07 07:17:35.474202;(17, (13, 0, 13, 0))
2018-04-07 07:17:35.489926;(4, (14, 0, 14, 0))
2018-04-07 07:17:35.537196;(3, (16, 0, 16, 0))
2018-04-07 07:17:35.660812;(20, (14, 0, 14, 0))
2018-04-07 07:17:35.729365;(6, (15, 0, 15, 0))
2018-04-07 07:17:35.827747;(7, (16, 1, 17, 0))
2018-04-07 07:17:35.835133;(10, (14, 1, 15, 0))
2018-04-07 07:17:35.848143;(16, (13, 0, 13, 0))
2018-04-07 07:17:35.863023;(22, (12, 0, 12, 0))
2018-04-07 07:17:35.903911;(9, (16, 1, 17, 0))
2018-04-07 07:17:35.943406;(18, (15, 0, 15, 0))
2018-04-07 07:17:35.955797;(11, (14, 0, 14, 0))
2018-04-07 07:17:35.987321;(13, (16, 0, 16, 0))
2018-04-07 07:18:04.359210;(1, (0, 0, 0, 0))
2018-04-07 07:18:05.108903;(15, (18, 0, 18, 0))
2018-04-07 07:18:05.151532;(21, (16, 0, 16, 0))
2018-04-07 07:18:05.282208;(19, (17, 0, 17, 0))
2018-04-07 07:18:05.330027;(5, (19, 0, 19, 0))
2018-04-07 07:18:05.331759;(23, (0, 0, 0, 0))
2018-04-07 07:18:05.374058;(14, (16, 0, 16, 0))
2018-04-07 07:18:05.400414;(8, (18, 1, 19, 0))
2018-04-07 07:18:05.442646;(12, (17, 2, 19, 0))
2018-04-07 07:18:05.476335;(17, (16, 0, 16, 0))
2018-04-07 07:18:05.493505;(4, (17, 0, 17, 0))
2018-04-07 07:18:05.539237;(3, (19, 0, 19, 0))
2018-04-07 07:18:05.662828;(20, (17, 0, 17, 0))
2018-04-07 07:18:05.831687;(7, (19, 1, 20, 0))
2018-04-07 07:18:05.838097;(10, (17, 1, 18, 0))
2018-04-07 07:18:05.851804;(16, (16, 0, 16, 0))
2018-04-07 07:18:05.865641;(22, (15, 0, 15, 0))
2018-04-07 07:18:05.906274;(9, (19, 1, 20, 0))
2018-04-07 07:18:05.946213;(18, (18, 0, 18, 0))
2018-04-07 07:18:05.958612;(11, (17, 0, 17, 0))
2018-04-07 07:18:05.990441;(13, (19, 0, 19, 0))
2018-04-07 07:18:35.154791;(21, (19, 0, 19, 0))
2018-04-07 07:18:35.284491;(19, (20, 0, 20, 0))
2018-04-07 07:18:35.333184;(5, (22, 0, 22, 0))
2018-04-07 07:18:35.334268;(23, (0, 0, 0, 0))
2018-04-07 07:18:35.362548;(1, (0, 0, 0, 0))
2018-04-07 07:18:35.377111;(14, (19, 0, 19, 0))
2018-04-07 07:18:35.445992;(12, (20, 2, 22, 0))
2018-04-07 07:18:35.479470;(17, (19, 0, 19, 0))
2018-04-07 07:18:35.496003;(4, (20, 0, 20, 0))
2018-04-07 07:18:35.541678;(3, (22, 0, 22, 0))
2018-04-07 07:18:35.834803;(7, (22, 1, 23, 0))
2018-04-07 07:18:35.839989;(10, (20, 1, 21, 0))
2018-04-07 07:18:35.853874;(16, (19, 0, 19, 0))
2018-04-07 07:18:35.867604;(22, (18, 0, 18, 0))
2018-04-07 07:18:35.909634;(9, (22, 1, 23, 0))
2018-04-07 07:18:35.948201;(18, (21, 0, 21, 0))
2018-04-07 07:18:35.961709;(11, (20, 0, 20, 0))
2018-04-07 07:18:35.993444;(13, (22, 0, 22, 0))
2018-04-07 07:18:36.402509;(8, (21, 1, 22, 0))
2018-04-07 07:18:36.735036;(6, (21, 0, 21, 0))
2018-04-07 07:19:05.364156;(1, (0, 0, 0, 0))
2018-04-07 07:19:05.379875;(14, (22, 0, 22, 0))
2018-04-07 07:19:05.845820;(10, (23, 1, 24, 0))
2018-04-07 07:19:05.963967;(11, (23, 0, 23, 0))
2018-04-07 07:19:06.113815;(15, (24, 0, 24, 0))
2018-04-07 07:19:06.286936;(19, (23, 0, 23, 0))
2018-04-07 07:19:06.335808;(5, (25, 0, 25, 0))
2018-04-07 07:19:06.405522;(8, (24, 1, 25, 0))
2018-04-07 07:19:06.449996;(12, (23, 2, 25, 0))
2018-04-07 07:19:06.482748;(17, (22, 0, 22, 0))
2018-04-07 07:19:06.498465;(4, (23, 0, 23, 0))
2018-04-07 07:19:06.543797;(3, (25, 0, 25, 0))
2018-04-07 07:19:06.669520;(20, (23, 0, 23, 0))
2018-04-07 07:19:06.737633;(6, (24, 0, 24, 0))
2018-04-07 07:19:06.838327;(7, (25, 1, 26, 0))
2018-04-07 07:19:06.855856;(16, (22, 0, 22, 0))
2018-04-07 07:19:06.872099;(22, (21, 0, 21, 0))
2018-04-07 07:19:06.911761;(9, (25, 1, 26, 0))
2018-04-07 07:19:06.955366;(18, (24, 0, 24, 0))
2018-04-07 07:19:35.367279;(1, (0, 0, 0, 0))
2018-04-07 07:19:36.116067;(15, (27, 0, 27, 0))
2018-04-07 07:19:36.159594;(21, (25, 0, 25, 0))
2018-04-07 07:19:36.289638;(19, (26, 0, 26, 0))
2018-04-07 07:19:36.339489;(5, (28, 0, 28, 0))
2018-04-07 07:19:36.340559;(23, (0, 0, 0, 0))
2018-04-07 07:19:36.382764;(14, (25, 0, 25, 0))
2018-04-07 07:19:36.407481;(8, (27, 1, 28, 0))
2018-04-07 07:19:36.452081;(12, (26, 2, 28, 0))
2018-04-07 07:19:36.485724;(17, (25, 0, 25, 0))
2018-04-07 07:19:36.501248;(4, (26, 0, 26, 0))
2018-04-07 07:19:36.546634;(3, (28, 0, 28, 0))
2018-04-07 07:19:36.673476;(20, (26, 0, 26, 0))
2018-04-07 07:19:36.739884;(6, (27, 0, 27, 0))
2018-04-07 07:19:36.841486;(7, (28, 1, 29, 0))
2018-04-07 07:19:36.847818;(10, (26, 1, 27, 0))
2018-04-07 07:19:36.858355;(16, (25, 0, 25, 0))
2018-04-07 07:19:36.878026;(22, (24, 0, 24, 0))
2018-04-07 07:19:36.914740;(9, (28, 1, 29, 0))
2018-04-07 07:19:36.958767;(18, (27, 0, 27, 0))
2018-04-07 07:19:36.966978;(11, (26, 0, 26, 0))
2018-04-07 07:19:36.999544;(13, (28, 0, 28, 0))
2018-04-07 07:20:05.369491;(1, (0, 0, 0, 0))
2018-04-07 07:20:06.118333;(15, (30, 0, 30, 0))
2018-04-07 07:20:06.161987;(21, (27, 2, 30, 0))
2018-04-07 07:20:06.291882;(19, (29, 0, 29, 0))
2018-04-07 07:20:06.341956;(5, (31, 0, 31, 0))
2018-04-07 07:20:06.342489;(23, (0, 0, 0, 0))
2018-04-07 07:20:06.385763;(14, (28, 0, 28, 0))
2018-04-07 07:20:06.410981;(8, (30, 1, 31, 0))
2018-04-07 07:20:06.455483;(12, (29, 2, 31, 0))
2018-04-07 07:20:06.489695;(17, (28, 0, 28, 0))
2018-04-07 07:20:06.503145;(4, (29, 0, 29, 0))
2018-04-07 07:20:06.549696;(3, (31, 0, 31, 0))
2018-04-07 07:20:06.678059;(20, (29, 0, 29, 0))
2018-04-07 07:20:06.742285;(6, (31, 0, 31, 0))
2018-04-07 07:20:06.843705;(7, (31, 1, 32, 0))
2018-04-07 07:20:06.850603;(10, (29, 1, 30, 0))
2018-04-07 07:20:06.861265;(16, (28, 0, 28, 0))
2018-04-07 07:20:06.881467;(22, (27, 0, 27, 0))
2018-04-07 07:20:06.916667;(9, (31, 1, 32, 0))
2018-04-07 07:20:06.962146;(18, (30, 0, 30, 0))
2018-04-07 07:20:06.971266;(11, (29, 0, 29, 0))
2018-04-07 07:20:07.002613;(13, (31, 0, 31, 0))
2018-04-07 07:20:35.373095;(1, (0, 0, 0, 0))
2018-04-07 07:20:36.121479;(15, (33, 0, 33, 0))
2018-04-07 07:20:36.164097;(21, (31, 2, 33, 0))
2018-04-07 07:20:36.294463;(19, (32, 0, 32, 0))
2018-04-07 07:20:36.346335;(5, (34, 0, 34, 0))
2018-04-07 07:20:36.348308;(23, (0, 0, 0, 0))
2018-04-07 07:20:36.387705;(14, (31, 0, 31, 0))
2018-04-07 07:20:36.412943;(8, (33, 1, 34, 0))
2018-04-07 07:20:36.458150;(12, (32, 2, 34, 0))
2018-04-07 07:20:36.494406;(17, (31, 0, 31, 0))
2018-04-07 07:20:36.507528;(4, (32, 0, 32, 0))
2018-04-07 07:20:36.553171;(3, (34, 0, 34, 0))
2018-04-07 07:20:36.682533;(20, (32, 0, 32, 0))
2018-04-07 07:20:36.746053;(6, (34, 0, 34, 0))
2018-04-07 07:20:36.847566;(7, (34, 1, 35, 0))
2018-04-07 07:20:36.853562;(10, (32, 1, 33, 0))
2018-04-07 07:20:36.863900;(16, (31, 0, 31, 0))
2018-04-07 07:20:36.883459;(22, (30, 0, 30, 0))
2018-04-07 07:20:36.918579;(9, (34, 2, 36, 0))
2018-04-07 07:20:36.964158;(18, (33, 0, 33, 0))
2018-04-07 07:20:36.974247;(11, (32, 0, 32, 0))
2018-04-07 07:20:37.006756;(13, (34, 0, 34, 0))
2018-04-07 07:21:05.374443;(1, (0, 0, 0, 0))
2018-04-07 07:21:06.123874;(15, (36, 0, 36, 0))
2018-04-07 07:21:06.166354;(21, (34, 2, 36, 0))
2018-04-07 07:21:06.297967;(19, (35, 0, 35, 0))
2018-04-07 07:21:06.349853;(5, (37, 0, 37, 0))
2018-04-07 07:21:06.350936;(23, (0, 0, 0, 0))
2018-04-07 07:21:06.390148;(14, (34, 0, 34, 0))
2018-04-07 07:21:06.460196;(12, (35, 2, 37, 0))
2018-04-07 07:21:06.496450;(17, (34, 0, 34, 0))
2018-04-07 07:21:06.510371;(4, (35, 0, 35, 0))
2018-04-07 07:21:06.555230;(3, (37, 0, 37, 0))
2018-04-07 07:21:06.684516;(20, (35, 0, 35, 0))
2018-04-07 07:21:06.859003;(10, (35, 1, 36, 0))
2018-04-07 07:21:06.866357;(16, (34, 0, 34, 0))
2018-04-07 07:21:06.886292;(22, (33, 0, 33, 0))
2018-04-07 07:21:06.922671;(9, (37, 2, 39, 0))
2018-04-07 07:21:06.967117;(18, (36, 0, 36, 0))
2018-04-07 07:21:06.977197;(11, (35, 0, 35, 0))
2018-04-07 07:21:07.010058;(13, (37, 0, 37, 0))
2018-04-07 07:21:07.415154;(8, (36, 1, 37, 0))
2018-04-07 07:21:07.749398;(6, (37, 0, 37, 0))
2018-04-07 07:21:07.852667;(7, (37, 1, 38, 0))
2018-04-07 07:21:35.387323;(1, (0, 0, 0, 0))
2018-04-07 07:21:36.171807;(21, (37, 3, 40, 0))
2018-04-07 07:21:36.355736;(23, (0, 0, 0, 0))
2018-04-07 07:21:36.395231;(14, (37, 0, 37, 0))
2018-04-07 07:21:36.864329;(10, (38, 1, 39, 0))
2018-04-07 07:21:36.998378;(11, (38, 0, 38, 0))
2018-04-07 07:21:37.131885;(15, (39, 0, 39, 0))
2018-04-07 07:21:37.304044;(19, (38, 0, 38, 0))
2018-04-07 07:21:37.354863;(5, (40, 0, 40, 0))
2018-04-07 07:21:37.420170;(8, (39, 1, 40, 0))
2018-04-07 07:21:37.467584;(12, (38, 2, 40, 0))
2018-04-07 07:21:37.503297;(17, (37, 0, 37, 0))
2018-04-07 07:21:37.515759;(4, (38, 0, 38, 0))
2018-04-07 07:21:37.562092;(3, (40, 0, 40, 0))
2018-04-07 07:21:37.691739;(20, (38, 0, 38, 0))
2018-04-07 07:21:37.758532;(6, (40, 0, 40, 0))
2018-04-07 07:21:37.858615;(7, (40, 1, 41, 0))
2018-04-07 07:21:37.881462;(16, (37, 0, 37, 0))
2018-04-07 07:21:37.892153;(22, (36, 0, 36, 0))
2018-04-07 07:21:37.929651;(9, (40, 2, 42, 0))
2018-04-07 07:21:37.974958;(18, (39, 0, 39, 0))
2018-04-07 07:21:38.026116;(13, (40, 0, 40, 0))
2018-04-07 07:22:05.406110;(1, (0, 0, 0, 0))
2018-04-07 07:22:06.178323;(21, (40, 3, 43, 0))
2018-04-07 07:22:06.364818;(23, (0, 0, 0, 0))
2018-04-07 07:22:06.406293;(14, (40, 0, 40, 0))
2018-04-07 07:22:06.869977;(10, (41, 1, 42, 0))
2018-04-07 07:22:07.022273;(11, (41, 0, 41, 0))
2018-04-07 07:22:07.140058;(15, (42, 0, 42, 0))
2018-04-07 07:22:07.312077;(19, (41, 0, 41, 0))
2018-04-07 07:22:07.365795;(5, (43, 0, 43, 0))
2018-04-07 07:22:07.434226;(8, (42, 1, 43, 0))
2018-04-07 07:22:07.474334;(12, (41, 2, 43, 0))
2018-04-07 07:22:07.509547;(17, (40, 0, 40, 0))
2018-04-07 07:22:07.522236;(4, (41, 0, 41, 0))
2018-04-07 07:22:07.571247;(3, (43, 0, 43, 0))
2018-04-07 07:22:07.700177;(20, (41, 0, 41, 0))
2018-04-07 07:22:07.764306;(6, (43, 0, 43, 0))
2018-04-07 07:22:07.870795;(7, (43, 1, 44, 0))
2018-04-07 07:22:07.900242;(16, (40, 0, 40, 0))
2018-04-07 07:22:07.915002;(22, (39, 0, 39, 0))
2018-04-07 07:22:07.937304;(9, (43, 2, 45, 0))
2018-04-07 07:22:07.995149;(18, (42, 0, 42, 0))
2018-04-07 07:22:08.032165;(13, (43, 0, 43, 0))
2018-04-07 07:22:36.414349;(1, (0, 0, 0, 0))
2018-04-07 07:22:37.147474;(15, (45, 0, 45, 0))
2018-04-07 07:22:37.186320;(21, (43, 3, 46, 0))
2018-04-07 07:22:37.318949;(19, (44, 0, 44, 0))
2018-04-07 07:22:37.376082;(5, (46, 0, 46, 0))
2018-04-07 07:22:37.385461;(23, (0, 0, 0, 0))
2018-04-07 07:22:37.415956;(14, (43, 0, 43, 0))
2018-04-07 07:22:37.445604;(8, (45, 1, 46, 0))
2018-04-07 07:22:37.482635;(12, (44, 2, 46, 0))
2018-04-07 07:22:37.521683;(17, (43, 0, 43, 0))
2018-04-07 07:22:37.527198;(4, (44, 0, 44, 0))
2018-04-07 07:22:37.580184;(3, (46, 0, 46, 0))
2018-04-07 07:22:37.706818;(20, (44, 0, 44, 0))
2018-04-07 07:22:37.775661;(6, (46, 0, 46, 0))
2018-04-07 07:22:37.880999;(7, (46, 1, 47, 0))
2018-04-07 07:22:37.881671;(10, (44, 1, 45, 0))
2018-04-07 07:22:37.909840;(16, (43, 0, 43, 0))
2018-04-07 07:22:37.922771;(22, (43, 0, 43, 0))
2018-04-07 07:22:37.942889;(9, (46, 2, 48, 0))
2018-04-07 07:22:38.014065;(18, (45, 0, 45, 0))
2018-04-07 07:22:38.035865;(11, (44, 0, 44, 0))
2018-04-07 07:22:38.042459;(13, (46, 0, 46, 0))
2018-04-07 07:23:06.419948;(1, (0, 0, 0, 0))
2018-04-07 07:23:07.154593;(15, (48, 0, 48, 0))
2018-04-07 07:23:07.195747;(21, (46, 3, 49, 0))
2018-04-07 07:23:07.327015;(19, (47, 0, 47, 0))
2018-04-07 07:23:07.382674;(5, (50, 0, 50, 0))
2018-04-07 07:23:07.390910;(23, (0, 0, 0, 0))
2018-04-07 07:23:07.421566;(14, (46, 0, 46, 0))
2018-04-07 07:23:07.452239;(8, (48, 1, 49, 0))
2018-04-07 07:23:07.488668;(12, (47, 2, 49, 0))
2018-04-07 07:23:07.536531;(17, (46, 0, 46, 0))
2018-04-07 07:23:07.543010;(4, (47, 0, 47, 0))
2018-04-07 07:23:07.587867;(3, (49, 0, 49, 0))
2018-04-07 07:23:07.714007;(20, (47, 0, 48, 0))
2018-04-07 07:23:07.791258;(6, (49, 0, 49, 0))
2018-04-07 07:23:07.887592;(7, (49, 1, 50, 0))
2018-04-07 07:23:07.887910;(10, (47, 1, 48, 0))
2018-04-07 07:23:07.924303;(16, (46, 0, 46, 0))
2018-04-07 07:23:07.928039;(22, (46, 0, 46, 0))
2018-04-07 07:23:07.955375;(9, (49, 2, 51, 0))
2018-04-07 07:23:08.025297;(18, (48, 0, 48, 0))
2018-04-07 07:23:08.042100;(11, (47, 0, 47, 0))
2018-04-07 07:23:08.060295;(13, (49, 0, 49, 0))
2018-04-07 07:23:36.424115;(1, (0, 0, 0, 0))
2018-04-07 07:23:37.159083;(15, (51, 0, 51, 0))
2018-04-07 07:23:37.202732;(21, (49, 3, 52, 0))
2018-04-07 07:23:37.332023;(19, (50, 0, 50, 0))
2018-04-07 07:23:37.387054;(5, (53, 0, 53, 0))
2018-04-07 07:23:37.394267;(23, (0, 0, 0, 0))
2018-04-07 07:23:37.425879;(14, (49, 0, 49, 0))
2018-04-07 07:23:37.492737;(12, (50, 2, 52, 0))
2018-04-07 07:23:37.540423;(17, (49, 0, 49, 0))
2018-04-07 07:23:37.552305;(4, (50, 0, 50, 0))
2018-04-07 07:23:37.591073;(3, (52, 0, 52, 0))
2018-04-07 07:23:37.717918;(20, (51, 0, 51, 0))
2018-04-07 07:23:37.894371;(7, (52, 1, 53, 0))
2018-04-07 07:23:37.896109;(10, (50, 1, 51, 0))
2018-04-07 07:23:37.928049;(16, (49, 0, 49, 0))
2018-04-07 07:23:37.963514;(9, (52, 2, 54, 0))
2018-04-07 07:23:38.030375;(18, (51, 0, 51, 0))
2018-04-07 07:23:38.046419;(11, (50, 0, 50, 0))
2018-04-07 07:23:38.063859;(13, (52, 0, 52, 0))
2018-04-07 07:23:38.455991;(8, (51, 1, 52, 0))
2018-04-07 07:23:38.803496;(6, (52, 0, 52, 0))
2018-04-07 07:23:38.931112;(22, (49, 0, 49, 0))
2018-04-07 07:24:06.425942;(1, (0, 0, 0, 0))
2018-04-07 07:24:07.206345;(21, (52, 3, 55, 0))
2018-04-07 07:24:07.395936;(23, (0, 0, 0, 0))
2018-04-07 07:24:07.427985;(14, (52, 0, 52, 0))
2018-04-07 07:24:07.899254;(10, (53, 1, 54, 0))
2018-04-07 07:24:08.049275;(11, (53, 0, 53, 0))
2018-04-07 07:24:08.161949;(15, (54, 0, 54, 0))
2018-04-07 07:24:08.334727;(19, (53, 0, 53, 0))
2018-04-07 07:24:08.390460;(5, (56, 0, 56, 0))
2018-04-07 07:24:08.458280;(8, (54, 1, 55, 0))
2018-04-07 07:24:08.495413;(12, (53, 2, 55, 0))
2018-04-07 07:24:08.542513;(17, (52, 0, 52, 0))
2018-04-07 07:24:08.554870;(4, (53, 0, 53, 0))
2018-04-07 07:24:08.593844;(3, (55, 0, 55, 0))
2018-04-07 07:24:08.720348;(20, (54, 0, 54, 0))
2018-04-07 07:24:08.809256;(6, (55, 0, 55, 0))
2018-04-07 07:24:08.897499;(7, (55, 1, 56, 0))
2018-04-07 07:24:08.930861;(16, (52, 0, 52, 0))
2018-04-07 07:24:08.934173;(22, (52, 0, 52, 0))
2018-04-07 07:24:08.969492;(9, (55, 2, 57, 0))
2018-04-07 07:24:09.033418;(18, (54, 0, 54, 0))
2018-04-07 07:24:09.066806;(13, (55, 0, 55, 0))
2018-04-07 07:24:36.427627;(1, (0, 0, 0, 0))
2018-04-07 07:24:37.209750;(21, (55, 3, 58, 0))
2018-04-07 07:24:37.398615;(23, (0, 0, 0, 0))
2018-04-07 07:24:37.429823;(14, (55, 0, 55, 0))
2018-04-07 07:24:37.903279;(10, (56, 1, 57, 0))
2018-04-07 07:24:38.051276;(11, (56, 0, 56, 0))
2018-04-07 07:24:38.164181;(15, (57, 0, 57, 0))
2018-04-07 07:24:38.337103;(19, (56, 0, 56, 0))
2018-04-07 07:24:38.393386;(5, (59, 0, 59, 0))
2018-04-07 07:24:38.460343;(8, (57, 1, 58, 0))
2018-04-07 07:24:38.498230;(12, (56, 2, 58, 0))
2018-04-07 07:24:38.545988;(17, (55, 0, 55, 0))
2018-04-07 07:24:38.561165;(4, (56, 0, 56, 0))
2018-04-07 07:24:38.597346;(3, (58, 0, 58, 0))
2018-04-07 07:24:38.722988;(20, (57, 0, 57, 0))
2018-04-07 07:24:38.811467;(6, (58, 0, 58, 0))
2018-04-07 07:24:38.901883;(7, (58, 1, 59, 0))
2018-04-07 07:24:38.938552;(22, (55, 0, 55, 0))
2018-04-07 07:24:38.940472;(16, (55, 0, 55, 0))
2018-04-07 07:24:38.971454;(9, (58, 2, 60, 0))
2018-04-07 07:24:39.035464;(18, (57, 0, 57, 0))
2018-04-07 07:24:39.070133;(13, (58, 0, 58, 0))
2018-04-07 07:25:06.429388;(1, (0, 0, 0, 0))
2018-04-07 07:25:07.401157;(23, (0, 0, 0, 0))
2018-04-07 07:25:08.053772;(11, (59, 0, 59, 0))
2018-04-07 07:25:08.166383;(15, (60, 0, 60, 0))
2018-04-07 07:25:08.213523;(21, (58, 3, 61, 0))
2018-04-07 07:25:08.339308;(19, (59, 0, 59, 0))
2018-04-07 07:25:08.395713;(5, (62, 0, 62, 0))
2018-04-07 07:25:08.433476;(14, (58, 0, 58, 0))
2018-04-07 07:25:08.462914;(8, (60, 1, 61, 0))
2018-04-07 07:25:08.501167;(12, (59, 2, 61, 0))
2018-04-07 07:25:08.548052;(17, (59, 0, 59, 0))
2018-04-07 07:25:08.563090;(4, (59, 0, 59, 0))
2018-04-07 07:25:08.599693;(3, (61, 0, 61, 0))
2018-04-07 07:25:08.725192;(20, (60, 0, 60, 0))
2018-04-07 07:25:08.814877;(6, (61, 0, 61, 0))
2018-04-07 07:25:08.904261;(7, (61, 1, 62, 0))
2018-04-07 07:25:08.906153;(10, (59, 1, 60, 0))
2018-04-07 07:25:08.941512;(22, (58, 0, 58, 0))
2018-04-07 07:25:08.946071;(16, (58, 0, 58, 0))
2018-04-07 07:25:08.975075;(9, (61, 2, 63, 0))
2018-04-07 07:25:09.037868;(18, (60, 0, 60, 0))
2018-04-07 07:25:09.073768;(13, (61, 0, 61, 0))
2018-04-07 07:25:36.431947;(1, (0, 0, 0, 0))
2018-04-07 07:25:38.170438;(15, (63, 0, 63, 0))
2018-04-07 07:25:38.217381;(21, (61, 3, 64, 0))
2018-04-07 07:25:38.342185;(19, (62, 0, 62, 0))
2018-04-07 07:25:38.398926;(5, (65, 0, 65, 0))
2018-04-07 07:25:38.402704;(23, (0, 0, 0, 0))
2018-04-07 07:25:38.435388;(14, (61, 0, 61, 0))
2018-04-07 07:25:38.465739;(8, (63, 1, 64, 0))
2018-04-07 07:25:38.503245;(12, (62, 2, 64, 0))
2018-04-07 07:25:38.552898;(17, (62, 0, 62, 0))
2018-04-07 07:25:38.565883;(4, (62, 0, 62, 0))
2018-04-07 07:25:38.602676;(3, (64, 0, 64, 0))
2018-04-07 07:25:38.728235;(20, (63, 0, 63, 0))
2018-04-07 07:25:38.817155;(6, (64, 0, 64, 0))
2018-04-07 07:25:38.906496;(7, (64, 1, 65, 0))
2018-04-07 07:25:38.908309;(10, (62, 1, 63, 0))
2018-04-07 07:25:38.943633;(22, (61, 0, 61, 0))
2018-04-07 07:25:38.947991;(16, (61, 0, 61, 0))
2018-04-07 07:25:38.977785;(9, (64, 2, 66, 0))
2018-04-07 07:25:39.039849;(18, (63, 0, 63, 0))
2018-04-07 07:25:39.057151;(11, (62, 0, 62, 0))
2018-04-07 07:25:39.076389;(13, (64, 0, 64, 0))
2018-04-07 07:26:06.433664;(1, (0, 0, 0, 0))
2018-04-07 07:26:08.220071;(21, (64, 4, 68, 0))
2018-04-07 07:26:08.345559;(19, (65, 0, 65, 0))
2018-04-07 07:26:08.402200;(5, (68, 0, 68, 0))
2018-04-07 07:26:08.405558;(23, (0, 0, 0, 0))
2018-04-07 07:26:08.437378;(14, (64, 0, 64, 0))
2018-04-07 07:26:08.506305;(12, (65, 2, 67, 0))
2018-04-07 07:26:08.568558;(4, (65, 0, 65, 0))
2018-04-07 07:26:08.732012;(20, (66, 0, 66, 0))
2018-04-07 07:26:08.910727;(7, (67, 1, 68, 0))
2018-04-07 07:26:08.911904;(10, (65, 1, 66, 0))
2018-04-07 07:26:09.042998;(18, (66, 0, 66, 0))
2018-04-07 07:26:09.059304;(11, (65, 0, 65, 0))
2018-04-07 07:26:09.078387;(13, (67, 0, 67, 0))
2018-04-07 07:26:09.173195;(15, (66, 0, 66, 0))
2018-04-07 07:26:09.467902;(8, (66, 1, 67, 0))
2018-04-07 07:26:09.555150;(17, (65, 0, 65, 0))
2018-04-07 07:26:09.605493;(3, (67, 0, 67, 0))
2018-04-07 07:26:09.819453;(6, (67, 0, 67, 0))
2018-04-07 07:26:09.946786;(22, (64, 0, 64, 0))
2018-04-07 07:26:09.950699;(16, (64, 0, 64, 0))
2018-04-07 07:26:09.979806;(9, (67, 2, 69, 0))
2018-04-07 07:26:37.435559;(1, (0, 0, 0, 0))
2018-04-07 07:26:38.223664;(21, (67, 5, 72, 0))
2018-04-07 07:26:38.407075;(23, (0, 0, 0, 0))
2018-04-07 07:26:38.440060;(14, (67, 0, 67, 0))
2018-04-07 07:26:38.511059;(12, (68, 2, 70, 0))
2018-04-07 07:26:38.918602;(10, (68, 1, 69, 0))
2018-04-07 07:26:39.062336;(11, (68, 0, 68, 0))
2018-04-07 07:26:39.175329;(15, (69, 0, 69, 0))
2018-04-07 07:26:39.349377;(19, (68, 0, 68, 0))
2018-04-07 07:26:39.405435;(5, (71, 0, 71, 0))
2018-04-07 07:26:39.470638;(8, (69, 1, 70, 0))
2018-04-07 07:26:39.557585;(17, (68, 0, 68, 0))
2018-04-07 07:26:39.571030;(4, (69, 0, 69, 0))
2018-04-07 07:26:39.608119;(3, (70, 0, 70, 0))
2018-04-07 07:26:39.734713;(20, (69, 0, 69, 0))
2018-04-07 07:26:39.822886;(6, (70, 0, 70, 0))
2018-04-07 07:26:39.913535;(7, (70, 1, 71, 0))
2018-04-07 07:26:39.948967;(22, (67, 0, 67, 0))
2018-04-07 07:26:39.953472;(16, (67, 0, 67, 0))
2018-04-07 07:26:39.982449;(9, (70, 2, 72, 0))
2018-04-07 07:26:40.045959;(18, (69, 0, 69, 0))
2018-04-07 07:26:40.080515;(13, (70, 0, 70, 0))
2018-04-07 07:27:07.438354;(1, (0, 0, 0, 0))
2018-04-07 07:27:08.227233;(21, (70, 5, 75, 0))
2018-04-07 07:27:08.409608;(23, (0, 0, 0, 0))
2018-04-07 07:27:08.442728;(14, (70, 0, 70, 0))
2018-04-07 07:27:08.926502;(10, (71, 1, 72, 0))
2018-04-07 07:27:09.066548;(11, (71, 0, 71, 0))
2018-04-07 07:27:09.177465;(15, (72, 0, 72, 0))
2018-04-07 07:27:09.353834;(19, (71, 0, 71, 0))
2018-04-07 07:27:09.407629;(5, (74, 0, 74, 0))
2018-04-07 07:27:09.473914;(8, (72, 1, 73, 0))
2018-04-07 07:27:09.513966;(12, (71, 2, 73, 0))
2018-04-07 07:27:09.559619;(17, (71, 0, 71, 0))
2018-04-07 07:27:09.574563;(4, (72, 0, 72, 0))
2018-04-07 07:27:09.611523;(3, (73, 0, 73, 0))
2018-04-07 07:27:09.737842;(20, (72, 0, 72, 0))
2018-04-07 07:27:09.825003;(6, (73, 0, 73, 0))
2018-04-07 07:27:09.917932;(7, (73, 1, 74, 0))
2018-04-07 07:27:09.952265;(22, (70, 0, 70, 0))
2018-04-07 07:27:09.955394;(16, (70, 0, 70, 0))
2018-04-07 07:27:09.984459;(9, (73, 2, 75, 0))
2018-04-07 07:27:10.050236;(18, (72, 0, 72, 0))
2018-04-07 07:27:10.084223;(13, (73, 0, 73, 0))
2018-04-07 07:27:37.440160;(1, (0, 0, 0, 0))
2018-04-07 07:27:38.230849;(21, (73, 6, 79, 0))
2018-04-07 07:27:38.411769;(23, (0, 0, 0, 0))
2018-04-07 07:27:38.445669;(14, (73, 0, 73, 0))
2018-04-07 07:27:38.934174;(10, (74, 1, 75, 0))
2018-04-07 07:27:39.069867;(11, (74, 0, 74, 0))
2018-04-07 07:27:39.179557;(15, (75, 0, 75, 0))
2018-04-07 07:27:39.356182;(19, (74, 0, 74, 0))
2018-04-07 07:27:39.409763;(5, (77, 0, 77, 0))
2018-04-07 07:27:39.475907;(8, (75, 1, 76, 0))
2018-04-07 07:27:39.516024;(12, (74, 2, 76, 0))
2018-04-07 07:27:39.562987;(17, (74, 0, 74, 0))
2018-04-07 07:27:39.576555;(4, (75, 0, 75, 0))
2018-04-07 07:27:39.613579;(3, (76, 0, 76, 0))
2018-04-07 07:27:39.739985;(20, (75, 0, 75, 0))
2018-04-07 07:27:39.830406;(6, (76, 0, 76, 0))
2018-04-07 07:27:39.920275;(7, (77, 1, 78, 0))
2018-04-07 07:27:39.954708;(22, (73, 0, 73, 0))
2018-04-07 07:27:39.963669;(16, (73, 0, 73, 0))
2018-04-07 07:27:39.986444;(9, (76, 2, 78, 0))
2018-04-07 07:27:40.052201;(18, (75, 0, 75, 0))
2018-04-07 07:27:40.089373;(13, (76, 0, 76, 0))
2018-04-07 07:28:07.442616;(1, (0, 0, 0, 0))
2018-04-07 07:28:09.072048;(11, (77, 0, 77, 0))
2018-04-07 07:28:09.183494;(15, (78, 0, 78, 0))
2018-04-07 07:28:09.235125;(21, (76, 6, 82, 0))
2018-04-07 07:28:09.358550;(19, (77, 0, 77, 0))
2018-04-07 07:28:09.411807;(5, (80, 0, 80, 0))
2018-04-07 07:28:09.414178;(23, (0, 0, 0, 0))
2018-04-07 07:28:09.449363;(14, (76, 0, 76, 0))
2018-04-07 07:28:09.477843;(8, (78, 1, 79, 0))
2018-04-07 07:28:09.518700;(12, (77, 2, 79, 0))
2018-04-07 07:28:09.565860;(17, (77, 0, 77, 0))
2018-04-07 07:28:09.578521;(4, (78, 0, 78, 0))
2018-04-07 07:28:09.615595;(3, (79, 0, 79, 0))
2018-04-07 07:28:09.743863;(20, (78, 0, 78, 0))
2018-04-07 07:28:09.922439;(7, (80, 1, 81, 0))
2018-04-07 07:28:09.936578;(10, (77, 1, 78, 0))
2018-04-07 07:28:09.957939;(22, (76, 0, 76, 0))
2018-04-07 07:28:09.968002;(16, (76, 0, 76, 0))
2018-04-07 07:28:09.988485;(9, (79, 2, 81, 0))
2018-04-07 07:28:10.054321;(18, (78, 0, 78, 0))
2018-04-07 07:28:10.092194;(13, (79, 0, 79, 0))
2018-04-07 07:28:10.833926;(6, (79, 0, 79, 0))
2018-04-07 07:28:37.445638;(1, (0, 0, 0, 0))
2018-04-07 07:28:39.238386;(21, (79, 6, 85, 0))
2018-04-07 07:28:39.361374;(19, (80, 0, 80, 0))
2018-04-07 07:28:39.415783;(23, (0, 0, 0, 0))
2018-04-07 07:28:39.451556;(14, (80, 0, 80, 0))
2018-04-07 07:28:39.520762;(12, (80, 2, 82, 0))
2018-04-07 07:28:39.925653;(7, (83, 1, 84, 0))
2018-04-07 07:28:39.938722;(10, (80, 1, 81, 0))
2018-04-07 07:28:39.974638;(16, (79, 0, 79, 0))
2018-04-07 07:28:40.074456;(11, (80, 0, 80, 0))
2018-04-07 07:28:40.094530;(13, (82, 0, 82, 0))
2018-04-07 07:28:40.186565;(15, (81, 0, 81, 0))
2018-04-07 07:28:40.414696;(5, (83, 0, 83, 0))
2018-04-07 07:28:40.481374;(8, (81, 1, 82, 0))
2018-04-07 07:28:40.568052;(17, (80, 0, 80, 0))
2018-04-07 07:28:40.581523;(4, (81, 0, 81, 0))
2018-04-07 07:28:40.620215;(3, (82, 0, 82, 0))
2018-04-07 07:28:40.746543;(20, (81, 0, 81, 0))
2018-04-07 07:28:40.836278;(6, (82, 0, 82, 0))
2018-04-07 07:28:40.961573;(22, (79, 0, 79, 0))
2018-04-07 07:28:40.990417;(9, (82, 2, 84, 0))
2018-04-07 07:28:41.057730;(18, (81, 0, 81, 0))
2018-04-07 07:29:07.447507;(1, (0, 0, 0, 0))
2018-04-07 07:29:09.242236;(21, (82, 6, 88, 0))
2018-04-07 07:29:09.418834;(23, (0, 0, 0, 0))
2018-04-07 07:29:09.455280;(14, (83, 0, 83, 0))
2018-04-07 07:29:09.523049;(12, (83, 2, 85, 0))
2018-04-07 07:29:09.941102;(10, (83, 1, 84, 0))
2018-04-07 07:29:10.076615;(11, (83, 0, 83, 0))
2018-04-07 07:29:10.189763;(15, (85, 0, 85, 0))
2018-04-07 07:29:10.364078;(19, (83, 0, 83, 0))
2018-04-07 07:29:10.417917;(5, (86, 0, 86, 0))
2018-04-07 07:29:10.483521;(8, (84, 1, 85, 0))
2018-04-07 07:29:10.570798;(17, (83, 0, 83, 0))
2018-04-07 07:29:10.583446;(4, (84, 0, 84, 0))
2018-04-07 07:29:10.622466;(3, (86, 0, 86, 0))
2018-04-07 07:29:10.748647;(20, (84, 0, 84, 0))
2018-04-07 07:29:10.838377;(6, (85, 0, 85, 0))
2018-04-07 07:29:10.929104;(7, (86, 1, 87, 0))
2018-04-07 07:29:10.965956;(22, (82, 0, 82, 0))
2018-04-07 07:29:10.977797;(16, (83, 0, 83, 0))
2018-04-07 07:29:10.992659;(9, (85, 2, 87, 0))
2018-04-07 07:29:11.060044;(18, (84, 0, 84, 0))
2018-04-07 07:29:11.099603;(13, (85, 0, 85, 0))
2018-04-07 07:29:37.450081;(1, (0, 0, 0, 0))
2018-04-07 07:29:39.245940;(21, (85, 6, 91, 0))
2018-04-07 07:29:39.420550;(23, (0, 0, 0, 0))
2018-04-07 07:29:39.458296;(14, (86, 0, 86, 0))
2018-04-07 07:29:39.943002;(10, (86, 1, 87, 0))
2018-04-07 07:29:40.078766;(11, (86, 0, 86, 0))
2018-04-07 07:29:40.193479;(15, (88, 0, 88, 0))
2018-04-07 07:29:40.366248;(19, (86, 0, 86, 0))
2018-04-07 07:29:40.420189;(5, (89, 0, 89, 0))
2018-04-07 07:29:40.485543;(8, (87, 1, 88, 0))
2018-04-07 07:29:40.525699;(12, (86, 2, 88, 0))
2018-04-07 07:29:40.572817;(17, (86, 0, 86, 0))
2018-04-07 07:29:40.586391;(4, (87, 0, 87, 0))
2018-04-07 07:29:40.626817;(3, (89, 0, 89, 0))
2018-04-07 07:29:40.750769;(20, (87, 0, 87, 0))
2018-04-07 07:29:40.849830;(6, (88, 0, 88, 0))
2018-04-07 07:29:40.931382;(7, (89, 1, 90, 0))
2018-04-07 07:29:40.968361;(22, (85, 0, 85, 0))
2018-04-07 07:29:40.980159;(16, (86, 0, 86, 0))
2018-04-07 07:29:40.994524;(9, (88, 2, 90, 0))
2018-04-07 07:29:41.062722;(18, (87, 0, 87, 0))
2018-04-07 07:29:41.103484;(13, (88, 0, 88, 0))
2018-04-07 07:30:07.451911;(1, (0, 0, 0, 0))
2018-04-07 07:30:09.250342;(21, (88, 6, 94, 0))
2018-04-07 07:30:09.423099;(23, (0, 0, 0, 0))
2018-04-07 07:30:09.461890;(14, (89, 0, 89, 0))
2018-04-07 07:30:09.946062;(10, (89, 1, 90, 0))
2018-04-07 07:30:10.081732;(11, (89, 0, 89, 0))
2018-04-07 07:30:10.196487;(15, (91, 0, 91, 0))
2018-04-07 07:30:10.370216;(19, (89, 0, 89, 0))
2018-04-07 07:30:10.422501;(5, (92, 0, 92, 0))
2018-04-07 07:30:10.487562;(8, (90, 1, 91, 0))
2018-04-07 07:30:10.529803;(12, (89, 2, 91, 0))
2018-04-07 07:30:10.574917;(17, (89, 0, 89, 0))
2018-04-07 07:30:10.589307;(4, (90, 0, 90, 0))
2018-04-07 07:30:10.630193;(3, (92, 0, 92, 0))
2018-04-07 07:30:10.758233;(20, (90, 0, 90, 0))
2018-04-07 07:30:10.853175;(6, (91, 0, 91, 0))
2018-04-07 07:30:10.934312;(7, (92, 1, 93, 0))
2018-04-07 07:30:10.974243;(22, (88, 0, 88, 0))
2018-04-07 07:30:10.983028;(16, (89, 0, 89, 0))
2018-04-07 07:30:10.997438;(9, (91, 2, 93, 0))
2018-04-07 07:30:11.065896;(18, (90, 0, 90, 0))
2018-04-07 07:30:11.107350;(13, (91, 0, 91, 0))
2018-04-07 07:30:37.454623;(1, (0, 0, 0, 0))
2018-04-07 07:30:39.252503;(21, (91, 6, 97, 0))
2018-04-07 07:30:39.426515;(23, (0, 0, 0, 0))
2018-04-07 07:30:39.949370;(10, (92, 1, 93, 0))
2018-04-07 07:30:40.083946;(11, (92, 0, 92, 0))
2018-04-07 07:30:40.201418;(15, (94, 0, 94, 0))
2018-04-07 07:30:40.373455;(19, (92, 0, 92, 0))
2018-04-07 07:30:40.425463;(5, (95, 0, 95, 0))
2018-04-07 07:30:40.464058;(14, (92, 0, 92, 0))
2018-04-07 07:30:40.490322;(8, (93, 1, 94, 0))
2018-04-07 07:30:40.531867;(12, (92, 2, 94, 0))
2018-04-07 07:30:40.576999;(17, (92, 0, 92, 0))
2018-04-07 07:30:40.592617;(4, (93, 0, 93, 0))
2018-04-07 07:30:40.633432;(3, (95, 0, 95, 0))
2018-04-07 07:30:40.761816;(20, (93, 0, 93, 0))
2018-04-07 07:30:40.937276;(7, (95, 1, 96, 0))
2018-04-07 07:30:40.977605;(22, (91, 0, 91, 0))
2018-04-07 07:30:40.986133;(16, (92, 0, 92, 0))
2018-04-07 07:30:41.000064;(9, (95, 2, 97, 0))
2018-04-07 07:30:41.068171;(18, (94, 0, 94, 0))
2018-04-07 07:30:41.110152;(13, (94, 0, 94, 0))
2018-04-07 07:30:41.857917;(6, (94, 0, 94, 0))
2018-04-07 07:31:08.456516;(1, (0, 0, 0, 0))
2018-04-07 07:31:10.255895;(21, (94, 6, 100, 0))
2018-04-07 07:31:10.430664;(23, (0, 0, 0, 0))
2018-04-07 07:31:10.465991;(14, (95, 0, 95, 0))
2018-04-07 07:31:10.534587;(12, (95, 2, 97, 0))
2018-04-07 07:31:10.939546;(7, (98, 1, 99, 0))
2018-04-07 07:31:10.951279;(10, (95, 1, 96, 0))
2018-04-07 07:31:10.990251;(16, (95, 0, 95, 0))
2018-04-07 07:31:11.089618;(11, (95, 0, 95, 0))
2018-04-07 07:31:11.112430;(13, (97, 0, 97, 0))
2018-04-07 07:31:11.204116;(15, (97, 0, 97, 0))
2018-04-07 07:31:11.375754;(19, (95, 0, 95, 0))
2018-04-07 07:31:11.431699;(5, (98, 0, 98, 0))
2018-04-07 07:31:11.494350;(8, (96, 1, 97, 0))
2018-04-07 07:31:11.579193;(17, (95, 0, 95, 0))
2018-04-07 07:31:11.595255;(4, (96, 0, 96, 0))
2018-04-07 07:31:11.635507;(3, (98, 0, 98, 0))
2018-04-07 07:31:11.764136;(20, (96, 0, 96, 0))
2018-04-07 07:31:11.859979;(6, (97, 0, 97, 0))
2018-04-07 07:31:11.979928;(22, (94, 0, 94, 0))
2018-04-07 07:31:12.002556;(9, (98, 2, 100, 0))
2018-04-07 07:31:12.070642;(18, (97, 0, 97, 0))
