2018-04-17 22:16:13.511694;(11, 0, 25809, 253, 0, 0, 0, 0, 0, 0, 0, 0, 0, 0, 0, 0, 0, 0, 1, 0, 0)
2018-04-17 22:16:18.016629;(19, 0, 40342, 253, 0, 0, 0, 0, 0, 0, 0, 0, 0, 0, 0, 0, 0, 0, 1, 0, 0)
2018-04-17 22:16:20.180946;(22, 0, 9781, 253, 0, 0, 0, 0, 0, 0, 0, 0, 0, 0, 0, 0, 0, 0, 1, 0, 0)
2018-04-17 22:16:49.311294;(8, 0, 51408, 253, 0, 0, 0, 0, 0, 0, 0, 0, 0, 0, 0, 0, 0, 0, 1, 0, 0)
2018-04-17 22:16:57.023977;(19, 0, 40388, 253, 0, 0, 0, 0, 0, 0, 0, 0, 0, 0, 0, 0, 0, 0, 1, 0, 0)
2018-04-17 22:17:08.194666;(22, 0, 9857, 253, 0, 0, 0, 0, 0, 0, 0, 0, 0, 0, 0, 0, 0, 0, 1, 0, 0)
2018-04-17 22:17:13.891908;(20, 0, 26278, 253, 0, 0, 0, 0, 0, 0, 0, 0, 0, 0, 0, 0, 0, 0, 1, 0, 0)
2018-04-17 22:17:29.525620;(11, 0, 25834, 253, 0, 0, 0, 0, 0, 0, 0, 0, 0, 0, 0, 0, 0, 0, 1, 0, 0)
2018-04-17 22:17:32.317570;(8, 0, 51419, 253, 0, 0, 0, 0, 0, 0, 0, 0, 0, 0, 0, 0, 0, 0, 1, 0, 0)
2018-04-17 22:17:40.773583;(17, 0, 1573, 253, 0, 0, 0, 0, 0, 0, 0, 0, 0, 0, 0, 0, 0, 0, 1, 0, 0)
2018-04-17 22:17:41.033977;(19, 0, 40394, 253, 0, 0, 0, 0, 0, 0, 0, 0, 0, 0, 0, 0, 0, 0, 1, 0, 0)
2018-04-17 22:17:51.200250;(22, 0, 9886, 253, 0, 0, 0, 0, 0, 0, 0, 0, 0, 0, 0, 0, 0, 0, 1, 0, 0)
2018-04-17 22:17:56.766384;(16, 0, 45800, 253, 0, 0, 0, 0, 0, 0, 0, 0, 0, 0, 0, 0, 0, 0, 1, 0, 0)
2018-04-17 22:18:11.947054;(18, 0, 19014, 253, 0, 0, 0, 0, 0, 0, 0, 0, 0, 0, 0, 0, 0, 0, 1, 0, 0)
2018-04-17 22:18:17.322995;(8, 0, 51427, 253, 0, 0, 0, 0, 0, 0, 0, 0, 0, 0, 0, 0, 0, 0, 1, 0, 0)
2018-04-17 22:18:33.786996;(17, 0, 1679, 253, 0, 0, 0, 0, 0, 0, 0, 0, 0, 0, 0, 0, 0, 0, 1, 0, 0)
2018-04-17 22:18:37.162871;(4, 0, 55531, 253, 0, 0, 0, 0, 0, 0, 0, 0, 0, 0, 0, 0, 0, 0, 1, 0, 0)
2018-04-17 22:19:04.537677;(11, 0, 25898, 253, 0, 0, 0, 0, 0, 0, 0, 0, 0, 0, 0, 0, 0, 0, 1, 0, 0)
2018-04-17 22:19:05.047981;(19, 0, 40530, 253, 0, 0, 0, 0, 0, 0, 0, 0, 0, 0, 0, 0, 0, 0, 1, 0, 0)
2018-04-17 22:19:12.336469;(8, 0, 51438, 253, 0, 0, 0, 0, 0, 0, 0, 0, 0, 0, 0, 0, 0, 0, 1, 0, 0)
2018-04-17 22:19:30.220768;(22, 0, 9985, 253, 0, 0, 0, 0, 0, 0, 0, 0, 0, 0, 0, 0, 0, 0, 1, 0, 0)
2018-04-17 22:19:52.383654;(7, 0, 48898, 253, 0, 0, 0, 0, 0, 0, 0, 0, 0, 0, 0, 0, 0, 0, 1, 0, 0)
2018-04-17 22:19:56.342630;(8, 0, 51468, 253, 0, 0, 0, 0, 0, 0, 0, 0, 0, 0, 0, 0, 0, 0, 1, 0, 0)
2018-04-17 22:20:22.551045;(11, 0, 25954, 253, 0, 0, 0, 0, 0, 0, 0, 0, 0, 0, 0, 0, 0, 0, 1, 0, 0)
2018-04-17 22:20:44.985677;(18, 0, 19453, 253, 0, 0, 0, 0, 0, 0, 0, 0, 0, 0, 0, 0, 0, 0, 1, 0, 0)
2018-04-17 22:20:46.350960;(8, 0, 51502, 253, 0, 0, 0, 0, 0, 0, 0, 0, 0, 0, 0, 0, 0, 0, 1, 0, 0)
2018-04-17 22:20:50.234045;(12, 0, 19301, 253, 0, 0, 0, 0, 0, 0, 0, 0, 0, 0, 0, 0, 0, 0, 1, 0, 0)
2018-04-17 22:21:09.832564;(17, 0, 1910, 253, 0, 0, 0, 0, 0, 0, 0, 0, 0, 0, 0, 0, 0, 0, 1, 0, 0)
2018-04-17 22:21:14.558665;(11, 0, 25984, 253, 0, 0, 0, 0, 0, 0, 0, 0, 0, 0, 0, 0, 0, 0, 1, 0, 0)
2018-04-17 22:21:25.358081;(8, 0, 51517, 253, 0, 0, 0, 0, 0, 0, 0, 0, 0, 0, 0, 0, 0, 0, 1, 0, 0)
2018-04-17 22:21:36.244454;(22, 0, 10149, 253, 0, 0, 0, 0, 0, 0, 0, 0, 0, 0, 0, 0, 0, 0, 1, 0, 0)
2018-04-17 22:22:04.085723;(19, 0, 40841, 253, 0, 0, 0, 0, 0, 0, 0, 0, 0, 0, 0, 0, 0, 0, 1, 0, 0)
2018-04-17 22:22:16.372151;(8, 0, 51555, 253, 0, 0, 0, 0, 0, 0, 0, 0, 0, 0, 0, 0, 0, 0, 1, 0, 0)
2018-04-17 22:22:17.573537;(11, 0, 26009, 253, 0, 0, 0, 0, 0, 0, 0, 0, 0, 0, 0, 0, 0, 0, 1, 0, 0)
2018-04-17 22:22:18.250584;(22, 0, 10187, 253, 0, 0, 0, 0, 0, 0, 0, 0, 0, 0, 0, 0, 0, 0, 1, 0, 0)
2018-04-17 22:22:59.377625;(8, 0, 51572, 253, 0, 0, 0, 0, 0, 0, 0, 0, 0, 0, 0, 0, 0, 0, 1, 0, 0)
2018-04-17 22:23:13.588234;(11, 0, 26029, 253, 0, 0, 0, 0, 0, 0, 0, 0, 0, 0, 0, 0, 0, 0, 1, 0, 0)
2018-04-17 22:24:03.605553;(11, 0, 26055, 253, 0, 0, 0, 0, 0, 0, 0, 0, 0, 0, 0, 0, 0, 0, 1, 0, 0)
2018-04-17 22:24:13.875048;(17, 0, 2297, 253, 0, 0, 0, 0, 0, 0, 0, 0, 0, 0, 0, 0, 0, 0, 1, 0, 0)
2018-04-17 22:24:24.279047;(22, 0, 10396, 253, 0, 0, 0, 0, 0, 0, 0, 0, 0, 0, 0, 0, 0, 0, 1, 0, 0)
2018-04-17 22:24:34.779659;(14, 0, 22845, 253, 0, 0, 0, 0, 0, 0, 0, 0, 0, 0, 0, 0, 0, 0, 1, 0, 0)
2018-04-17 22:24:37.458675;(7, 0, 49600, 253, 0, 0, 0, 0, 0, 0, 0, 0, 0, 0, 0, 0, 0, 0, 1, 0, 0)
2018-04-17 22:24:39.862974;(16, 0, 46926, 253, 0, 0, 0, 0, 0, 0, 0, 0, 0, 0, 0, 0, 0, 0, 1, 0, 0)
2018-04-17 22:24:40.298897;(12, 0, 19780, 253, 0, 0, 0, 0, 0, 0, 0, 0, 0, 0, 0, 0, 0, 0, 1, 0, 0)
2018-04-17 22:24:41.399640;(8, 0, 51646, 253, 0, 0, 0, 0, 0, 0, 0, 0, 0, 0, 0, 0, 0, 0, 1, 0, 0)
2018-04-17 22:24:44.882313;(17, 0, 2305, 253, 0, 0, 0, 0, 0, 0, 0, 0, 0, 0, 0, 0, 0, 0, 1, 0, 0)
2018-04-17 22:24:46.611280;(11, 0, 26058, 253, 0, 0, 0, 0, 0, 0, 0, 0, 0, 0, 0, 0, 0, 0, 1, 0, 0)
2018-04-17 22:25:04.283785;(22, 0, 10403, 253, 0, 0, 0, 0, 0, 0, 0, 0, 0, 0, 0, 0, 0, 0, 1, 0, 0)
2018-04-17 22:25:11.464201;(7, 0, 49607, 253, 0, 0, 0, 0, 0, 0, 0, 0, 0, 0, 0, 0, 0, 0, 1, 0, 0)
2018-04-17 22:25:16.310850;(12, 0, 19788, 253, 0, 0, 0, 0, 0, 0, 0, 0, 0, 0, 0, 0, 0, 0, 1, 0, 0)
2018-04-17 22:25:17.785877;(14, 0, 22853, 253, 0, 0, 0, 0, 0, 0, 0, 0, 0, 0, 0, 0, 0, 0, 1, 0, 0)
2018-04-17 22:25:18.867674;(16, 0, 46933, 253, 0, 0, 0, 0, 0, 0, 0, 0, 0, 0, 0, 0, 0, 0, 1, 0, 0)
2018-04-17 22:25:47.619118;(11, 0, 26069, 253, 0, 0, 0, 0, 0, 0, 0, 0, 0, 0, 0, 0, 0, 0, 1, 0, 0)
2018-04-17 22:25:54.419222;(8, 0, 51707, 253, 0, 0, 0, 0, 0, 0, 0, 0, 0, 0, 0, 0, 0, 0, 1, 0, 0)
2018-04-17 22:26:54.484630;(7, 0, 49801, 253, 0, 0, 0, 0, 0, 0, 0, 0, 0, 0, 0, 0, 0, 0, 1, 0, 0)
2018-04-17 22:27:15.920765;(17, 0, 2552, 253, 0, 0, 0, 0, 0, 0, 0, 0, 0, 0, 0, 0, 0, 0, 1, 0, 0)
2018-04-17 22:27:37.641959;(11, 0, 26121, 253, 0, 0, 0, 0, 0, 0, 0, 0, 0, 0, 0, 0, 0, 0, 1, 0, 0)
2018-04-17 22:27:43.450953;(8, 0, 51843, 253, 0, 0, 0, 0, 0, 0, 0, 0, 0, 0, 0, 0, 0, 0, 1, 0, 0)
2018-04-17 22:28:48.372113;(12, 0, 20452, 253, 0, 0, 0, 0, 0, 0, 0, 0, 0, 0, 0, 0, 0, 0, 1, 0, 0)
2018-04-17 22:29:18.924220;(16, 0, 47569, 253, 0, 0, 0, 0, 0, 0, 0, 0, 0, 0, 0, 0, 0, 0, 1, 0, 0)
2018-04-17 22:29:28.954711;(17, 0, 2745, 253, 0, 0, 0, 0, 0, 0, 0, 0, 0, 0, 0, 0, 0, 0, 1, 0, 0)
2018-04-17 22:29:32.478298;(8, 0, 51899, 253, 0, 0, 0, 0, 0, 0, 0, 0, 0, 0, 0, 0, 0, 0, 1, 0, 0)
2018-04-17 22:29:38.343192;(22, 0, 10957, 253, 0, 0, 0, 0, 0, 0, 0, 0, 0, 0, 0, 0, 0, 0, 1, 0, 0)
2018-04-17 22:29:38.381478;(12, 0, 20531, 253, 0, 0, 0, 0, 0, 0, 0, 0, 0, 0, 0, 0, 0, 0, 1, 0, 0)
2018-04-17 22:29:38.556980;(7, 0, 50209, 253, 0, 0, 0, 0, 0, 0, 0, 0, 0, 0, 0, 0, 0, 0, 1, 0, 0)
2018-04-17 22:29:42.851262;(14, 0, 23498, 253, 0, 0, 0, 0, 0, 0, 0, 0, 0, 0, 0, 0, 0, 0, 1, 0, 0)
2018-04-17 22:29:43.669687;(11, 0, 26228, 253, 0, 0, 0, 0, 0, 0, 0, 0, 0, 0, 0, 0, 0, 0, 1, 0, 0)
2018-04-17 22:29:44.382224;(12, 0, 20510, 253, 0, 0, 12, 0, 2, 0, 0, 0, 0, 0, 0, 0, 0, 0, 1, 0, 0)
2018-04-17 22:29:56.931986;(16, 0, 47576, 253, 0, 0, 0, 0, 0, 0, 0, 0, 0, 0, 0, 0, 0, 0, 1, 0, 0)
2018-04-17 22:30:04.482155;(8, 0, 51907, 253, 0, 0, 0, 0, 0, 0, 0, 0, 0, 0, 0, 0, 0, 0, 1, 0, 0)
2018-04-17 22:30:07.962467;(17, 0, 2753, 253, 0, 0, 0, 0, 0, 0, 0, 0, 0, 0, 0, 0, 0, 0, 1, 0, 0)
2018-04-17 22:30:12.348051;(22, 0, 10965, 253, 0, 0, 0, 0, 0, 0, 0, 0, 0, 0, 0, 0, 0, 0, 1, 0, 0)
2018-04-17 22:30:15.385489;(12, 0, 20539, 253, 0, 0, 0, 0, 0, 0, 0, 0, 0, 0, 0, 0, 0, 0, 1, 0, 0)
2018-04-17 22:30:18.854956;(14, 0, 23505, 253, 0, 0, 0, 0, 0, 0, 0, 0, 0, 0, 0, 0, 0, 0, 1, 0, 0)
2018-04-17 22:30:20.574703;(7, 0, 50217, 253, 0, 0, 0, 0, 0, 0, 0, 0, 0, 0, 0, 0, 0, 0, 1, 0, 0)
2018-04-17 22:30:44.679878;(11, 0, 26253, 253, 0, 0, 0, 0, 0, 0, 0, 0, 0, 0, 0, 0, 0, 0, 1, 0, 0)
2018-04-17 22:30:46.173700;(18, 0, 22430, 253, 0, 0, 0, 0, 0, 0, 0, 0, 0, 0, 0, 0, 0, 0, 1, 0, 0)
2018-04-17 22:30:52.352680;(22, 0, 10985, 253, 0, 0, 0, 0, 0, 0, 0, 0, 0, 0, 0, 0, 0, 0, 1, 0, 0)
2018-04-17 22:31:12.946482;(16, 0, 47701, 253, 0, 0, 0, 0, 0, 0, 0, 0, 0, 0, 0, 0, 0, 0, 1, 0, 0)
2018-04-17 22:31:14.867702;(14, 0, 23595, 253, 0, 0, 0, 0, 0, 0, 0, 0, 0, 0, 0, 0, 0, 0, 1, 0, 0)
