2018-04-05 09:43:19.082007;(9, (3, 0, 3, 0))
2018-04-05 09:43:19.126393;(10, (3, 0, 3, 0))
2018-04-05 09:43:19.156824;(18, (0, 0, 0, 0))
2018-04-05 09:43:19.202374;(4, (0, 0, 0, 0))
2018-04-05 09:43:19.257326;(8, (1, 0, 1, 0))
2018-04-05 09:43:19.274230;(21, (0, 0, 0, 0))
2018-04-05 09:43:19.327245;(3, (0, 0, 0, 0))
2018-04-05 09:43:19.353313;(1, (0, 0, 0, 0))
2018-04-05 09:43:19.366461;(19, (0, 0, 0, 0))
2018-04-05 09:43:19.443328;(15, (2, 0, 2, 0))
2018-04-05 09:43:19.472635;(13, (3, 0, 3, 0))
2018-04-05 09:43:19.537867;(22, (0, 0, 0, 0))
2018-04-05 09:43:19.595511;(6, (5, 0, 5, 0))
2018-04-05 09:43:19.648116;(14, (0, 0, 0, 0))
2018-04-05 09:43:19.659989;(7, (0, 0, 0, 0))
2018-04-05 09:43:19.729963;(17, (0, 0, 0, 0))
2018-04-05 09:43:19.762220;(5, (0, 0, 0, 0))
2018-04-05 09:43:19.795667;(11, (0, 0, 0, 0))
2018-04-05 09:43:19.817780;(16, (0, 0, 0, 0))
2018-04-05 09:43:19.899568;(20, (0, 0, 0, 0))
2018-04-05 09:43:19.916150;(12, (0, 0, 0, 0))
2018-04-05 09:43:19.962005;(23, (0, 0, 0, 0))
2018-04-05 09:43:49.086044;(9, (11, 0, 11, 0))
2018-04-05 09:43:49.130356;(10, (10, 0, 10, 0))
2018-04-05 09:43:49.158921;(18, (4, 0, 4, 0))
2018-04-05 09:43:49.205178;(4, (7, 0, 7, 0))
2018-04-05 09:43:49.259760;(8, (9, 1, 10, 0))
2018-04-05 09:43:49.277823;(21, (5, 0, 5, 0))
2018-04-05 09:43:49.330130;(3, (7, 0, 7, 0))
2018-04-05 09:43:49.355159;(1, (0, 0, 0, 0))
2018-04-05 09:43:49.369712;(19, (6, 0, 6, 0))
2018-04-05 09:43:49.446497;(15, (9, 0, 9, 0))
2018-04-05 09:43:49.477185;(13, (10, 0, 10, 0))
2018-04-05 09:43:49.540442;(22, (6, 0, 6, 0))
2018-04-05 09:43:49.598485;(6, (13, 0, 13, 0))
2018-04-05 09:43:49.651205;(14, (6, 0, 6, 0))
2018-04-05 09:43:49.662611;(7, (6, 1, 8, 0))
2018-04-05 09:43:49.732426;(17, (6, 0, 6, 0))
2018-04-05 09:43:49.765126;(5, (6, 0, 6, 0))
2018-04-05 09:43:49.798394;(11, (6, 0, 6, 0))
2018-04-05 09:43:49.819983;(16, (5, 0, 5, 0))
2018-04-05 09:43:49.903014;(20, (8, 1, 9, 0))
2018-04-05 09:43:49.919965;(12, (7, 0, 7, 0))
2018-04-05 09:43:49.963822;(23, (0, 0, 0, 0))
2018-04-05 09:44:19.090023;(9, (18, 0, 18, 0))
2018-04-05 09:44:19.133578;(10, (18, 1, 19, 0))
2018-04-05 09:44:19.162611;(18, (11, 0, 11, 0))
2018-04-05 09:44:19.209119;(4, (15, 0, 15, 0))
2018-04-05 09:44:19.262661;(8, (15, 3, 19, 0))
2018-04-05 09:44:19.281295;(21, (12, 0, 12, 0))
2018-04-05 09:44:19.333512;(3, (14, 0, 15, 0))
2018-04-05 09:44:19.357471;(1, (0, 0, 0, 0))
2018-04-05 09:44:19.373721;(19, (12, 1, 14, 0))
2018-04-05 09:44:19.450251;(15, (17, 0, 17, 0))
2018-04-05 09:44:19.481943;(13, (18, 0, 18, 0))
2018-04-05 09:44:19.543162;(22, (12, 1, 14, 0))
2018-04-05 09:44:19.602123;(6, (20, 0, 20, 0))
2018-04-05 09:44:19.654693;(14, (13, 1, 14, 0))
2018-04-05 09:44:19.665815;(7, (13, 3, 17, 0))
2018-04-05 09:44:19.736045;(17, (12, 2, 15, 0))
2018-04-05 09:44:19.767527;(5, (13, 0, 13, 0))
2018-04-05 09:44:19.801195;(11, (12, 1, 14, 0))
2018-04-05 09:44:19.822392;(16, (12, 1, 13, 0))
2018-04-05 09:44:19.906535;(20, (16, 1, 17, 0))
2018-04-05 09:44:19.926612;(12, (13, 1, 15, 0))
2018-04-05 09:44:19.966862;(23, (0, 0, 0, 0))
2018-04-05 09:44:49.136542;(10, (25, 2, 27, 0))
2018-04-05 09:44:49.284217;(21, (20, 0, 20, 0))
2018-04-05 09:44:49.361220;(1, (0, 0, 0, 0))
2018-04-05 09:44:49.803945;(11, (21, 2, 23, 0))
2018-04-05 09:44:49.970491;(23, (0, 0, 0, 0))
2018-04-05 09:44:50.094090;(9, (26, 1, 27, 0))
2018-04-05 09:44:50.165046;(18, (18, 1, 20, 0))
2018-04-05 09:44:50.213827;(4, (23, 0, 23, 0))
2018-04-05 09:44:50.266776;(8, (23, 5, 28, 0))
2018-04-05 09:44:50.335534;(3, (22, 3, 25, 0))
2018-04-05 09:44:50.377447;(19, (20, 4, 24, 0))
2018-04-05 09:44:50.453224;(15, (24, 0, 24, 0))
2018-04-05 09:44:50.485475;(13, (25, 0, 25, 0))
2018-04-05 09:44:50.547427;(22, (21, 3, 25, 0))
2018-04-05 09:44:50.606413;(6, (28, 2, 30, 0))
2018-04-05 09:44:50.658994;(14, (21, 1, 22, 0))
2018-04-05 09:44:50.669312;(7, (22, 5, 27, 0))
2018-04-05 09:44:50.739724;(17, (20, 5, 26, 0))
2018-04-05 09:44:50.771983;(5, (21, 0, 21, 0))
2018-04-05 09:44:50.826060;(16, (20, 4, 24, 0))
2018-04-05 09:44:50.913366;(20, (23, 1, 24, 0))
2018-04-05 09:44:50.930214;(12, (22, 3, 25, 0))
2018-04-05 09:45:19.363576;(1, (0, 0, 0, 0))
2018-04-05 09:45:20.098852;(9, (34, 2, 36, 0))
2018-04-05 09:45:20.140070;(10, (33, 3, 36, 0))
2018-04-05 09:45:20.167570;(18, (26, 3, 29, 0))
2018-04-05 09:45:20.219131;(4, (30, 0, 30, 0))
2018-04-05 09:45:20.269141;(8, (30, 5, 35, 0))
2018-04-05 09:45:20.286766;(21, (27, 0, 27, 0))
2018-04-05 09:45:20.338035;(3, (29, 3, 33, 0))
2018-04-05 09:45:20.382200;(19, (27, 4, 31, 0))
2018-04-05 09:45:20.455847;(15, (30, 1, 32, 0))
2018-04-05 09:45:20.489465;(13, (33, 1, 34, 0))
2018-04-05 09:45:20.551375;(22, (29, 3, 32, 0))
2018-04-05 09:45:20.609280;(6, (35, 3, 38, 0))
2018-04-05 09:45:20.661585;(14, (28, 1, 29, 0))
2018-04-05 09:45:20.671777;(7, (29, 6, 35, 0))
2018-04-05 09:45:20.743293;(17, (28, 6, 34, 0))
2018-04-05 09:45:20.775015;(5, (28, 0, 28, 0))
2018-04-05 09:45:20.806844;(11, (28, 3, 32, 0))
2018-04-05 09:45:20.832333;(16, (21, 7, 29, 0))
2018-04-05 09:45:20.915785;(20, (29, 2, 32, 0))
2018-04-05 09:45:20.934640;(12, (29, 5, 34, 0))
2018-04-05 09:45:20.973988;(23, (0, 0, 0, 0))
2018-04-05 09:45:49.365435;(1, (0, 0, 0, 0))
2018-04-05 09:45:50.101681;(9, (41, 2, 43, 0))
2018-04-05 09:45:50.143266;(10, (41, 3, 44, 0))
2018-04-05 09:45:50.170941;(18, (33, 4, 38, 0))
2018-04-05 09:45:50.222533;(4, (38, 0, 38, 0))
2018-04-05 09:45:50.272658;(8, (37, 6, 44, 0))
2018-04-05 09:45:50.290005;(21, (35, 0, 35, 0))
2018-04-05 09:45:50.341389;(3, (38, 4, 42, 0))
2018-04-05 09:45:50.385687;(19, (33, 5, 39, 0))
2018-04-05 09:45:50.458639;(15, (39, 2, 41, 0))
2018-04-05 09:45:50.494735;(13, (41, 1, 42, 0))
2018-04-05 09:45:50.555538;(22, (37, 3, 40, 0))
2018-04-05 09:45:50.613240;(6, (43, 3, 46, 0))
2018-04-05 09:45:50.664075;(14, (35, 1, 37, 0))
2018-04-05 09:45:50.674836;(7, (36, 6, 43, 0))
2018-04-05 09:45:50.746710;(17, (35, 6, 42, 0))
2018-04-05 09:45:50.777974;(5, (36, 0, 36, 0))
2018-04-05 09:45:50.810095;(11, (35, 7, 43, 0))
2018-04-05 09:45:50.838541;(16, (25, 9, 35, 1))
2018-04-05 09:45:50.918570;(20, (37, 3, 41, 0))
2018-04-05 09:45:50.938583;(12, (35, 8, 44, 0))
2018-04-05 09:45:50.977733;(23, (0, 0, 0, 0))
2018-04-05 09:46:19.367363;(1, (0, 0, 0, 0))
2018-04-05 09:46:20.106152;(9, (49, 2, 51, 0))
2018-04-05 09:46:20.147482;(10, (48, 5, 53, 0))
2018-04-05 09:46:20.173849;(18, (41, 5, 46, 0))
2018-04-05 09:46:20.224976;(4, (45, 0, 45, 0))
2018-04-05 09:46:20.275795;(8, (45, 9, 54, 0))
2018-04-05 09:46:20.293144;(21, (43, 0, 43, 0))
2018-04-05 09:46:20.343874;(3, (45, 5, 50, 0))
2018-04-05 09:46:20.389414;(19, (42, 6, 48, 0))
2018-04-05 09:46:20.461426;(15, (47, 2, 49, 0))
2018-04-05 09:46:20.497292;(13, (48, 2, 50, 0))
2018-04-05 09:46:20.559383;(22, (44, 3, 47, 0))
2018-04-05 09:46:20.617201;(6, (51, 3, 54, 0))
2018-04-05 09:46:20.666906;(14, (43, 2, 45, 0))
2018-04-05 09:46:20.679187;(7, (45, 7, 52, 0))
2018-04-05 09:46:20.749675;(17, (39, 9, 49, 0))
2018-04-05 09:46:20.781697;(5, (44, 0, 44, 0))
2018-04-05 09:46:20.814093;(11, (44, 8, 52, 0))
2018-04-05 09:46:20.842253;(16, (34, 11, 46, 1))
2018-04-05 09:46:20.921821;(20, (46, 5, 51, 0))
2018-04-05 09:46:20.943379;(12, (45, 10, 55, 0))
2018-04-05 09:46:20.981204;(23, (0, 0, 0, 0))
2018-04-05 09:46:50.110578;(9, (56, 2, 58, 0))
2018-04-05 09:46:50.150537;(10, (56, 5, 61, 0))
2018-04-05 09:46:50.227356;(4, (53, 0, 53, 0))
2018-04-05 09:46:50.282163;(8, (53, 9, 62, 0))
2018-04-05 09:46:50.297362;(21, (50, 0, 50, 0))
2018-04-05 09:46:50.347717;(3, (52, 5, 58, 0))
2018-04-05 09:46:50.370317;(1, (0, 0, 0, 0))
2018-04-05 09:46:50.393573;(19, (49, 6, 56, 0))
2018-04-05 09:46:50.464112;(15, (55, 2, 57, 0))
2018-04-05 09:46:50.500045;(13, (56, 2, 58, 0))
2018-04-05 09:46:50.621733;(6, (58, 3, 61, 0))
2018-04-05 09:46:50.670871;(14, (51, 2, 53, 0))
2018-04-05 09:46:50.683291;(7, (52, 8, 60, 0))
2018-04-05 09:46:50.784368;(5, (51, 0, 51, 0))
2018-04-05 09:46:50.817544;(11, (51, 10, 61, 0))
2018-04-05 09:46:50.846188;(16, (42, 12, 54, 1))
2018-04-05 09:46:50.925542;(20, (52, 6, 59, 0))
2018-04-05 09:46:50.946829;(12, (52, 11, 63, 0))
2018-04-05 09:46:50.985236;(23, (0, 0, 0, 0))
2018-04-05 09:46:51.564199;(22, (52, 3, 55, 0))
2018-04-05 09:46:51.753790;(17, (51, 10, 61, 0))
2018-04-05 09:47:20.154449;(10, (63, 5, 68, 0))
2018-04-05 09:47:20.300935;(21, (58, 0, 58, 0))
2018-04-05 09:47:20.372005;(1, (0, 0, 0, 0))
2018-04-05 09:47:20.821171;(11, (59, 10, 69, 0))
2018-04-05 09:47:20.989089;(23, (0, 0, 0, 0))
2018-04-05 09:47:21.179681;(18, (56, 6, 62, 0))
2018-04-05 09:47:21.231707;(4, (60, 0, 60, 0))
2018-04-05 09:47:21.285482;(8, (60, 11, 71, 0))
2018-04-05 09:47:21.351242;(3, (60, 7, 67, 0))
2018-04-05 09:47:21.396187;(19, (56, 9, 65, 0))
2018-04-05 09:47:21.503044;(13, (63, 2, 65, 0))
2018-04-05 09:47:21.569424;(22, (59, 3, 62, 0))
2018-04-05 09:47:21.625749;(6, (66, 4, 70, 0))
2018-04-05 09:47:21.674528;(14, (59, 2, 61, 0))
2018-04-05 09:47:21.686773;(7, (60, 11, 71, 0))
2018-04-05 09:47:21.757557;(17, (58, 12, 70, 0))
2018-04-05 09:47:21.787163;(5, (59, 0, 59, 0))
2018-04-05 09:47:21.850168;(16, (50, 14, 64, 1))
2018-04-05 09:47:21.928302;(20, (61, 9, 70, 0))
2018-04-05 09:47:21.950465;(12, (60, 13, 73, 0))
2018-04-05 09:47:50.303346;(21, (65, 0, 65, 0))
2018-04-05 09:47:50.376359;(1, (0, 0, 0, 0))
2018-04-05 09:47:50.823860;(11, (64, 13, 78, 0))
2018-04-05 09:47:51.117820;(9, (71, 2, 73, 0))
2018-04-05 09:47:51.161456;(10, (71, 5, 76, 0))
2018-04-05 09:47:51.182756;(18, (64, 6, 70, 0))
2018-04-05 09:47:51.237356;(4, (68, 1, 69, 0))
2018-04-05 09:47:51.287510;(8, (64, 13, 78, 0))
2018-04-05 09:47:51.353696;(3, (67, 9, 77, 0))
2018-04-05 09:47:51.399137;(19, (64, 11, 75, 0))
2018-04-05 09:47:51.472909;(15, (70, 2, 72, 0))
2018-04-05 09:47:51.506598;(13, (71, 2, 73, 0))
2018-04-05 09:47:51.572439;(22, (67, 5, 72, 0))
2018-04-05 09:47:51.629368;(6, (73, 5, 78, 0))
2018-04-05 09:47:51.677700;(14, (63, 4, 68, 0))
2018-04-05 09:47:51.690207;(7, (67, 14, 81, 0))
2018-04-05 09:47:51.759978;(17, (61, 16, 78, 0))
2018-04-05 09:47:51.790384;(5, (66, 0, 66, 0))
2018-04-05 09:47:51.852756;(16, (57, 19, 76, 1))
2018-04-05 09:47:51.932059;(20, (65, 12, 78, 0))
2018-04-05 09:47:51.953710;(12, (65, 14, 80, 0))
2018-04-05 09:47:51.992316;(23, (0, 0, 0, 0))
2018-04-05 09:48:20.381992;(1, (0, 0, 0, 0))
2018-04-05 09:48:21.122691;(9, (79, 2, 81, 0))
2018-04-05 09:48:21.164203;(10, (78, 10, 88, 0))
2018-04-05 09:48:21.185739;(18, (72, 7, 79, 0))
2018-04-05 09:48:21.239684;(4, (75, 1, 76, 0))
2018-04-05 09:48:21.290616;(8, (75, 16, 91, 0))
2018-04-05 09:48:21.307973;(21, (73, 0, 73, 0))
2018-04-05 09:48:21.356992;(3, (70, 12, 83, 0))
2018-04-05 09:48:21.403088;(19, (71, 12, 83, 0))
2018-04-05 09:48:21.475824;(15, (77, 3, 80, 0))
2018-04-05 09:48:21.509893;(13, (78, 2, 80, 0))
2018-04-05 09:48:21.575922;(22, (74, 5, 79, 0))
2018-04-05 09:48:21.633329;(6, (81, 6, 87, 0))
2018-04-05 09:48:21.680385;(14, (73, 6, 79, 0))
2018-04-05 09:48:21.693642;(7, (75, 16, 91, 0))
2018-04-05 09:48:21.762164;(17, (63, 20, 84, 0))
2018-04-05 09:48:21.793719;(5, (74, 0, 74, 0))
2018-04-05 09:48:21.827341;(11, (74, 15, 89, 0))
2018-04-05 09:48:21.857086;(16, (65, 20, 85, 1))
2018-04-05 09:48:21.935824;(20, (76, 13, 89, 0))
2018-04-05 09:48:21.956342;(12, (75, 15, 90, 0))
2018-04-05 09:48:21.995551;(23, (0, 0, 0, 0))
2018-04-05 09:48:50.383754;(1, (0, 0, 0, 0))
2018-04-05 09:48:51.125938;(9, (86, 2, 88, 0))
2018-04-05 09:48:51.166769;(10, (86, 12, 98, 0))
2018-04-05 09:48:51.189972;(18, (79, 7, 86, 0))
2018-04-05 09:48:51.244693;(4, (83, 2, 85, 0))
2018-04-05 09:48:51.293629;(8, (82, 18, 100, 0))
2018-04-05 09:48:51.310747;(21, (80, 0, 80, 0))
2018-04-05 09:48:51.360966;(3, (75, 14, 89, 1))
2018-04-05 09:48:51.405570;(19, (79, 13, 92, 0))
2018-04-05 09:48:51.482053;(15, (85, 3, 88, 0))
2018-04-05 09:48:51.513578;(13, (86, 2, 88, 0))
2018-04-05 09:48:51.579392;(22, (82, 5, 87, 0))
2018-04-05 09:48:51.635988;(6, (88, 6, 94, 0))
2018-04-05 09:48:51.683764;(14, (80, 7, 87, 0))
2018-04-05 09:48:51.696011;(7, (82, 17, 99, 0))
2018-04-05 09:48:51.764794;(17, (71, 22, 93, 1))
2018-04-05 09:48:51.796188;(5, (81, 0, 81, 0))
2018-04-05 09:48:51.830951;(11, (82, 16, 98, 0))
2018-04-05 09:48:51.861551;(16, (72, 22, 94, 1))
2018-04-05 09:48:51.941526;(20, (84, 14, 98, 0))
2018-04-05 09:48:51.959122;(12, (82, 18, 100, 0))
2018-04-05 09:48:51.999294;(23, (0, 0, 0, 0))
2018-04-05 09:49:20.389182;(1, (0, 0, 0, 0))
2018-04-05 09:49:21.129548;(9, (94, 2, 96, 0))
2018-04-05 09:49:21.170421;(10, (93, 13, 106, 0))
2018-04-05 09:49:21.193486;(18, (87, 7, 94, 0))
2018-04-05 09:49:21.314288;(21, (88, 0, 88, 0))
2018-04-05 09:49:21.365457;(3, (82, 14, 96, 1))
2018-04-05 09:49:21.408058;(19, (87, 13, 100, 0))
2018-04-05 09:49:21.485260;(15, (92, 3, 95, 0))
2018-04-05 09:49:21.518651;(13, (93, 2, 95, 0))
2018-04-05 09:49:21.639744;(6, (96, 6, 102, 0))
2018-04-05 09:49:21.687043;(14, (88, 7, 95, 0))
2018-04-05 09:49:21.698999;(7, (90, 17, 107, 0))
2018-04-05 09:49:21.799098;(5, (89, 0, 89, 0))
2018-04-05 09:49:21.834801;(11, (89, 17, 106, 0))
2018-04-05 09:49:21.865732;(16, (80, 23, 103, 1))
2018-04-05 09:49:21.946152;(20, (91, 14, 105, 0))
2018-04-05 09:49:21.964785;(12, (90, 18, 108, 0))
2018-04-05 09:49:22.002747;(23, (0, 0, 0, 0))
2018-04-05 09:49:22.296212;(8, (90, 20, 110, 0))
2018-04-05 09:49:22.583548;(22, (90, 6, 96, 0))
2018-04-05 09:49:22.767391;(17, (78, 22, 100, 1))
2018-04-05 09:49:50.394100;(1, (0, 0, 0, 0))
2018-04-05 09:49:51.173632;(10, (101, 16, 117, 0))
2018-04-05 09:49:51.317340;(21, (95, 0, 95, 0))
2018-04-05 09:49:51.489448;(15, (100, 4, 104, 0))
2018-04-05 09:49:51.839064;(11, (95, 20, 116, 0))
2018-04-05 09:49:52.006309;(23, (0, 0, 0, 0))
2018-04-05 09:49:52.133493;(9, (102, 2, 104, 0))
2018-04-05 09:49:52.197439;(18, (94, 7, 101, 0))
2018-04-05 09:49:52.250469;(4, (98, 2, 100, 0))
2018-04-05 09:49:52.298600;(8, (97, 23, 120, 0))
2018-04-05 09:49:52.368179;(3, (90, 16, 106, 1))
2018-04-05 09:49:52.413029;(19, (94, 15, 109, 0))
2018-04-05 09:49:52.523643;(13, (101, 2, 103, 0))
2018-04-05 09:49:52.587613;(22, (97, 7, 104, 0))
2018-04-05 09:49:52.646340;(6, (103, 6, 109, 0))
2018-04-05 09:49:52.689914;(14, (95, 7, 102, 0))
2018-04-05 09:49:52.702683;(7, (97, 20, 117, 0))
2018-04-05 09:49:52.769946;(17, (82, 25, 108, 1))
2018-04-05 09:49:52.802441;(5, (96, 0, 96, 0))
2018-04-05 09:49:52.869217;(16, (87, 26, 113, 1))
2018-04-05 09:49:52.950640;(20, (99, 16, 115, 0))
2018-04-05 09:49:52.967289;(12, (97, 19, 116, 0))
2018-04-05 09:50:20.398336;(1, (0, 0, 0, 0))
2018-04-05 09:50:21.176173;(10, (108, 18, 127, 0))
2018-04-05 09:50:21.320091;(21, (103, 0, 103, 0))
2018-04-05 09:50:21.842547;(11, (100, 25, 126, 0))
2018-04-05 09:50:22.009833;(23, (0, 0, 0, 0))
2018-04-05 09:50:22.137137;(9, (109, 2, 111, 0))
2018-04-05 09:50:22.199623;(18, (96, 10, 107, 0))
2018-04-05 09:50:22.254428;(4, (106, 2, 108, 0))
2018-04-05 09:50:22.305925;(8, (99, 26, 126, 0))
2018-04-05 09:50:22.372338;(3, (97, 19, 116, 1))
2018-04-05 09:50:22.418061;(19, (101, 19, 120, 0))
2018-04-05 09:50:22.495298;(15, (107, 5, 112, 0))
2018-04-05 09:50:22.528095;(13, (109, 2, 111, 0))
2018-04-05 09:50:22.591438;(22, (105, 10, 115, 0))
2018-04-05 09:50:22.649423;(6, (111, 6, 117, 0))
2018-04-05 09:50:22.691872;(14, (97, 10, 108, 0))
2018-04-05 09:50:22.706458;(7, (105, 23, 128, 0))
2018-04-05 09:50:22.774627;(17, (93, 30, 123, 1))
2018-04-05 09:50:22.806574;(5, (104, 0, 104, 0))
2018-04-05 09:50:22.871352;(16, (89, 29, 119, 1))
2018-04-05 09:50:22.954627;(20, (100, 19, 120, 0))
2018-04-05 09:50:22.970525;(12, (99, 22, 122, 0))
2018-04-05 09:50:51.400631;(1, (0, 0, 0, 0))
2018-04-05 09:50:52.139863;(9, (117, 2, 119, 0))
2018-04-05 09:50:52.178840;(10, (116, 22, 138, 0))
2018-04-05 09:50:52.202445;(18, (102, 14, 116, 1))
2018-04-05 09:50:52.258469;(4, (113, 2, 115, 0))
2018-04-05 09:50:52.308276;(8, (99, 29, 129, 1))
2018-04-05 09:50:52.323039;(21, (110, 0, 110, 0))
2018-04-05 09:50:52.375474;(3, (101, 22, 124, 1))
2018-04-05 09:50:52.421801;(19, (105, 22, 128, 0))
2018-04-05 09:50:52.498960;(15, (114, 6, 121, 0))
2018-04-05 09:50:52.531523;(13, (116, 2, 118, 0))
2018-04-05 09:50:52.595108;(22, (112, 12, 124, 0))
2018-04-05 09:50:52.652221;(6, (119, 6, 125, 0))
2018-04-05 09:50:52.694549;(14, (101, 12, 113, 1))
2018-04-05 09:50:52.709523;(7, (108, 29, 138, 0))
2018-04-05 09:50:52.776970;(17, (99, 33, 133, 1))
2018-04-05 09:50:52.810591;(5, (112, 0, 112, 0))
2018-04-05 09:50:52.846639;(11, (110, 29, 140, 0))
2018-04-05 09:50:52.874163;(16, (89, 32, 122, 2))
2018-04-05 09:50:52.957627;(20, (103, 22, 126, 1))
2018-04-05 09:50:52.974977;(12, (104, 26, 131, 1))
2018-04-05 09:50:53.013689;(23, (0, 0, 0, 0))
2018-04-05 09:51:21.403230;(1, (0, 0, 0, 0))
2018-04-05 09:51:22.144299;(9, (124, 2, 126, 0))
2018-04-05 09:51:22.181885;(10, (122, 25, 148, 0))
2018-04-05 09:51:22.205326;(18, (110, 17, 127, 1))
2018-04-05 09:51:22.262169;(4, (121, 2, 123, 0))
2018-04-05 09:51:22.311207;(8, (103, 32, 136, 2))
2018-04-05 09:51:22.326631;(21, (118, 0, 118, 0))
2018-04-05 09:51:22.379446;(3, (111, 24, 136, 1))
2018-04-05 09:51:22.425006;(19, (112, 26, 139, 0))
2018-04-05 09:51:22.505574;(15, (122, 8, 131, 0))
2018-04-05 09:51:22.538388;(13, (124, 2, 126, 0))
2018-04-05 09:51:22.654990;(6, (125, 7, 133, 0))
2018-04-05 09:51:22.698243;(14, (109, 13, 122, 1))
2018-04-05 09:51:22.711358;(7, (108, 32, 141, 1))
2018-04-05 09:51:22.813033;(5, (119, 0, 119, 0))
2018-04-05 09:51:22.850890;(11, (117, 33, 150, 0))
2018-04-05 09:51:22.876034;(16, (89, 36, 126, 3))
2018-04-05 09:51:22.977997;(12, (108, 30, 139, 1))
2018-04-05 09:51:23.017422;(23, (0, 0, 0, 0))
2018-04-05 09:51:23.598872;(22, (112, 15, 128, 0))
2018-04-05 09:51:23.778835;(17, (99, 36, 136, 1))
2018-04-05 09:51:51.405946;(1, (0, 0, 0, 0))
2018-04-05 09:51:52.147114;(9, (132, 2, 134, 0))
2018-04-05 09:51:52.185120;(10, (131, 29, 160, 0))
2018-04-05 09:51:52.265748;(4, (128, 2, 130, 0))
2018-04-05 09:51:52.329828;(21, (126, 0, 126, 0))
2018-04-05 09:51:52.382654;(3, (115, 30, 146, 1))
2018-04-05 09:51:52.430382;(19, (115, 28, 143, 1))
2018-04-05 09:51:52.511330;(15, (130, 9, 139, 0))
2018-04-05 09:51:52.541812;(13, (131, 3, 134, 0))
2018-04-05 09:51:52.658015;(6, (134, 12, 146, 0))
2018-04-05 09:51:52.701781;(14, (110, 17, 128, 1))
2018-04-05 09:51:52.716335;(7, (118, 38, 157, 1))
2018-04-05 09:51:52.816170;(5, (127, 0, 127, 0))
2018-04-05 09:51:52.856369;(11, (125, 37, 162, 0))
2018-04-05 09:51:53.021075;(23, (0, 0, 0, 0))
2018-04-05 09:51:53.207815;(18, (117, 20, 137, 1))
2018-04-05 09:51:53.314714;(8, (110, 37, 148, 2))
2018-04-05 09:51:53.604874;(22, (112, 19, 132, 1))
2018-04-05 09:51:53.782080;(17, (100, 40, 141, 2))
2018-04-05 09:51:53.879169;(16, (95, 40, 136, 3))
2018-04-05 09:51:53.962361;(20, (111, 31, 143, 2))
2018-04-05 09:51:53.981189;(12, (114, 34, 149, 1))
2018-04-05 09:52:21.409350;(1, (0, 0, 0, 0))
2018-04-05 09:52:22.187556;(10, (138, 32, 170, 0))
2018-04-05 09:52:22.333214;(21, (133, 0, 133, 0))
2018-04-05 09:52:22.515049;(15, (137, 12, 149, 0))
2018-04-05 09:52:22.860799;(11, (125, 40, 166, 0))
2018-04-05 09:52:23.029123;(23, (0, 0, 0, 0))
2018-04-05 09:52:23.150473;(9, (139, 3, 142, 0))
2018-04-05 09:52:23.212284;(18, (123, 23, 146, 1))
2018-04-05 09:52:23.268609;(4, (136, 3, 139, 0))
2018-04-05 09:52:23.317604;(8, (110, 39, 150, 2))
2018-04-05 09:52:23.385472;(3, (115, 31, 147, 1))
2018-04-05 09:52:23.432964;(19, (115, 31, 147, 1))
2018-04-05 09:52:23.546175;(13, (139, 3, 142, 0))
2018-04-05 09:52:23.612792;(22, (119, 23, 142, 2))
2018-04-05 09:52:23.660824;(6, (141, 14, 155, 0))
2018-04-05 09:52:23.703761;(14, (112, 21, 134, 1))
2018-04-05 09:52:23.717647;(7, (118, 41, 160, 1))
2018-04-05 09:52:23.784020;(17, (100, 43, 144, 2))
2018-04-05 09:52:23.819222;(5, (134, 0, 134, 0))
2018-04-05 09:52:23.881485;(16, (96, 43, 140, 3))
2018-04-05 09:52:23.965005;(20, (111, 33, 145, 2))
2018-04-05 09:52:23.983419;(12, (118, 38, 156, 2))
2018-04-05 09:52:51.411329;(1, (0, 0, 0, 0))
2018-04-05 09:52:52.192214;(10, (143, 35, 179, 0))
2018-04-05 09:52:52.338745;(21, (141, 0, 141, 0))
2018-04-05 09:52:52.865827;(11, (133, 44, 177, 1))
2018-04-05 09:52:53.033630;(23, (0, 0, 0, 0))
2018-04-05 09:52:53.153494;(9, (144, 5, 150, 0))
2018-04-05 09:52:53.214745;(18, (131, 24, 155, 1))
2018-04-05 09:52:53.271032;(4, (141, 4, 146, 0))
2018-04-05 09:52:53.319669;(8, (110, 43, 154, 3))
2018-04-05 09:52:53.389049;(3, (124, 36, 160, 2))
2018-04-05 09:52:53.438510;(19, (122, 38, 161, 2))
2018-04-05 09:52:53.520473;(15, (144, 12, 156, 0))
2018-04-05 09:52:53.550557;(13, (146, 5, 151, 0))
2018-04-05 09:52:53.616591;(22, (126, 25, 151, 2))
2018-04-05 09:52:53.663617;(6, (149, 17, 166, 0))
2018-04-05 09:52:53.706741;(14, (121, 27, 148, 2))
2018-04-05 09:52:53.720126;(7, (123, 46, 170, 2))
2018-04-05 09:52:53.786137;(17, (100, 47, 148, 3))
2018-04-05 09:52:53.822021;(5, (142, 0, 142, 0))
2018-04-05 09:52:53.886729;(16, (97, 48, 146, 4))
2018-04-05 09:52:53.967795;(20, (118, 37, 156, 3))
2018-04-05 09:52:53.986788;(12, (125, 43, 169, 2))
2018-04-05 09:53:21.417267;(1, (0, 0, 0, 0))
2018-04-05 09:53:22.345063;(21, (148, 0, 148, 0))
2018-04-05 09:53:22.869290;(11, (140, 49, 189, 1))
2018-04-05 09:53:23.156208;(9, (153, 6, 159, 0))
2018-04-05 09:53:23.195790;(10, (153, 36, 189, 0))
2018-04-05 09:53:23.217653;(18, (138, 29, 167, 1))
2018-04-05 09:53:23.274603;(4, (151, 5, 156, 0))
2018-04-05 09:53:23.323604;(8, (114, 46, 160, 4))
2018-04-05 09:53:23.392023;(3, (129, 39, 169, 2))
2018-04-05 09:53:23.442536;(19, (128, 41, 170, 2))
2018-04-05 09:53:23.529601;(15, (152, 13, 165, 0))
2018-04-05 09:53:23.555661;(13, (154, 8, 162, 0))
2018-04-05 09:53:23.621165;(22, (134, 27, 161, 2))
2018-04-05 09:53:23.668418;(6, (156, 18, 174, 0))
2018-04-05 09:53:23.710516;(14, (128, 30, 158, 2))
2018-04-05 09:53:23.722723;(7, (126, 51, 178, 2))
2018-04-05 09:53:23.789539;(17, (105, 51, 157, 4))
2018-04-05 09:53:23.825551;(5, (149, 0, 149, 0))
2018-04-05 09:53:23.890043;(16, (101, 51, 153, 5))
2018-04-05 09:53:23.971679;(20, (127, 43, 171, 3))
2018-04-05 09:53:23.989889;(12, (129, 48, 178, 2))
2018-04-05 09:53:24.037196;(23, (0, 0, 0, 0))
2018-04-05 09:53:51.419224;(1, (0, 0, 0, 0))
2018-04-05 09:53:53.159181;(9, (157, 8, 166, 0))
2018-04-05 09:53:53.198193;(10, (158, 38, 197, 0))
2018-04-05 09:53:53.222013;(18, (146, 30, 176, 1))
2018-04-05 09:53:53.278074;(4, (158, 6, 164, 0))
2018-04-05 09:53:53.326400;(8, (122, 49, 171, 4))
2018-04-05 09:53:53.347774;(21, (156, 0, 156, 0))
2018-04-05 09:53:53.396604;(3, (133, 44, 178, 2))
2018-04-05 09:53:53.445733;(19, (135, 46, 182, 2))
2018-04-05 09:53:53.538017;(15, (159, 14, 173, 0))
2018-04-05 09:53:53.561574;(13, (161, 10, 171, 0))
2018-04-05 09:53:53.673661;(6, (164, 19, 183, 0))
2018-04-05 09:53:53.713733;(14, (136, 31, 167, 2))
2018-04-05 09:53:53.725926;(7, (131, 55, 187, 3))
2018-04-05 09:53:53.792216;(17, (111, 56, 168, 4))
2018-04-05 09:53:53.829159;(5, (157, 0, 157, 0))
2018-04-05 09:53:53.872783;(11, (148, 51, 199, 1))
2018-04-05 09:53:53.893840;(16, (110, 55, 165, 5))
2018-04-05 09:53:53.974922;(20, (135, 46, 181, 3))
2018-04-05 09:53:53.992102;(12, (135, 53, 189, 2))
2018-04-05 09:53:54.039125;(23, (0, 0, 0, 0))
2018-04-05 09:53:54.624244;(22, (137, 30, 168, 2))
2018-04-05 09:54:21.422059;(1, (0, 0, 0, 0))
2018-04-05 09:54:23.162447;(9, (166, 9, 176, 0))
2018-04-05 09:54:23.201013;(10, (168, 40, 208, 0))
2018-04-05 09:54:23.350933;(21, (163, 0, 163, 0))
2018-04-05 09:54:23.401394;(3, (133, 46, 180, 2))
2018-04-05 09:54:23.448523;(19, (143, 48, 191, 2))
2018-04-05 09:54:23.540909;(15, (167, 14, 181, 0))
2018-04-05 09:54:23.567023;(13, (169, 10, 179, 0))
2018-04-05 09:54:23.676463;(6, (171, 19, 190, 0))
2018-04-05 09:54:23.716612;(14, (143, 32, 175, 2))
2018-04-05 09:54:23.831903;(5, (164, 0, 164, 0))
2018-04-05 09:54:23.875903;(11, (156, 52, 208, 1))
2018-04-05 09:54:24.042241;(23, (0, 0, 0, 0))
2018-04-05 09:54:24.225121;(18, (153, 30, 183, 1))
2018-04-05 09:54:24.283590;(4, (166, 6, 172, 0))
2018-04-05 09:54:24.330237;(8, (129, 51, 180, 4))
2018-04-05 09:54:24.627956;(22, (141, 32, 173, 3))
2018-04-05 09:54:24.729506;(7, (140, 56, 196, 3))
2018-04-05 09:54:24.795170;(17, (115, 58, 174, 5))
2018-04-05 09:54:24.896335;(16, (117, 57, 174, 5))
2018-04-05 09:54:24.978436;(20, (142, 49, 191, 3))
2018-04-05 09:54:24.995879;(12, (145, 57, 202, 2))
2018-04-05 09:54:52.424120;(1, (0, 0, 0, 0))
2018-04-05 09:54:53.203585;(10, (175, 40, 215, 0))
2018-04-05 09:54:53.354367;(21, (171, 0, 171, 0))
2018-04-05 09:54:53.544561;(15, (172, 16, 189, 0))
2018-04-05 09:54:53.879677;(11, (163, 52, 215, 1))
2018-04-05 09:54:54.044366;(23, (0, 0, 0, 0))
2018-04-05 09:54:54.167239;(9, (174, 9, 183, 0))
2018-04-05 09:54:54.227417;(18, (161, 30, 191, 1))
2018-04-05 09:54:54.286177;(4, (174, 6, 180, 0))
2018-04-05 09:54:54.332756;(8, (137, 51, 188, 4))
2018-04-05 09:54:54.405181;(3, (141, 47, 188, 3))
2018-04-05 09:54:54.451188;(19, (151, 49, 200, 2))
2018-04-05 09:54:54.634093;(22, (149, 32, 181, 3))
2018-04-05 09:54:54.679479;(6, (179, 19, 198, 0))
2018-04-05 09:54:54.719104;(14, (151, 32, 183, 2))
2018-04-05 09:54:54.731894;(7, (148, 56, 204, 3))
2018-04-05 09:54:54.798928;(17, (124, 59, 183, 5))
2018-04-05 09:54:54.834897;(5, (172, 0, 172, 0))
2018-04-05 09:54:54.899195;(16, (125, 57, 182, 5))
2018-04-05 09:54:54.983096;(20, (149, 49, 198, 3))
2018-04-05 09:54:54.998864;(12, (153, 57, 210, 2))
2018-04-05 09:55:22.429527;(1, (0, 0, 0, 0))
2018-04-05 09:55:23.206986;(10, (183, 41, 224, 0))
2018-04-05 09:55:23.356925;(21, (178, 0, 178, 0))
2018-04-05 09:55:23.882900;(11, (171, 55, 226, 1))
2018-04-05 09:55:24.047345;(23, (0, 0, 0, 0))
2018-04-05 09:55:24.171439;(9, (182, 9, 191, 0))
2018-04-05 09:55:24.230434;(18, (168, 30, 198, 1))
2018-04-05 09:55:24.288689;(4, (181, 6, 187, 0))
2018-04-05 09:55:24.336090;(8, (144, 54, 198, 4))
2018-04-05 09:55:24.409634;(3, (149, 48, 197, 3))
2018-04-05 09:55:24.453977;(19, (158, 51, 209, 2))
2018-04-05 09:55:24.547284;(15, (172, 19, 192, 1))
2018-04-05 09:55:24.577114;(13, (184, 10, 194, 0))
2018-04-05 09:55:24.639098;(22, (156, 32, 188, 3))
2018-04-05 09:55:24.686365;(6, (187, 19, 206, 0))
2018-04-05 09:55:24.723278;(14, (157, 36, 193, 2))
2018-04-05 09:55:24.736312;(7, (156, 58, 214, 3))
2018-04-05 09:55:24.802068;(17, (131, 62, 193, 5))
2018-04-05 09:55:24.840001;(5, (179, 0, 179, 0))
2018-04-05 09:55:24.902157;(16, (132, 58, 190, 5))
2018-04-05 09:55:24.988164;(20, (157, 49, 206, 3))
2018-04-05 09:55:52.432381;(1, (0, 0, 0, 0))
2018-04-05 09:55:53.209901;(10, (191, 41, 232, 0))
2018-04-05 09:55:53.359560;(21, (186, 0, 186, 0))
2018-04-05 09:55:53.886974;(11, (178, 55, 233, 1))
2018-04-05 09:55:54.050343;(23, (0, 0, 0, 0))
2018-04-05 09:55:54.173979;(9, (189, 9, 198, 0))
2018-04-05 09:55:54.234865;(18, (176, 30, 206, 1))
2018-04-05 09:55:54.291403;(4, (189, 6, 195, 0))
2018-04-05 09:55:54.341161;(8, (152, 54, 206, 4))
2018-04-05 09:55:54.413660;(3, (157, 48, 205, 3))
2018-04-05 09:55:54.457376;(19, (166, 51, 217, 2))
2018-04-05 09:55:54.551156;(15, (172, 21, 194, 1))
2018-04-05 09:55:54.582670;(13, (192, 10, 202, 0))
2018-04-05 09:55:54.643804;(22, (164, 32, 196, 3))
2018-04-05 09:55:54.689566;(6, (194, 19, 213, 0))
2018-04-05 09:55:54.726622;(14, (165, 36, 201, 2))
2018-04-05 09:55:54.742892;(7, (163, 58, 221, 3))
2018-04-05 09:55:54.804873;(17, (139, 62, 201, 5))
2018-04-05 09:55:54.845988;(5, (187, 0, 187, 0))
2018-04-05 09:55:54.904626;(16, (140, 58, 198, 5))
2018-04-05 09:55:54.990840;(20, (164, 49, 213, 3))
2018-04-05 09:55:55.004298;(12, (168, 59, 227, 2))
2018-04-05 09:56:22.434358;(1, (0, 0, 0, 0))
2018-04-05 09:56:24.177638;(9, (197, 9, 206, 0))
2018-04-05 09:56:24.213766;(10, (198, 41, 239, 0))
2018-04-05 09:56:24.237895;(18, (183, 32, 215, 1))
2018-04-05 09:56:24.295212;(4, (196, 6, 202, 0))
2018-04-05 09:56:24.345056;(8, (159, 57, 216, 4))
2018-04-05 09:56:24.365216;(21, (193, 0, 193, 0))
2018-04-05 09:56:24.417278;(3, (164, 49, 213, 3))
2018-04-05 09:56:24.460266;(19, (173, 57, 230, 2))
2018-04-05 09:56:24.557765;(15, (172, 25, 198, 2))
2018-04-05 09:56:24.586320;(13, (199, 10, 209, 0))
2018-04-05 09:56:24.692505;(6, (202, 19, 221, 0))
2018-04-05 09:56:24.729720;(14, (172, 38, 210, 2))
2018-04-05 09:56:24.747360;(7, (171, 62, 233, 3))
2018-04-05 09:56:24.850174;(5, (195, 0, 195, 0))
2018-04-05 09:56:24.890719;(11, (186, 59, 245, 1))
2018-04-05 09:56:24.906922;(16, (146, 62, 209, 5))
2018-04-05 09:56:24.995259;(20, (172, 54, 226, 3))
2018-04-05 09:56:25.009803;(12, (176, 63, 239, 2))
2018-04-05 09:56:25.053370;(23, (0, 0, 0, 0))
2018-04-05 09:56:25.646525;(22, (171, 33, 204, 3))
2018-04-05 09:56:25.807139;(17, (139, 65, 205, 5))
2018-04-05 09:56:52.437672;(1, (0, 0, 0, 0))
2018-04-05 09:56:54.216605;(10, (206, 42, 248, 0))
2018-04-05 09:56:54.369967;(21, (201, 0, 201, 0))
2018-04-05 09:56:54.462797;(19, (181, 57, 238, 2))
2018-04-05 09:56:54.561209;(15, (172, 28, 201, 3))
2018-04-05 09:56:54.589885;(13, (207, 10, 217, 0))
2018-04-05 09:56:54.695484;(6, (209, 19, 228, 0))
2018-04-05 09:56:54.732231;(14, (180, 38, 218, 2))
2018-04-05 09:56:54.854782;(5, (202, 0, 202, 0))
2018-04-05 09:56:54.894570;(11, (193, 59, 252, 1))
2018-04-05 09:56:55.058722;(23, (0, 0, 0, 0))
2018-04-05 09:56:55.180294;(9, (204, 9, 213, 0))
2018-04-05 09:56:55.241833;(18, (191, 32, 223, 1))
2018-04-05 09:56:55.298077;(4, (204, 6, 210, 0))
2018-04-05 09:56:55.348391;(8, (166, 58, 225, 4))
2018-04-05 09:56:55.420507;(3, (172, 49, 221, 3))
2018-04-05 09:56:55.650892;(22, (179, 33, 212, 3))
2018-04-05 09:56:55.750000;(7, (178, 62, 240, 3))
2018-04-05 09:56:55.810529;(17, (146, 70, 216, 6))
2018-04-05 09:56:55.909402;(16, (154, 68, 222, 5))
2018-04-05 09:56:55.998400;(20, (179, 54, 233, 3))
2018-04-05 09:56:56.017195;(12, (183, 63, 246, 2))
2018-04-05 09:57:22.439603;(1, (0, 0, 0, 0))
2018-04-05 09:57:24.219224;(10, (213, 42, 255, 0))
2018-04-05 09:57:24.372638;(21, (209, 0, 209, 0))
2018-04-05 09:57:24.899655;(11, (201, 60, 261, 1))
2018-04-05 09:57:25.061609;(23, (0, 0, 0, 0))
2018-04-05 09:57:25.186378;(9, (212, 9, 221, 0))
2018-04-05 09:57:25.246663;(18, (199, 32, 231, 1))
2018-04-05 09:57:25.300789;(4, (211, 6, 217, 0))
2018-04-05 09:57:25.351234;(8, (175, 59, 234, 4))
2018-04-05 09:57:25.423616;(3, (179, 49, 228, 3))
2018-04-05 09:57:25.465396;(19, (188, 57, 245, 2))
2018-04-05 09:57:25.563197;(15, (172, 29, 202, 3))
2018-04-05 09:57:25.593911;(13, (214, 10, 224, 0))
2018-04-05 09:57:25.655069;(22, (186, 33, 219, 3))
2018-04-05 09:57:25.701191;(6, (217, 19, 236, 0))
2018-04-05 09:57:25.734878;(14, (188, 38, 226, 2))
2018-04-05 09:57:25.753245;(7, (186, 62, 248, 3))
2018-04-05 09:57:25.814325;(17, (153, 70, 223, 6))
2018-04-05 09:57:25.858830;(5, (210, 0, 210, 0))
2018-04-05 09:57:25.912046;(16, (162, 69, 231, 5))
2018-04-05 09:57:26.001304;(20, (187, 54, 241, 3))
2018-04-05 09:57:26.025329;(12, (191, 63, 254, 2))
2018-04-05 09:57:52.447110;(1, (0, 0, 0, 0))
2018-04-05 09:57:54.226123;(10, (221, 42, 263, 0))
2018-04-05 09:57:54.381272;(21, (216, 0, 216, 0))
2018-04-05 09:57:54.908081;(11, (207, 63, 271, 1))
2018-04-05 09:57:55.069580;(23, (0, 0, 0, 0))
2018-04-05 09:57:55.193947;(9, (219, 9, 228, 0))
2018-04-05 09:57:55.254604;(18, (205, 34, 240, 1))
2018-04-05 09:57:55.308638;(4, (219, 8, 227, 0))
2018-04-05 09:57:55.359230;(8, (181, 62, 244, 4))
2018-04-05 09:57:55.430355;(3, (187, 49, 236, 3))
2018-04-05 09:57:55.471586;(19, (196, 57, 253, 2))
2018-04-05 09:57:55.571421;(15, (172, 33, 206, 4))
2018-04-05 09:57:55.601550;(13, (222, 11, 233, 0))
2018-04-05 09:57:55.662128;(22, (194, 33, 227, 3))
2018-04-05 09:57:55.714455;(6, (224, 19, 243, 0))
2018-04-05 09:57:55.741657;(14, (195, 39, 234, 2))
2018-04-05 09:57:55.759573;(7, (193, 62, 255, 3))
2018-04-05 09:57:55.821900;(17, (161, 71, 232, 6))
2018-04-05 09:57:55.866436;(5, (217, 0, 217, 0))
2018-04-05 09:57:55.922910;(16, (168, 72, 241, 5))
2018-04-05 09:57:56.010295;(20, (195, 54, 249, 3))
2018-04-05 09:57:56.033415;(12, (198, 64, 262, 2))
2018-04-05 09:58:22.453593;(1, (0, 0, 0, 0))
2018-04-05 09:58:24.235766;(10, (228, 42, 270, 0))
2018-04-05 09:58:24.393316;(21, (224, 0, 224, 0))
2018-04-05 09:58:24.916342;(11, (216, 64, 280, 1))
2018-04-05 09:58:25.086958;(23, (0, 0, 0, 0))
2018-04-05 09:58:25.202541;(9, (226, 9, 236, 0))
2018-04-05 09:58:25.262313;(18, (214, 35, 249, 1))
2018-04-05 09:58:25.315994;(4, (226, 8, 234, 0))
2018-04-05 09:58:25.366645;(8, (190, 65, 255, 4))
2018-04-05 09:58:25.445345;(3, (194, 49, 243, 3))
2018-04-05 09:58:25.479595;(19, (203, 57, 260, 2))
2018-04-05 09:58:25.578808;(15, (172, 37, 210, 5))
2018-04-05 09:58:25.607989;(13, (229, 11, 240, 0))
2018-04-05 09:58:25.668206;(22, (201, 33, 234, 3))
2018-04-05 09:58:25.725871;(6, (232, 19, 251, 0))
2018-04-05 09:58:25.763330;(14, (203, 39, 242, 2))
2018-04-05 09:58:25.765983;(7, (201, 63, 264, 3))
2018-04-05 09:58:25.842038;(17, (168, 71, 239, 6))
2018-04-05 09:58:25.874502;(5, (225, 0, 225, 0))
2018-04-05 09:58:25.933297;(16, (177, 75, 252, 5))
2018-04-05 09:58:26.021293;(20, (202, 54, 256, 3))
2018-04-05 09:58:26.043235;(12, (206, 64, 270, 2))
2018-04-05 09:58:53.462618;(1, (0, 0, 0, 0))
2018-04-05 09:58:54.407067;(21, (231, 0, 231, 0))
2018-04-05 09:58:54.924089;(11, (223, 64, 287, 1))
2018-04-05 09:58:55.094415;(23, (0, 0, 0, 0))
2018-04-05 09:58:55.210832;(9, (234, 10, 244, 0))
2018-04-05 09:58:55.255886;(10, (236, 42, 278, 0))
2018-04-05 09:58:55.268481;(18, (221, 36, 257, 1))
2018-04-05 09:58:55.323168;(4, (234, 8, 242, 0))
2018-04-05 09:58:55.463166;(3, (202, 49, 251, 3))
2018-04-05 09:58:55.487563;(19, (211, 57, 268, 2))
2018-04-05 09:58:55.589298;(15, (172, 40, 213, 6))
2018-04-05 09:58:55.622682;(13, (237, 11, 248, 0))
2018-04-05 09:58:55.745341;(6, (239, 19, 258, 0))
2018-04-05 09:58:55.774941;(14, (210, 39, 249, 2))
2018-04-05 09:58:55.777973;(7, (208, 63, 271, 3))
2018-04-05 09:58:55.880026;(5, (232, 0, 232, 0))
2018-04-05 09:58:55.939510;(16, (184, 76, 260, 5))
2018-04-05 09:58:56.030607;(20, (210, 54, 264, 3))
2018-04-05 09:58:56.053439;(12, (213, 64, 277, 2))
2018-04-05 09:58:56.374792;(8, (197, 68, 265, 4))
2018-04-05 09:58:56.681329;(22, (209, 33, 242, 3))
2018-04-05 09:58:56.853755;(17, (176, 71, 247, 6))
2018-04-05 09:59:23.475355;(1, (0, 0, 0, 0))
2018-04-05 09:59:25.268040;(10, (243, 42, 285, 0))
2018-04-05 09:59:25.415007;(21, (239, 0, 239, 0))
2018-04-05 09:59:25.470540;(3, (209, 49, 258, 3))
2018-04-05 09:59:25.594982;(15, (172, 43, 216, 7))
2018-04-05 09:59:25.631857;(13, (244, 11, 255, 0))
2018-04-05 09:59:25.764311;(6, (247, 19, 266, 0))
2018-04-05 09:59:25.793490;(7, (216, 63, 279, 3))
2018-04-05 09:59:25.793771;(14, (218, 39, 257, 2))
2018-04-05 09:59:25.886906;(5, (240, 0, 240, 0))
2018-04-05 09:59:25.933967;(11, (231, 64, 295, 1))
2018-04-05 09:59:26.109594;(23, (0, 0, 0, 0))
2018-04-05 09:59:26.221097;(9, (242, 10, 252, 0))
2018-04-05 09:59:26.275415;(18, (229, 37, 266, 1))
2018-04-05 09:59:26.334782;(4, (242, 8, 250, 0))
2018-04-05 09:59:26.383392;(8, (200, 70, 271, 4))
2018-04-05 09:59:26.497691;(19, (219, 57, 276, 2))
2018-04-05 09:59:26.688001;(22, (217, 33, 250, 3))
2018-04-05 09:59:26.863211;(17, (184, 71, 255, 6))
2018-04-05 09:59:26.947333;(16, (192, 77, 269, 5))
2018-04-05 09:59:27.040139;(20, (217, 54, 271, 3))
2018-04-05 09:59:27.063469;(12, (221, 64, 285, 2))
