2018-04-05 09:43:19.082113;(9, (36, 44, 0, 0, 0, 0, 0, 0, 0, 0))
2018-04-05 09:43:19.126342;(10, (88, 58, 2, 0, 0, 0, 0, 0, 0, 0))
2018-04-05 09:43:19.156882;(18, (76, 50, 0, 0, 0, 0, 0, 0, 0, 0))
2018-04-05 09:43:19.202324;(4, (45, 44, 6, 0, 0, 0, 0, 0, 0, 0))
2018-04-05 09:43:19.257382;(8, (84, 44, 0, 0, 0, 0, 0, 0, 0, 0))
2018-04-05 09:43:19.274282;(21, (46, 31, 0, 0, 0, 0, 0, 0, 0, 0))
2018-04-05 09:43:19.327195;(3, (86, 44, 2, 0, 0, 0, 0, 0, 0, 0))
2018-04-05 09:43:19.353264;(1, (198, 66, 34, 17, 0, 0, 0, 0, 0, 0))
2018-04-05 09:43:19.366523;(19, (39, 38, 0, 0, 0, 0, 0, 0, 0, 0))
2018-04-05 09:43:19.443278;(15, (97, 60, 0, 0, 0, 0, 0, 0, 0, 0))
2018-04-05 09:43:19.472586;(13, (74, 61, 6, 0, 0, 0, 0, 0, 0, 0))
2018-04-05 09:43:19.537816;(22, (69, 39, 0, 0, 0, 0, 0, 0, 0, 0))
2018-04-05 09:43:19.595573;(6, (54, 52, 0, 0, 0, 0, 0, 0, 0, 0))
2018-04-05 09:43:19.648067;(14, (79, 38, 0, 0, 0, 0, 0, 0, 0, 0))
2018-04-05 09:43:19.659940;(7, (79, 48, 0, 0, 0, 0, 0, 0, 0, 0))
2018-04-05 09:43:19.729914;(17, (27, 32, 0, 0, 0, 0, 0, 0, 0, 0))
2018-04-05 09:43:19.762172;(5, (71, 46, 10, 0, 0, 0, 0, 0, 0, 0))
2018-04-05 09:43:19.795720;(11, (55, 36, 0, 0, 0, 0, 0, 0, 0, 0))
2018-04-05 09:43:19.817731;(16, (56, 36, 0, 0, 0, 0, 0, 0, 0, 0))
2018-04-05 09:43:19.899518;(20, (85, 56, 0, 0, 0, 0, 0, 0, 0, 0))
2018-04-05 09:43:19.916100;(12, (52, 34, 0, 0, 0, 0, 0, 0, 0, 0))
2018-04-05 09:43:19.962064;(23, (66, 50, 0, 0, 0, 0, 0, 0, 0, 0))
2018-04-05 09:43:49.086111;(9, (71, 87, 0, 0, 0, 0, 0, 0, 0, 0))
2018-04-05 09:43:49.130305;(10, (161, 135, 32, 0, 0, 0, 0, 0, 0, 0))
2018-04-05 09:43:49.159106;(18, (116, 88, 10, 0, 0, 0, 0, 0, 0, 0))
2018-04-05 09:43:49.205129;(4, (94, 100, 22, 0, 0, 0, 0, 0, 0, 0))
2018-04-05 09:43:49.259953;(8, (136, 91, 0, 0, 0, 0, 0, 0, 0, 0))
2018-04-05 09:43:49.277880;(21, (75, 63, 0, 0, 0, 0, 0, 0, 0, 0))
2018-04-05 09:43:49.330080;(3, (171, 126, 34, 0, 0, 0, 0, 0, 0, 0))
2018-04-05 09:43:49.355111;(1, (507, 341, 298, 149, 0, 0, 0, 0, 0, 0))
2018-04-05 09:43:49.369763;(19, (73, 77, 0, 0, 0, 0, 0, 0, 0, 0))
2018-04-05 09:43:49.446447;(15, (248, 209, 95, 0, 0, 0, 0, 0, 0, 0))
2018-04-05 09:43:49.477136;(13, (143, 135, 38, 0, 0, 0, 0, 0, 0, 0))
2018-04-05 09:43:49.540391;(22, (145, 114, 36, 0, 0, 0, 0, 0, 0, 0))
2018-04-05 09:43:49.598556;(6, (91, 96, 0, 0, 0, 0, 0, 0, 0, 0))
2018-04-05 09:43:49.651156;(14, (149, 99, 23, 0, 0, 0, 0, 0, 0, 0))
2018-04-05 09:43:49.662562;(7, (149, 115, 21, 0, 0, 0, 0, 0, 0, 0))
2018-04-05 09:43:49.732376;(17, (57, 68, 0, 0, 0, 0, 0, 0, 0, 0))
2018-04-05 09:43:49.765077;(5, (122, 99, 26, 0, 0, 0, 0, 0, 0, 0))
2018-04-05 09:43:49.798445;(11, (91, 72, 0, 0, 0, 0, 0, 0, 0, 0))
2018-04-05 09:43:49.819933;(16, (90, 67, 0, 0, 0, 0, 0, 0, 0, 0))
2018-04-05 09:43:49.902963;(20, (192, 174, 53, 0, 0, 0, 0, 0, 0, 0))
2018-04-05 09:43:49.919917;(12, (89, 77, 0, 0, 0, 0, 0, 0, 0, 0))
2018-04-05 09:43:49.963889;(23, (101, 81, 18, 0, 0, 0, 0, 0, 0, 0))
2018-04-05 09:44:19.090101;(9, (102, 125, 0, 0, 0, 0, 0, 0, 0, 0))
2018-04-05 09:44:19.133527;(10, (266, 245, 87, 0, 0, 0, 0, 0, 0, 0))
2018-04-05 09:44:19.162662;(18, (173, 147, 26, 0, 0, 0, 0, 0, 0, 0))
2018-04-05 09:44:19.209069;(4, (143, 157, 37, 0, 0, 0, 0, 0, 0, 0))
2018-04-05 09:44:19.262715;(8, (179, 134, 2, 0, 0, 0, 0, 0, 0, 0))
2018-04-05 09:44:19.281352;(21, (109, 101, 0, 0, 0, 0, 0, 0, 0, 0))
2018-04-05 09:44:19.332679;(3, (278, 245, 86, 0, 0, 0, 0, 0, 0, 0))
2018-04-05 09:44:19.357421;(1, (825, 632, 578, 289, 0, 0, 0, 0, 0, 0))
2018-04-05 09:44:19.373782;(19, (107, 117, 0, 0, 0, 0, 0, 0, 0, 0))
2018-04-05 09:44:19.450201;(15, (410, 375, 203, 0, 0, 0, 0, 0, 0, 0))
2018-04-05 09:44:19.481893;(13, (208, 207, 68, 0, 0, 0, 0, 0, 0, 0))
2018-04-05 09:44:19.543112;(22, (247, 215, 88, 0, 0, 0, 0, 0, 0, 0))
2018-04-05 09:44:19.602197;(6, (124, 134, 0, 0, 0, 0, 0, 0, 0, 0))
2018-04-05 09:44:19.654632;(14, (230, 178, 51, 0, 0, 0, 0, 0, 0, 0))
2018-04-05 09:44:19.665765;(7, (215, 184, 37, 1, 0, 0, 0, 0, 0, 0))
2018-04-05 09:44:19.735995;(17, (88, 107, 0, 0, 0, 0, 0, 0, 0, 0))
2018-04-05 09:44:19.767478;(5, (170, 151, 40, 0, 0, 0, 0, 0, 0, 0))
2018-04-05 09:44:19.801248;(11, (125, 109, 0, 1, 0, 0, 0, 0, 0, 0))
2018-04-05 09:44:19.822343;(16, (124, 110, 0, 0, 0, 0, 0, 0, 0, 0))
2018-04-05 09:44:19.906424;(20, (263, 244, 69, 0, 0, 0, 0, 0, 0, 0))
2018-04-05 09:44:19.926561;(12, (132, 123, 4, 2, 0, 0, 0, 0, 0, 0))
2018-04-05 09:44:19.966919;(23, (147, 125, 48, 0, 0, 0, 0, 0, 0, 0))
2018-04-05 09:44:49.136490;(10, (489, 476, 233, 0, 0, 0, 0, 0, 0, 0))
2018-04-05 09:44:49.284273;(21, (158, 153, 6, 0, 0, 0, 0, 0, 0, 0))
2018-04-05 09:44:49.361170;(1, (1227, 968, 904, 452, 0, 0, 0, 0, 0, 0))
2018-04-05 09:44:49.804018;(11, (193, 174, 7, 1, 0, 0, 0, 0, 0, 0))
2018-04-05 09:44:49.970556;(23, (206, 175, 78, 0, 0, 0, 0, 0, 0, 0))
2018-04-05 09:44:50.094148;(9, (138, 170, 0, 0, 0, 0, 0, 0, 0, 0))
2018-04-05 09:44:50.165101;(18, (245, 213, 40, 0, 0, 0, 0, 0, 0, 0))
2018-04-05 09:44:50.213777;(4, (198, 218, 53, 0, 0, 0, 0, 0, 0, 0))
2018-04-05 09:44:50.266831;(8, (248, 202, 5, 0, 0, 0, 0, 0, 0, 0))
2018-04-05 09:44:50.335485;(3, (422, 382, 148, 0, 0, 0, 0, 0, 0, 0))
2018-04-05 09:44:50.377501;(19, (158, 174, 2, 0, 0, 0, 0, 0, 0, 0))
2018-04-05 09:44:50.453175;(15, (549, 514, 279, 0, 0, 0, 0, 0, 0, 0))
2018-04-05 09:44:50.485425;(13, (274, 281, 98, 0, 0, 0, 0, 0, 0, 0))
2018-04-05 09:44:50.547324;(22, (399, 364, 159, 0, 0, 0, 0, 0, 0, 0))
2018-04-05 09:44:50.606467;(6, (166, 188, 0, 0, 0, 0, 0, 0, 0, 0))
2018-04-05 09:44:50.658943;(14, (350, 283, 97, 0, 0, 0, 0, 0, 0, 0))
2018-04-05 09:44:50.669263;(7, (323, 284, 69, 1, 0, 0, 0, 0, 0, 0))
2018-04-05 09:44:50.739655;(17, (126, 156, 0, 1, 0, 0, 0, 0, 0, 0))
2018-04-05 09:44:50.771933;(5, (232, 211, 53, 0, 0, 0, 0, 0, 0, 0))
2018-04-05 09:44:50.826010;(16, (183, 175, 4, 0, 0, 0, 0, 0, 0, 0))
2018-04-05 09:44:50.913316;(20, (332, 306, 83, 0, 0, 0, 0, 0, 0, 0))
2018-04-05 09:44:50.930165;(12, (189, 182, 5, 2, 0, 0, 0, 0, 0, 0))
2018-04-05 09:45:19.363523;(1, (1576, 1270, 1196, 598, 0, 0, 0, 0, 0, 0))
2018-04-05 09:45:20.098985;(9, (173, 219, 0, 0, 0, 0, 0, 0, 0, 0))
2018-04-05 09:45:20.139963;(10, (770, 764, 431, 0, 0, 0, 0, 0, 0, 0))
2018-04-05 09:45:20.167632;(18, (293, 262, 40, 0, 0, 0, 0, 0, 0, 0))
2018-04-05 09:45:20.219080;(4, (253, 274, 68, 0, 0, 0, 0, 0, 0, 0))
2018-04-05 09:45:20.269196;(8, (291, 246, 7, 0, 0, 0, 0, 0, 0, 0))
2018-04-05 09:45:20.286820;(21, (247, 242, 54, 0, 0, 0, 0, 0, 0, 0))
2018-04-05 09:45:20.337986;(3, (547, 512, 209, 0, 0, 0, 0, 0, 0, 0))
2018-04-05 09:45:20.382258;(19, (217, 235, 15, 0, 0, 0, 0, 0, 0, 0))
2018-04-05 09:45:20.455786;(15, (627, 594, 306, 0, 0, 0, 0, 0, 0, 0))
2018-04-05 09:45:20.489414;(13, (341, 363, 128, 0, 0, 0, 0, 0, 0, 0))
2018-04-05 09:45:20.551324;(22, (538, 497, 230, 0, 0, 0, 0, 0, 0, 0))
2018-04-05 09:45:20.609339;(6, (201, 234, 0, 0, 0, 0, 0, 0, 0, 0))
2018-04-05 09:45:20.661535;(14, (460, 390, 149, 0, 0, 0, 0, 0, 0, 0))
2018-04-05 09:45:20.671727;(7, (395, 352, 91, 1, 0, 0, 0, 0, 0, 0))
2018-04-05 09:45:20.743196;(17, (160, 201, 0, 1, 0, 0, 0, 0, 0, 0))
2018-04-05 09:45:20.774949;(5, (277, 250, 54, 0, 0, 0, 0, 0, 0, 0))
2018-04-05 09:45:20.806898;(11, (246, 237, 13, 1, 0, 0, 0, 0, 0, 0))
2018-04-05 09:45:20.832283;(16, (209, 203, 5, 0, 0, 0, 0, 0, 0, 0))
2018-04-05 09:45:20.915736;(20, (376, 352, 84, 0, 0, 0, 0, 0, 0, 0))
2018-04-05 09:45:20.934590;(12, (231, 224, 5, 2, 0, 0, 0, 0, 0, 0))
2018-04-05 09:45:20.974040;(23, (238, 198, 88, 0, 0, 0, 0, 0, 0, 0))
2018-04-05 09:45:49.365382;(1, (1928, 1582, 1498, 749, 0, 0, 0, 0, 0, 0))
2018-04-05 09:45:50.101743;(9, (205, 258, 0, 0, 0, 0, 0, 0, 0, 0))
2018-04-05 09:45:50.143215;(10, (1025, 1025, 616, 0, 0, 0, 0, 0, 0, 0))
2018-04-05 09:45:50.170998;(18, (341, 313, 42, 0, 0, 0, 0, 0, 0, 0))
2018-04-05 09:45:50.222483;(4, (304, 330, 82, 0, 0, 0, 0, 0, 0, 0))
2018-04-05 09:45:50.272712;(8, (364, 324, 34, 0, 0, 0, 0, 0, 0, 0))
2018-04-05 09:45:50.290058;(21, (330, 329, 98, 0, 0, 0, 0, 0, 0, 0))
2018-04-05 09:45:50.341313;(3, (665, 624, 259, 0, 0, 0, 0, 0, 0, 0))
2018-04-05 09:45:50.385744;(19, (253, 279, 16, 0, 0, 0, 0, 0, 0, 0))
2018-04-05 09:45:50.458523;(15, (705, 678, 327, 0, 0, 0, 0, 0, 0, 0))
2018-04-05 09:45:50.494667;(13, (407, 437, 158, 0, 0, 0, 0, 0, 0, 0))
2018-04-05 09:45:50.555477;(22, (707, 659, 325, 0, 0, 0, 0, 0, 0, 0))
2018-04-05 09:45:50.613298;(6, (239, 280, 0, 0, 0, 0, 0, 0, 0, 0))
2018-04-05 09:45:50.664026;(14, (611, 535, 230, 0, 0, 0, 0, 0, 0, 0))
2018-04-05 09:45:50.674787;(7, (471, 427, 112, 1, 0, 0, 0, 0, 0, 0))
2018-04-05 09:45:50.746660;(17, (206, 253, 5, 1, 0, 0, 0, 0, 0, 0))
2018-04-05 09:45:50.777925;(5, (322, 293, 55, 0, 0, 0, 0, 0, 0, 0))
2018-04-05 09:45:50.810148;(11, (298, 302, 24, 1, 0, 0, 0, 0, 0, 0))
2018-04-05 09:45:50.838492;(16, (246, 245, 6, 0, 0, 0, 0, 0, 0, 0))
2018-04-05 09:45:50.918501;(20, (427, 403, 84, 0, 0, 0, 0, 0, 0, 0))
2018-04-05 09:45:50.938534;(12, (273, 270, 7, 2, 0, 0, 0, 0, 0, 0))
2018-04-05 09:45:50.977784;(23, (275, 228, 102, 0, 0, 0, 0, 0, 0, 0))
2018-04-05 09:46:19.367309;(1, (2330, 1920, 1826, 913, 0, 0, 0, 0, 0, 0))
2018-04-05 09:46:20.106282;(9, (239, 301, 0, 0, 0, 0, 0, 0, 0, 0))
2018-04-05 09:46:20.147430;(10, (1298, 1325, 815, 0, 0, 0, 0, 0, 0, 0))
2018-04-05 09:46:20.173905;(18, (387, 363, 42, 0, 0, 0, 0, 0, 0, 0))
2018-04-05 09:46:20.224926;(4, (354, 385, 98, 0, 0, 0, 0, 0, 0, 0))
2018-04-05 09:46:20.275861;(8, (425, 383, 39, 0, 0, 0, 0, 0, 0, 0))
2018-04-05 09:46:20.293316;(21, (396, 405, 125, 0, 0, 0, 0, 0, 0, 0))
2018-04-05 09:46:20.343814;(3, (805, 766, 331, 0, 0, 0, 0, 0, 0, 0))
2018-04-05 09:46:20.389475;(19, (299, 332, 16, 0, 0, 0, 0, 0, 0, 0))
2018-04-05 09:46:20.461374;(15, (842, 800, 391, 0, 0, 0, 0, 0, 0, 0))
2018-04-05 09:46:20.497240;(13, (471, 511, 188, 0, 0, 0, 0, 0, 0, 0))
2018-04-05 09:46:20.559332;(22, (900, 843, 447, 0, 0, 0, 0, 0, 0, 0))
2018-04-05 09:46:20.617405;(6, (277, 324, 0, 0, 0, 0, 0, 0, 0, 0))
2018-04-05 09:46:20.666856;(14, (754, 668, 304, 0, 0, 0, 0, 0, 0, 0))
2018-04-05 09:46:20.678846;(7, (549, 494, 123, 1, 0, 0, 0, 0, 0, 0))
2018-04-05 09:46:20.749625;(17, (231, 288, 5, 1, 0, 0, 0, 0, 0, 0))
2018-04-05 09:46:20.781599;(5, (388, 357, 75, 0, 0, 0, 0, 0, 0, 0))
2018-04-05 09:46:20.814151;(11, (352, 358, 26, 1, 0, 0, 0, 0, 0, 0))
2018-04-05 09:46:20.842204;(16, (291, 298, 6, 0, 0, 0, 0, 0, 0, 0))
2018-04-05 09:46:20.921772;(20, (478, 456, 84, 0, 0, 0, 0, 0, 0, 0))
2018-04-05 09:46:20.943204;(12, (343, 348, 26, 2, 0, 0, 0, 0, 0, 0))
2018-04-05 09:46:20.981258;(23, (319, 264, 124, 0, 0, 0, 0, 0, 0, 0))
2018-04-05 09:46:50.110631;(9, (274, 342, 0, 0, 0, 0, 0, 0, 0, 0))
2018-04-05 09:46:50.150484;(10, (1538, 1569, 1001, 0, 0, 0, 0, 0, 0, 0))
2018-04-05 09:46:50.227306;(4, (409, 446, 112, 0, 0, 0, 0, 0, 0, 0))
2018-04-05 09:46:50.282214;(8, (479, 438, 42, 0, 0, 0, 0, 0, 0, 0))
2018-04-05 09:46:50.297413;(21, (435, 447, 127, 0, 0, 0, 0, 0, 0, 0))
2018-04-05 09:46:50.347667;(3, (936, 905, 412, 0, 0, 0, 0, 0, 0, 0))
2018-04-05 09:46:50.370267;(1, (2677, 2242, 2138, 1069, 0, 0, 0, 0, 0, 0))
2018-04-05 09:46:50.393623;(19, (340, 378, 19, 0, 0, 0, 0, 0, 0, 0))
2018-04-05 09:46:50.464041;(15, (902, 862, 409, 0, 0, 0, 0, 0, 0, 0))
2018-04-05 09:46:50.499984;(13, (541, 593, 218, 0, 0, 0, 0, 0, 0, 0))
2018-04-05 09:46:50.621786;(6, (310, 362, 0, 0, 0, 0, 0, 0, 0, 0))
2018-04-05 09:46:50.670812;(14, (879, 797, 373, 0, 0, 0, 0, 0, 0, 0))
2018-04-05 09:46:50.683179;(7, (619, 563, 148, 1, 0, 0, 0, 0, 0, 0))
2018-04-05 09:46:50.784317;(5, (481, 451, 126, 0, 0, 0, 0, 0, 0, 0))
2018-04-05 09:46:50.817598;(11, (392, 400, 26, 1, 0, 0, 0, 0, 0, 0))
2018-04-05 09:46:50.846137;(16, (332, 345, 6, 0, 0, 0, 0, 0, 0, 0))
2018-04-05 09:46:50.925492;(20, (518, 495, 85, 1, 0, 0, 0, 0, 0, 0))
2018-04-05 09:46:50.946780;(12, (398, 412, 43, 2, 0, 0, 0, 0, 0, 0))
2018-04-05 09:46:50.985287;(23, (350, 292, 141, 0, 0, 0, 0, 0, 0, 0))
2018-04-05 09:46:51.564146;(22, (1040, 988, 532, 0, 0, 0, 0, 0, 0, 0))
2018-04-05 09:46:51.753738;(17, (281, 349, 5, 1, 0, 0, 0, 0, 0, 0))
2018-04-05 09:47:20.154395;(10, (1779, 1819, 1176, 0, 0, 0, 0, 0, 0, 0))
2018-04-05 09:47:20.300997;(21, (509, 525, 161, 0, 0, 0, 0, 0, 0, 0))
2018-04-05 09:47:20.371955;(1, (3040, 2562, 2448, 1224, 0, 0, 0, 0, 0, 0))
2018-04-05 09:47:20.821228;(11, (454, 468, 37, 1, 0, 0, 0, 0, 0, 0))
2018-04-05 09:47:20.989143;(23, (404, 341, 177, 0, 0, 0, 0, 0, 0, 0))
2018-04-05 09:47:21.179737;(18, (474, 455, 43, 0, 0, 0, 0, 0, 0, 0))
2018-04-05 09:47:21.231656;(4, (464, 502, 128, 0, 0, 0, 0, 0, 0, 0))
2018-04-05 09:47:21.285533;(8, (542, 495, 52, 0, 0, 0, 0, 0, 0, 0))
2018-04-05 09:47:21.351192;(3, (1152, 1111, 543, 0, 0, 0, 0, 0, 0, 0))
2018-04-05 09:47:21.396240;(19, (378, 428, 19, 0, 0, 0, 0, 0, 0, 0))
2018-04-05 09:47:21.502993;(13, (607, 672, 248, 0, 0, 0, 0, 0, 0, 0))
2018-04-05 09:47:21.569372;(22, (1280, 1226, 698, 0, 0, 0, 0, 0, 0, 0))
2018-04-05 09:47:21.625809;(6, (351, 408, 0, 0, 0, 0, 0, 0, 0, 0))
2018-04-05 09:47:21.674479;(14, (1028, 941, 450, 0, 0, 0, 0, 0, 0, 0))
2018-04-05 09:47:21.686725;(7, (708, 655, 176, 1, 0, 0, 0, 0, 0, 0))
2018-04-05 09:47:21.757507;(17, (319, 398, 6, 2, 0, 0, 0, 0, 0, 0))
2018-04-05 09:47:21.787113;(5, (532, 504, 137, 0, 0, 0, 0, 0, 0, 0))
2018-04-05 09:47:21.850118;(16, (376, 403, 6, 0, 0, 0, 0, 0, 0, 0))
2018-04-05 09:47:21.928252;(20, (569, 552, 85, 1, 0, 0, 0, 0, 0, 0))
2018-04-05 09:47:21.950416;(12, (453, 466, 47, 2, 0, 0, 0, 0, 0, 0))
2018-04-05 09:47:50.303399;(21, (583, 606, 201, 0, 0, 0, 0, 0, 0, 0))
2018-04-05 09:47:50.376308;(1, (3345, 2844, 2720, 1360, 0, 0, 0, 0, 0, 0))
2018-04-05 09:47:50.823971;(11, (505, 516, 41, 1, 0, 0, 0, 0, 0, 0))
2018-04-05 09:47:51.117888;(9, (334, 420, 0, 0, 0, 0, 0, 0, 0, 0))
2018-04-05 09:47:51.161404;(10, (1952, 1993, 1292, 0, 0, 0, 0, 0, 0, 0))
2018-04-05 09:47:51.182810;(18, (546, 526, 64, 0, 0, 0, 0, 0, 0, 0))
2018-04-05 09:47:51.237308;(4, (511, 557, 142, 0, 0, 0, 0, 0, 0, 0))
2018-04-05 09:47:51.287561;(8, (614, 554, 70, 5, 0, 0, 0, 0, 0, 0))
2018-04-05 09:47:51.353646;(3, (1348, 1317, 654, 1, 0, 0, 0, 0, 0, 0))
2018-04-05 09:47:51.399188;(19, (421, 482, 20, 0, 0, 0, 0, 0, 0, 0))
2018-04-05 09:47:51.472860;(15, (1074, 1033, 494, 0, 0, 0, 0, 0, 0, 0))
2018-04-05 09:47:51.506549;(13, (673, 746, 279, 0, 0, 0, 0, 0, 0, 0))
2018-04-05 09:47:51.572388;(22, (1428, 1365, 777, 1, 0, 0, 0, 0, 0, 0))
2018-04-05 09:47:51.629420;(6, (384, 447, 0, 0, 0, 0, 0, 0, 0, 0))
2018-04-05 09:47:51.677651;(14, (1127, 1029, 495, 4, 0, 0, 0, 0, 0, 0))
2018-04-05 09:47:51.690158;(7, (807, 741, 200, 2, 0, 0, 0, 0, 0, 0))
2018-04-05 09:47:51.759928;(17, (348, 439, 9, 2, 0, 0, 0, 0, 0, 0))
2018-04-05 09:47:51.790335;(5, (575, 551, 144, 0, 0, 0, 0, 0, 0, 0))
2018-04-05 09:47:51.852707;(16, (423, 460, 8, 0, 0, 0, 0, 0, 0, 0))
2018-04-05 09:47:51.932006;(20, (620, 602, 89, 1, 0, 0, 0, 0, 0, 0))
2018-04-05 09:47:51.953662;(12, (513, 526, 61, 2, 0, 0, 0, 0, 0, 0))
2018-04-05 09:47:51.992377;(23, (475, 409, 227, 0, 0, 0, 0, 0, 0, 0))
2018-04-05 09:48:20.381938;(1, (3721, 3186, 3052, 1526, 0, 0, 0, 0, 0, 0))
2018-04-05 09:48:21.122760;(9, (367, 464, 0, 0, 0, 0, 0, 0, 0, 0))
2018-04-05 09:48:21.164152;(10, (2127, 2178, 1420, 0, 0, 0, 0, 0, 0, 0))
2018-04-05 09:48:21.185925;(18, (661, 657, 120, 0, 0, 0, 0, 0, 0, 0))
2018-04-05 09:48:21.239633;(4, (560, 610, 158, 0, 0, 0, 0, 0, 0, 0))
2018-04-05 09:48:21.290799;(8, (676, 621, 70, 5, 0, 0, 0, 0, 0, 0))
2018-04-05 09:48:21.308028;(21, (660, 690, 242, 0, 0, 0, 0, 0, 0, 0))
2018-04-05 09:48:21.356943;(3, (1455, 1419, 715, 1, 0, 0, 0, 0, 0, 0))
2018-04-05 09:48:21.403139;(19, (457, 525, 20, 0, 0, 0, 0, 0, 0, 0))
2018-04-05 09:48:21.475774;(15, (1223, 1186, 590, 0, 0, 0, 0, 0, 0, 0))
2018-04-05 09:48:21.509843;(13, (736, 817, 309, 0, 0, 0, 0, 0, 0, 0))
2018-04-05 09:48:21.575870;(22, (1604, 1539, 897, 1, 0, 0, 0, 0, 0, 0))
2018-04-05 09:48:21.633381;(6, (419, 490, 0, 0, 0, 0, 0, 0, 0, 0))
2018-04-05 09:48:21.680336;(14, (1259, 1172, 560, 4, 0, 0, 0, 0, 0, 0))
2018-04-05 09:48:21.693594;(7, (870, 798, 208, 2, 0, 0, 0, 0, 0, 0))
2018-04-05 09:48:21.762114;(17, (366, 464, 9, 2, 0, 0, 0, 0, 0, 0))
2018-04-05 09:48:21.793670;(5, (614, 596, 147, 0, 0, 0, 0, 0, 0, 0))
2018-04-05 09:48:21.827395;(11, (570, 579, 44, 1, 0, 0, 0, 0, 0, 0))
2018-04-05 09:48:21.857035;(16, (486, 528, 21, 0, 0, 0, 0, 0, 0, 0))
2018-04-05 09:48:21.935773;(20, (675, 662, 89, 1, 0, 0, 0, 0, 0, 0))
2018-04-05 09:48:21.956293;(12, (578, 594, 72, 2, 0, 0, 0, 0, 0, 0))
2018-04-05 09:48:21.995603;(23, (601, 521, 317, 0, 0, 0, 0, 0, 0, 0))
2018-04-05 09:48:50.383703;(1, (4075, 3514, 3370, 1685, 0, 0, 0, 0, 0, 0))
2018-04-05 09:48:51.126011;(9, (396, 502, 0, 0, 0, 0, 0, 0, 0, 0))
2018-04-05 09:48:51.166719;(10, (2296, 2356, 1533, 0, 0, 0, 0, 0, 0, 0))
2018-04-05 09:48:51.190031;(18, (760, 753, 174, 0, 0, 0, 0, 0, 0, 0))
2018-04-05 09:48:51.244644;(4, (609, 665, 172, 0, 0, 0, 0, 0, 0, 0))
2018-04-05 09:48:51.293680;(8, (727, 669, 70, 5, 0, 0, 0, 0, 0, 0))
2018-04-05 09:48:51.310799;(21, (741, 775, 289, 0, 0, 0, 0, 0, 0, 0))
2018-04-05 09:48:51.360917;(3, (1587, 1540, 780, 1, 0, 0, 0, 0, 0, 0))
2018-04-05 09:48:51.405622;(19, (495, 571, 20, 0, 0, 0, 0, 0, 0, 0))
2018-04-05 09:48:51.481696;(15, (1356, 1316, 673, 0, 0, 0, 0, 0, 0, 0))
2018-04-05 09:48:51.513527;(13, (803, 893, 342, 0, 0, 0, 0, 0, 0, 0))
2018-04-05 09:48:51.579340;(22, (1771, 1700, 990, 1, 0, 0, 0, 0, 0, 0))
2018-04-05 09:48:51.636039;(6, (453, 528, 0, 0, 0, 0, 0, 0, 0, 0))
2018-04-05 09:48:51.683714;(14, (1337, 1248, 577, 6, 0, 0, 0, 0, 0, 0))
2018-04-05 09:48:51.695962;(7, (955, 877, 238, 2, 0, 0, 0, 0, 0, 0))
2018-04-05 09:48:51.764746;(17, (404, 514, 9, 2, 0, 0, 0, 0, 0, 0))
2018-04-05 09:48:51.796140;(5, (648, 634, 147, 0, 0, 0, 0, 0, 0, 0))
2018-04-05 09:48:51.831043;(11, (636, 645, 59, 1, 0, 0, 0, 0, 0, 0))
2018-04-05 09:48:51.861503;(16, (542, 587, 33, 0, 0, 0, 0, 0, 0, 0))
2018-04-05 09:48:51.941451;(20, (728, 719, 90, 1, 0, 0, 0, 0, 0, 0))
2018-04-05 09:48:51.959072;(12, (626, 654, 76, 2, 0, 0, 0, 0, 0, 0))
2018-04-05 09:48:51.999348;(23, (698, 616, 399, 0, 0, 0, 0, 0, 0, 0))
2018-04-05 09:49:20.389129;(1, (4400, 3824, 3670, 1835, 0, 0, 0, 0, 0, 0))
2018-04-05 09:49:21.129619;(9, (428, 542, 0, 0, 0, 0, 0, 0, 0, 0))
2018-04-05 09:49:21.170370;(10, (2473, 2539, 1669, 0, 0, 0, 0, 0, 0, 0))
2018-04-05 09:49:21.193675;(18, (846, 839, 206, 0, 0, 0, 0, 0, 0, 0))
2018-04-05 09:49:21.314340;(21, (820, 861, 333, 0, 0, 0, 0, 0, 0, 0))
2018-04-05 09:49:21.365408;(3, (1685, 1638, 836, 1, 0, 0, 0, 0, 0, 0))
2018-04-05 09:49:21.408239;(19, (530, 613, 20, 0, 0, 0, 0, 0, 0, 0))
2018-04-05 09:49:21.485211;(15, (1464, 1426, 738, 0, 0, 0, 0, 0, 0, 0))
2018-04-05 09:49:21.518598;(13, (864, 961, 372, 0, 0, 0, 0, 0, 0, 0))
2018-04-05 09:49:21.639797;(6, (489, 570, 0, 0, 0, 0, 0, 0, 0, 0))
2018-04-05 09:49:21.686994;(14, (1428, 1332, 614, 6, 0, 0, 0, 0, 0, 0))
2018-04-05 09:49:21.698950;(7, (1016, 935, 253, 2, 0, 0, 0, 0, 0, 0))
2018-04-05 09:49:21.799049;(5, (683, 676, 147, 0, 0, 0, 0, 0, 0, 0))
2018-04-05 09:49:21.834852;(11, (697, 717, 71, 2, 0, 0, 0, 0, 0, 0))
2018-04-05 09:49:21.865681;(16, (599, 643, 38, 0, 0, 0, 0, 0, 0, 0))
2018-04-05 09:49:21.946102;(20, (766, 763, 90, 1, 0, 0, 0, 0, 0, 0))
2018-04-05 09:49:21.964735;(12, (682, 710, 85, 2, 0, 0, 0, 0, 0, 0))
2018-04-05 09:49:22.002805;(23, (780, 697, 464, 0, 0, 0, 0, 0, 0, 0))
2018-04-05 09:49:22.296280;(8, (783, 722, 72, 6, 0, 0, 0, 0, 0, 0))
2018-04-05 09:49:22.583485;(22, (1942, 1874, 1114, 1, 0, 0, 0, 0, 0, 0))
2018-04-05 09:49:22.767340;(17, (435, 552, 9, 2, 0, 0, 0, 0, 0, 0))
2018-04-05 09:49:50.393971;(1, (4753, 4138, 3972, 1986, 0, 0, 0, 0, 0, 0))
2018-04-05 09:49:51.173581;(10, (2656, 2723, 1788, 0, 0, 0, 0, 0, 0, 0))
2018-04-05 09:49:51.317392;(21, (914, 959, 388, 0, 0, 0, 0, 0, 0, 0))
2018-04-05 09:49:51.489398;(15, (1560, 1521, 776, 0, 0, 0, 0, 0, 0, 0))
2018-04-05 09:49:51.839117;(11, (767, 780, 81, 3, 0, 0, 0, 0, 0, 0))
2018-04-05 09:49:52.006365;(23, (898, 814, 548, 0, 0, 0, 0, 0, 0, 0))
2018-04-05 09:49:52.133624;(9, (458, 579, 0, 0, 0, 0, 0, 0, 0, 0))
2018-04-05 09:49:52.197505;(18, (952, 940, 249, 0, 0, 0, 0, 0, 0, 0))
2018-04-05 09:49:52.250419;(4, (703, 773, 204, 0, 0, 0, 0, 0, 0, 0))
2018-04-05 09:49:52.298652;(8, (843, 780, 75, 7, 0, 0, 0, 0, 0, 0))
2018-04-05 09:49:52.368057;(3, (1848, 1785, 909, 1, 0, 0, 0, 0, 0, 0))
2018-04-05 09:49:52.413094;(19, (571, 658, 20, 0, 0, 0, 0, 0, 0, 0))
2018-04-05 09:49:52.523591;(13, (933, 1035, 402, 0, 0, 0, 0, 0, 0, 0))
2018-04-05 09:49:52.587563;(22, (2104, 2026, 1209, 3, 0, 0, 0, 0, 0, 0))
2018-04-05 09:49:52.646408;(6, (524, 610, 0, 0, 0, 0, 0, 0, 0, 0))
2018-04-05 09:49:52.689863;(14, (1512, 1421, 638, 6, 0, 0, 0, 0, 0, 0))
2018-04-05 09:49:52.702634;(7, (1082, 1002, 264, 2, 0, 0, 0, 0, 0, 0))
2018-04-05 09:49:52.769896;(17, (462, 585, 9, 3, 0, 0, 0, 0, 0, 0))
2018-04-05 09:49:52.802393;(5, (720, 715, 147, 0, 0, 0, 0, 0, 0, 0))
2018-04-05 09:49:52.869167;(16, (658, 706, 46, 0, 0, 0, 0, 0, 0, 0))
2018-04-05 09:49:52.950589;(20, (831, 821, 94, 1, 0, 0, 0, 0, 0, 0))
2018-04-05 09:49:52.967239;(12, (738, 770, 89, 2, 0, 0, 0, 0, 0, 0))
2018-04-05 09:50:20.398285;(1, (5040, 4380, 4204, 2102, 0, 0, 0, 0, 0, 0))
2018-04-05 09:50:21.176122;(10, (2810, 2884, 1884, 1, 0, 0, 0, 0, 0, 0))
2018-04-05 09:50:21.320145;(21, (997, 1048, 434, 0, 0, 0, 0, 0, 0, 0))
2018-04-05 09:50:21.842604;(11, (824, 839, 87, 6, 0, 0, 0, 0, 0, 0))
2018-04-05 09:50:22.009894;(23, (1054, 968, 652, 0, 0, 0, 0, 0, 0, 0))
2018-04-05 09:50:22.137197;(9, (490, 624, 0, 0, 0, 0, 0, 0, 0, 0))
2018-04-05 09:50:22.199689;(18, (1019, 1002, 264, 0, 0, 0, 0, 0, 0, 0))
2018-04-05 09:50:22.254379;(4, (753, 828, 218, 0, 0, 0, 0, 0, 0, 0))
2018-04-05 09:50:22.305984;(8, (909, 838, 92, 10, 0, 0, 0, 0, 0, 0))
2018-04-05 09:50:22.372210;(3, (2036, 1967, 1004, 2, 0, 0, 0, 0, 0, 0))
2018-04-05 09:50:22.418117;(19, (617, 716, 22, 0, 0, 0, 0, 0, 0, 0))
2018-04-05 09:50:22.495246;(15, (1618, 1576, 780, 0, 0, 0, 0, 0, 0, 0))
2018-04-05 09:50:22.527947;(13, (999, 1108, 432, 0, 0, 0, 0, 0, 0, 0))
2018-04-05 09:50:22.591372;(22, (2285, 2195, 1305, 4, 0, 0, 0, 0, 0, 0))
2018-04-05 09:50:22.649475;(6, (565, 653, 0, 0, 0, 0, 0, 0, 0, 0))
2018-04-05 09:50:22.691811;(14, (1576, 1477, 651, 7, 0, 0, 0, 0, 0, 0))
2018-04-05 09:50:22.706410;(7, (1183, 1098, 293, 4, 0, 0, 0, 0, 0, 0))
2018-04-05 09:50:22.774525;(17, (510, 650, 9, 5, 0, 0, 0, 0, 0, 0))
2018-04-05 09:50:22.806526;(5, (760, 757, 147, 0, 0, 0, 0, 0, 0, 0))
2018-04-05 09:50:22.871304;(16, (711, 754, 53, 0, 0, 0, 0, 0, 0, 0))
2018-04-05 09:50:22.954577;(20, (879, 858, 97, 2, 0, 0, 0, 0, 0, 0))
2018-04-05 09:50:22.970476;(12, (784, 815, 96, 3, 0, 0, 0, 0, 0, 0))
2018-04-05 09:50:51.400578;(1, (5365, 4658, 4472, 2236, 0, 0, 0, 0, 0, 0))
2018-04-05 09:50:52.139930;(9, (522, 665, 0, 0, 0, 0, 0, 0, 0, 0))
2018-04-05 09:50:52.178790;(10, (2896, 2969, 1910, 1, 0, 0, 0, 0, 0, 0))
2018-04-05 09:50:52.202509;(18, (1114, 1099, 296, 1, 0, 0, 0, 0, 0, 0))
2018-04-05 09:50:52.258419;(4, (799, 880, 234, 0, 0, 0, 0, 0, 0, 0))
2018-04-05 09:50:52.308333;(8, (963, 883, 98, 10, 0, 0, 0, 0, 0, 0))
2018-04-05 09:50:52.323092;(21, (1078, 1132, 480, 0, 0, 0, 0, 0, 0, 0))
2018-04-05 09:50:52.375423;(3, (2181, 2093, 1058, 3, 0, 0, 0, 0, 0, 0))
2018-04-05 09:50:52.421867;(19, (653, 753, 23, 0, 0, 0, 0, 0, 0, 0))
2018-04-05 09:50:52.498908;(15, (1767, 1732, 862, 0, 0, 0, 0, 0, 0, 0))
2018-04-05 09:50:52.531472;(13, (1061, 1176, 462, 0, 0, 0, 0, 0, 0, 0))
2018-04-05 09:50:52.595057;(22, (2449, 2366, 1385, 4, 0, 0, 0, 0, 0, 0))
2018-04-05 09:50:52.652405;(6, (607, 695, 0, 0, 0, 0, 0, 0, 0, 0))
2018-04-05 09:50:52.694500;(14, (1644, 1543, 661, 9, 0, 0, 0, 0, 0, 0))
2018-04-05 09:50:52.709473;(7, (1279, 1187, 319, 6, 0, 0, 0, 0, 0, 0))
2018-04-05 09:50:52.776920;(17, (550, 703, 11, 6, 0, 0, 0, 0, 0, 0))
2018-04-05 09:50:52.810492;(5, (798, 799, 147, 0, 0, 0, 0, 0, 0, 0))
2018-04-05 09:50:52.846692;(11, (902, 923, 97, 6, 0, 0, 0, 0, 0, 0))
2018-04-05 09:50:52.874113;(16, (737, 780, 53, 2, 0, 0, 0, 0, 0, 0))
2018-04-05 09:50:52.957577;(20, (932, 906, 100, 2, 0, 0, 0, 0, 0, 0))
2018-04-05 09:50:52.974928;(12, (840, 873, 104, 6, 0, 0, 0, 0, 0, 0))
2018-04-05 09:50:53.013746;(23, (1300, 1202, 831, 0, 0, 0, 0, 0, 0, 0))
2018-04-05 09:51:21.403178;(1, (5664, 4918, 4722, 2361, 0, 0, 0, 0, 0, 0))
2018-04-05 09:51:22.144358;(9, (551, 702, 0, 0, 0, 0, 0, 0, 0, 0))
2018-04-05 09:51:22.181834;(10, (2934, 3009, 1910, 1, 0, 0, 0, 0, 0, 0))
2018-04-05 09:51:22.205382;(18, (1257, 1242, 363, 4, 0, 0, 0, 0, 0, 0))
2018-04-05 09:51:22.261707;(4, (847, 934, 248, 0, 0, 0, 0, 0, 0, 0))
2018-04-05 09:51:22.311264;(8, (1015, 935, 100, 11, 0, 0, 0, 0, 0, 0))
2018-04-05 09:51:22.326683;(21, (1158, 1218, 524, 0, 0, 0, 0, 0, 0, 0))
2018-04-05 09:51:22.379384;(3, (2272, 2170, 1076, 3, 0, 0, 0, 0, 0, 0))
2018-04-05 09:51:22.425062;(19, (692, 804, 23, 0, 0, 0, 0, 0, 0, 0))
2018-04-05 09:51:22.505524;(15, (1880, 1846, 916, 1, 0, 0, 0, 0, 0, 0))
2018-04-05 09:51:22.538266;(13, (1125, 1249, 492, 0, 0, 0, 0, 0, 0, 0))
2018-04-05 09:51:22.655052;(6, (640, 735, 0, 0, 0, 0, 0, 0, 0, 0))
2018-04-05 09:51:22.698193;(14, (1706, 1602, 665, 9, 0, 0, 0, 0, 0, 0))
2018-04-05 09:51:22.711309;(7, (1325, 1225, 326, 6, 0, 0, 0, 0, 0, 0))
2018-04-05 09:51:22.812983;(5, (830, 837, 147, 0, 0, 0, 0, 0, 0, 0))
2018-04-05 09:51:22.850944;(11, (976, 993, 110, 9, 0, 0, 0, 0, 0, 0))
2018-04-05 09:51:22.875985;(16, (795, 848, 75, 3, 0, 0, 0, 0, 0, 0))
2018-04-05 09:51:22.977947;(12, (898, 925, 113, 9, 0, 0, 0, 0, 0, 0))
2018-04-05 09:51:23.017476;(23, (1536, 1434, 1009, 0, 0, 0, 0, 0, 0, 0))
2018-04-05 09:51:23.598820;(22, (2529, 2442, 1434, 4, 0, 0, 0, 0, 0, 0))
2018-04-05 09:51:23.778785;(17, (563, 720, 11, 6, 0, 0, 0, 0, 0, 0))
2018-04-05 09:51:51.405894;(1, (6026, 5208, 5002, 2501, 0, 0, 0, 0, 0, 0))
2018-04-05 09:51:52.147183;(9, (584, 743, 0, 0, 0, 0, 0, 0, 0, 0))
2018-04-05 09:51:52.185070;(10, (2990, 3071, 1910, 3, 0, 0, 0, 0, 0, 0))
2018-04-05 09:51:52.265695;(4, (893, 986, 264, 0, 0, 0, 0, 0, 0, 0))
2018-04-05 09:51:52.330018;(21, (1475, 1534, 743, 0, 0, 0, 0, 0, 0, 0))
2018-04-05 09:51:52.382603;(3, (2420, 2316, 1151, 3, 0, 0, 0, 0, 0, 0))
2018-04-05 09:51:52.430446;(19, (725, 845, 26, 1, 0, 0, 0, 0, 0, 0))
2018-04-05 09:51:52.511277;(15, (2137, 2123, 1080, 1, 0, 0, 0, 0, 0, 0))
2018-04-05 09:51:52.541762;(13, (1186, 1318, 522, 0, 0, 0, 0, 0, 0, 0))
2018-04-05 09:51:52.658208;(6, (687, 797, 0, 2, 0, 0, 0, 0, 0, 0))
2018-04-05 09:51:52.701730;(14, (1779, 1667, 688, 10, 0, 0, 0, 0, 0, 0))
2018-04-05 09:51:52.716180;(7, (1399, 1314, 336, 6, 0, 0, 0, 0, 0, 0))
2018-04-05 09:51:52.816095;(5, (869, 879, 147, 0, 0, 0, 0, 0, 0, 0))
2018-04-05 09:51:52.856427;(11, (1055, 1082, 129, 10, 0, 0, 0, 0, 0, 0))
2018-04-05 09:51:53.021142;(23, (1671, 1555, 1091, 2, 0, 0, 0, 0, 0, 0))
2018-04-05 09:51:53.207882;(18, (1355, 1330, 391, 9, 0, 0, 0, 0, 0, 0))
2018-04-05 09:51:53.314775;(8, (1106, 1019, 127, 11, 0, 0, 0, 0, 0, 0))
2018-04-05 09:51:53.604822;(22, (2723, 2627, 1560, 4, 0, 0, 0, 0, 0, 0))
2018-04-05 09:51:53.782030;(17, (583, 747, 11, 6, 0, 0, 0, 0, 0, 0))
2018-04-05 09:51:53.879072;(16, (837, 894, 78, 3, 0, 0, 0, 0, 0, 0))
2018-04-05 09:51:53.962312;(20, (1049, 1007, 119, 3, 0, 0, 0, 0, 0, 0))
2018-04-05 09:51:53.981139;(12, (957, 985, 122, 9, 0, 0, 0, 0, 0, 0))
2018-04-05 09:52:21.409297;(1, (6252, 5396, 5180, 2590, 0, 0, 0, 0, 0, 0))
2018-04-05 09:52:22.187504;(10, (3047, 3129, 1914, 7, 0, 0, 0, 0, 0, 0))
2018-04-05 09:52:22.333281;(21, (1609, 1670, 832, 0, 0, 0, 0, 0, 0, 0))
2018-04-05 09:52:22.514971;(15, (2281, 2255, 1142, 5, 0, 0, 0, 0, 0, 0))
2018-04-05 09:52:22.860864;(11, (1127, 1152, 148, 14, 0, 0, 0, 0, 0, 0))
2018-04-05 09:52:23.029190;(23, (1818, 1693, 1181, 2, 0, 0, 0, 0, 0, 0))
2018-04-05 09:52:23.150532;(9, (613, 780, 0, 0, 0, 0, 0, 0, 0, 0))
2018-04-05 09:52:23.212343;(18, (1436, 1409, 407, 9, 0, 0, 0, 0, 0, 0))
2018-04-05 09:52:23.268558;(4, (946, 1044, 280, 0, 0, 0, 0, 0, 0, 0))
2018-04-05 09:52:23.317656;(8, (1179, 1064, 133, 12, 0, 0, 0, 0, 0, 0))
2018-04-05 09:52:23.385423;(3, (2550, 2419, 1158, 4, 0, 0, 0, 0, 0, 0))
2018-04-05 09:52:23.433018;(19, (755, 875, 29, 2, 0, 0, 0, 0, 0, 0))
2018-04-05 09:52:23.546123;(13, (1255, 1400, 554, 0, 0, 0, 0, 0, 0, 0))
2018-04-05 09:52:23.612741;(22, (2881, 2776, 1571, 5, 0, 0, 0, 0, 0, 0))
2018-04-05 09:52:23.660877;(6, (726, 843, 0, 2, 0, 0, 0, 0, 0, 0))
2018-04-05 09:52:23.703712;(14, (1910, 1779, 699, 11, 0, 0, 0, 0, 0, 0))
2018-04-05 09:52:23.717597;(7, (1472, 1372, 348, 7, 0, 0, 0, 0, 0, 0))
2018-04-05 09:52:23.783971;(17, (600, 767, 11, 6, 0, 0, 0, 0, 0, 0))
2018-04-05 09:52:23.819173;(5, (907, 917, 147, 0, 0, 0, 0, 0, 0, 0))
2018-04-05 09:52:23.881436;(16, (883, 927, 78, 4, 0, 0, 0, 0, 0, 0))
2018-04-05 09:52:23.964954;(20, (1175, 1117, 128, 4, 0, 0, 0, 0, 0, 0))
2018-04-05 09:52:23.983353;(12, (1013, 1041, 124, 9, 0, 0, 0, 0, 0, 0))
2018-04-05 09:52:51.411278;(1, (6592, 5676, 5446, 2723, 0, 0, 0, 0, 0, 0))
2018-04-05 09:52:52.192162;(10, (3102, 3182, 1922, 7, 0, 0, 0, 0, 0, 0))
2018-04-05 09:52:52.338939;(21, (1750, 1813, 905, 0, 0, 0, 0, 0, 0, 0))
2018-04-05 09:52:52.865892;(11, (1214, 1246, 169, 14, 0, 0, 0, 0, 0, 0))
2018-04-05 09:52:53.033699;(23, (2041, 1897, 1336, 2, 0, 0, 0, 0, 0, 0))
2018-04-05 09:52:53.153555;(9, (640, 815, 0, 1, 0, 0, 0, 0, 0, 0))
2018-04-05 09:52:53.214928;(18, (1529, 1502, 442, 9, 0, 0, 0, 0, 0, 0))
2018-04-05 09:52:53.270980;(4, (1000, 1104, 296, 1, 0, 0, 0, 0, 0, 0))
2018-04-05 09:52:53.319736;(8, (1241, 1105, 139, 12, 0, 0, 0, 0, 0, 0))
2018-04-05 09:52:53.388947;(3, (2684, 2535, 1191, 7, 0, 0, 0, 0, 0, 0))
2018-04-05 09:52:53.438568;(19, (804, 941, 31, 3, 0, 0, 0, 0, 0, 0))
2018-04-05 09:52:53.520406;(15, (2499, 2485, 1275, 5, 0, 0, 0, 0, 0, 0))
2018-04-05 09:52:53.550507;(13, (1329, 1482, 579, 0, 0, 0, 0, 0, 0, 0))
2018-04-05 09:52:53.616540;(22, (3071, 2966, 1672, 7, 0, 0, 0, 0, 0, 0))
2018-04-05 09:52:53.663675;(6, (772, 900, 2, 2, 0, 0, 0, 0, 0, 0))
2018-04-05 09:52:53.706690;(14, (1998, 1862, 708, 12, 0, 0, 0, 0, 0, 0))
2018-04-05 09:52:53.720077;(7, (1555, 1445, 360, 9, 0, 0, 0, 0, 0, 0))
2018-04-05 09:52:53.786085;(17, (618, 794, 11, 8, 0, 0, 0, 0, 0, 0))
2018-04-05 09:52:53.821972;(5, (949, 959, 147, 0, 0, 0, 0, 0, 0, 0))
2018-04-05 09:52:53.886679;(16, (914, 955, 78, 4, 0, 0, 0, 0, 0, 0))
2018-04-05 09:52:53.967746;(20, (1285, 1217, 155, 7, 0, 0, 0, 0, 0, 0))
2018-04-05 09:52:53.986739;(12, (1069, 1100, 126, 9, 0, 0, 0, 0, 0, 0))
2018-04-05 09:53:21.417215;(1, (6970, 5984, 5744, 2872, 0, 0, 0, 0, 0, 0))
2018-04-05 09:53:22.345129;(21, (2034, 2104, 1120, 0, 0, 0, 0, 0, 0, 0))
2018-04-05 09:53:22.869355;(11, (1317, 1351, 206, 14, 0, 0, 0, 0, 0, 0))
2018-04-05 09:53:23.156275;(9, (678, 864, 0, 1, 0, 0, 0, 0, 0, 0))
2018-04-05 09:53:23.195741;(10, (3181, 3270, 1937, 7, 0, 0, 0, 0, 0, 0))
2018-04-05 09:53:23.217705;(18, (1618, 1594, 474, 9, 0, 0, 0, 0, 0, 0))
2018-04-05 09:53:23.274552;(4, (1064, 1176, 314, 1, 0, 0, 0, 0, 0, 0))
2018-04-05 09:53:23.323670;(8, (1352, 1198, 176, 14, 0, 0, 0, 0, 0, 0))
2018-04-05 09:53:23.391971;(3, (2831, 2664, 1248, 7, 0, 0, 0, 0, 0, 0))
2018-04-05 09:53:23.442601;(19, (858, 996, 36, 4, 0, 0, 0, 0, 0, 0))
2018-04-05 09:53:23.529549;(15, (2731, 2708, 1419, 5, 0, 0, 0, 0, 0, 0))
2018-04-05 09:53:23.555611;(13, (1401, 1560, 608, 0, 0, 0, 0, 0, 0, 0))
2018-04-05 09:53:23.621114;(22, (3264, 3157, 1773, 8, 0, 0, 0, 0, 0, 0))
2018-04-05 09:53:23.668473;(6, (813, 946, 2, 2, 0, 0, 0, 0, 0, 0))
2018-04-05 09:53:23.710403;(14, (2067, 1916, 710, 13, 0, 0, 0, 0, 0, 0))
2018-04-05 09:53:23.722674;(7, (1663, 1537, 388, 9, 0, 0, 0, 0, 0, 0))
2018-04-05 09:53:23.789490;(17, (668, 859, 20, 9, 0, 0, 0, 0, 0, 0))
2018-04-05 09:53:23.825503;(5, (988, 997, 147, 0, 0, 0, 0, 0, 0, 0))
2018-04-05 09:53:23.889994;(16, (951, 996, 78, 4, 0, 0, 0, 0, 0, 0))
2018-04-05 09:53:23.971570;(20, (1392, 1316, 172, 8, 0, 0, 0, 0, 0, 0))
2018-04-05 09:53:23.989839;(12, (1124, 1153, 133, 9, 0, 0, 0, 0, 0, 0))
2018-04-05 09:53:24.037256;(23, (2164, 2020, 1414, 2, 0, 0, 0, 0, 0, 0))
2018-04-05 09:53:51.419173;(1, (7334, 6290, 6040, 3020, 0, 0, 0, 0, 0, 0))
2018-04-05 09:53:53.159246;(9, (707, 897, 2, 2, 0, 0, 0, 0, 0, 0))
2018-04-05 09:53:53.198142;(10, (3295, 3381, 1991, 8, 0, 0, 0, 0, 0, 0))
2018-04-05 09:53:53.222194;(18, (1746, 1713, 536, 10, 0, 0, 0, 0, 0, 0))
2018-04-05 09:53:53.278012;(4, (1118, 1237, 327, 1, 0, 0, 0, 0, 0, 0))
2018-04-05 09:53:53.326579;(8, (1451, 1284, 198, 14, 0, 0, 0, 0, 0, 0))
2018-04-05 09:53:53.347829;(21, (2231, 2300, 1247, 0, 0, 0, 0, 0, 0, 0))
2018-04-05 09:53:53.396551;(3, (2945, 2770, 1288, 9, 0, 0, 0, 0, 0, 0))
2018-04-05 09:53:53.445801;(19, (905, 1055, 36, 6, 0, 0, 0, 0, 0, 0))
2018-04-05 09:53:53.537966;(15, (2860, 2845, 1490, 5, 0, 0, 0, 0, 0, 0))
2018-04-05 09:53:53.561523;(13, (1469, 1638, 635, 0, 0, 0, 0, 0, 0, 0))
2018-04-05 09:53:53.673722;(6, (854, 993, 2, 2, 0, 0, 0, 0, 0, 0))
2018-04-05 09:53:53.713682;(14, (2155, 1993, 720, 13, 0, 0, 0, 0, 0, 0))
2018-04-05 09:53:53.725861;(7, (1749, 1610, 407, 9, 0, 0, 0, 0, 0, 0))
2018-04-05 09:53:53.792166;(17, (700, 904, 20, 9, 0, 0, 0, 0, 0, 0))
2018-04-05 09:53:53.829108;(5, (1026, 1039, 147, 0, 0, 0, 0, 0, 0, 0))
2018-04-05 09:53:53.872844;(11, (1436, 1471, 258, 14, 0, 0, 0, 0, 0, 0))
2018-04-05 09:53:53.893790;(16, (1016, 1059, 83, 5, 0, 0, 0, 0, 0, 0))
2018-04-05 09:53:53.974755;(20, (1528, 1447, 228, 9, 0, 0, 0, 0, 0, 0))
2018-04-05 09:53:53.992051;(12, (1189, 1219, 142, 9, 0, 0, 0, 0, 0, 0))
2018-04-05 09:53:54.039179;(23, (2339, 2195, 1551, 2, 0, 0, 0, 0, 0, 0))
2018-04-05 09:53:54.624193;(22, (3421, 3302, 1858, 9, 0, 0, 0, 0, 0, 0))
2018-04-05 09:54:21.422007;(1, (7714, 6617, 6356, 3178, 0, 0, 0, 0, 0, 0))
2018-04-05 09:54:23.162578;(9, (744, 942, 2, 2, 0, 0, 0, 0, 0, 0))
2018-04-05 09:54:23.200964;(10, (3521, 3619, 2138, 8, 0, 0, 0, 0, 0, 0))
2018-04-05 09:54:23.351000;(21, (2336, 2408, 1316, 0, 0, 0, 0, 0, 0, 0))
2018-04-05 09:54:23.401342;(3, (3076, 2883, 1368, 9, 0, 0, 0, 0, 0, 0))
2018-04-05 09:54:23.448581;(19, (960, 1116, 44, 6, 0, 0, 0, 0, 0, 0))
2018-04-05 09:54:23.540857;(15, (2908, 2893, 1493, 5, 0, 0, 0, 0, 0, 0))
2018-04-05 09:54:23.566974;(13, (1539, 1716, 669, 0, 0, 0, 0, 0, 0, 0))
2018-04-05 09:54:23.676522;(6, (890, 1034, 2, 2, 0, 0, 0, 0, 0, 0))
2018-04-05 09:54:23.716562;(14, (2216, 2045, 725, 13, 0, 0, 0, 0, 0, 0))
2018-04-05 09:54:23.831852;(5, (1061, 1077, 147, 0, 0, 0, 0, 0, 0, 0))
2018-04-05 09:54:23.876023;(11, (1523, 1558, 290, 14, 0, 0, 0, 0, 0, 0))
2018-04-05 09:54:24.042305;(23, (2407, 2260, 1601, 2, 0, 0, 0, 0, 0, 0))
2018-04-05 09:54:24.225185;(18, (1828, 1791, 572, 10, 0, 0, 0, 0, 0, 0))
2018-04-05 09:54:24.283540;(4, (1174, 1298, 347, 1, 0, 0, 0, 0, 0, 0))
2018-04-05 09:54:24.330293;(8, (1552, 1385, 241, 14, 0, 0, 0, 0, 0, 0))
2018-04-05 09:54:24.627903;(22, (3518, 3392, 1901, 10, 0, 0, 0, 0, 0, 0))
2018-04-05 09:54:24.729455;(7, (1818, 1685, 419, 9, 0, 0, 0, 0, 0, 0))
2018-04-05 09:54:24.795120;(17, (730, 941, 20, 9, 0, 0, 0, 0, 0, 0))
2018-04-05 09:54:24.896285;(16, (1057, 1103, 83, 5, 0, 0, 0, 0, 0, 0))
2018-04-05 09:54:24.978385;(20, (1597, 1520, 247, 9, 0, 0, 0, 0, 0, 0))
2018-04-05 09:54:24.995817;(12, (1248, 1292, 146, 9, 0, 0, 0, 0, 0, 0))
2018-04-05 09:54:52.424068;(1, (8051, 6932, 6661, 3331, 0, 0, 0, 0, 0, 0))
2018-04-05 09:54:53.203531;(10, (3752, 3853, 2328, 8, 0, 0, 0, 0, 0, 0))
2018-04-05 09:54:53.354421;(21, (2433, 2524, 1376, 0, 0, 0, 0, 0, 0, 0))
2018-04-05 09:54:53.544507;(15, (2940, 2927, 1493, 5, 0, 0, 0, 0, 0, 0))
2018-04-05 09:54:53.879746;(11, (1576, 1614, 306, 14, 0, 0, 0, 0, 0, 0))
2018-04-05 09:54:54.044424;(23, (2435, 2285, 1617, 2, 0, 0, 0, 0, 0, 0))
2018-04-05 09:54:54.167304;(9, (776, 983, 2, 2, 0, 0, 0, 0, 0, 0))
2018-04-05 09:54:54.227472;(18, (1866, 1831, 572, 10, 0, 0, 0, 0, 0, 0))
2018-04-05 09:54:54.286126;(4, (1222, 1353, 361, 1, 0, 0, 0, 0, 0, 0))
2018-04-05 09:54:54.332809;(8, (1644, 1477, 286, 14, 0, 0, 0, 0, 0, 0))
2018-04-05 09:54:54.405132;(3, (3205, 3015, 1446, 9, 0, 0, 0, 0, 0, 0))
2018-04-05 09:54:54.451241;(19, (998, 1160, 44, 6, 0, 0, 0, 0, 0, 0))
2018-04-05 09:54:54.634042;(22, (3636, 3511, 1974, 10, 0, 0, 0, 0, 0, 0))
2018-04-05 09:54:54.679547;(6, (927, 1077, 2, 2, 0, 0, 0, 0, 0, 0))
2018-04-05 09:54:54.719054;(14, (2261, 2090, 726, 13, 0, 0, 0, 0, 0, 0))
2018-04-05 09:54:54.731844;(7, (1880, 1747, 437, 9, 0, 0, 0, 0, 0, 0))
2018-04-05 09:54:54.798817;(17, (768, 989, 20, 9, 0, 0, 0, 0, 0, 0))
2018-04-05 09:54:54.834847;(5, (1098, 1119, 147, 0, 0, 0, 0, 0, 0, 0))
2018-04-05 09:54:54.899143;(16, (1097, 1145, 83, 5, 0, 0, 0, 0, 0, 0))
2018-04-05 09:54:54.983045;(20, (1682, 1603, 289, 9, 0, 0, 0, 0, 0, 0))
2018-04-05 09:54:54.998815;(12, (1287, 1338, 146, 9, 0, 0, 0, 0, 0, 0))
2018-04-05 09:55:22.429474;(1, (8410, 7253, 6972, 3486, 0, 0, 0, 0, 0, 0))
2018-04-05 09:55:23.206934;(10, (3997, 4100, 2508, 8, 0, 0, 0, 0, 0, 0))
2018-04-05 09:55:23.356992;(21, (2518, 2627, 1430, 0, 0, 0, 0, 0, 0, 0))
2018-04-05 09:55:23.883097;(11, (1647, 1689, 324, 14, 0, 0, 0, 0, 0, 0))
2018-04-05 09:55:24.047412;(23, (2460, 2308, 1631, 2, 0, 0, 0, 0, 0, 0))
2018-04-05 09:55:24.171500;(9, (808, 1023, 2, 2, 0, 0, 0, 0, 0, 0))
2018-04-05 09:55:24.230490;(18, (1907, 1869, 572, 10, 0, 0, 0, 0, 0, 0))
2018-04-05 09:55:24.288639;(4, (1268, 1405, 377, 1, 0, 0, 0, 0, 0, 0))
2018-04-05 09:55:24.336150;(8, (1748, 1583, 333, 14, 0, 0, 0, 0, 0, 0))
2018-04-05 09:55:24.409583;(3, (3398, 3202, 1559, 9, 0, 0, 0, 0, 0, 0))
2018-04-05 09:55:24.454037;(19, (1041, 1208, 45, 6, 0, 0, 0, 0, 0, 0))
2018-04-05 09:55:24.546857;(15, (2959, 2944, 1493, 5, 0, 0, 0, 0, 0, 0))
2018-04-05 09:55:24.577064;(13, (1665, 1855, 729, 0, 0, 0, 0, 0, 0, 0))
2018-04-05 09:55:24.639046;(22, (3735, 3605, 2013, 10, 0, 0, 0, 0, 0, 0))
2018-04-05 09:55:24.686562;(6, (959, 1116, 2, 2, 0, 0, 0, 0, 0, 0))
2018-04-05 09:55:24.723227;(14, (2334, 2162, 737, 15, 0, 0, 0, 0, 0, 0))
2018-04-05 09:55:24.736218;(7, (1964, 1824, 457, 9, 0, 0, 0, 0, 0, 0))
2018-04-05 09:55:24.802019;(17, (804, 1036, 20, 10, 0, 0, 0, 0, 0, 0))
2018-04-05 09:55:24.839934;(5, (1129, 1157, 147, 0, 0, 0, 0, 0, 0, 0))
2018-04-05 09:55:24.902107;(16, (1150, 1192, 86, 5, 0, 0, 0, 0, 0, 0))
2018-04-05 09:55:24.988115;(20, (1791, 1712, 335, 9, 0, 0, 0, 0, 0, 0))
2018-04-05 09:55:52.432329;(1, (8707, 7543, 7252, 3626, 0, 0, 0, 0, 0, 0))
2018-04-05 09:55:53.209824;(10, (4219, 4327, 2692, 8, 0, 0, 0, 0, 0, 0))
2018-04-05 09:55:53.359614;(21, (2603, 2721, 1480, 0, 0, 0, 0, 0, 0, 0))
2018-04-05 09:55:53.887044;(11, (1696, 1743, 340, 14, 0, 0, 0, 0, 0, 0))
2018-04-05 09:55:54.050403;(23, (2486, 2333, 1647, 2, 0, 0, 0, 0, 0, 0))
2018-04-05 09:55:54.174035;(9, (838, 1060, 2, 2, 0, 0, 0, 0, 0, 0))
2018-04-05 09:55:54.234919;(18, (1942, 1909, 572, 10, 0, 0, 0, 0, 0, 0))
2018-04-05 09:55:54.291354;(4, (1316, 1460, 391, 1, 0, 0, 0, 0, 0, 0))
2018-04-05 09:55:54.341222;(8, (1835, 1672, 379, 14, 0, 0, 0, 0, 0, 0))
2018-04-05 09:55:54.413547;(3, (3598, 3402, 1715, 9, 0, 0, 0, 0, 0, 0))
2018-04-05 09:55:54.457429;(19, (1077, 1251, 45, 6, 0, 0, 0, 0, 0, 0))
2018-04-05 09:55:54.551105;(15, (2974, 2957, 1493, 5, 0, 0, 0, 0, 0, 0))
2018-04-05 09:55:54.582564;(13, (1730, 1928, 759, 0, 0, 0, 0, 0, 0, 0))
2018-04-05 09:55:54.643754;(22, (3792, 3665, 2028, 10, 0, 0, 0, 0, 0, 0))
2018-04-05 09:55:54.689635;(6, (994, 1158, 2, 2, 0, 0, 0, 0, 0, 0))
2018-04-05 09:55:54.726571;(14, (2376, 2207, 737, 15, 0, 0, 0, 0, 0, 0))
2018-04-05 09:55:54.742841;(7, (2020, 1879, 473, 9, 0, 0, 0, 0, 0, 0))
2018-04-05 09:55:54.804758;(17, (839, 1080, 20, 10, 0, 0, 0, 0, 0, 0))
2018-04-05 09:55:54.845937;(5, (1165, 1199, 147, 0, 0, 0, 0, 0, 0, 0))
2018-04-05 09:55:54.904575;(16, (1186, 1234, 86, 5, 0, 0, 0, 0, 0, 0))
2018-04-05 09:55:54.990790;(20, (1859, 1782, 365, 9, 0, 0, 0, 0, 0, 0))
2018-04-05 09:55:55.004250;(12, (1385, 1445, 156, 9, 0, 0, 0, 0, 0, 0))
2018-04-05 09:56:22.434306;(1, (9047, 7849, 7548, 3774, 0, 0, 0, 0, 0, 0))
2018-04-05 09:56:24.177707;(9, (871, 1100, 2, 2, 0, 0, 0, 0, 0, 0))
2018-04-05 09:56:24.213715;(10, (4441, 4545, 2856, 8, 0, 0, 0, 0, 0, 0))
2018-04-05 09:56:24.237949;(18, (2001, 1967, 580, 11, 0, 0, 0, 0, 0, 0))
2018-04-05 09:56:24.295161;(4, (1362, 1513, 407, 1, 0, 0, 0, 0, 0, 0))
2018-04-05 09:56:24.345115;(8, (1918, 1761, 405, 14, 0, 0, 0, 0, 0, 0))
2018-04-05 09:56:24.365308;(21, (2692, 2820, 1536, 0, 0, 0, 0, 0, 0, 0))
2018-04-05 09:56:24.417225;(3, (3776, 3575, 1815, 9, 0, 0, 0, 0, 0, 0))
2018-04-05 09:56:24.460326;(19, (1124, 1310, 48, 6, 0, 0, 0, 0, 0, 0))
2018-04-05 09:56:24.557714;(15, (2996, 2975, 1493, 5, 0, 0, 0, 0, 0, 0))
2018-04-05 09:56:24.586270;(13, (1792, 1997, 789, 0, 0, 0, 0, 0, 0, 0))
2018-04-05 09:56:24.692701;(6, (1031, 1200, 2, 2, 0, 0, 0, 0, 0, 0))
2018-04-05 09:56:24.729670;(14, (2469, 2285, 761, 16, 0, 0, 0, 0, 0, 0))
2018-04-05 09:56:24.747287;(7, (2106, 1952, 485, 16, 0, 0, 0, 0, 0, 0))
2018-04-05 09:56:24.850101;(5, (1200, 1242, 147, 0, 0, 0, 0, 0, 0, 0))
2018-04-05 09:56:24.890772;(11, (1770, 1820, 353, 14, 0, 0, 0, 0, 0, 0))
2018-04-05 09:56:24.906873;(16, (1234, 1287, 88, 5, 0, 0, 0, 0, 0, 0))
2018-04-05 09:56:24.995210;(20, (1939, 1869, 386, 10, 0, 0, 0, 0, 0, 0))
2018-04-05 09:56:25.009703;(12, (1461, 1530, 170, 9, 0, 0, 0, 0, 0, 0))
2018-04-05 09:56:25.053435;(23, (2527, 2374, 1668, 2, 0, 0, 0, 0, 0, 0))
2018-04-05 09:56:25.646473;(22, (3972, 3842, 2142, 10, 0, 0, 0, 0, 0, 0))
2018-04-05 09:56:25.807087;(17, (853, 1098, 20, 11, 0, 0, 0, 0, 0, 0))
2018-04-05 09:56:52.437621;(1, (9362, 8156, 7845, 3923, 0, 0, 0, 0, 0, 0))
2018-04-05 09:56:54.216553;(10, (4673, 4783, 3050, 8, 0, 0, 0, 0, 0, 0))
2018-04-05 09:56:54.370050;(21, (2778, 2919, 1588, 0, 0, 0, 0, 0, 0, 0))
2018-04-05 09:56:54.462854;(19, (1161, 1353, 48, 6, 0, 0, 0, 0, 0, 0))
2018-04-05 09:56:54.561158;(15, (3012, 2992, 1493, 5, 0, 0, 0, 0, 0, 0))
2018-04-05 09:56:54.589801;(13, (1857, 2070, 819, 0, 0, 0, 0, 0, 0, 0))
2018-04-05 09:56:54.695552;(6, (1063, 1238, 2, 2, 0, 0, 0, 0, 0, 0))
2018-04-05 09:56:54.732182;(14, (2527, 2344, 777, 16, 0, 0, 0, 0, 0, 0))
2018-04-05 09:56:54.854731;(5, (1232, 1280, 147, 0, 0, 0, 0, 0, 0, 0))
2018-04-05 09:56:54.894627;(11, (1829, 1882, 375, 14, 0, 0, 0, 0, 0, 0))
2018-04-05 09:56:55.058789;(23, (2553, 2399, 1684, 2, 0, 0, 0, 0, 0, 0))
2018-04-05 09:56:55.180354;(9, (901, 1136, 2, 2, 0, 0, 0, 0, 0, 0))
2018-04-05 09:56:55.241885;(18, (2040, 2008, 580, 11, 0, 0, 0, 0, 0, 0))
2018-04-05 09:56:55.298028;(4, (1409, 1568, 421, 1, 0, 0, 0, 0, 0, 0))
2018-04-05 09:56:55.348445;(8, (1994, 1838, 441, 14, 0, 0, 0, 0, 0, 0))
2018-04-05 09:56:55.420456;(3, (3930, 3732, 1928, 9, 0, 0, 0, 0, 0, 0))
2018-04-05 09:56:55.650841;(22, (4161, 4036, 2292, 10, 0, 0, 0, 0, 0, 0))
2018-04-05 09:56:55.749950;(7, (2159, 2008, 500, 16, 0, 0, 0, 0, 0, 0))
2018-04-05 09:56:55.810479;(17, (888, 1147, 20, 15, 0, 0, 0, 0, 0, 0))
2018-04-05 09:56:55.909351;(16, (1271, 1336, 88, 5, 0, 0, 0, 0, 0, 0))
2018-04-05 09:56:55.998348;(20, (2005, 1938, 415, 10, 0, 0, 0, 0, 0, 0))
2018-04-05 09:56:56.017144;(12, (1498, 1569, 170, 9, 0, 0, 0, 0, 0, 0))
2018-04-05 09:57:22.439550;(1, (9679, 8465, 8144, 4072, 0, 0, 0, 0, 0, 0))
2018-04-05 09:57:24.219172;(10, (4880, 4995, 3220, 8, 0, 0, 0, 0, 0, 0))
2018-04-05 09:57:24.372829;(21, (2860, 3010, 1636, 0, 0, 0, 0, 0, 0, 0))
2018-04-05 09:57:24.899713;(11, (1880, 1941, 384, 14, 0, 0, 0, 0, 0, 0))
2018-04-05 09:57:25.061667;(23, (2592, 2438, 1712, 2, 0, 0, 0, 0, 0, 0))
2018-04-05 09:57:25.186447;(9, (934, 1176, 2, 2, 0, 0, 0, 0, 0, 0))
2018-04-05 09:57:25.246838;(18, (2093, 2061, 592, 11, 0, 0, 0, 0, 0, 0))
2018-04-05 09:57:25.300737;(4, (1454, 1621, 437, 1, 0, 0, 0, 0, 0, 0))
2018-04-05 09:57:25.351360;(8, (2056, 1899, 455, 14, 0, 0, 0, 0, 0, 0))
2018-04-05 09:57:25.423565;(3, (4058, 3863, 2018, 9, 0, 0, 0, 0, 0, 0))
2018-04-05 09:57:25.465448;(19, (1194, 1392, 48, 6, 0, 0, 0, 0, 0, 0))
2018-04-05 09:57:25.563145;(15, (3025, 3003, 1493, 5, 0, 0, 0, 0, 0, 0))
2018-04-05 09:57:25.593859;(13, (1919, 2138, 849, 0, 0, 0, 0, 0, 0, 0))
2018-04-05 09:57:25.655018;(22, (4335, 4214, 2427, 10, 0, 0, 0, 0, 0, 0))
2018-04-05 09:57:25.701249;(6, (1098, 1280, 2, 2, 0, 0, 0, 0, 0, 0))
2018-04-05 09:57:25.734827;(14, (2591, 2412, 799, 16, 0, 0, 0, 0, 0, 0))
2018-04-05 09:57:25.753196;(7, (2214, 2065, 514, 16, 0, 0, 0, 0, 0, 0))
2018-04-05 09:57:25.814275;(17, (920, 1186, 20, 15, 0, 0, 0, 0, 0, 0))
2018-04-05 09:57:25.858779;(5, (1266, 1322, 147, 0, 0, 0, 0, 0, 0, 0))
2018-04-05 09:57:25.911995;(16, (1308, 1387, 88, 5, 0, 0, 0, 0, 0, 0))
2018-04-05 09:57:26.001254;(20, (2072, 2011, 445, 10, 0, 0, 0, 0, 0, 0))
2018-04-05 09:57:26.025278;(12, (1548, 1620, 176, 9, 0, 0, 0, 0, 0, 0))
2018-04-05 09:57:52.447058;(1, (10008, 8765, 8434, 4217, 0, 0, 0, 0, 0, 0))
2018-04-05 09:57:54.226070;(10, (5105, 5226, 3395, 8, 0, 0, 0, 0, 0, 0))
2018-04-05 09:57:54.381355;(21, (2959, 3115, 1691, 0, 0, 0, 0, 0, 0, 0))
2018-04-05 09:57:54.908165;(11, (1961, 2029, 411, 16, 0, 0, 0, 0, 0, 0))
2018-04-05 09:57:55.069658;(23, (2652, 2497, 1749, 2, 0, 0, 0, 0, 0, 0))
2018-04-05 09:57:55.194027;(9, (969, 1221, 3, 2, 0, 0, 0, 0, 0, 0))
2018-04-05 09:57:55.254691;(18, (2169, 2138, 619, 15, 0, 0, 0, 0, 0, 0))
2018-04-05 09:57:55.308586;(4, (1517, 1692, 454, 1, 0, 0, 0, 0, 0, 0))
2018-04-05 09:57:55.359312;(8, (2117, 1966, 467, 14, 0, 0, 0, 0, 0, 0))
2018-04-05 09:57:55.430279;(3, (4181, 3989, 2098, 9, 0, 0, 0, 0, 0, 0))
2018-04-05 09:57:55.471667;(19, (1229, 1434, 48, 6, 0, 0, 0, 0, 0, 0))
2018-04-05 09:57:55.571368;(15, (3041, 3021, 1493, 5, 0, 0, 0, 0, 0, 0))
2018-04-05 09:57:55.601497;(13, (1997, 2228, 881, 0, 0, 0, 0, 0, 0, 0))
2018-04-05 09:57:55.662067;(22, (4495, 4377, 2543, 10, 0, 0, 0, 0, 0, 0))
2018-04-05 09:57:55.714538;(6, (1134, 1319, 2, 2, 0, 0, 0, 0, 0, 0))
2018-04-05 09:57:55.741604;(14, (2652, 2467, 813, 16, 0, 0, 0, 0, 0, 0))
2018-04-05 09:57:55.759522;(7, (2269, 2120, 531, 16, 0, 0, 0, 0, 0, 0))
2018-04-05 09:57:55.821848;(17, (954, 1230, 20, 15, 0, 0, 0, 0, 0, 0))
2018-04-05 09:57:55.866383;(5, (1302, 1360, 147, 0, 0, 0, 0, 0, 0, 0))
2018-04-05 09:57:55.922858;(16, (1353, 1437, 90, 7, 0, 0, 0, 0, 0, 0))
2018-04-05 09:57:56.010243;(20, (2137, 2081, 476, 10, 0, 0, 0, 0, 0, 0))
2018-04-05 09:57:56.033363;(12, (1591, 1664, 176, 9, 0, 0, 0, 0, 0, 0))
2018-04-05 09:58:22.453540;(1, (10346, 9089, 8748, 4374, 0, 0, 0, 0, 0, 0))
2018-04-05 09:58:24.235712;(10, (5341, 5465, 3592, 8, 0, 0, 0, 0, 0, 0))
2018-04-05 09:58:24.393396;(21, (3049, 3217, 1745, 0, 0, 0, 0, 0, 0, 0))
2018-04-05 09:58:24.916425;(11, (2041, 2102, 430, 16, 0, 0, 0, 0, 0, 0))
2018-04-05 09:58:25.087039;(23, (2696, 2533, 1773, 2, 0, 0, 0, 0, 0, 0))
2018-04-05 09:58:25.202626;(9, (1001, 1261, 3, 2, 0, 0, 0, 0, 0, 0))
2018-04-05 09:58:25.262390;(18, (2254, 2233, 653, 15, 0, 0, 0, 0, 0, 0))
2018-04-05 09:58:25.315941;(4, (1567, 1747, 470, 1, 0, 0, 0, 0, 0, 0))
2018-04-05 09:58:25.366730;(8, (2171, 2032, 472, 14, 0, 0, 0, 0, 0, 0))
2018-04-05 09:58:25.445292;(3, (4302, 4108, 2176, 9, 0, 0, 0, 0, 0, 0))
2018-04-05 09:58:25.479698;(19, (1264, 1474, 48, 6, 0, 0, 0, 0, 0, 0))
2018-04-05 09:58:25.578753;(15, (3057, 3039, 1493, 5, 0, 0, 0, 0, 0, 0))
2018-04-05 09:58:25.607936;(13, (2063, 2302, 913, 0, 0, 0, 0, 0, 0, 0))
2018-04-05 09:58:25.668153;(22, (4690, 4576, 2698, 10, 0, 0, 0, 0, 0, 0))
2018-04-05 09:58:25.725955;(6, (1171, 1361, 2, 2, 0, 0, 0, 0, 0, 0))
2018-04-05 09:58:25.763277;(14, (2758, 2568, 867, 16, 0, 0, 0, 0, 0, 0))
2018-04-05 09:58:25.765934;(7, (2324, 2180, 545, 16, 0, 0, 0, 0, 0, 0))
2018-04-05 09:58:25.841985;(17, (987, 1268, 20, 15, 0, 0, 0, 0, 0, 0))
2018-04-05 09:58:25.874449;(5, (1337, 1402, 147, 0, 0, 0, 0, 0, 0, 0))
2018-04-05 09:58:25.933243;(16, (1399, 1493, 90, 7, 0, 0, 0, 0, 0, 0))
2018-04-05 09:58:26.021240;(20, (2209, 2155, 507, 10, 0, 0, 0, 0, 0, 0))
2018-04-05 09:58:26.043182;(12, (1648, 1719, 186, 9, 0, 0, 0, 0, 0, 0))
2018-04-05 09:58:53.462566;(1, (10672, 9401, 9050, 4525, 0, 0, 0, 0, 0, 0))
2018-04-05 09:58:54.407155;(21, (3138, 3316, 1801, 0, 0, 0, 0, 0, 0, 0))
2018-04-05 09:58:54.924171;(11, (2116, 2174, 450, 16, 0, 0, 0, 0, 0, 0))
2018-04-05 09:58:55.094494;(23, (2729, 2564, 1794, 2, 0, 0, 0, 0, 0, 0))
2018-04-05 09:58:55.210918;(9, (1035, 1305, 3, 2, 0, 0, 0, 0, 0, 0))
2018-04-05 09:58:55.255795;(10, (5578, 5709, 3787, 8, 0, 0, 0, 0, 0, 0))
2018-04-05 09:58:55.268555;(18, (2308, 2293, 668, 15, 0, 0, 0, 0, 0, 0))
2018-04-05 09:58:55.323115;(4, (1622, 1807, 488, 1, 0, 0, 0, 0, 0, 0))
2018-04-05 09:58:55.463112;(3, (4434, 4243, 2265, 9, 0, 0, 0, 0, 0, 0))
2018-04-05 09:58:55.487639;(19, (1299, 1516, 48, 6, 0, 0, 0, 0, 0, 0))
2018-04-05 09:58:55.589244;(15, (3072, 3056, 1493, 5, 0, 0, 0, 0, 0, 0))
2018-04-05 09:58:55.622630;(13, (2131, 2378, 945, 0, 0, 0, 0, 0, 0, 0))
2018-04-05 09:58:55.745424;(6, (1203, 1399, 2, 2, 0, 0, 0, 0, 0, 0))
2018-04-05 09:58:55.774888;(14, (2833, 2639, 895, 16, 0, 0, 0, 0, 0, 0))
2018-04-05 09:58:55.777921;(7, (2376, 2234, 561, 16, 0, 0, 0, 0, 0, 0))
2018-04-05 09:58:55.879973;(5, (1369, 1440, 147, 0, 0, 0, 0, 0, 0, 0))
2018-04-05 09:58:55.939455;(16, (1443, 1542, 92, 7, 0, 0, 0, 0, 0, 0))
2018-04-05 09:58:56.030553;(20, (2276, 2227, 537, 10, 0, 0, 0, 0, 0, 0))
2018-04-05 09:58:56.053381;(12, (1703, 1777, 195, 9, 0, 0, 0, 0, 0, 0))
2018-04-05 09:58:56.374899;(8, (2233, 2109, 491, 14, 0, 0, 0, 0, 0, 0))
2018-04-05 09:58:56.681275;(22, (4873, 4762, 2837, 10, 0, 0, 0, 0, 0, 0))
2018-04-05 09:58:56.853702;(17, (1021, 1311, 20, 15, 0, 0, 0, 0, 0, 0))
2018-04-05 09:59:23.475284;(1, (10983, 9705, 9344, 4672, 0, 0, 0, 0, 0, 0))
2018-04-05 09:59:25.267987;(10, (5802, 5938, 3976, 8, 0, 0, 0, 0, 0, 0))
2018-04-05 09:59:25.415087;(21, (3224, 3414, 1853, 0, 0, 0, 0, 0, 0, 0))
2018-04-05 09:59:25.470488;(3, (4569, 4382, 2365, 9, 0, 0, 0, 0, 0, 0))
2018-04-05 09:59:25.594928;(15, (3085, 3073, 1493, 5, 0, 0, 0, 0, 0, 0))
2018-04-05 09:59:25.631718;(13, (2192, 2446, 975, 0, 0, 0, 0, 0, 0, 0))
2018-04-05 09:59:25.764411;(6, (1238, 1441, 2, 2, 0, 0, 0, 0, 0, 0))
2018-04-05 09:59:25.793438;(7, (2429, 2290, 575, 16, 0, 0, 0, 0, 0, 0))
2018-04-05 09:59:25.793724;(14, (2888, 2697, 911, 16, 0, 0, 0, 0, 0, 0))
2018-04-05 09:59:25.886853;(5, (1403, 1482, 147, 0, 0, 0, 0, 0, 0, 0))
2018-04-05 09:59:25.934050;(11, (2186, 2243, 473, 16, 0, 0, 0, 0, 0, 0))
2018-04-05 09:59:26.109678;(23, (2765, 2599, 1817, 2, 0, 0, 0, 0, 0, 0))
2018-04-05 09:59:26.221176;(9, (1067, 1346, 3, 2, 0, 0, 0, 0, 0, 0))
2018-04-05 09:59:26.275496;(18, (2355, 2346, 674, 15, 0, 0, 0, 0, 0, 0))
2018-04-05 09:59:26.334730;(4, (1669, 1861, 502, 1, 0, 0, 0, 0, 0, 0))
2018-04-05 09:59:26.383477;(8, (2289, 2175, 522, 14, 0, 0, 0, 0, 0, 0))
2018-04-05 09:59:26.497772;(19, (1334, 1558, 48, 6, 0, 0, 0, 0, 0, 0))
2018-04-05 09:59:26.687948;(22, (5052, 4945, 2978, 10, 0, 0, 0, 0, 0, 0))
2018-04-05 09:59:26.863159;(17, (1055, 1353, 20, 15, 0, 0, 0, 0, 0, 0))
2018-04-05 09:59:26.947281;(16, (1480, 1586, 92, 7, 0, 0, 0, 0, 0, 0))
2018-04-05 09:59:27.040086;(20, (2343, 2297, 569, 10, 0, 0, 0, 0, 0, 0))
2018-04-05 09:59:27.063410;(12, (1740, 1820, 195, 9, 0, 0, 0, 0, 0, 0))
