2018-04-14 06:19:01.285724;(23, (0, 0, 0, 0))
2018-04-14 06:19:01.381690;(6, (145, 2, 148, 0))
2018-04-14 06:19:01.404238;(19, (0, 0, 0, 0))
2018-04-14 06:19:01.459223;(10, (0, 0, 0, 0))
2018-04-14 06:19:01.491829;(4, (0, 0, 0, 0))
2018-04-14 06:19:01.502774;(7, (12, 0, 13, 0))
2018-04-14 06:19:01.606480;(9, (151, 0, 152, 0))
2018-04-14 06:19:01.608634;(15, (0, 0, 0, 0))
2018-04-14 06:19:01.637508;(11, (0, 0, 0, 0))
2018-04-14 06:19:01.718992;(8, (3, 1, 5, 0))
2018-04-14 06:19:01.800028;(1, (0, 0, 0, 0))
2018-04-14 06:19:01.811317;(3, (0, 0, 0, 0))
2018-04-14 06:19:01.853832;(22, (0, 0, 0, 0))
2018-04-14 06:19:01.884089;(16, (0, 0, 0, 0))
2018-04-14 06:19:01.928338;(12, (0, 0, 0, 0))
2018-04-14 06:19:01.980554;(13, (0, 0, 0, 0))
2018-04-14 06:19:01.991354;(20, (0, 0, 0, 0))
2018-04-14 06:19:02.055192;(5, (0, 0, 0, 0))
2018-04-14 06:19:02.147115;(17, (0, 0, 0, 0))
2018-04-14 06:19:02.153412;(21, (0, 0, 1, 0))
2018-04-14 06:19:31.290243;(23, (0, 0, 0, 0))
2018-04-14 06:19:31.371768;(14, (79, 9, 89, 1))
2018-04-14 06:19:31.406994;(19, (0, 2, 3, 0))
2018-04-14 06:19:31.472090;(10, (93, 5, 98, 0))
2018-04-14 06:19:31.495334;(4, (3, 4, 8, 0))
2018-04-14 06:19:31.506806;(7, (15, 7, 23, 1))
2018-04-14 06:19:31.609962;(9, (151, 6, 158, 1))
2018-04-14 06:19:31.619138;(15, (96, 6, 103, 0))
2018-04-14 06:19:31.647352;(11, (0, 0, 0, 0))
2018-04-14 06:19:31.725618;(8, (16, 10, 27, 1))
2018-04-14 06:19:31.807208;(1, (0, 0, 0, 0))
2018-04-14 06:19:31.817042;(3, (0, 0, 0, 0))
2018-04-14 06:19:31.857515;(22, (0, 2, 3, 0))
2018-04-14 06:19:31.890222;(16, (1, 4, 6, 1))
2018-04-14 06:19:31.932423;(12, (9, 5, 15, 1))
2018-04-14 06:19:31.996410;(13, (125, 4, 130, 0))
2018-04-14 06:19:31.997868;(20, (27, 7, 35, 0))
2018-04-14 06:19:32.018757;(18, (37, 7, 45, 0))
2018-04-14 06:19:32.151361;(17, (10, 5, 16, 1))
2018-04-14 06:20:01.295009;(23, (0, 0, 0, 0))
2018-04-14 06:20:01.379983;(14, (101, 16, 118, 1))
2018-04-14 06:20:01.413134;(19, (15, 5, 21, 1))
2018-04-14 06:20:01.487890;(10, (213, 13, 226, 0))
2018-04-14 06:20:01.503502;(4, (35, 13, 49, 0))
2018-04-14 06:20:01.513678;(7, (16, 13, 30, 2))
2018-04-14 06:20:01.617785;(9, (172, 13, 186, 2))
2018-04-14 06:20:01.630811;(15, (171, 15, 186, 0))
2018-04-14 06:20:01.650905;(11, (0, 0, 0, 0))
2018-04-14 06:20:01.734140;(8, (23, 16, 40, 2))
2018-04-14 06:20:01.812414;(1, (0, 0, 0, 0))
2018-04-14 06:20:01.821676;(3, (0, 0, 0, 0))
2018-04-14 06:20:01.866493;(22, (53, 9, 62, 0))
2018-04-14 06:20:01.897681;(16, (1, 11, 13, 2))
2018-04-14 06:20:01.938263;(12, (16, 12, 29, 2))
2018-04-14 06:20:02.002403;(13, (144, 10, 155, 0))
2018-04-14 06:20:02.030250;(18, (95, 15, 111, 1))
2018-04-14 06:20:02.159650;(17, (36, 11, 48, 1))
2018-04-14 06:20:02.174885;(21, (185, 12, 198, 0))
2018-04-14 06:20:31.299718;(23, (0, 0, 0, 0))
2018-04-14 06:20:31.388079;(14, (111, 22, 134, 2))
2018-04-14 06:20:31.520481;(7, (23, 21, 45, 2))
2018-04-14 06:20:31.655007;(11, (0, 0, 0, 0))
2018-04-14 06:20:31.816400;(1, (0, 0, 0, 0))
2018-04-14 06:20:32.415989;(19, (15, 11, 27, 2))
2018-04-14 06:20:32.511514;(4, (36, 20, 57, 2))
2018-04-14 06:20:32.622568;(9, (172, 19, 192, 4))
2018-04-14 06:20:32.740229;(8, (67, 24, 92, 2))
2018-04-14 06:20:32.825888;(3, (0, 0, 0, 0))
2018-04-14 06:20:32.905536;(16, (1, 17, 19, 4))
2018-04-14 06:20:32.942171;(12, (17, 19, 37, 3))
2018-04-14 06:20:33.011302;(20, (66, 20, 87, 1))
2018-04-14 06:20:33.011463;(13, (149, 16, 166, 1))
2018-04-14 06:20:33.039304;(18, (140, 23, 164, 1))
2018-04-14 06:20:33.169740;(17, (67, 18, 86, 2))
2018-04-14 06:21:01.822267;(1, (0, 0, 0, 0))
2018-04-14 06:21:02.303721;(23, (0, 0, 0, 0))
2018-04-14 06:21:02.400211;(14, (129, 31, 161, 3))
2018-04-14 06:21:02.419394;(19, (17, 17, 35, 3))
2018-04-14 06:21:02.514113;(10, (429, 29, 459, 0))
2018-04-14 06:21:02.517924;(4, (36, 26, 63, 3))
2018-04-14 06:21:02.528094;(7, (40, 28, 69, 3))
2018-04-14 06:21:02.627132;(9, (172, 25, 198, 5))
2018-04-14 06:21:02.660476;(11, (0, 0, 0, 0))
2018-04-14 06:21:02.748918;(8, (78, 31, 110, 3))
2018-04-14 06:21:02.830092;(3, (0, 0, 0, 0))
2018-04-14 06:21:02.909882;(16, (13, 23, 37, 5))
2018-04-14 06:21:02.947653;(12, (58, 26, 85, 4))
2018-04-14 06:21:03.016806;(20, (67, 28, 96, 3))
2018-04-14 06:21:03.019618;(13, (149, 23, 173, 3))
2018-04-14 06:21:03.045532;(18, (140, 28, 169, 2))
2018-04-14 06:21:03.175166;(17, (67, 24, 92, 3))
2018-04-14 06:21:31.833503;(1, (0, 0, 0, 0))
2018-04-14 06:21:32.307458;(23, (0, 0, 0, 0))
2018-04-14 06:21:32.404251;(14, (132, 38, 171, 4))
2018-04-14 06:21:32.426625;(19, (47, 25, 73, 4))
2018-04-14 06:21:32.527356;(10, (507, 39, 547, 0))
2018-04-14 06:21:32.530296;(4, (36, 31, 68, 5))
2018-04-14 06:21:32.532028;(7, (66, 36, 103, 3))
2018-04-14 06:21:32.633351;(9, (172, 31, 204, 7))
2018-04-14 06:21:32.666629;(11, (0, 0, 0, 0))
2018-04-14 06:21:32.756424;(8, (98, 39, 138, 3))
2018-04-14 06:21:32.834432;(3, (0, 0, 0, 0))
2018-04-14 06:21:32.914423;(16, (32, 30, 63, 5))
2018-04-14 06:21:32.957135;(12, (68, 31, 100, 5))
2018-04-14 06:21:33.024491;(20, (99, 34, 134, 3))
2018-04-14 06:21:33.024857;(13, (149, 28, 178, 4))
2018-04-14 06:21:33.060442;(18, (269, 34, 304, 3))
2018-04-14 06:21:33.182759;(17, (93, 32, 126, 4))
2018-04-14 06:22:02.313691;(23, (0, 0, 0, 0))
2018-04-14 06:22:02.411732;(14, (160, 45, 206, 4))
2018-04-14 06:22:02.435200;(19, (74, 30, 105, 6))
2018-04-14 06:22:02.544544;(4, (36, 38, 75, 6))
2018-04-14 06:22:02.545110;(7, (66, 42, 109, 4))
2018-04-14 06:22:02.638018;(9, (172, 37, 210, 8))
2018-04-14 06:22:02.673670;(11, (0, 0, 0, 0))
2018-04-14 06:22:02.761813;(8, (100, 45, 146, 4))
2018-04-14 06:22:02.838197;(1, (0, 0, 0, 0))
2018-04-14 06:22:02.839095;(3, (0, 0, 0, 0))
2018-04-14 06:22:02.919292;(16, (32, 36, 69, 7))
2018-04-14 06:22:02.962925;(12, (107, 38, 146, 5))
2018-04-14 06:22:03.030715;(20, (113, 41, 155, 5))
2018-04-14 06:22:03.031742;(13, (149, 35, 185, 6))
2018-04-14 06:22:03.065961;(18, (271, 41, 313, 4))
2018-04-14 06:22:03.188198;(17, (94, 38, 133, 6))
2018-04-14 06:22:32.318266;(23, (0, 0, 0, 0))
2018-04-14 06:22:32.418609;(14, (169, 52, 222, 6))
2018-04-14 06:22:32.562168;(10, (807, 53, 861, 0))
2018-04-14 06:22:32.562963;(7, (79, 48, 128, 5))
2018-04-14 06:22:32.564767;(4, (36, 43, 80, 8))
2018-04-14 06:22:32.643758;(9, (172, 43, 216, 10))
2018-04-14 06:22:32.678168;(11, (0, 0, 0, 0))
2018-04-14 06:22:32.843047;(3, (0, 0, 0, 0))
2018-04-14 06:22:32.844554;(1, (0, 0, 0, 0))
2018-04-14 06:22:32.926857;(16, (32, 42, 75, 8))
2018-04-14 06:22:32.976107;(12, (119, 45, 165, 7))
2018-04-14 06:22:33.036024;(13, (149, 41, 191, 8))
2018-04-14 06:22:33.037560;(20, (113, 47, 161, 6))
2018-04-14 06:22:33.074163;(18, (310, 47, 358, 5))
2018-04-14 06:22:33.191857;(17, (94, 45, 140, 7))
2018-04-14 06:22:33.769765;(8, (111, 51, 163, 6))
2018-04-14 06:23:02.325579;(23, (0, 0, 0, 0))
2018-04-14 06:23:02.426868;(14, (204, 59, 264, 6))
2018-04-14 06:23:02.577118;(10, (913, 61, 975, 0))
2018-04-14 06:23:02.683863;(11, (0, 0, 0, 0))
2018-04-14 06:23:02.850881;(1, (0, 0, 0, 0))
2018-04-14 06:23:03.447025;(19, (101, 45, 147, 7))
2018-04-14 06:23:03.577517;(7, (102, 55, 158, 6))
2018-04-14 06:23:03.579045;(4, (36, 49, 86, 9))
2018-04-14 06:23:03.648349;(9, (172, 49, 222, 11))
2018-04-14 06:23:03.776505;(8, (117, 58, 176, 6))
2018-04-14 06:23:03.857825;(3, (0, 0, 0, 0))
2018-04-14 06:23:03.934656;(16, (38, 49, 88, 9))
2018-04-14 06:23:03.982722;(12, (120, 52, 173, 8))
2018-04-14 06:23:04.040663;(13, (149, 47, 197, 9))
2018-04-14 06:23:04.043613;(20, (127, 53, 181, 8))
2018-04-14 06:23:04.081728;(18, (333, 54, 388, 6))
2018-04-14 06:23:04.198829;(17, (94, 50, 145, 9))
2018-04-14 06:23:32.858336;(1, (0, 0, 0, 0))
2018-04-14 06:23:33.331307;(23, (0, 0, 0, 0))
2018-04-14 06:23:33.436676;(14, (268, 67, 336, 7))
2018-04-14 06:23:33.456075;(19, (101, 52, 154, 9))
2018-04-14 06:23:33.588413;(10, (1022, 69, 1092, 0))
2018-04-14 06:23:33.589881;(4, (36, 54, 91, 10))
2018-04-14 06:23:33.590994;(7, (111, 62, 174, 7))
2018-04-14 06:23:33.656191;(9, (172, 53, 226, 12))
2018-04-14 06:23:33.689767;(11, (0, 0, 0, 0))
2018-04-14 06:23:33.783728;(8, (123, 65, 189, 8))
2018-04-14 06:23:33.862068;(3, (0, 0, 0, 0))
2018-04-14 06:23:33.942432;(16, (50, 57, 108, 10))
2018-04-14 06:23:33.990922;(12, (136, 58, 195, 9))
2018-04-14 06:23:34.045912;(13, (149, 53, 203, 11))
2018-04-14 06:23:34.052536;(20, (192, 58, 251, 8))
2018-04-14 06:23:34.086771;(18, (361, 61, 423, 7))
2018-04-14 06:23:34.205654;(17, (94, 57, 152, 10))
2018-04-14 06:24:02.865670;(1, (0, 0, 0, 0))
2018-04-14 06:24:03.335829;(23, (0, 0, 0, 0))
2018-04-14 06:24:03.441985;(14, (268, 73, 342, 8))
2018-04-14 06:24:03.462330;(19, (106, 59, 166, 10))
2018-04-14 06:24:03.610809;(10, (1194, 74, 1269, 0))
2018-04-14 06:24:03.612026;(7, (117, 69, 187, 8))
2018-04-14 06:24:03.612218;(4, (36, 62, 99, 12))
2018-04-14 06:24:03.661750;(9, (172, 60, 233, 14))
2018-04-14 06:24:03.694382;(11, (0, 0, 0, 0))
2018-04-14 06:24:03.790581;(8, (136, 73, 210, 9))
2018-04-14 06:24:03.867121;(3, (0, 0, 0, 0))
2018-04-14 06:24:03.950946;(16, (57, 63, 121, 11))
2018-04-14 06:24:03.995385;(12, (157, 65, 223, 10))
2018-04-14 06:24:04.050143;(13, (149, 60, 210, 12))
2018-04-14 06:24:04.055239;(20, (192, 65, 258, 10))
2018-04-14 06:24:04.095073;(18, (385, 68, 454, 8))
2018-04-14 06:24:04.214093;(17, (113, 64, 178, 11))
2018-04-14 06:24:32.870241;(1, (0, 0, 0, 0))
2018-04-14 06:24:33.342466;(23, (0, 0, 0, 0))
2018-04-14 06:24:33.450437;(14, (292, 82, 375, 8))
2018-04-14 06:24:33.466938;(19, (113, 65, 179, 11))
2018-04-14 06:24:33.631788;(10, (1390, 80, 1471, 0))
2018-04-14 06:24:33.634101;(4, (36, 67, 104, 14))
2018-04-14 06:24:33.634405;(7, (127, 75, 203, 9))
2018-04-14 06:24:33.666458;(9, (172, 66, 239, 16))
2018-04-14 06:24:33.699231;(11, (0, 0, 0, 0))
2018-04-14 06:24:33.795568;(8, (136, 79, 216, 10))
2018-04-14 06:24:33.872319;(3, (0, 0, 0, 0))
2018-04-14 06:24:33.955492;(16, (60, 70, 131, 12))
2018-04-14 06:24:33.999969;(12, (157, 71, 229, 11))
2018-04-14 06:24:34.055770;(13, (149, 65, 215, 14))
2018-04-14 06:24:34.060323;(20, (192, 70, 263, 11))
2018-04-14 06:24:34.111117;(18, (524, 75, 600, 8))
2018-04-14 06:24:34.221574;(17, (141, 69, 211, 12))
2018-04-14 06:25:02.874606;(1, (0, 0, 0, 0))
2018-04-14 06:25:03.346544;(23, (0, 0, 0, 0))
2018-04-14 06:25:03.459266;(14, (334, 89, 424, 8))
2018-04-14 06:25:03.471234;(19, (113, 71, 185, 12))
2018-04-14 06:25:03.656705;(10, (1618, 84, 1703, 0))
2018-04-14 06:25:03.657821;(4, (36, 74, 111, 15))
2018-04-14 06:25:03.659523;(7, (127, 81, 209, 11))
2018-04-14 06:25:03.672500;(9, (172, 72, 245, 17))
2018-04-14 06:25:03.706060;(11, (0, 0, 0, 0))
2018-04-14 06:25:03.960080;(16, (60, 75, 136, 13))
2018-04-14 06:25:04.071466;(20, (192, 77, 270, 13))
2018-04-14 06:25:04.119789;(18, (569, 82, 652, 8))
2018-04-14 06:25:04.802949;(8, (136, 85, 222, 12))
2018-04-14 06:25:04.877530;(3, (0, 0, 0, 0))
2018-04-14 06:25:05.005731;(12, (159, 78, 238, 12))
2018-04-14 06:25:05.070468;(13, (149, 72, 222, 15))
2018-04-14 06:25:05.226854;(17, (141, 75, 217, 14))
2018-04-14 06:25:33.351535;(23, (0, 0, 0, 0))
2018-04-14 06:25:33.462764;(14, (334, 95, 430, 10))
2018-04-14 06:25:33.677226;(10, (1803, 90, 1893, 0))
2018-04-14 06:25:33.710252;(11, (0, 0, 0, 0))
2018-04-14 06:25:33.885705;(1, (0, 0, 0, 0))
2018-04-14 06:25:34.476369;(19, (113, 77, 191, 14))
2018-04-14 06:25:34.678809;(4, (36, 80, 117, 17))
2018-04-14 06:25:34.679080;(7, (127, 87, 215, 12))
2018-04-14 06:25:34.681662;(9, (172, 78, 251, 19))
2018-04-14 06:25:34.809888;(8, (144, 92, 237, 12))
2018-04-14 06:25:34.888318;(3, (0, 0, 0, 0))
2018-04-14 06:25:34.966049;(16, (65, 81, 147, 15))
2018-04-14 06:25:35.012502;(12, (159, 83, 243, 13))
2018-04-14 06:25:35.075602;(20, (192, 82, 275, 14))
2018-04-14 06:25:35.076488;(13, (149, 77, 227, 17))
2018-04-14 06:25:35.128457;(18, (606, 89, 696, 9))
2018-04-14 06:25:35.232075;(17, (145, 82, 228, 15))
2018-04-14 06:26:03.356065;(23, (0, 0, 0, 0))
2018-04-14 06:26:03.465898;(14, (334, 101, 436, 11))
2018-04-14 06:26:03.714993;(11, (0, 0, 0, 0))
2018-04-14 06:26:03.891488;(1, (0, 0, 0, 0))
2018-04-14 06:26:04.481798;(19, (113, 84, 198, 15))
2018-04-14 06:26:04.702176;(10, (2081, 92, 2173, 0))
2018-04-14 06:26:04.704355;(9, (172, 84, 257, 20))
2018-04-14 06:26:04.704558;(7, (127, 94, 222, 14))
2018-04-14 06:26:04.705438;(4, (36, 86, 123, 18))
2018-04-14 06:26:04.814843;(8, (149, 98, 248, 13))
2018-04-14 06:26:04.893470;(3, (0, 0, 0, 0))
2018-04-14 06:26:04.976067;(16, (65, 87, 153, 16))
2018-04-14 06:26:05.018355;(12, (159, 90, 250, 15))
2018-04-14 06:26:05.085949;(20, (200, 89, 290, 15))
2018-04-14 06:26:05.087619;(13, (149, 83, 233, 18))
2018-04-14 06:26:05.140583;(18, (670, 94, 765, 9))
2018-04-14 06:26:05.238230;(17, (145, 88, 234, 16))
2018-04-14 06:26:33.898924;(1, (0, 0, 0, 0))
2018-04-14 06:26:34.363069;(23, (0, 0, 0, 0))
2018-04-14 06:26:34.470044;(14, (337, 109, 447, 12))
2018-04-14 06:26:34.487397;(19, (113, 89, 203, 17))
2018-04-14 06:26:34.733759;(4, (36, 92, 129, 20))
2018-04-14 06:26:34.734385;(11, (0, 0, 0, 0))
2018-04-14 06:26:34.734997;(9, (172, 90, 263, 22))
2018-04-14 06:26:34.735423;(7, (127, 99, 227, 15))
2018-04-14 06:26:34.819948;(8, (150, 104, 255, 15))
2018-04-14 06:26:34.904315;(3, (0, 0, 0, 0))
2018-04-14 06:26:34.981965;(16, (65, 94, 160, 18))
2018-04-14 06:26:35.023555;(12, (159, 95, 255, 16))
2018-04-14 06:26:35.090835;(20, (200, 95, 296, 17))
2018-04-14 06:26:35.094195;(13, (149, 88, 238, 19))
2018-04-14 06:26:35.145868;(18, (672, 101, 774, 11))
2018-04-14 06:26:35.243945;(17, (145, 94, 240, 18))
2018-04-14 06:27:03.903773;(1, (0, 0, 0, 0))
2018-04-14 06:27:04.367365;(23, (0, 0, 0, 0))
2018-04-14 06:27:04.479052;(14, (337, 114, 452, 13))
2018-04-14 06:27:04.490633;(19, (113, 96, 210, 18))
2018-04-14 06:27:04.764601;(11, (0, 0, 0, 0))
2018-04-14 06:27:04.765476;(7, (127, 106, 234, 17))
2018-04-14 06:27:04.765819;(4, (36, 98, 135, 21))
2018-04-14 06:27:04.766927;(9, (172, 97, 270, 23))
2018-04-14 06:27:04.826023;(8, (150, 110, 261, 16))
2018-04-14 06:27:04.910962;(3, (0, 0, 0, 0))
2018-04-14 06:27:04.987761;(16, (65, 99, 165, 19))
2018-04-14 06:27:05.028118;(12, (159, 102, 262, 18))
2018-04-14 06:27:05.104352;(13, (149, 95, 245, 21))
2018-04-14 06:27:05.105850;(20, (200, 101, 302, 18))
2018-04-14 06:27:05.152408;(18, (672, 106, 779, 12))
2018-04-14 06:27:05.250491;(17, (145, 100, 246, 19))
2018-04-14 06:27:33.911130;(1, (0, 0, 0, 0))
2018-04-14 06:27:34.372108;(23, (0, 0, 0, 0))
2018-04-14 06:27:34.483427;(14, (337, 120, 458, 15))
2018-04-14 06:27:34.495197;(19, (113, 102, 216, 20))
2018-04-14 06:27:34.796058;(10, (3024, 93, 3117, 0))
2018-04-14 06:27:34.798574;(7, (127, 112, 240, 19))
2018-04-14 06:27:34.799737;(11, (0, 0, 0, 0))
2018-04-14 06:27:34.800369;(9, (172, 102, 275, 25))
2018-04-14 06:27:34.800629;(4, (36, 104, 141, 23))
2018-04-14 06:27:34.995414;(16, (65, 106, 172, 21))
2018-04-14 06:27:35.111693;(20, (200, 107, 308, 20))
2018-04-14 06:27:35.163915;(18, (672, 113, 786, 14))
2018-04-14 06:27:35.831644;(8, (150, 116, 267, 18))
2018-04-14 06:27:35.914795;(3, (0, 0, 0, 0))
2018-04-14 06:27:36.036201;(12, (159, 107, 267, 19))
2018-04-14 06:27:36.109942;(13, (149, 101, 251, 23))
2018-04-14 06:27:36.258180;(17, (145, 106, 252, 21))
2018-04-14 06:28:04.378209;(23, (0, 0, 0, 0))
2018-04-14 06:28:04.486846;(14, (337, 126, 464, 16))
2018-04-14 06:28:04.827133;(10, (3347, 93, 3440, 0))
2018-04-14 06:28:04.829607;(7, (127, 118, 246, 20))
2018-04-14 06:28:04.830859;(11, (0, 0, 0, 0))
2018-04-14 06:28:04.920420;(1, (0, 0, 0, 0))
2018-04-14 06:28:05.501585;(19, (113, 108, 222, 21))
2018-04-14 06:28:05.829741;(9, (172, 109, 282, 26))
2018-04-14 06:28:05.831091;(4, (36, 110, 147, 24))
2018-04-14 06:28:05.835173;(8, (150, 122, 273, 19))
2018-04-14 06:28:05.922659;(3, (0, 0, 0, 0))
2018-04-14 06:28:06.004316;(16, (65, 111, 177, 22))
2018-04-14 06:28:06.040230;(12, (159, 114, 274, 21))
2018-04-14 06:28:06.114755;(13, (149, 107, 257, 24))
2018-04-14 06:28:06.118069;(20, (200, 113, 314, 21))
2018-04-14 06:28:06.170329;(18, (672, 118, 791, 15))
2018-04-14 06:28:06.265871;(17, (145, 111, 257, 22))
2018-04-14 06:28:34.383535;(23, (0, 0, 0, 0))
2018-04-14 06:28:34.492235;(14, (337, 132, 470, 18))
2018-04-14 06:28:34.861533;(11, (0, 0, 0, 0))
2018-04-14 06:28:34.926418;(1, (0, 0, 0, 0))
2018-04-14 06:28:35.507113;(19, (113, 114, 228, 23))
2018-04-14 06:28:35.860064;(4, (36, 115, 152, 26))
2018-04-14 06:28:35.860682;(8, (150, 128, 279, 21))
2018-04-14 06:28:35.862027;(9, (172, 115, 288, 28))
2018-04-14 06:28:35.862124;(7, (127, 123, 251, 21))
2018-04-14 06:28:35.927518;(3, (0, 0, 0, 0))
2018-04-14 06:28:36.012388;(16, (65, 117, 183, 24))
2018-04-14 06:28:36.047747;(12, (159, 119, 279, 22))
2018-04-14 06:28:36.119738;(13, (149, 113, 263, 26))
2018-04-14 06:28:36.120057;(20, (200, 117, 318, 22))
2018-04-14 06:28:36.178561;(18, (672, 125, 798, 17))
2018-04-14 06:28:36.270971;(17, (145, 117, 263, 24))
2018-04-14 06:29:04.387882;(23, (0, 0, 0, 0))
2018-04-14 06:29:04.890199;(10, (3988, 93, 4082, 0))
2018-04-14 06:29:04.892268;(11, (0, 0, 0, 0))
2018-04-14 06:29:04.932209;(1, (0, 0, 0, 0))
2018-04-14 06:29:05.498519;(14, (337, 138, 476, 19))
2018-04-14 06:29:05.512423;(19, (113, 120, 234, 24))
2018-04-14 06:29:05.892332;(7, (127, 130, 258, 23))
2018-04-14 06:29:05.892976;(9, (172, 121, 294, 29))
2018-04-14 06:29:05.893856;(8, (150, 134, 285, 22))
2018-04-14 06:29:05.895446;(4, (36, 122, 159, 27))
2018-04-14 06:29:05.931119;(3, (0, 0, 0, 0))
2018-04-14 06:29:06.020447;(16, (65, 123, 189, 25))
2018-04-14 06:29:06.052076;(12, (159, 125, 285, 24))
2018-04-14 06:29:06.126855;(13, (149, 119, 269, 27))
2018-04-14 06:29:06.127796;(20, (200, 124, 325, 24))
2018-04-14 06:29:06.190769;(18, (672, 130, 803, 18))
2018-04-14 06:29:06.278039;(17, (145, 123, 269, 25))
2018-04-14 06:29:34.922908;(11, (0, 0, 0, 0))
2018-04-14 06:29:34.936341;(1, (0, 0, 0, 0))
2018-04-14 06:29:35.394875;(23, (0, 0, 0, 0))
2018-04-14 06:29:35.504042;(14, (337, 144, 482, 21))
2018-04-14 06:29:35.520723;(19, (113, 126, 240, 26))
2018-04-14 06:29:35.920168;(10, (4313, 93, 4407, 0))
2018-04-14 06:29:35.923546;(9, (172, 127, 300, 31))
2018-04-14 06:29:35.924431;(7, (127, 136, 264, 25))
2018-04-14 06:29:35.924906;(4, (36, 127, 164, 29))
2018-04-14 06:29:35.925873;(8, (150, 140, 291, 24))
2018-04-14 06:29:35.935160;(3, (0, 0, 0, 0))
2018-04-14 06:29:36.026088;(16, (65, 129, 195, 27))
2018-04-14 06:29:36.058410;(12, (159, 131, 291, 25))
2018-04-14 06:29:36.132299;(13, (149, 124, 274, 28))
2018-04-14 06:29:36.134061;(20, (200, 129, 330, 25))
2018-04-14 06:29:36.194919;(18, (672, 137, 810, 20))
2018-04-14 06:29:36.282667;(17, (145, 129, 275, 27))
2018-04-14 06:30:05.399859;(23, (0, 0, 0, 0))
2018-04-14 06:30:05.508335;(14, (337, 150, 488, 22))
2018-04-14 06:30:05.951736;(10, (4636, 93, 4729, 0))
2018-04-14 06:30:05.953854;(7, (127, 142, 270, 26))
2018-04-14 06:30:05.954013;(9, (172, 133, 306, 32))
2018-04-14 06:30:05.955825;(11, (0, 0, 0, 0))
2018-04-14 06:30:05.955984;(4, (36, 133, 170, 30))
2018-04-14 06:30:06.139156;(20, (200, 135, 336, 27))
2018-04-14 06:30:06.201570;(18, (672, 142, 815, 21))
2018-04-14 06:30:06.525504;(19, (113, 132, 246, 27))
2018-04-14 06:30:06.955464;(8, (150, 146, 297, 25))
2018-04-14 06:30:06.956033;(3, (0, 0, 0, 0))
2018-04-14 06:30:07.035500;(16, (65, 135, 201, 28))
2018-04-14 06:30:07.062235;(12, (159, 136, 296, 27))
2018-04-14 06:30:07.138207;(13, (149, 130, 280, 30))
2018-04-14 06:30:07.287119;(17, (145, 136, 282, 28))
2018-04-14 06:30:07.954955;(1, (0, 0, 0, 0))
2018-04-14 06:30:35.405498;(23, (0, 0, 0, 0))
2018-04-14 06:30:35.515191;(14, (337, 157, 495, 24))
2018-04-14 06:30:35.983095;(10, (4959, 93, 5052, 0))
2018-04-14 06:30:35.984896;(7, (127, 147, 275, 27))
2018-04-14 06:30:35.985134;(11, (0, 0, 0, 0))
2018-04-14 06:30:35.985448;(9, (172, 139, 312, 34))
2018-04-14 06:30:36.529968;(19, (113, 138, 252, 29))
2018-04-14 06:30:36.985950;(4, (36, 138, 175, 31))
2018-04-14 06:30:36.986570;(8, (150, 152, 303, 27))
2018-04-14 06:30:36.986851;(3, (0, 0, 0, 0))
2018-04-14 06:30:37.039803;(16, (65, 140, 206, 30))
2018-04-14 06:30:37.068349;(12, (159, 142, 302, 28))
2018-04-14 06:30:37.145943;(13, (149, 136, 286, 31))
2018-04-14 06:30:37.146437;(20, (200, 141, 342, 28))
2018-04-14 06:30:37.211834;(18, (672, 148, 821, 23))
2018-04-14 06:30:37.295896;(17, (145, 142, 288, 30))
2018-04-14 06:30:37.988544;(1, (0, 0, 0, 0))
2018-04-14 06:31:05.410022;(23, (0, 0, 0, 0))
2018-04-14 06:31:05.521587;(14, (337, 162, 500, 25))
2018-04-14 06:31:06.018165;(11, (0, 0, 0, 0))
2018-04-14 06:31:06.534071;(19, (113, 144, 258, 30))
2018-04-14 06:31:07.018852;(9, (172, 145, 318, 35))
2018-04-14 06:31:07.019500;(4, (36, 145, 182, 33))
2018-04-14 06:31:07.020000;(8, (150, 158, 309, 28))
2018-04-14 06:31:07.020197;(7, (127, 154, 282, 29))
2018-04-14 06:31:07.020090;(3, (0, 0, 0, 0))
2018-04-14 06:31:07.046728;(16, (65, 147, 213, 31))
2018-04-14 06:31:07.075534;(12, (159, 147, 307, 29))
2018-04-14 06:31:07.157618;(13, (149, 143, 293, 33))
2018-04-14 06:31:07.159371;(20, (200, 148, 349, 30))
2018-04-14 06:31:07.218837;(18, (672, 154, 827, 24))
2018-04-14 06:31:07.302617;(17, (145, 148, 294, 31))
2018-04-14 06:31:08.019306;(1, (0, 0, 0, 0))
2018-04-14 06:31:35.413993;(23, (0, 0, 0, 0))
2018-04-14 06:31:35.526357;(14, (337, 169, 507, 27))
2018-04-14 06:31:36.038307;(10, (5487, 98, 5585, 0))
2018-04-14 06:31:36.041483;(11, (0, 0, 0, 0))
2018-04-14 06:31:36.538408;(19, (113, 149, 263, 32))
2018-04-14 06:31:37.039006;(4, (36, 150, 187, 34))
2018-04-14 06:31:37.039698;(9, (172, 151, 324, 37))
2018-04-14 06:31:37.040009;(8, (150, 165, 316, 30))
2018-04-14 06:31:37.040359;(3, (0, 0, 0, 0))
2018-04-14 06:31:37.041691;(7, (127, 159, 287, 30))
2018-04-14 06:31:37.050163;(16, (65, 153, 219, 33))
2018-04-14 06:31:37.081495;(12, (159, 154, 314, 31))
2018-04-14 06:31:37.163271;(13, (149, 148, 298, 34))
2018-04-14 06:31:37.164489;(20, (200, 154, 355, 32))
2018-04-14 06:31:37.222705;(18, (672, 160, 833, 26))
2018-04-14 06:31:37.307550;(17, (145, 154, 300, 33))
2018-04-14 06:31:38.041105;(1, (0, 0, 0, 0))
2018-04-14 06:32:05.419664;(23, (0, 0, 0, 0))
2018-04-14 06:32:06.062635;(11, (0, 0, 0, 0))
2018-04-14 06:32:06.529846;(14, (337, 174, 512, 28))
2018-04-14 06:32:06.542435;(19, (113, 156, 270, 33))
2018-04-14 06:32:07.058900;(10, (5666, 103, 5770, 0))
2018-04-14 06:32:07.061548;(4, (36, 157, 194, 36))
2018-04-14 06:32:07.061940;(8, (150, 170, 321, 31))
2018-04-14 06:32:07.062912;(7, (127, 165, 293, 32))
2018-04-14 06:32:07.063533;(9, (172, 157, 330, 38))
2018-04-14 06:32:07.064397;(3, (0, 0, 0, 0))
2018-04-14 06:32:07.065441;(16, (65, 159, 225, 34))
2018-04-14 06:32:07.175179;(20, (200, 160, 361, 33))
2018-04-14 06:32:07.226646;(18, (672, 166, 839, 27))
2018-04-14 06:32:07.310812;(17, (145, 160, 306, 34))
2018-04-14 06:32:08.085915;(12, (159, 159, 319, 32))
2018-04-14 06:32:08.171675;(13, (149, 155, 305, 36))
2018-04-14 06:32:09.066582;(1, (0, 0, 0, 0))
2018-04-14 06:32:36.085752;(11, (0, 0, 0, 0))
2018-04-14 06:32:36.426582;(23, (0, 0, 0, 0))
2018-04-14 06:32:36.540198;(14, (337, 180, 518, 30))
2018-04-14 06:32:37.089491;(4, (36, 162, 199, 37))
2018-04-14 06:32:37.090179;(9, (172, 162, 335, 40))
2018-04-14 06:32:37.090519;(7, (127, 171, 299, 33))
2018-04-14 06:32:37.182036;(20, (200, 165, 366, 34))
2018-04-14 06:32:37.549881;(19, (113, 160, 274, 34))
2018-04-14 06:32:38.088341;(16, (65, 165, 231, 36))
2018-04-14 06:32:38.088547;(8, (150, 177, 328, 33))
2018-04-14 06:32:38.089491;(3, (0, 0, 0, 0))
2018-04-14 06:32:38.094479;(12, (159, 166, 326, 34))
2018-04-14 06:32:38.180539;(13, (149, 160, 310, 37))
2018-04-14 06:32:38.232294;(18, (672, 172, 845, 29))
2018-04-14 06:32:38.320457;(17, (145, 165, 311, 36))
2018-04-14 06:32:39.091103;(1, (0, 0, 0, 0))
2018-04-14 06:33:06.433631;(23, (0, 0, 0, 0))
2018-04-14 06:33:06.546965;(14, (337, 186, 524, 31))
2018-04-14 06:33:07.095279;(11, (0, 0, 0, 0))
2018-04-14 06:33:07.111369;(10, (6162, 110, 6273, 0))
2018-04-14 06:33:07.112763;(7, (127, 177, 305, 35))
2018-04-14 06:33:07.114749;(9, (172, 169, 342, 41))
2018-04-14 06:33:07.556313;(19, (113, 167, 281, 36))
2018-04-14 06:33:08.098027;(16, (65, 171, 237, 37))
2018-04-14 06:33:08.113671;(8, (150, 182, 333, 34))
2018-04-14 06:33:08.115310;(4, (36, 169, 206, 39))
2018-04-14 06:33:08.115630;(3, (0, 0, 0, 0))
2018-04-14 06:33:08.116653;(12, (159, 171, 331, 35))
2018-04-14 06:33:08.198575;(13, (149, 166, 316, 39))
2018-04-14 06:33:08.200003;(20, (200, 172, 373, 36))
2018-04-14 06:33:08.239908;(18, (672, 178, 851, 30))
2018-04-14 06:33:08.330344;(17, (145, 172, 318, 37))
2018-04-14 06:33:09.116334;(1, (0, 0, 0, 0))
2018-04-14 06:33:36.439605;(23, (0, 0, 0, 0))
2018-04-14 06:33:36.553539;(14, (337, 193, 531, 33))
2018-04-14 06:33:37.102724;(11, (0, 0, 0, 0))
2018-04-14 06:33:37.562739;(19, (113, 172, 286, 37))
2018-04-14 06:33:38.103915;(16, (65, 178, 244, 39))
2018-04-14 06:33:38.129583;(3, (0, 0, 0, 0))
2018-04-14 06:33:38.144510;(12, (159, 177, 337, 37))
2018-04-14 06:33:38.145728;(8, (150, 189, 340, 36))
2018-04-14 06:33:38.146745;(9, (172, 175, 348, 43))
2018-04-14 06:33:38.147040;(4, (36, 174, 211, 40))
2018-04-14 06:33:38.147308;(7, (127, 182, 310, 36))
2018-04-14 06:33:38.208177;(13, (149, 171, 321, 40))
2018-04-14 06:33:38.211126;(20, (200, 177, 378, 37))
2018-04-14 06:33:38.253745;(18, (672, 183, 856, 32))
2018-04-14 06:33:38.339847;(17, (145, 178, 324, 39))
2018-04-14 06:33:39.147721;(1, (0, 0, 0, 0))
2018-04-14 06:34:06.446910;(23, (0, 0, 0, 0))
2018-04-14 06:34:06.560076;(14, (337, 198, 536, 34))
2018-04-14 06:34:07.109802;(11, (0, 0, 0, 0))
2018-04-14 06:34:07.174167;(10, (6783, 111, 6894, 0))
2018-04-14 06:34:07.568030;(19, (113, 179, 293, 39))
2018-04-14 06:34:08.111270;(16, (65, 184, 250, 41))
2018-04-14 06:34:08.136069;(3, (0, 0, 0, 0))
2018-04-14 06:34:08.169920;(8, (150, 194, 345, 37))
2018-04-14 06:34:08.170780;(7, (127, 188, 316, 38))
2018-04-14 06:34:08.171102;(12, (159, 183, 343, 38))
2018-04-14 06:34:08.175695;(4, (36, 181, 218, 42))
2018-04-14 06:34:08.177444;(9, (172, 181, 354, 44))
2018-04-14 06:34:08.219178;(13, (149, 178, 328, 42))
2018-04-14 06:34:08.222765;(20, (200, 183, 384, 39))
2018-04-14 06:34:08.259533;(18, (672, 189, 862, 33))
2018-04-14 06:34:08.348351;(17, (145, 183, 329, 40))
2018-04-14 06:34:09.172297;(1, (0, 0, 0, 0))
2018-04-14 06:34:36.454518;(23, (0, 0, 0, 0))
2018-04-14 06:34:37.117475;(11, (0, 0, 0, 0))
2018-04-14 06:34:37.566235;(14, (337, 204, 542, 36))
2018-04-14 06:34:37.577497;(19, (113, 184, 298, 40))
2018-04-14 06:34:38.119645;(16, (65, 190, 256, 42))
2018-04-14 06:34:38.143393;(3, (0, 0, 0, 0))
2018-04-14 06:34:38.175231;(8, (150, 201, 352, 39))
2018-04-14 06:34:38.176242;(7, (127, 194, 322, 39))
2018-04-14 06:34:38.180211;(12, (159, 190, 350, 40))
2018-04-14 06:34:38.195339;(4, (36, 187, 224, 44))
2018-04-14 06:34:38.202623;(10, (7058, 113, 7172, 0))
2018-04-14 06:34:38.204312;(9, (172, 188, 361, 46))
2018-04-14 06:34:38.227662;(20, (200, 189, 390, 40))
2018-04-14 06:34:38.268312;(18, (672, 195, 868, 35))
2018-04-14 06:34:39.177950;(1, (0, 0, 0, 0))
2018-04-14 06:34:39.225467;(13, (149, 184, 334, 43))
2018-04-14 06:34:39.354052;(17, (145, 189, 335, 42))
2018-04-14 06:35:07.120249;(11, (0, 0, 0, 0))
2018-04-14 06:35:07.460359;(23, (0, 0, 0, 0))
2018-04-14 06:35:07.570872;(14, (337, 210, 548, 37))
2018-04-14 06:35:08.178733;(7, (127, 200, 328, 41))
2018-04-14 06:35:08.197532;(4, (36, 193, 230, 45))
2018-04-14 06:35:08.205547;(10, (7062, 120, 7183, 1))
2018-04-14 06:35:08.206870;(9, (172, 193, 366, 47))
2018-04-14 06:35:08.232438;(20, (200, 195, 396, 42))
2018-04-14 06:35:08.579744;(19, (113, 191, 305, 42))
2018-04-14 06:35:09.122439;(16, (65, 195, 261, 43))
2018-04-14 06:35:09.146999;(3, (0, 0, 0, 0))
2018-04-14 06:35:09.178731;(8, (150, 206, 357, 40))
2018-04-14 06:35:09.179730;(1, (0, 0, 0, 0))
2018-04-14 06:35:09.182489;(12, (159, 195, 355, 41))
2018-04-14 06:35:09.229942;(13, (149, 188, 338, 44))
2018-04-14 06:35:09.277433;(18, (672, 202, 875, 36))
2018-04-14 06:35:09.355922;(17, (145, 195, 341, 43))
