2018-04-18 06:52:49.702549;(25, 0, 43319, 253, 0, 0, 0, 0, 0, 0, 0, 0, 0, 0, 0, 0, 0, 0, 1, 0, 0)
2018-04-18 06:53:24.689643;(14, 0, 62450, 253, 0, 0, 0, 0, 0, 0, 0, 0, 0, 0, 0, 0, 0, 0, 1, 0, 0)
2018-04-18 07:02:36.963819;(9, 0, 13092, 253, 0, 0, 0, 0, 0, 0, 0, 0, 0, 0, 0, 0, 0, 0, 1, 0, 0)
2018-04-18 07:02:39.332493;(4, 0, 46615, 253, 0, 0, 0, 0, 0, 0, 0, 0, 0, 0, 0, 0, 0, 0, 1, 0, 0)
2018-04-18 07:02:44.140970;(12, 0, 52072, 253, 0, 0, 0, 0, 0, 0, 0, 0, 0, 0, 0, 0, 0, 0, 1, 0, 0)
2018-04-18 07:02:45.879641;(25, 0, 43450, 253, 0, 0, 0, 0, 0, 0, 0, 0, 0, 0, 0, 0, 0, 0, 1, 0, 0)
2018-04-18 07:02:46.854774;(14, 0, 62589, 253, 0, 0, 0, 0, 0, 0, 0, 0, 0, 0, 0, 0, 0, 0, 1, 0, 0)
2018-04-18 07:02:47.244307;(24, 0, 35491, 253, 0, 0, 0, 0, 0, 0, 0, 0, 0, 0, 0, 0, 0, 0, 1, 0, 0)
2018-04-18 07:02:53.236814;(5, 0, 56660, 253, 0, 0, 0, 0, 0, 0, 0, 0, 0, 0, 0, 0, 0, 0, 1, 0, 0)
2018-04-18 07:03:09.608200;(18, 0, 42563, 253, 0, 0, 0, 0, 0, 0, 0, 0, 0, 0, 0, 0, 0, 0, 1, 0, 0)
2018-04-18 07:03:28.891608;(25, 0, 43482, 253, 0, 0, 0, 0, 0, 0, 0, 0, 0, 0, 0, 0, 0, 0, 1, 0, 0)
2018-04-18 07:03:43.249072;(5, 0, 56695, 253, 0, 0, 0, 0, 0, 0, 0, 0, 0, 0, 0, 0, 0, 0, 1, 0, 0)
2018-04-18 07:12:41.499565;(4, 0, 46703, 253, 0, 0, 0, 0, 0, 0, 0, 0, 0, 0, 0, 0, 0, 0, 1, 0, 0)
2018-04-18 07:12:52.423232;(5, 0, 56784, 253, 0, 0, 0, 0, 0, 0, 0, 0, 0, 0, 0, 0, 0, 0, 1, 0, 0)
2018-04-18 07:12:53.777340;(19, 0, 35370, 253, 0, 0, 0, 0, 0, 0, 0, 0, 0, 0, 0, 0, 0, 0, 1, 0, 0)
2018-04-18 07:12:55.855770;(11, 0, 21445, 253, 0, 0, 0, 0, 0, 0, 0, 0, 0, 0, 0, 0, 0, 0, 1, 0, 0)
2018-04-18 07:12:56.431863;(24, 0, 35633, 253, 0, 0, 0, 0, 0, 0, 0, 0, 0, 0, 0, 0, 0, 0, 1, 0, 0)
2018-04-18 07:13:01.398771;(26, 0, 17086, 253, 0, 0, 0, 0, 0, 0, 0, 0, 0, 0, 0, 0, 0, 0, 1, 0, 0)
2018-04-18 07:13:33.865210;(11, 0, 21451, 253, 0, 0, 0, 0, 0, 0, 0, 0, 0, 0, 0, 0, 0, 0, 1, 0, 0)
2018-04-18 07:13:35.789351;(19, 0, 35420, 253, 0, 0, 0, 0, 0, 0, 0, 0, 0, 0, 0, 0, 0, 0, 1, 0, 0)
2018-04-18 07:13:42.074543;(25, 0, 43642, 253, 0, 0, 0, 0, 0, 0, 0, 0, 0, 0, 0, 0, 0, 0, 1, 0, 0)
2018-04-18 07:22:43.680997;(4, 0, 46847, 253, 0, 0, 0, 0, 0, 0, 0, 0, 0, 0, 0, 0, 0, 0, 1, 0, 0)
2018-04-18 07:22:45.499591;(10, 0, 2138, 253, 0, 0, 0, 0, 0, 0, 0, 0, 0, 0, 0, 0, 0, 0, 1, 0, 0)
2018-04-18 07:23:06.606498;(5, 0, 56941, 253, 0, 0, 0, 0, 0, 0, 0, 0, 0, 0, 0, 0, 0, 0, 1, 0, 0)
2018-04-18 07:23:07.205131;(14, 0, 62861, 253, 0, 0, 0, 0, 0, 0, 0, 0, 0, 0, 0, 0, 0, 0, 1, 0, 0)
2018-04-18 07:32:40.847101;(15, 0, 47303, 253, 0, 0, 0, 0, 0, 0, 0, 0, 0, 0, 0, 0, 0, 0, 1, 0, 0)
2018-04-18 07:32:44.004602;(8, 0, 62010, 253, 0, 0, 0, 0, 0, 0, 0, 0, 0, 0, 0, 0, 0, 0, 1, 0, 0)
2018-04-18 07:32:55.116403;(19, 0, 35634, 253, 0, 0, 0, 0, 0, 0, 0, 0, 0, 0, 0, 0, 0, 0, 1, 0, 0)
2018-04-18 07:32:55.792358;(24, 0, 35917, 253, 0, 0, 0, 0, 0, 0, 0, 0, 0, 0, 0, 0, 0, 0, 1, 0, 0)
2018-04-18 07:32:58.673095;(10, 0, 2285, 253, 0, 0, 0, 0, 0, 0, 0, 0, 0, 0, 0, 0, 0, 0, 1, 0, 0)
2018-04-18 07:33:28.800876;(24, 0, 35919, 253, 0, 0, 0, 0, 0, 0, 0, 0, 0, 0, 0, 0, 0, 0, 1, 0, 0)
2018-04-18 07:33:41.866840;(15, 0, 47371, 253, 0, 0, 0, 0, 0, 0, 0, 0, 0, 0, 0, 0, 0, 0, 1, 0, 0)
