2018-04-05 13:37:29.646901;(11, 0, 8285, 253, 0, 0, 0, 0, 0, 0, 0, 0, 0, 0, 0, 0, 0, 0, 1)
2018-04-05 13:37:40.434498;(19, 0, 10303, 253, 0, 0, 0, 0, 0, 0, 0, 0, 0, 0, 0, 0, 0, 0, 1)
2018-04-05 13:37:58.182571;(9, 0, 43769, 253, 0, 0, 0, 0, 0, 0, 0, 0, 0, 0, 0, 0, 0, 0, 1)
2018-04-05 13:38:04.158639;(14, 0, 52450, 253, 0, 0, 0, 0, 0, 0, 0, 0, 0, 0, 0, 0, 0, 0, 1)
2018-04-05 13:38:11.654109;(11, 0, 8309, 253, 0, 0, 0, 0, 0, 0, 0, 0, 0, 0, 0, 0, 0, 0, 1)
2018-04-05 13:38:45.660749;(11, 0, 8316, 253, 0, 0, 0, 0, 0, 0, 0, 0, 0, 0, 0, 0, 0, 0, 1)
2018-04-05 13:38:57.167783;(16, 0, 38099, 253, 0, 0, 0, 0, 0, 0, 0, 0, 0, 0, 0, 0, 0, 0, 1)
2018-04-05 13:39:00.166927;(14, 0, 52519, 253, 0, 0, 0, 0, 0, 0, 0, 0, 0, 0, 0, 0, 0, 0, 1)
2018-04-05 13:39:05.191397;(9, 0, 43839, 253, 0, 0, 0, 0, 0, 0, 0, 0, 0, 0, 0, 0, 0, 0, 1)
2018-04-05 13:39:22.666198;(11, 0, 8324, 253, 0, 0, 0, 0, 0, 0, 0, 0, 0, 0, 0, 0, 0, 0, 1)
2018-04-05 13:39:36.885664;(8, 0, 41543, 253, 0, 0, 0, 0, 0, 0, 0, 0, 0, 0, 0, 0, 0, 0, 1)
2018-04-05 13:39:43.175132;(16, 0, 38131, 253, 0, 0, 0, 0, 0, 0, 0, 0, 0, 0, 0, 0, 0, 0, 1)
2018-04-05 13:39:49.414035;(7, 0, 56156, 253, 0, 0, 0, 0, 0, 0, 0, 0, 0, 0, 0, 0, 0, 0, 1)
2018-04-05 13:39:55.376691;(6, 0, 24541, 253, 0, 0, 0, 0, 0, 0, 0, 0, 0, 0, 0, 0, 0, 0, 1)
2018-04-05 13:40:06.774857;(4, 0, 27499, 253, 0, 0, 0, 0, 0, 0, 0, 0, 0, 0, 0, 0, 0, 0, 1)
2018-04-05 13:40:12.670945;(11, 0, 8346, 253, 0, 0, 0, 0, 0, 0, 0, 0, 0, 0, 0, 0, 0, 0, 1)
2018-04-05 13:40:23.086638;(17, 0, 22372, 253, 0, 0, 0, 0, 0, 0, 0, 0, 0, 0, 0, 0, 0, 0, 1)
2018-04-05 13:40:27.185376;(16, 0, 38139, 253, 0, 0, 0, 0, 0, 0, 0, 0, 0, 0, 0, 0, 0, 0, 1)
2018-04-05 13:40:40.896067;(8, 0, 41582, 253, 0, 0, 0, 0, 0, 0, 0, 0, 0, 0, 0, 0, 0, 0, 1)
2018-04-05 13:40:41.846967;(12, 0, 17389, 253, 0, 0, 0, 0, 0, 0, 0, 0, 0, 0, 0, 0, 0, 0, 1)
2018-04-05 13:40:42.784302;(4, 0, 27506, 253, 0, 0, 0, 0, 0, 0, 0, 0, 0, 0, 0, 0, 0, 0, 1)
2018-04-05 13:40:54.799181;(13, 0, 7429, 253, 0, 0, 0, 0, 0, 0, 0, 0, 0, 0, 0, 0, 0, 0, 1)
2018-04-05 13:40:55.092875;(17, 0, 22385, 253, 0, 0, 0, 0, 0, 0, 0, 0, 0, 0, 0, 0, 0, 0, 1)
2018-04-05 13:40:57.686489;(11, 0, 8354, 253, 0, 0, 0, 0, 0, 0, 0, 0, 0, 0, 0, 0, 0, 0, 1)
2018-04-05 13:41:04.217840;(9, 0, 44048, 253, 0, 0, 0, 0, 0, 0, 0, 0, 0, 0, 0, 0, 0, 0, 1)
2018-04-05 13:41:18.338151;(18, 0, 60670, 253, 0, 0, 0, 0, 0, 0, 0, 0, 0, 0, 0, 0, 0, 0, 1)
2018-04-05 13:41:29.693509;(11, 0, 8380, 253, 0, 0, 0, 0, 0, 0, 0, 0, 0, 0, 0, 0, 0, 0, 1)
2018-04-05 13:41:31.099553;(17, 0, 22393, 253, 0, 0, 0, 0, 0, 0, 0, 0, 0, 0, 0, 0, 0, 0, 1)
2018-04-05 13:41:33.199131;(16, 0, 38169, 253, 0, 0, 0, 0, 0, 0, 0, 0, 0, 0, 0, 0, 0, 0, 1)
2018-04-05 13:41:46.865703;(12, 0, 17421, 253, 0, 0, 0, 0, 0, 0, 0, 0, 0, 0, 0, 0, 0, 0, 1)
2018-04-05 13:42:04.206215;(16, 0, 38177, 253, 0, 0, 0, 0, 0, 0, 0, 0, 0, 0, 0, 0, 0, 0, 1)
2018-04-05 13:42:09.113614;(17, 0, 22401, 253, 0, 0, 0, 0, 0, 0, 0, 0, 0, 0, 0, 0, 0, 0, 1)
2018-04-05 13:42:11.703054;(11, 0, 8406, 253, 0, 0, 0, 0, 0, 0, 0, 0, 0, 0, 0, 0, 0, 0, 1)
2018-04-05 13:42:14.926151;(8, 0, 41702, 253, 0, 0, 0, 0, 0, 0, 0, 0, 0, 0, 0, 0, 0, 0, 1)
2018-04-05 13:42:36.210642;(16, 0, 38185, 253, 0, 0, 0, 0, 0, 0, 0, 0, 0, 0, 0, 0, 0, 0, 1)
2018-04-05 13:42:41.118849;(17, 0, 22409, 253, 0, 0, 0, 0, 0, 0, 0, 0, 0, 0, 0, 0, 0, 0, 1)
2018-04-05 13:42:46.879082;(12, 0, 17492, 253, 0, 0, 0, 0, 0, 0, 0, 0, 0, 0, 0, 0, 0, 0, 1)
2018-04-05 13:43:19.129080;(17, 0, 22417, 253, 0, 0, 0, 0, 0, 0, 0, 0, 0, 0, 0, 0, 0, 0, 1)
2018-04-05 13:43:19.933529;(8, 0, 41751, 253, 0, 0, 0, 0, 0, 0, 0, 0, 0, 0, 0, 0, 0, 0, 1)
2018-04-05 13:43:32.252147;(9, 0, 44306, 253, 0, 0, 0, 0, 0, 0, 0, 0, 0, 0, 0, 0, 0, 0, 1)
2018-04-05 13:43:39.884346;(12, 0, 17514, 253, 0, 0, 0, 0, 0, 0, 0, 0, 0, 0, 0, 0, 0, 0, 1)
2018-04-05 13:44:01.139345;(17, 0, 22425, 253, 0, 0, 0, 0, 0, 0, 0, 0, 0, 0, 0, 0, 0, 0, 1)
2018-04-05 13:44:04.222017;(16, 0, 38247, 253, 0, 0, 0, 0, 0, 0, 0, 0, 0, 0, 0, 0, 0, 0, 1)
2018-04-05 13:44:09.257323;(9, 0, 44314, 253, 0, 0, 0, 0, 0, 0, 0, 0, 0, 0, 0, 0, 0, 0, 1)
2018-04-05 13:44:40.149473;(17, 0, 22438, 253, 0, 0, 0, 0, 0, 0, 0, 0, 0, 0, 0, 0, 0, 0, 1)
2018-04-05 13:44:43.225975;(16, 0, 38269, 253, 0, 0, 0, 0, 0, 0, 0, 0, 0, 0, 0, 0, 0, 0, 1)
2018-04-05 13:44:58.389431;(18, 0, 61217, 253, 0, 0, 0, 0, 0, 0, 0, 0, 0, 0, 0, 0, 0, 0, 1)
2018-04-05 13:45:00.729206;(11, 0, 8562, 253, 0, 0, 0, 0, 0, 0, 0, 0, 0, 0, 0, 0, 0, 0, 1)
2018-04-05 13:45:02.906313;(12, 0, 17668, 253, 0, 0, 0, 0, 0, 0, 0, 0, 0, 0, 0, 0, 0, 0, 1)
2018-04-05 13:45:15.158512;(17, 0, 22446, 253, 0, 0, 0, 0, 0, 0, 0, 0, 0, 0, 0, 0, 0, 0, 1)
2018-04-05 13:45:15.229688;(16, 0, 38276, 253, 0, 0, 0, 0, 0, 0, 0, 0, 0, 0, 0, 0, 0, 0, 1)
2018-04-05 13:45:19.494461;(7, 0, 56936, 253, 0, 0, 0, 0, 0, 0, 0, 0, 0, 0, 0, 0, 0, 0, 1)
2018-04-05 13:45:36.737067;(11, 0, 8569, 253, 0, 0, 0, 0, 0, 0, 0, 0, 0, 0, 0, 0, 0, 0, 1)
2018-04-05 13:45:39.469504;(20, 0, 28118, 253, 0, 0, 0, 0, 0, 0, 0, 0, 0, 0, 0, 0, 0, 0, 1)
2018-04-05 13:45:45.162309;(17, 0, 22454, 253, 0, 0, 0, 0, 0, 0, 0, 0, 0, 0, 0, 0, 0, 0, 1)
2018-04-05 13:45:57.233914;(16, 0, 38284, 253, 0, 0, 0, 0, 0, 0, 0, 0, 0, 0, 0, 0, 0, 0, 1)
2018-04-05 13:45:58.502320;(7, 0, 56944, 253, 0, 0, 0, 0, 0, 0, 0, 0, 0, 0, 0, 0, 0, 0, 1)
2018-04-05 13:46:08.741679;(11, 0, 8577, 253, 0, 0, 0, 0, 0, 0, 0, 0, 0, 0, 0, 0, 0, 0, 1)
2018-04-05 13:46:14.739700;(22, 0, 26461, 253, 0, 0, 0, 0, 0, 0, 0, 0, 0, 0, 0, 0, 0, 0, 1)
2018-04-05 13:46:17.474091;(20, 0, 28138, 253, 0, 0, 0, 0, 0, 0, 0, 0, 0, 0, 0, 0, 0, 0, 1)
2018-04-05 13:46:20.265825;(14, 0, 53573, 253, 0, 0, 0, 0, 0, 0, 0, 0, 0, 0, 0, 0, 0, 0, 1)
2018-04-05 13:46:20.277765;(9, 0, 44563, 253, 0, 0, 0, 0, 0, 0, 0, 0, 0, 0, 0, 0, 0, 0, 1)
2018-04-05 13:46:22.557473;(19, 0, 11495, 253, 0, 0, 0, 0, 0, 0, 0, 0, 0, 0, 0, 0, 0, 0, 1)
2018-04-05 13:46:22.919386;(12, 0, 17802, 253, 0, 0, 0, 0, 0, 0, 0, 0, 0, 0, 0, 0, 0, 0, 1)
2018-04-05 13:46:25.964326;(8, 0, 42049, 253, 0, 0, 0, 0, 0, 0, 0, 0, 0, 0, 0, 0, 0, 0, 1)
2018-04-05 13:46:28.169125;(17, 0, 22462, 253, 0, 0, 0, 0, 0, 0, 0, 0, 0, 0, 0, 0, 0, 0, 1)
2018-04-05 13:46:37.236485;(16, 0, 38297, 253, 0, 0, 0, 0, 0, 0, 0, 0, 0, 0, 0, 0, 0, 0, 1)
2018-04-05 13:46:43.508475;(7, 0, 56957, 253, 0, 0, 0, 0, 0, 0, 0, 0, 0, 0, 0, 0, 0, 0, 1)
2018-04-05 13:46:43.747447;(11, 0, 8585, 253, 0, 0, 0, 0, 0, 0, 0, 0, 0, 0, 0, 0, 0, 0, 1)
2018-04-05 13:46:53.562416;(19, 0, 11503, 253, 0, 0, 0, 0, 0, 0, 0, 0, 0, 0, 0, 0, 0, 0, 1)
2018-04-05 13:46:56.922826;(12, 0, 17808, 253, 0, 0, 0, 0, 0, 0, 0, 0, 0, 0, 0, 0, 0, 0, 1)
2018-04-05 13:46:57.268576;(14, 0, 53597, 253, 0, 0, 0, 0, 0, 0, 0, 0, 0, 0, 0, 0, 0, 0, 1)
2018-04-05 13:47:00.175034;(17, 0, 22475, 253, 0, 0, 0, 0, 0, 0, 0, 0, 0, 0, 0, 0, 0, 0, 1)
2018-04-05 13:47:02.969827;(8, 0, 42061, 253, 0, 0, 0, 0, 0, 0, 0, 0, 0, 0, 0, 0, 0, 0, 1)
2018-04-05 13:47:13.182806;(3, 0, 27459, 253, 0, 0, 0, 0, 0, 0, 0, 0, 0, 0, 0, 0, 0, 0, 1)
2018-04-05 13:47:18.751453;(22, 0, 26552, 253, 0, 0, 0, 0, 0, 0, 0, 0, 0, 0, 0, 0, 0, 0, 1)
2018-04-05 13:47:20.239359;(16, 0, 38305, 253, 0, 0, 0, 0, 0, 0, 0, 0, 0, 0, 0, 0, 0, 0, 1)
2018-04-05 13:47:22.513358;(7, 0, 56965, 253, 0, 0, 0, 0, 0, 0, 0, 0, 0, 0, 0, 0, 0, 0, 1)
2018-04-05 13:47:22.750503;(11, 0, 8593, 253, 0, 0, 0, 0, 0, 0, 0, 0, 0, 0, 0, 0, 0, 0, 1)
2018-04-05 13:47:26.565769;(19, 0, 11511, 253, 0, 0, 0, 0, 0, 0, 0, 0, 0, 0, 0, 0, 0, 0, 1)
2018-04-05 13:47:35.926461;(12, 0, 17819, 253, 0, 0, 0, 0, 0, 0, 0, 0, 0, 0, 0, 0, 0, 0, 1)
2018-04-05 13:47:42.483024;(20, 0, 28195, 253, 0, 0, 0, 0, 0, 0, 0, 0, 0, 0, 0, 0, 0, 0, 1)
2018-04-05 13:47:43.179812;(17, 0, 22483, 253, 0, 0, 0, 0, 0, 0, 0, 0, 0, 0, 0, 0, 0, 0, 1)
2018-04-05 13:47:50.186998;(3, 0, 27482, 253, 0, 0, 0, 0, 0, 0, 0, 0, 0, 0, 0, 0, 0, 0, 1)
2018-04-05 13:47:56.290796;(9, 0, 44737, 253, 0, 0, 0, 0, 0, 0, 0, 0, 0, 0, 0, 0, 0, 0, 1)
2018-04-05 13:47:57.517380;(7, 0, 56974, 253, 0, 0, 0, 0, 0, 0, 0, 0, 0, 0, 0, 0, 0, 0, 1)
2018-04-05 13:48:00.568699;(19, 0, 11523, 253, 0, 0, 0, 0, 0, 0, 0, 0, 0, 0, 0, 0, 0, 0, 1)
2018-04-05 13:48:00.757373;(11, 0, 8621, 253, 0, 0, 0, 0, 0, 0, 0, 0, 0, 0, 0, 0, 0, 0, 1)
2018-04-05 13:48:07.245148;(16, 0, 38321, 253, 0, 0, 0, 0, 0, 0, 0, 0, 0, 0, 0, 0, 0, 0, 1)
2018-04-05 13:48:07.898838;(13, 0, 8657, 253, 0, 0, 0, 0, 0, 0, 0, 0, 0, 0, 0, 0, 0, 0, 1)
2018-04-05 13:48:22.980328;(8, 0, 42116, 253, 0, 0, 0, 0, 0, 0, 0, 0, 0, 0, 0, 0, 0, 0, 1)
2018-04-05 13:48:27.190853;(3, 0, 27497, 253, 0, 0, 0, 0, 0, 0, 0, 0, 0, 0, 0, 0, 0, 0, 1)
2018-04-05 13:48:28.188180;(17, 0, 22491, 253, 0, 0, 0, 0, 0, 0, 0, 0, 0, 0, 0, 0, 0, 0, 1)
2018-04-05 13:48:35.295500;(9, 0, 44749, 253, 0, 0, 0, 0, 0, 0, 0, 0, 0, 0, 0, 0, 0, 0, 1)
2018-04-05 13:48:36.278485;(14, 0, 53675, 253, 0, 0, 0, 0, 0, 0, 0, 0, 0, 0, 0, 0, 0, 0, 1)
2018-04-05 13:48:48.774509;(22, 0, 26642, 253, 0, 0, 0, 0, 0, 0, 0, 0, 0, 0, 0, 0, 0, 0, 1)
2018-04-05 13:48:59.190700;(17, 0, 22504, 253, 0, 0, 0, 0, 0, 0, 0, 0, 0, 0, 0, 0, 0, 0, 1)
2018-04-05 13:49:03.575191;(19, 0, 11550, 253, 0, 0, 0, 0, 0, 0, 0, 0, 0, 0, 0, 0, 0, 0, 1)
2018-04-05 13:49:15.945197;(12, 0, 17952, 253, 0, 0, 0, 0, 0, 0, 0, 0, 0, 0, 0, 0, 0, 0, 1)
2018-04-05 13:49:15.985270;(8, 0, 42154, 253, 0, 0, 0, 0, 0, 0, 0, 0, 0, 0, 0, 0, 0, 0, 1)
2018-04-05 13:49:16.777170;(11, 0, 8754, 253, 0, 0, 0, 0, 0, 0, 0, 0, 0, 0, 0, 0, 0, 0, 1)
2018-04-05 13:49:17.964671;(10, 0, 1431, 253, 0, 0, 0, 0, 0, 0, 0, 0, 0, 0, 0, 0, 0, 0, 1)
2018-04-05 13:49:19.527480;(7, 0, 57030, 253, 0, 0, 0, 0, 0, 0, 0, 0, 0, 0, 0, 0, 0, 0, 1)
2018-04-05 13:49:20.258424;(16, 0, 38397, 253, 0, 0, 0, 0, 0, 0, 0, 0, 0, 0, 0, 0, 0, 0, 1)
2018-04-05 13:49:20.901413;(4, 0, 28756, 253, 0, 0, 0, 0, 0, 0, 0, 0, 0, 0, 0, 0, 0, 0, 1)
2018-04-05 13:49:24.910108;(13, 0, 8730, 253, 0, 0, 0, 0, 0, 0, 0, 0, 0, 0, 0, 0, 0, 0, 1)
2018-04-05 13:49:31.779595;(22, 0, 26665, 253, 0, 0, 0, 0, 0, 0, 0, 0, 0, 0, 0, 0, 0, 0, 1)
2018-04-05 13:49:38.194225;(17, 0, 22512, 253, 0, 0, 0, 0, 0, 0, 0, 0, 0, 0, 0, 0, 0, 0, 1)
2018-04-05 13:49:38.579348;(19, 0, 11562, 253, 0, 0, 0, 0, 0, 0, 0, 0, 0, 0, 0, 0, 0, 0, 1)
2018-04-05 13:49:52.785065;(11, 0, 8765, 253, 0, 0, 0, 0, 0, 0, 0, 0, 0, 0, 0, 0, 0, 0, 1)
2018-04-05 13:49:54.950517;(12, 0, 17958, 253, 0, 0, 0, 0, 0, 0, 0, 0, 0, 0, 0, 0, 0, 0, 1)
2018-04-05 13:49:58.507779;(20, 0, 28359, 253, 0, 0, 0, 0, 0, 0, 0, 0, 0, 0, 0, 0, 0, 0, 1)
2018-04-05 13:50:11.310517;(9, 0, 44905, 253, 0, 0, 0, 0, 0, 0, 0, 0, 0, 0, 0, 0, 0, 0, 1)
2018-04-05 13:50:17.509689;(6, 0, 26096, 253, 0, 0, 0, 0, 0, 0, 0, 0, 0, 0, 0, 0, 0, 0, 1)
2018-04-05 13:50:18.198189;(17, 0, 22520, 253, 0, 0, 0, 0, 0, 0, 0, 0, 0, 0, 0, 0, 0, 0, 1)
2018-04-05 13:50:19.290259;(14, 0, 53756, 253, 0, 0, 0, 0, 0, 0, 0, 0, 0, 0, 0, 0, 0, 0, 1)
2018-04-05 13:50:20.264209;(16, 0, 38413, 253, 0, 0, 0, 0, 0, 0, 0, 0, 0, 0, 0, 0, 0, 0, 1)
2018-04-05 13:50:20.585500;(19, 0, 11570, 253, 0, 0, 0, 0, 0, 0, 0, 0, 0, 0, 0, 0, 0, 0, 1)
2018-04-05 13:50:23.996238;(8, 0, 42217, 253, 0, 0, 0, 0, 0, 0, 0, 0, 0, 0, 0, 0, 0, 0, 1)
2018-04-05 13:50:37.962033;(12, 0, 17972, 253, 0, 0, 0, 0, 0, 0, 0, 0, 0, 0, 0, 0, 0, 0, 1)
2018-04-05 13:50:51.201689;(17, 0, 22528, 253, 0, 0, 0, 0, 0, 0, 0, 0, 0, 0, 0, 0, 0, 0, 1)
2018-04-05 13:50:56.591314;(19, 0, 11578, 253, 0, 0, 0, 0, 0, 0, 0, 0, 0, 0, 0, 0, 0, 0, 1)
2018-04-05 13:51:01.269251;(16, 0, 38441, 253, 0, 0, 0, 0, 0, 0, 0, 0, 0, 0, 0, 0, 0, 0, 1)
2018-04-05 13:51:09.965138;(12, 0, 17979, 253, 0, 0, 0, 0, 0, 0, 0, 0, 0, 0, 0, 0, 0, 0, 1)
2018-04-05 13:51:11.803301;(11, 0, 8802, 253, 0, 0, 0, 0, 0, 0, 0, 0, 0, 0, 0, 0, 0, 0, 1)
2018-04-05 13:51:20.523494;(20, 0, 28442, 253, 0, 0, 0, 0, 0, 0, 0, 0, 0, 0, 0, 0, 0, 0, 1)
2018-04-05 13:51:21.005620;(8, 0, 42258, 253, 0, 0, 0, 0, 0, 0, 0, 0, 0, 0, 0, 0, 0, 0, 1)
2018-04-05 13:51:22.318444;(9, 0, 44958, 253, 0, 0, 0, 0, 0, 0, 0, 0, 0, 0, 0, 0, 0, 0, 1)
2018-04-05 13:51:26.205682;(17, 0, 22536, 253, 0, 0, 0, 0, 0, 0, 0, 0, 0, 0, 0, 0, 0, 0, 1)
2018-04-05 13:51:31.927724;(13, 0, 8931, 253, 0, 0, 0, 0, 0, 0, 0, 0, 0, 0, 0, 0, 0, 0, 1)
2018-04-05 13:51:34.525208;(6, 0, 26228, 253, 0, 0, 0, 0, 0, 0, 0, 0, 0, 0, 0, 0, 0, 0, 1)
2018-04-05 13:51:34.594563;(19, 0, 11591, 253, 0, 0, 0, 0, 0, 0, 0, 0, 0, 0, 0, 0, 0, 0, 1)
2018-04-05 13:51:36.271735;(16, 0, 38449, 253, 0, 0, 0, 0, 0, 0, 0, 0, 0, 0, 0, 0, 0, 0, 1)
2018-04-05 13:51:47.969089;(12, 0, 17986, 253, 0, 0, 0, 0, 0, 0, 0, 0, 0, 0, 0, 0, 0, 0, 1)
2018-04-05 13:51:51.923242;(4, 0, 29045, 253, 0, 0, 0, 0, 0, 0, 0, 0, 0, 0, 0, 0, 0, 0, 1)
2018-04-05 13:51:52.986278;(10, 0, 1700, 253, 0, 0, 0, 0, 0, 0, 0, 0, 0, 0, 0, 0, 0, 0, 1)
2018-04-05 13:51:54.811821;(11, 0, 8809, 253, 0, 0, 0, 0, 0, 0, 0, 0, 0, 0, 0, 0, 0, 0, 1)
2018-04-05 13:52:01.012222;(8, 0, 42268, 253, 0, 0, 0, 0, 0, 0, 0, 0, 0, 0, 0, 0, 0, 0, 1)
2018-04-05 13:52:01.214449;(17, 0, 22545, 253, 0, 0, 0, 0, 0, 0, 0, 0, 0, 0, 0, 0, 0, 0, 1)
2018-04-05 13:52:03.322315;(9, 0, 44965, 253, 0, 0, 0, 0, 0, 0, 0, 0, 0, 0, 0, 0, 0, 0, 1)
2018-04-05 13:52:08.931821;(13, 0, 8948, 253, 0, 0, 0, 0, 0, 0, 0, 0, 0, 0, 0, 0, 0, 0, 1)
2018-04-05 13:52:10.274920;(16, 0, 38466, 253, 0, 0, 0, 0, 0, 0, 0, 0, 0, 0, 0, 0, 0, 0, 1)
2018-04-05 13:52:13.039715;(21, 0, 749, 253, 0, 0, 0, 0, 0, 0, 0, 0, 0, 0, 0, 0, 0, 0, 1)
2018-04-05 13:52:13.597936;(19, 0, 11599, 253, 0, 0, 0, 0, 0, 0, 0, 0, 0, 0, 0, 0, 0, 0, 1)
2018-04-05 13:52:15.531338;(6, 0, 26235, 253, 0, 0, 0, 0, 0, 0, 0, 0, 0, 0, 0, 0, 0, 0, 1)
2018-04-05 13:52:22.926461;(4, 0, 29052, 253, 0, 0, 0, 0, 0, 0, 0, 0, 0, 0, 0, 0, 0, 0, 1)
2018-04-05 13:52:25.820026;(11, 0, 8818, 253, 0, 0, 0, 0, 0, 0, 0, 0, 0, 0, 0, 0, 0, 0, 1)
2018-04-05 13:52:32.310475;(14, 0, 53949, 253, 0, 0, 0, 0, 0, 0, 0, 0, 0, 0, 0, 0, 0, 0, 1)
2018-04-05 13:52:37.537658;(20, 0, 28545, 253, 0, 0, 0, 0, 0, 0, 0, 0, 0, 0, 0, 0, 0, 0, 1)
2018-04-05 13:52:42.825090;(22, 0, 26951, 253, 0, 0, 0, 0, 0, 0, 0, 0, 0, 0, 0, 0, 0, 0, 1)
2018-04-05 13:52:43.217933;(17, 0, 22557, 253, 0, 0, 0, 0, 0, 0, 0, 0, 0, 0, 0, 0, 0, 0, 1)
2018-04-05 13:52:44.014900;(8, 0, 42281, 253, 0, 0, 0, 0, 0, 0, 0, 0, 0, 0, 0, 0, 0, 0, 1)
2018-04-05 13:52:44.325718;(9, 0, 44978, 253, 0, 0, 0, 0, 0, 0, 0, 0, 0, 0, 0, 0, 0, 0, 1)
2018-04-05 13:52:45.563572;(7, 0, 57360, 253, 0, 0, 0, 0, 0, 0, 0, 0, 0, 0, 0, 0, 0, 0, 1)
2018-04-05 13:52:46.974874;(12, 0, 18000, 253, 0, 0, 0, 0, 0, 0, 0, 0, 0, 0, 0, 0, 0, 0, 1)
2018-04-05 13:52:47.601895;(19, 0, 11607, 253, 0, 0, 0, 0, 0, 0, 0, 0, 0, 0, 0, 0, 0, 0, 1)
2018-04-05 13:52:51.935339;(13, 0, 8956, 253, 0, 0, 0, 0, 0, 0, 0, 0, 0, 0, 0, 0, 0, 0, 1)
2018-04-05 13:52:52.278074;(16, 0, 38474, 253, 0, 0, 0, 0, 0, 0, 0, 0, 0, 0, 0, 0, 0, 0, 1)
