2018-04-04 17:51:28.260104;(7, 0, 8866, 253, 0, 0, 0, 0, 0, 0, 0, 0, 0, 0, 0, 0, 0, 0, 1)
2018-04-04 17:51:51.043950;(6, 0, 15514, 253, 0, 0, 0, 0, 0, 0, 0, 0, 0, 0, 0, 0, 0, 0, 1)
2018-04-04 17:52:17.049613;(6, 0, 15546, 253, 0, 0, 0, 0, 0, 0, 0, 0, 0, 0, 0, 0, 0, 0, 1)
2018-04-04 17:52:31.050422;(6, 0, 15553, 253, 0, 0, 0, 0, 0, 0, 0, 0, 0, 0, 0, 0, 0, 0, 1)
2018-04-04 17:52:37.965368;(18, 0, 12670, 253, 0, 0, 0, 0, 0, 0, 0, 0, 0, 0, 0, 0, 0, 0, 1)
2018-04-04 17:52:39.397971;(3, 0, 43153, 253, 0, 0, 0, 0, 0, 0, 0, 0, 0, 0, 0, 0, 0, 0, 1)
2018-04-04 17:52:40.358913;(11, 0, 32341, 253, 0, 0, 0, 0, 0, 0, 0, 0, 0, 0, 0, 0, 0, 0, 1)
2018-04-04 17:52:48.271693;(7, 0, 8974, 253, 0, 0, 0, 0, 0, 0, 0, 0, 0, 0, 0, 0, 0, 0, 1)
2018-04-04 17:52:52.517466;(12, 0, 54757, 253, 0, 0, 0, 0, 0, 0, 0, 0, 0, 0, 0, 0, 0, 0, 1)
2018-04-04 17:52:53.967069;(18, 0, 12672, 253, 0, 0, 0, 0, 0, 0, 0, 0, 0, 0, 0, 0, 0, 0, 1)
2018-04-04 17:52:55.514513;(17, 0, 12996, 253, 0, 0, 0, 0, 0, 0, 0, 0, 0, 0, 0, 0, 0, 0, 1)
2018-04-04 17:52:57.193927;(19, 0, 38098, 253, 0, 0, 0, 0, 0, 0, 0, 0, 0, 0, 0, 0, 0, 0, 1)
2018-04-04 17:52:58.054188;(6, 0, 15565, 253, 0, 0, 0, 0, 0, 0, 0, 0, 0, 0, 0, 0, 0, 0, 1)
2018-04-04 17:53:09.878469;(16, 0, 49526, 253, 0, 0, 0, 0, 0, 0, 0, 0, 0, 0, 0, 0, 0, 0, 1)
2018-04-04 17:53:11.195207;(19, 0, 38118, 253, 0, 0, 0, 0, 0, 0, 0, 0, 0, 0, 0, 0, 0, 0, 1)
2018-04-04 17:53:15.055594;(6, 0, 15582, 253, 0, 0, 0, 0, 0, 0, 0, 0, 0, 0, 0, 0, 0, 0, 1)
2018-04-04 17:53:15.970321;(18, 0, 12708, 253, 0, 0, 0, 0, 0, 0, 0, 0, 0, 0, 0, 0, 0, 0, 1)
2018-04-04 17:53:18.879459;(16, 0, 49534, 253, 0, 0, 0, 0, 0, 0, 0, 0, 0, 0, 0, 0, 0, 0, 1)
2018-04-04 17:53:20.365127;(11, 0, 32387, 253, 0, 0, 0, 0, 0, 0, 0, 0, 0, 0, 0, 0, 0, 0, 1)
2018-04-04 17:53:25.057544;(6, 0, 15585, 253, 0, 0, 0, 0, 0, 0, 0, 0, 0, 0, 0, 0, 0, 0, 1)
2018-04-04 17:53:42.325921;(8, 0, 3884, 253, 0, 0, 0, 0, 0, 0, 0, 0, 0, 0, 0, 0, 0, 0, 1)
2018-04-04 17:53:46.379487;(20, 0, 21583, 253, 0, 0, 0, 0, 0, 0, 0, 0, 0, 0, 0, 0, 0, 0, 1)
2018-04-04 17:53:47.061909;(6, 0, 15617, 253, 0, 0, 0, 0, 0, 0, 0, 0, 0, 0, 0, 0, 0, 0, 1)
2018-04-04 17:53:50.368125;(11, 0, 32398, 253, 0, 0, 0, 0, 0, 0, 0, 0, 0, 0, 0, 0, 0, 0, 1)
2018-04-04 17:53:57.063775;(6, 0, 15625, 253, 0, 0, 0, 0, 0, 0, 0, 0, 0, 0, 0, 0, 0, 0, 1)
2018-04-04 17:54:00.974547;(18, 0, 12734, 253, 0, 0, 0, 0, 0, 0, 0, 0, 0, 0, 0, 0, 0, 0, 1)
2018-04-04 17:54:07.065598;(6, 0, 15628, 253, 0, 0, 0, 0, 0, 0, 0, 0, 0, 0, 0, 0, 0, 0, 1)
2018-04-04 17:54:17.067106;(6, 0, 15631, 253, 0, 0, 0, 0, 0, 0, 0, 0, 0, 0, 0, 0, 0, 0, 1)
2018-04-04 17:54:27.070020;(6, 0, 15639, 253, 0, 0, 0, 0, 0, 0, 0, 0, 0, 0, 0, 0, 0, 0, 1)
2018-04-04 17:54:30.963902;(9, 0, 37164, 253, 0, 0, 0, 0, 0, 0, 0, 0, 0, 0, 0, 0, 0, 0, 1)
2018-04-04 17:54:37.070891;(6, 0, 15642, 253, 0, 0, 0, 0, 0, 0, 0, 0, 0, 0, 0, 0, 0, 0, 1)
2018-04-04 17:54:44.853456;(13, 0, 249, 253, 0, 0, 0, 0, 0, 0, 0, 0, 0, 0, 0, 0, 0, 0, 1)
2018-04-04 17:54:46.965965;(9, 0, 37166, 253, 0, 0, 0, 0, 0, 0, 0, 0, 0, 0, 0, 0, 0, 0, 1)
2018-04-04 17:54:47.071980;(6, 0, 15645, 253, 0, 0, 0, 0, 0, 0, 0, 0, 0, 0, 0, 0, 0, 0, 1)
2018-04-04 17:54:50.789909;(4, 0, 5096, 253, 0, 0, 0, 0, 0, 0, 0, 0, 0, 0, 0, 0, 0, 0, 1)
2018-04-04 17:54:55.966687;(9, 0, 37174, 253, 0, 0, 0, 0, 0, 0, 0, 0, 0, 0, 0, 0, 0, 0, 1)
2018-04-04 17:54:57.073554;(6, 0, 15653, 253, 0, 0, 0, 0, 0, 0, 0, 0, 0, 0, 0, 0, 0, 0, 1)
2018-04-04 17:54:57.854835;(13, 0, 251, 253, 0, 0, 0, 0, 0, 0, 0, 0, 0, 0, 0, 0, 0, 0, 1)
2018-04-04 17:54:58.790465;(4, 0, 5102, 253, 0, 0, 0, 0, 0, 0, 0, 0, 0, 0, 0, 0, 0, 0, 1)
2018-04-04 17:54:59.893556;(16, 0, 49649, 253, 0, 0, 0, 0, 0, 0, 0, 0, 0, 0, 0, 0, 0, 0, 1)
2018-04-04 17:55:03.535232;(12, 0, 54945, 253, 0, 0, 0, 0, 0, 0, 0, 0, 0, 0, 0, 0, 0, 0, 1)
2018-04-04 17:55:05.855327;(13, 0, 259, 253, 0, 0, 0, 0, 0, 0, 0, 0, 0, 0, 0, 0, 0, 0, 1)
2018-04-04 17:55:05.967312;(9, 0, 37177, 253, 0, 0, 0, 0, 0, 0, 0, 0, 0, 0, 0, 0, 0, 0, 1)
2018-04-04 17:55:07.074243;(6, 0, 15656, 253, 0, 0, 0, 0, 0, 0, 0, 0, 0, 0, 0, 0, 0, 0, 1)
2018-04-04 17:55:08.791054;(4, 0, 5105, 253, 0, 0, 0, 0, 0, 0, 0, 0, 0, 0, 0, 0, 0, 0, 1)
2018-04-04 17:55:15.302349;(7, 0, 9209, 253, 0, 0, 0, 0, 0, 0, 0, 0, 0, 0, 0, 0, 0, 0, 1)
2018-04-04 17:55:15.968297;(9, 0, 37180, 253, 0, 0, 0, 0, 0, 0, 0, 0, 0, 0, 0, 0, 0, 0, 1)
2018-04-04 17:55:16.861088;(13, 0, 262, 253, 0, 0, 0, 0, 0, 0, 0, 0, 0, 0, 0, 0, 0, 0, 1)
2018-04-04 17:55:17.075263;(6, 0, 15659, 253, 0, 0, 0, 0, 0, 0, 0, 0, 0, 0, 0, 0, 0, 0, 1)
2018-04-04 17:55:17.214800;(19, 0, 38303, 253, 0, 0, 0, 0, 0, 0, 0, 0, 0, 0, 0, 0, 0, 0, 1)
2018-04-04 17:55:18.342932;(8, 0, 4029, 253, 0, 0, 0, 0, 0, 0, 0, 0, 0, 0, 0, 0, 0, 0, 1)
2018-04-04 17:55:19.532258;(17, 0, 13207, 253, 0, 0, 0, 0, 0, 0, 0, 0, 0, 0, 0, 0, 0, 0, 1)
2018-04-04 17:55:19.792025;(4, 0, 5108, 253, 0, 0, 0, 0, 0, 0, 0, 0, 0, 0, 0, 0, 0, 0, 1)
2018-04-04 17:55:21.383180;(11, 0, 32528, 253, 0, 0, 0, 0, 0, 0, 0, 0, 0, 0, 0, 0, 0, 0, 1)
2018-04-04 17:55:25.390561;(20, 0, 21715, 253, 0, 0, 0, 0, 0, 0, 0, 0, 0, 0, 0, 0, 0, 0, 1)
2018-04-04 17:55:26.969652;(9, 0, 37188, 253, 0, 0, 0, 0, 0, 0, 0, 0, 0, 0, 0, 0, 0, 0, 1)
2018-04-04 17:55:27.077518;(6, 0, 15667, 253, 0, 0, 0, 0, 0, 0, 0, 0, 0, 0, 0, 0, 0, 0, 1)
2018-04-04 17:55:37.078343;(6, 0, 15670, 253, 0, 0, 0, 0, 0, 0, 0, 0, 0, 0, 0, 0, 0, 0, 1)
2018-04-04 17:55:47.079410;(6, 0, 15673, 253, 0, 0, 0, 0, 0, 0, 0, 0, 0, 0, 0, 0, 0, 0, 1)
2018-04-04 17:55:48.648534;(14, 0, 34166, 253, 0, 0, 0, 0, 0, 0, 0, 0, 0, 0, 0, 0, 0, 0, 1)
2018-04-04 17:55:58.081470;(6, 0, 15681, 253, 0, 0, 0, 0, 0, 0, 0, 0, 0, 0, 0, 0, 0, 0, 1)
2018-04-04 17:56:01.974146;(9, 0, 37242, 253, 0, 0, 0, 0, 0, 0, 0, 0, 0, 0, 0, 0, 0, 0, 1)
2018-04-04 17:56:02.901245;(16, 0, 49715, 253, 0, 0, 0, 0, 0, 0, 0, 0, 0, 0, 0, 0, 0, 0, 1)
2018-04-04 17:56:07.082226;(6, 0, 15684, 253, 0, 0, 0, 0, 0, 0, 0, 0, 0, 0, 0, 0, 0, 0, 1)
2018-04-04 17:56:07.390078;(11, 0, 32589, 253, 0, 0, 0, 0, 0, 0, 0, 0, 0, 0, 0, 0, 0, 0, 1)
2018-04-04 17:56:07.650498;(14, 0, 34195, 253, 0, 0, 0, 0, 0, 0, 0, 0, 0, 0, 0, 0, 0, 0, 1)
2018-04-04 17:56:12.542058;(12, 0, 55012, 253, 0, 0, 0, 0, 0, 0, 0, 0, 0, 0, 0, 0, 0, 0, 1)
2018-04-04 17:56:12.902832;(16, 0, 49717, 253, 0, 0, 0, 0, 0, 0, 0, 0, 0, 0, 0, 0, 0, 0, 1)
2018-04-04 17:56:16.977253;(9, 0, 37250, 253, 0, 0, 0, 0, 0, 0, 0, 0, 0, 0, 0, 0, 0, 0, 1)
2018-04-04 17:56:17.993447;(18, 0, 12930, 253, 0, 0, 0, 0, 0, 0, 0, 0, 0, 0, 0, 0, 0, 0, 1)
2018-04-04 17:56:18.083475;(6, 0, 15687, 253, 0, 0, 0, 0, 0, 0, 0, 0, 0, 0, 0, 0, 0, 0, 1)
2018-04-04 17:56:22.541414;(17, 0, 13277, 253, 0, 0, 0, 0, 0, 0, 0, 0, 0, 0, 0, 0, 0, 0, 1)
2018-04-04 17:56:28.084647;(6, 0, 15695, 253, 0, 0, 0, 0, 0, 0, 0, 0, 0, 0, 0, 0, 0, 0, 1)
2018-04-04 17:56:33.545807;(12, 0, 55049, 253, 0, 0, 0, 0, 0, 0, 0, 0, 0, 0, 0, 0, 0, 0, 1)
2018-04-04 17:56:34.225932;(19, 0, 38426, 253, 0, 0, 0, 0, 0, 0, 0, 0, 0, 0, 0, 0, 0, 0, 1)
2018-04-04 17:56:37.315966;(7, 0, 9326, 253, 0, 0, 0, 0, 0, 0, 0, 0, 0, 0, 0, 0, 0, 0, 1)
2018-04-04 17:56:38.085423;(6, 0, 15698, 253, 0, 0, 0, 0, 0, 0, 0, 0, 0, 0, 0, 0, 0, 0, 1)
2018-04-04 17:56:40.995384;(18, 0, 12940, 253, 0, 0, 0, 0, 0, 0, 0, 0, 0, 0, 0, 0, 0, 0, 1)
2018-04-04 17:56:41.906755;(16, 0, 49758, 253, 0, 0, 0, 0, 0, 0, 0, 0, 0, 0, 0, 0, 0, 0, 1)
2018-04-04 17:56:43.395031;(11, 0, 32642, 253, 0, 0, 0, 0, 0, 0, 0, 0, 0, 0, 0, 0, 0, 0, 1)
2018-04-04 17:56:48.087472;(6, 0, 15701, 253, 0, 0, 0, 0, 0, 0, 0, 0, 0, 0, 0, 0, 0, 0, 1)
2018-04-04 17:56:50.907576;(16, 0, 49761, 253, 0, 0, 0, 0, 0, 0, 0, 0, 0, 0, 0, 0, 0, 0, 1)
2018-04-04 17:56:52.982236;(9, 0, 37307, 253, 0, 0, 0, 0, 0, 0, 0, 0, 0, 0, 0, 0, 0, 0, 1)
2018-04-04 17:56:58.089312;(6, 0, 15709, 253, 0, 0, 0, 0, 0, 0, 0, 0, 0, 0, 0, 0, 0, 0, 1)
2018-04-04 17:57:09.090036;(6, 0, 15712, 253, 0, 0, 0, 0, 0, 0, 0, 0, 0, 0, 0, 0, 0, 0, 1)
2018-04-04 17:57:10.909363;(16, 0, 49788, 253, 0, 0, 0, 0, 0, 0, 0, 0, 0, 0, 0, 0, 0, 0, 1)
2018-04-04 17:57:11.552418;(12, 0, 55105, 253, 0, 0, 0, 0, 0, 0, 0, 0, 0, 0, 0, 0, 0, 0, 1)
2018-04-04 17:57:12.398486;(11, 0, 32683, 253, 0, 0, 0, 0, 0, 0, 0, 0, 0, 0, 0, 0, 0, 0, 1)
2018-04-04 17:57:17.363403;(8, 0, 4199, 253, 0, 0, 0, 0, 0, 0, 0, 0, 0, 0, 0, 0, 0, 0, 1)
2018-04-04 17:57:18.091295;(6, 0, 15715, 253, 0, 0, 0, 0, 0, 0, 0, 0, 0, 0, 0, 0, 0, 0, 1)
2018-04-04 17:57:19.232138;(19, 0, 38482, 253, 0, 0, 0, 0, 0, 0, 0, 0, 0, 0, 0, 0, 0, 0, 1)
2018-04-04 17:57:20.665205;(14, 0, 34292, 253, 0, 0, 0, 0, 0, 0, 0, 0, 0, 0, 0, 0, 0, 0, 1)
2018-04-04 17:57:21.002694;(18, 0, 12988, 253, 0, 0, 0, 0, 0, 0, 0, 0, 0, 0, 0, 0, 0, 0, 1)
2018-04-04 17:57:22.323545;(7, 0, 9376, 253, 0, 0, 0, 0, 0, 0, 0, 0, 0, 0, 0, 0, 0, 0, 1)
2018-04-04 17:57:22.553959;(12, 0, 55113, 253, 0, 0, 0, 0, 0, 0, 0, 0, 0, 0, 0, 0, 0, 0, 1)
2018-04-04 17:57:26.550382;(17, 0, 13356, 253, 0, 0, 0, 0, 0, 0, 0, 0, 0, 0, 0, 0, 0, 0, 1)
2018-04-04 17:57:27.400266;(11, 0, 32706, 253, 0, 0, 0, 0, 0, 0, 0, 0, 0, 0, 0, 0, 0, 0, 1)
2018-04-04 17:57:28.092222;(6, 0, 15723, 253, 0, 0, 0, 0, 0, 0, 0, 0, 0, 0, 0, 0, 0, 0, 1)
2018-04-04 17:57:31.911361;(16, 0, 49820, 253, 0, 0, 0, 0, 0, 0, 0, 0, 0, 0, 0, 0, 0, 0, 1)
2018-04-04 17:57:32.365356;(8, 0, 4219, 253, 0, 0, 0, 0, 0, 0, 0, 0, 0, 0, 0, 0, 0, 0, 1)
2018-04-04 17:57:36.712366;(22, 0, 39593, 253, 0, 0, 0, 0, 0, 0, 0, 0, 0, 0, 0, 0, 0, 0, 1)
2018-04-04 17:57:38.666960;(14, 0, 34299, 253, 0, 0, 0, 0, 0, 0, 0, 0, 0, 0, 0, 0, 0, 0, 1)
2018-04-04 17:57:39.003661;(18, 0, 12995, 253, 0, 0, 0, 0, 0, 0, 0, 0, 0, 0, 0, 0, 0, 0, 1)
2018-04-04 17:57:39.092889;(6, 0, 15726, 253, 0, 0, 0, 0, 0, 0, 0, 0, 0, 0, 0, 0, 0, 0, 1)
2018-04-04 17:57:40.407929;(20, 0, 21918, 253, 0, 0, 0, 0, 0, 0, 0, 0, 0, 0, 0, 0, 0, 0, 1)
2018-04-04 17:57:40.439276;(3, 0, 43642, 253, 0, 0, 0, 0, 0, 0, 0, 0, 0, 0, 0, 0, 0, 0, 1)
2018-04-04 17:57:40.552384;(17, 0, 13379, 253, 0, 0, 0, 0, 0, 0, 0, 0, 0, 0, 0, 0, 0, 0, 1)
2018-04-04 17:57:46.235313;(19, 0, 38508, 253, 0, 0, 0, 0, 0, 0, 0, 0, 0, 0, 0, 0, 0, 0, 1)
2018-04-04 17:57:47.326390;(7, 0, 9402, 253, 0, 0, 0, 0, 0, 0, 0, 0, 0, 0, 0, 0, 0, 0, 1)
2018-04-04 17:57:48.402670;(11, 0, 32708, 253, 0, 0, 0, 0, 0, 0, 0, 0, 0, 0, 0, 0, 0, 0, 1)
2018-04-04 17:57:49.093998;(6, 0, 15729, 253, 0, 0, 0, 0, 0, 0, 0, 0, 0, 0, 0, 0, 0, 0, 1)
2018-04-04 17:57:50.367181;(8, 0, 4221, 253, 0, 0, 0, 0, 0, 0, 0, 0, 0, 0, 0, 0, 0, 0, 1)
2018-04-04 17:57:50.553383;(17, 0, 13381, 253, 0, 0, 0, 0, 0, 0, 0, 0, 0, 0, 0, 0, 0, 0, 1)
2018-04-04 17:57:58.916190;(16, 0, 49822, 253, 0, 0, 0, 0, 0, 0, 0, 0, 0, 0, 0, 0, 0, 0, 1)
2018-04-04 17:57:59.094794;(6, 0, 15737, 253, 0, 0, 0, 0, 0, 0, 0, 0, 0, 0, 0, 0, 0, 0, 1)
2018-04-04 17:58:01.559892;(12, 0, 55130, 253, 0, 0, 0, 0, 0, 0, 0, 0, 0, 0, 0, 0, 0, 0, 1)
2018-04-04 17:58:09.095467;(6, 0, 15740, 253, 0, 0, 0, 0, 0, 0, 0, 0, 0, 0, 0, 0, 0, 0, 1)
2018-04-04 17:58:13.917972;(16, 0, 49833, 253, 0, 0, 0, 0, 0, 0, 0, 0, 0, 0, 0, 0, 0, 0, 1)
2018-04-04 17:58:20.096521;(6, 0, 15743, 253, 0, 0, 0, 0, 0, 0, 0, 0, 0, 0, 0, 0, 0, 0, 1)
2018-04-04 17:58:24.239450;(19, 0, 38555, 253, 0, 0, 0, 0, 0, 0, 0, 0, 0, 0, 0, 0, 0, 0, 1)
2018-04-04 17:58:24.919058;(16, 0, 49842, 253, 0, 0, 0, 0, 0, 0, 0, 0, 0, 0, 0, 0, 0, 0, 1)
2018-04-04 17:58:27.406898;(11, 0, 32772, 253, 0, 0, 0, 0, 0, 0, 0, 0, 0, 0, 0, 0, 0, 0, 1)
2018-04-04 17:58:27.562828;(12, 0, 55144, 253, 0, 0, 0, 0, 0, 0, 0, 0, 0, 0, 0, 0, 0, 0, 1)
2018-04-04 17:58:29.097168;(6, 0, 15751, 253, 0, 0, 0, 0, 0, 0, 0, 0, 0, 0, 0, 0, 0, 0, 1)
2018-04-04 17:58:33.417763;(20, 0, 21982, 253, 0, 0, 0, 0, 0, 0, 0, 0, 0, 0, 0, 0, 0, 0, 1)
2018-04-04 17:58:36.559765;(17, 0, 13402, 253, 0, 0, 0, 0, 0, 0, 0, 0, 0, 0, 0, 0, 0, 0, 1)
2018-04-04 17:58:36.675787;(14, 0, 34341, 253, 0, 0, 0, 0, 0, 0, 0, 0, 0, 0, 0, 0, 0, 0, 1)
2018-04-04 17:58:40.098071;(6, 0, 15754, 253, 0, 0, 0, 0, 0, 0, 0, 0, 0, 0, 0, 0, 0, 0, 1)
2018-04-04 17:58:40.375393;(8, 0, 4259, 253, 0, 0, 0, 0, 0, 0, 0, 0, 0, 0, 0, 0, 0, 0, 1)
2018-04-04 17:58:42.011065;(18, 0, 13051, 253, 0, 0, 0, 0, 0, 0, 0, 0, 0, 0, 0, 0, 0, 0, 1)
2018-04-04 17:58:50.101753;(6, 0, 15757, 253, 0, 0, 0, 0, 0, 0, 0, 0, 0, 0, 0, 0, 0, 0, 1)
2018-04-04 17:58:58.419328;(20, 0, 21988, 253, 0, 0, 0, 0, 0, 0, 0, 0, 0, 0, 0, 0, 0, 0, 1)
2018-04-04 17:58:59.102395;(6, 0, 15765, 253, 0, 0, 0, 0, 0, 0, 0, 0, 0, 0, 0, 0, 0, 0, 1)
2018-04-04 17:59:03.335860;(7, 0, 9476, 253, 0, 0, 0, 0, 0, 0, 0, 0, 0, 0, 0, 0, 0, 0, 1)
2018-04-04 17:59:04.563214;(17, 0, 13409, 253, 0, 0, 0, 0, 0, 0, 0, 0, 0, 0, 0, 0, 0, 0, 1)
2018-04-04 17:59:09.103115;(6, 0, 15768, 253, 0, 0, 0, 0, 0, 0, 0, 0, 0, 0, 0, 0, 0, 0, 1)
2018-04-04 17:59:14.563800;(17, 0, 13417, 253, 0, 0, 0, 0, 0, 0, 0, 0, 0, 0, 0, 0, 0, 0, 1)
2018-04-04 17:59:20.105128;(6, 0, 15771, 253, 0, 0, 0, 0, 0, 0, 0, 0, 0, 0, 0, 0, 0, 0, 1)
2018-04-04 17:59:25.565560;(17, 0, 13420, 253, 0, 0, 0, 0, 0, 0, 0, 0, 0, 0, 0, 0, 0, 0, 1)
2018-04-04 17:59:29.004862;(9, 0, 37557, 253, 0, 0, 0, 0, 0, 0, 0, 0, 0, 0, 0, 0, 0, 0, 1)
2018-04-04 17:59:30.105726;(6, 0, 15779, 253, 0, 0, 0, 0, 0, 0, 0, 0, 0, 0, 0, 0, 0, 0, 1)
2018-04-04 17:59:35.566545;(17, 0, 13428, 253, 0, 0, 0, 0, 0, 0, 0, 0, 0, 0, 0, 0, 0, 0, 1)
2018-04-04 17:59:41.106551;(6, 0, 15782, 253, 0, 0, 0, 0, 0, 0, 0, 0, 0, 0, 0, 0, 0, 0, 1)
2018-04-04 17:59:46.567244;(17, 0, 13431, 253, 0, 0, 0, 0, 0, 0, 0, 0, 0, 0, 0, 0, 0, 0, 1)
2018-04-04 17:59:51.107682;(6, 0, 15785, 253, 0, 0, 0, 0, 0, 0, 0, 0, 0, 0, 0, 0, 0, 0, 1)
2018-04-04 17:59:56.569146;(17, 0, 13435, 253, 0, 0, 0, 0, 0, 0, 0, 0, 0, 0, 0, 0, 0, 0, 1)
2018-04-04 18:00:00.109479;(6, 0, 15793, 253, 0, 0, 0, 0, 0, 0, 0, 0, 0, 0, 0, 0, 0, 0, 1)
2018-04-04 18:00:06.569977;(17, 0, 13442, 253, 0, 0, 0, 0, 0, 0, 0, 0, 0, 0, 0, 0, 0, 0, 1)
2018-04-04 18:00:09.110528;(6, 0, 15796, 253, 0, 0, 0, 0, 0, 0, 0, 0, 0, 0, 0, 0, 0, 0, 1)
2018-04-04 18:00:17.573132;(17, 0, 13445, 253, 0, 0, 0, 0, 0, 0, 0, 0, 0, 0, 0, 0, 0, 0, 1)
2018-04-04 18:00:19.112370;(6, 0, 15799, 253, 0, 0, 0, 0, 0, 0, 0, 0, 0, 0, 0, 0, 0, 0, 1)
2018-04-04 18:00:27.397212;(8, 0, 4421, 253, 0, 0, 0, 0, 0, 0, 0, 0, 0, 0, 0, 0, 0, 0, 1)
2018-04-04 18:00:27.575039;(17, 0, 13450, 253, 0, 0, 0, 0, 0, 0, 0, 0, 0, 0, 0, 0, 0, 0, 1)
2018-04-04 18:00:29.114266;(6, 0, 15807, 253, 0, 0, 0, 0, 0, 0, 0, 0, 0, 0, 0, 0, 0, 0, 1)
2018-04-04 18:00:36.576308;(17, 0, 13456, 253, 0, 0, 0, 0, 0, 0, 0, 0, 0, 0, 0, 0, 0, 0, 1)
2018-04-04 18:00:39.119199;(6, 0, 15810, 253, 0, 0, 0, 0, 0, 0, 0, 0, 0, 0, 0, 0, 0, 0, 1)
2018-04-04 18:00:39.950191;(16, 0, 50022, 253, 0, 0, 0, 0, 0, 0, 0, 0, 0, 0, 0, 0, 0, 0, 1)
2018-04-04 18:00:41.433334;(11, 0, 32960, 253, 0, 0, 0, 0, 0, 0, 0, 0, 0, 0, 0, 0, 0, 0, 1)
2018-04-04 18:00:46.578523;(17, 0, 13459, 253, 0, 0, 0, 0, 0, 0, 0, 0, 0, 0, 0, 0, 0, 0, 1)
2018-04-04 18:00:49.124327;(6, 0, 15813, 253, 0, 0, 0, 0, 0, 0, 0, 0, 0, 0, 0, 0, 0, 0, 1)
2018-04-04 18:00:49.856347;(4, 0, 5636, 253, 0, 0, 0, 0, 0, 0, 0, 0, 0, 0, 0, 0, 0, 0, 1)
2018-04-04 18:00:51.439100;(11, 0, 32966, 253, 0, 0, 0, 0, 0, 0, 0, 0, 0, 0, 0, 0, 0, 0, 1)
2018-04-04 18:00:57.581341;(17, 0, 13463, 253, 0, 0, 0, 0, 0, 0, 0, 0, 0, 0, 0, 0, 0, 0, 1)
2018-04-04 18:00:58.126254;(6, 0, 15819, 253, 0, 0, 0, 0, 0, 0, 0, 0, 0, 0, 0, 0, 0, 0, 1)
2018-04-04 18:01:00.022868;(9, 0, 37692, 253, 0, 0, 0, 0, 0, 0, 0, 0, 0, 0, 0, 0, 0, 0, 1)
2018-04-04 18:01:04.270158;(19, 0, 38819, 253, 0, 0, 0, 0, 0, 0, 0, 0, 0, 0, 0, 0, 0, 0, 1)
2018-04-04 18:01:07.582688;(17, 0, 13470, 253, 0, 0, 0, 0, 0, 0, 0, 0, 0, 0, 0, 0, 0, 0, 1)
2018-04-04 18:01:09.128209;(6, 0, 15824, 253, 0, 0, 0, 0, 0, 0, 0, 0, 0, 0, 0, 0, 0, 0, 1)
2018-04-04 18:01:17.585021;(17, 0, 13473, 253, 0, 0, 0, 0, 0, 0, 0, 0, 0, 0, 0, 0, 0, 0, 1)
2018-04-04 18:01:19.134622;(6, 0, 15827, 253, 0, 0, 0, 0, 0, 0, 0, 0, 0, 0, 0, 0, 0, 0, 1)
2018-04-04 18:01:27.586470;(17, 0, 13477, 253, 0, 0, 0, 0, 0, 0, 0, 0, 0, 0, 0, 0, 0, 0, 1)
2018-04-04 18:01:28.136476;(6, 0, 15831, 253, 0, 0, 0, 0, 0, 0, 0, 0, 0, 0, 0, 0, 0, 0, 1)
2018-04-04 18:01:38.587634;(17, 0, 13484, 253, 0, 0, 0, 0, 0, 0, 0, 0, 0, 0, 0, 0, 0, 0, 1)
2018-04-04 18:01:39.139228;(6, 0, 15838, 253, 0, 0, 0, 0, 0, 0, 0, 0, 0, 0, 0, 0, 0, 0, 1)
2018-04-04 18:01:48.142857;(6, 0, 15841, 253, 0, 0, 0, 0, 0, 0, 0, 0, 0, 0, 0, 0, 0, 0, 1)
2018-04-04 18:01:48.589803;(17, 0, 13487, 253, 0, 0, 0, 0, 0, 0, 0, 0, 0, 0, 0, 0, 0, 0, 1)
2018-04-04 18:01:57.594947;(17, 0, 13491, 253, 0, 0, 0, 0, 0, 0, 0, 0, 0, 0, 0, 0, 0, 0, 1)
2018-04-04 18:01:58.145824;(6, 0, 15845, 253, 0, 0, 0, 0, 0, 0, 0, 0, 0, 0, 0, 0, 0, 0, 1)
2018-04-04 18:02:04.042461;(9, 0, 37800, 253, 0, 0, 0, 0, 0, 0, 0, 0, 0, 0, 0, 0, 0, 0, 1)
2018-04-04 18:02:07.147297;(6, 0, 15852, 253, 0, 0, 0, 0, 0, 0, 0, 0, 0, 0, 0, 0, 0, 0, 1)
2018-04-04 18:02:07.597532;(17, 0, 13498, 253, 0, 0, 0, 0, 0, 0, 0, 0, 0, 0, 0, 0, 0, 0, 1)
2018-04-04 18:02:17.149917;(6, 0, 15855, 253, 0, 0, 0, 0, 0, 0, 0, 0, 0, 0, 0, 0, 0, 0, 1)
2018-04-04 18:02:17.598418;(17, 0, 13501, 253, 0, 0, 0, 0, 0, 0, 0, 0, 0, 0, 0, 0, 0, 0, 1)
2018-04-04 18:02:26.599651;(17, 0, 13505, 253, 0, 0, 0, 0, 0, 0, 0, 0, 0, 0, 0, 0, 0, 0, 1)
2018-04-04 18:02:27.151157;(6, 0, 15859, 253, 0, 0, 0, 0, 0, 0, 0, 0, 0, 0, 0, 0, 0, 0, 1)
2018-04-04 18:02:36.151831;(6, 0, 15866, 253, 0, 0, 0, 0, 0, 0, 0, 0, 0, 0, 0, 0, 0, 0, 1)
2018-04-04 18:02:36.601195;(17, 0, 13512, 253, 0, 0, 0, 0, 0, 0, 0, 0, 0, 0, 0, 0, 0, 0, 1)
2018-04-04 18:02:46.153284;(6, 0, 15869, 253, 0, 0, 0, 0, 0, 0, 0, 0, 0, 0, 0, 0, 0, 0, 1)
2018-04-04 18:02:46.601874;(17, 0, 13515, 253, 0, 0, 0, 0, 0, 0, 0, 0, 0, 0, 0, 0, 0, 0, 1)
2018-04-04 18:02:56.155312;(6, 0, 15872, 253, 0, 0, 0, 0, 0, 0, 0, 0, 0, 0, 0, 0, 0, 0, 1)
2018-04-04 18:02:56.602741;(17, 0, 13519, 253, 0, 0, 0, 0, 0, 0, 0, 0, 0, 0, 0, 0, 0, 0, 1)
2018-04-04 18:03:06.156003;(6, 0, 15880, 253, 0, 0, 0, 0, 0, 0, 0, 0, 0, 0, 0, 0, 0, 0, 1)
2018-04-04 18:03:07.605161;(17, 0, 13526, 253, 0, 0, 0, 0, 0, 0, 0, 0, 0, 0, 0, 0, 0, 0, 1)
2018-04-04 18:03:16.158192;(6, 0, 15883, 253, 0, 0, 0, 0, 0, 0, 0, 0, 0, 0, 0, 0, 0, 0, 1)
2018-04-04 18:03:18.606021;(17, 0, 13529, 253, 0, 0, 0, 0, 0, 0, 0, 0, 0, 0, 0, 0, 0, 0, 1)
2018-04-04 18:03:28.161919;(6, 0, 15886, 253, 0, 0, 0, 0, 0, 0, 0, 0, 0, 0, 0, 0, 0, 0, 1)
2018-04-04 18:03:28.606873;(17, 0, 13533, 253, 0, 0, 0, 0, 0, 0, 0, 0, 0, 0, 0, 0, 0, 0, 1)
2018-04-04 18:03:38.165003;(6, 0, 15894, 253, 0, 0, 0, 0, 0, 0, 0, 0, 0, 0, 0, 0, 0, 0, 1)
2018-04-04 18:03:38.607414;(17, 0, 13540, 253, 0, 0, 0, 0, 0, 0, 0, 0, 0, 0, 0, 0, 0, 0, 1)
2018-04-04 18:03:47.610147;(17, 0, 13543, 253, 0, 0, 0, 0, 0, 0, 0, 0, 0, 0, 0, 0, 0, 0, 1)
2018-04-04 18:03:48.165792;(6, 0, 15897, 253, 0, 0, 0, 0, 0, 0, 0, 0, 0, 0, 0, 0, 0, 0, 1)
2018-04-04 18:03:57.611011;(17, 0, 13547, 253, 0, 0, 0, 0, 0, 0, 0, 0, 0, 0, 0, 0, 0, 0, 1)
2018-04-04 18:03:57.899923;(4, 0, 5927, 253, 0, 0, 0, 0, 0, 0, 0, 0, 0, 0, 0, 0, 0, 0, 1)
2018-04-04 18:03:58.167461;(6, 0, 15901, 253, 0, 0, 0, 0, 0, 0, 0, 0, 0, 0, 0, 0, 0, 0, 1)
2018-04-04 18:04:05.067083;(9, 0, 37971, 253, 0, 0, 0, 0, 0, 0, 0, 0, 0, 0, 0, 0, 0, 0, 1)
2018-04-04 18:04:07.167945;(6, 0, 15908, 253, 0, 0, 0, 0, 0, 0, 0, 0, 0, 0, 0, 0, 0, 0, 1)
2018-04-04 18:04:08.613299;(17, 0, 13554, 253, 0, 0, 0, 0, 0, 0, 0, 0, 0, 0, 0, 0, 0, 0, 1)
2018-04-04 18:04:17.170522;(6, 0, 15911, 253, 0, 0, 0, 0, 0, 0, 0, 0, 0, 0, 0, 0, 0, 0, 1)
2018-04-04 18:04:18.613928;(17, 0, 13557, 253, 0, 0, 0, 0, 0, 0, 0, 0, 0, 0, 0, 0, 0, 0, 1)
2018-04-04 18:04:27.171557;(6, 0, 15914, 253, 0, 0, 0, 0, 0, 0, 0, 0, 0, 0, 0, 0, 0, 0, 1)
2018-04-04 18:04:28.614861;(17, 0, 13561, 253, 0, 0, 0, 0, 0, 0, 0, 0, 0, 0, 0, 0, 0, 0, 1)
2018-04-04 18:04:38.173233;(6, 0, 15922, 253, 0, 0, 0, 0, 0, 0, 0, 0, 0, 0, 0, 0, 0, 0, 1)
2018-04-04 18:04:38.615473;(17, 0, 13568, 253, 0, 0, 0, 0, 0, 0, 0, 0, 0, 0, 0, 0, 0, 0, 1)
2018-04-04 18:04:47.616146;(17, 0, 13571, 253, 0, 0, 0, 0, 0, 0, 0, 0, 0, 0, 0, 0, 0, 0, 1)
2018-04-04 18:04:48.174028;(6, 0, 15925, 253, 0, 0, 0, 0, 0, 0, 0, 0, 0, 0, 0, 0, 0, 0, 1)
2018-04-04 18:04:57.617129;(17, 0, 13575, 253, 0, 0, 0, 0, 0, 0, 0, 0, 0, 0, 0, 0, 0, 0, 1)
2018-04-04 18:04:58.174941;(6, 0, 15929, 253, 0, 0, 0, 0, 0, 0, 0, 0, 0, 0, 0, 0, 0, 0, 1)
2018-04-04 18:05:07.617738;(17, 0, 13582, 253, 0, 0, 0, 0, 0, 0, 0, 0, 0, 0, 0, 0, 0, 0, 1)
2018-04-04 18:05:09.175620;(6, 0, 15936, 253, 0, 0, 0, 0, 0, 0, 0, 0, 0, 0, 0, 0, 0, 0, 1)
2018-04-04 18:05:17.621113;(17, 0, 13585, 253, 0, 0, 0, 0, 0, 0, 0, 0, 0, 0, 0, 0, 0, 0, 1)
2018-04-04 18:05:19.177113;(6, 0, 15939, 253, 0, 0, 0, 0, 0, 0, 0, 0, 0, 0, 0, 0, 0, 0, 1)
2018-04-04 18:05:28.622021;(17, 0, 13589, 253, 0, 0, 0, 0, 0, 0, 0, 0, 0, 0, 0, 0, 0, 0, 1)
2018-04-04 18:05:30.178057;(6, 0, 15943, 253, 0, 0, 0, 0, 0, 0, 0, 0, 0, 0, 0, 0, 0, 0, 1)
2018-04-04 18:05:38.623629;(17, 0, 13596, 253, 0, 0, 0, 0, 0, 0, 0, 0, 0, 0, 0, 0, 0, 0, 1)
2018-04-04 18:05:39.178645;(6, 0, 15950, 253, 0, 0, 0, 0, 0, 0, 0, 0, 0, 0, 0, 0, 0, 0, 1)
2018-04-04 18:05:48.625304;(17, 0, 13599, 253, 0, 0, 0, 0, 0, 0, 0, 0, 0, 0, 0, 0, 0, 0, 1)
2018-04-04 18:05:49.179385;(6, 0, 15953, 253, 0, 0, 0, 0, 0, 0, 0, 0, 0, 0, 0, 0, 0, 0, 1)
