2018-04-18 05:04:50.930006;(14, (492, 568, 257, 0, 0, 0, 0, 0, 0, 0))
2018-04-18 05:04:50.974457;(7, (394, 475, 143, 0, 0, 0, 0, 0, 0, 0))
2018-04-18 05:04:51.048043;(1, (2633, 2633, 2528, 1264, 0, 0, 0, 0, 0, 0))
2018-04-18 05:04:51.094760;(11, (110, 144, 0, 0, 0, 0, 0, 0, 0, 0))
2018-04-18 05:04:51.142499;(8, (130, 150, 61, 0, 0, 0, 0, 0, 0, 0))
2018-04-18 05:04:51.183145;(18, (23, 23, 0, 0, 0, 0, 0, 0, 0, 0))
2018-04-18 05:04:51.195693;(16, (214, 291, 0, 0, 0, 0, 0, 0, 0, 0))
2018-04-18 05:04:51.211596;(13, (460, 460, 427, 0, 0, 0, 0, 0, 0, 0))
2018-04-18 05:04:51.295345;(4, (459, 459, 428, 0, 0, 0, 0, 0, 0, 0))
2018-04-18 05:04:51.345461;(22, (27, 27, 0, 0, 0, 0, 0, 0, 0, 0))
2018-04-18 05:04:51.405904;(15, (371, 493, 0, 0, 0, 0, 0, 0, 0, 0))
2018-04-18 05:04:51.407083;(23, (31, 31, 0, 0, 0, 0, 0, 0, 0, 0))
2018-04-18 05:04:51.446252;(20, (1075, 1150, 820, 0, 0, 0, 0, 0, 0, 0))
2018-04-18 05:04:51.572098;(6, (341, 454, 0, 0, 0, 0, 0, 0, 0, 0))
2018-04-18 05:04:51.611754;(19, (38, 44, 0, 0, 0, 0, 0, 0, 0, 0))
2018-04-18 05:04:51.623188;(12, (331, 395, 141, 0, 0, 0, 0, 0, 0, 0))
2018-04-18 05:04:51.655178;(9, (662, 882, 0, 0, 0, 0, 0, 0, 0, 0))
2018-04-18 05:04:51.693391;(10, (788, 1053, 0, 0, 0, 0, 0, 0, 0, 0))
2018-04-18 05:04:51.786428;(3, (615, 679, 402, 0, 0, 0, 0, 0, 0, 0))
2018-04-18 05:04:51.835286;(21, (178, 236, 0, 0, 0, 0, 0, 0, 0, 0))
2018-04-18 05:04:51.871816;(17, (109, 141, 0, 0, 0, 0, 0, 0, 0, 0))
2018-04-18 05:05:50.942325;(14, (915, 1058, 514, 0, 0, 0, 0, 0, 0, 0))
2018-04-18 05:05:50.987499;(7, (872, 1045, 386, 0, 0, 0, 0, 0, 0, 0))
2018-04-18 05:05:51.062144;(1, (6993, 6993, 6878, 3441, 0, 0, 0, 0, 0, 0))
2018-04-18 05:05:51.108548;(11, (204, 278, 0, 0, 0, 0, 0, 0, 0, 0))
2018-04-18 05:05:51.154557;(8, (316, 388, 129, 0, 0, 0, 0, 0, 0, 0))
2018-04-18 05:05:51.190584;(18, (33, 33, 0, 0, 0, 0, 0, 0, 0, 0))
2018-04-18 05:05:51.208048;(16, (368, 506, 0, 0, 0, 0, 0, 0, 0, 0))
2018-04-18 05:05:51.219052;(13, (1150, 1150, 1107, 0, 0, 0, 0, 0, 0, 0))
2018-04-18 05:05:51.306394;(4, (1149, 1149, 1108, 0, 0, 0, 0, 0, 0, 0))
2018-04-18 05:05:51.354981;(22, (37, 37, 0, 0, 0, 0, 0, 0, 0, 0))
2018-04-18 05:05:51.433022;(23, (41, 41, 0, 0, 0, 0, 0, 0, 0, 0))
2018-04-18 05:05:51.459918;(20, (2118, 2270, 1667, 0, 0, 0, 0, 0, 0, 0))
2018-04-18 05:05:51.596107;(6, (876, 1179, 0, 0, 0, 0, 0, 0, 0, 0))
2018-04-18 05:05:51.623895;(19, (84, 114, 0, 0, 0, 0, 0, 0, 0, 0))
2018-04-18 05:05:51.637814;(12, (647, 793, 249, 0, 0, 0, 0, 0, 0, 0))
2018-04-18 05:05:51.688328;(9, (1670, 2233, 0, 0, 0, 0, 0, 0, 0, 0))
2018-04-18 05:05:51.800184;(3, (1100, 1208, 776, 0, 0, 0, 0, 0, 0, 0))
2018-04-18 05:05:51.885693;(17, (162, 222, 0, 0, 0, 0, 0, 0, 0, 0))
2018-04-18 05:06:50.958196;(14, (1380, 1607, 765, 0, 0, 0, 0, 0, 0, 0))
2018-04-18 05:06:51.003040;(7, (1451, 1722, 706, 0, 0, 0, 0, 0, 0, 0))
2018-04-18 05:06:51.074396;(1, (11275, 11275, 11150, 5577, 0, 0, 0, 0, 0, 0))
2018-04-18 05:06:51.120029;(11, (349, 482, 0, 0, 0, 0, 0, 0, 0, 0))
2018-04-18 05:06:51.163675;(8, (529, 645, 233, 0, 0, 0, 0, 0, 0, 0))
2018-04-18 05:06:51.198685;(18, (43, 43, 0, 0, 0, 0, 0, 0, 0, 0))
2018-04-18 05:06:51.224024;(16, (674, 928, 0, 0, 0, 0, 0, 0, 0, 0))
2018-04-18 05:06:51.229380;(13, (1852, 1852, 1799, 0, 0, 0, 0, 0, 0, 0))
2018-04-18 05:06:51.320380;(4, (1851, 1851, 1800, 0, 0, 0, 0, 0, 0, 0))
2018-04-18 05:06:51.364211;(22, (47, 47, 0, 0, 0, 0, 0, 0, 0, 0))
2018-04-18 05:06:51.446607;(23, (51, 51, 0, 0, 0, 0, 0, 0, 0, 0))
2018-04-18 05:06:51.472318;(20, (3294, 3500, 2728, 0, 0, 0, 0, 0, 0, 0))
2018-04-18 05:06:51.617934;(6, (1240, 1679, 0, 0, 0, 0, 0, 0, 0, 0))
2018-04-18 05:06:51.636615;(19, (181, 251, 0, 0, 0, 0, 0, 0, 0, 0))
2018-04-18 05:06:51.648128;(12, (937, 1115, 473, 0, 0, 0, 0, 0, 0, 0))
2018-04-18 05:06:51.727808;(9, (2700, 3615, 0, 0, 0, 0, 0, 0, 0, 0))
2018-04-18 05:06:51.769995;(10, (2720, 3647, 0, 0, 0, 0, 0, 0, 0, 0))
2018-04-18 05:06:51.815325;(3, (1732, 1919, 1203, 0, 0, 0, 0, 0, 0, 0))
2018-04-18 05:06:51.901447;(21, (1924, 2585, 0, 0, 0, 0, 0, 0, 0, 0))
2018-04-18 05:06:51.902460;(17, (273, 376, 0, 0, 0, 0, 0, 0, 0, 0))
2018-04-18 05:07:50.976147;(14, (2063, 2420, 1099, 0, 0, 0, 0, 0, 0, 0))
2018-04-18 05:07:51.017750;(7, (1949, 2257, 1122, 0, 0, 0, 0, 0, 0, 0))
2018-04-18 05:07:51.083068;(1, (15559, 15559, 15424, 7714, 0, 0, 0, 0, 0, 0))
2018-04-18 05:07:51.134515;(11, (445, 618, 0, 0, 0, 0, 0, 0, 0, 0))
2018-04-18 05:07:51.209571;(18, (53, 53, 0, 0, 0, 0, 0, 0, 0, 0))
2018-04-18 05:07:51.241586;(13, (2374, 2374, 2311, 0, 0, 0, 0, 0, 0, 0))
2018-04-18 05:07:51.333901;(4, (2376, 2376, 2315, 0, 0, 0, 0, 0, 0, 0))
2018-04-18 05:07:51.373818;(22, (57, 57, 0, 0, 0, 0, 0, 0, 0, 0))
2018-04-18 05:07:51.459170;(23, (61, 61, 0, 0, 0, 0, 0, 0, 0, 0))
2018-04-18 05:07:51.487816;(20, (4605, 4850, 3952, 0, 0, 0, 0, 0, 0, 0))
2018-04-18 05:07:51.642686;(6, (1637, 2218, 0, 0, 0, 0, 0, 0, 0, 0))
2018-04-18 05:07:51.654438;(19, (356, 499, 0, 0, 0, 0, 0, 0, 0, 0))
2018-04-18 05:07:51.661595;(12, (1313, 1562, 653, 0, 0, 0, 0, 0, 0, 0))
2018-04-18 05:07:51.833479;(3, (2553, 2844, 1756, 0, 0, 0, 0, 0, 0, 0))
2018-04-18 05:07:51.937331;(21, (2950, 3961, 0, 0, 0, 0, 0, 0, 0, 0))
2018-04-18 05:07:52.180357;(8, (741, 916, 300, 0, 0, 0, 0, 0, 0, 0))
2018-04-18 05:07:52.239467;(16, (946, 1304, 0, 0, 0, 0, 0, 0, 0, 0))
2018-04-18 05:07:52.759164;(9, (3476, 4660, 0, 0, 0, 0, 0, 0, 0, 0))
2018-04-18 05:07:52.938529;(17, (454, 628, 0, 0, 0, 0, 0, 0, 0, 0))
2018-04-18 05:08:50.995737;(14, (2764, 3248, 1463, 0, 0, 0, 0, 0, 0, 0))
2018-04-18 05:08:51.096076;(1, (19441, 19441, 19296, 9650, 0, 0, 0, 0, 0, 0))
2018-04-18 05:08:51.146513;(11, (463, 648, 0, 0, 0, 0, 0, 0, 0, 0))
2018-04-18 05:08:51.466290;(23, (71, 71, 0, 0, 0, 0, 0, 0, 0, 0))
2018-04-18 05:08:52.027322;(7, (2302, 2646, 1392, 0, 0, 0, 0, 0, 0, 0))
2018-04-18 05:08:52.190272;(8, (771, 959, 312, 0, 0, 0, 0, 0, 0, 0))
2018-04-18 05:08:52.219061;(18, (63, 63, 0, 0, 0, 0, 0, 0, 0, 0))
2018-04-18 05:08:52.256075;(13, (3125, 3125, 3052, 0, 0, 0, 0, 0, 0, 0))
2018-04-18 05:08:52.260168;(16, (1326, 1826, 0, 0, 0, 0, 0, 0, 0, 0))
2018-04-18 05:08:52.343140;(4, (3126, 3126, 3055, 0, 0, 0, 0, 0, 0, 0))
2018-04-18 05:08:52.384153;(22, (67, 67, 0, 0, 0, 0, 0, 0, 0, 0))
2018-04-18 05:08:52.500376;(20, (5747, 6035, 4991, 0, 0, 0, 0, 0, 0, 0))
2018-04-18 05:08:52.661678;(6, (1896, 2574, 0, 0, 0, 0, 0, 0, 0, 0))
2018-04-18 05:08:52.674035;(19, (615, 859, 0, 0, 0, 0, 0, 0, 0, 0))
2018-04-18 05:08:52.675191;(12, (1711, 2020, 919, 0, 0, 0, 0, 0, 0, 0))
2018-04-18 05:08:52.799488;(9, (4590, 6151, 0, 0, 0, 0, 0, 0, 0, 0))
2018-04-18 05:08:52.854756;(3, (3306, 3663, 2352, 0, 0, 0, 0, 0, 0, 0))
2018-04-18 05:08:52.962291;(21, (3596, 4832, 0, 0, 0, 0, 0, 0, 0, 0))
2018-04-18 05:08:52.963419;(17, (557, 776, 0, 0, 0, 0, 0, 0, 0, 0))
2018-04-18 05:09:51.106160;(1, (23430, 23430, 23275, 11640, 0, 0, 0, 0, 0, 0))
2018-04-18 05:09:52.013447;(14, (3098, 3660, 1595, 0, 0, 0, 0, 0, 0, 0))
2018-04-18 05:09:52.043607;(7, (2748, 3168, 1640, 0, 0, 0, 0, 0, 0, 0))
2018-04-18 05:09:52.158705;(11, (483, 683, 0, 0, 0, 0, 0, 0, 0, 0))
2018-04-18 05:09:52.199714;(8, (806, 1007, 327, 0, 0, 0, 0, 0, 0, 0))
2018-04-18 05:09:52.231513;(18, (73, 73, 0, 0, 0, 0, 0, 0, 0, 0))
2018-04-18 05:09:52.263440;(13, (3900, 3900, 3817, 0, 0, 0, 0, 0, 0, 0))
2018-04-18 05:09:52.274358;(16, (1458, 2016, 0, 0, 0, 0, 0, 0, 0, 0))
2018-04-18 05:09:52.354842;(4, (3899, 3899, 3818, 0, 0, 0, 0, 0, 0, 0))
2018-04-18 05:09:52.399403;(22, (77, 77, 0, 0, 0, 0, 0, 0, 0, 0))
2018-04-18 05:09:52.477923;(23, (81, 81, 0, 0, 0, 0, 0, 0, 0, 0))
2018-04-18 05:09:52.517520;(20, (6844, 7205, 5909, 0, 0, 0, 0, 0, 0, 0))
2018-04-18 05:09:52.688363;(6, (2377, 3231, 0, 0, 0, 0, 0, 0, 0, 0))
2018-04-18 05:09:52.689772;(19, (745, 1042, 0, 0, 0, 0, 0, 0, 0, 0))
2018-04-18 05:09:52.690960;(12, (1869, 2199, 1025, 0, 0, 0, 0, 0, 0, 0))
2018-04-18 05:09:52.875940;(3, (3957, 4454, 2636, 0, 0, 0, 0, 0, 0, 0))
2018-04-18 05:09:52.987916;(17, (747, 1042, 0, 0, 0, 0, 0, 0, 0, 0))
2018-04-18 05:10:51.111504;(1, (24796, 24796, 24631, 12363, 0, 0, 0, 0, 0, 0))
2018-04-18 05:10:52.020874;(14, (3266, 3847, 1727, 0, 0, 0, 0, 0, 0, 0))
2018-04-18 05:10:52.051179;(7, (2902, 3349, 1746, 0, 0, 0, 0, 0, 0, 0))
2018-04-18 05:10:52.165728;(11, (495, 702, 0, 0, 0, 0, 0, 0, 0, 0))
2018-04-18 05:10:52.207953;(8, (825, 1034, 333, 0, 0, 0, 0, 0, 0, 0))
2018-04-18 05:10:52.237697;(18, (83, 83, 0, 0, 0, 0, 0, 0, 0, 0))
2018-04-18 05:10:52.273711;(13, (4081, 4081, 3988, 0, 0, 0, 0, 0, 0, 0))
2018-04-18 05:10:52.282585;(16, (1581, 2186, 0, 0, 0, 0, 0, 0, 0, 0))
2018-04-18 05:10:52.361467;(4, (4080, 4080, 3989, 0, 0, 0, 0, 0, 0, 0))
2018-04-18 05:10:52.405478;(22, (87, 87, 0, 0, 0, 0, 0, 0, 0, 0))
2018-04-18 05:10:52.484491;(23, (91, 91, 0, 0, 0, 0, 0, 0, 0, 0))
2018-04-18 05:10:52.524147;(20, (7160, 7531, 6213, 0, 0, 0, 0, 0, 0, 0))
2018-04-18 05:10:52.703973;(6, (2578, 3507, 0, 0, 0, 0, 0, 0, 0, 0))
2018-04-18 05:10:52.705170;(19, (767, 1084, 0, 0, 0, 0, 0, 0, 0, 0))
2018-04-18 05:10:52.705238;(12, (2009, 2367, 1102, 0, 0, 0, 0, 0, 0, 0))
2018-04-18 05:10:52.882612;(3, (4122, 4631, 2783, 0, 0, 0, 0, 0, 0, 0))
2018-04-18 05:10:52.995931;(17, (864, 1207, 0, 0, 0, 0, 0, 0, 0, 0))
2018-04-18 05:11:52.024122;(14, (3293, 3885, 1740, 0, 0, 0, 0, 0, 0, 0))
2018-04-18 05:11:52.054290;(7, (2936, 3390, 1766, 0, 0, 0, 0, 0, 0, 0))
2018-04-18 05:11:52.115817;(1, (24870, 24870, 24695, 12427, 0, 0, 0, 0, 0, 0))
2018-04-18 05:11:52.170576;(11, (509, 727, 0, 0, 0, 0, 0, 0, 0, 0))
2018-04-18 05:11:52.212315;(8, (847, 1066, 342, 0, 0, 0, 0, 0, 0, 0))
2018-04-18 05:11:52.241931;(18, (93, 93, 0, 0, 0, 0, 0, 0, 0, 0))
2018-04-18 05:11:52.278995;(13, (4098, 4098, 3995, 0, 0, 0, 0, 0, 0, 0))
2018-04-18 05:11:52.287026;(16, (1591, 2203, 0, 0, 0, 0, 0, 0, 0, 0))
2018-04-18 05:11:52.410086;(22, (97, 97, 0, 0, 0, 0, 0, 0, 0, 0))
2018-04-18 05:11:52.489298;(23, (101, 101, 0, 0, 0, 0, 0, 0, 0, 0))
2018-04-18 05:11:52.528942;(20, (7227, 7606, 6270, 0, 0, 0, 0, 0, 0, 0))
2018-04-18 05:11:52.710870;(6, (2590, 3527, 0, 0, 0, 0, 0, 0, 0, 0))
2018-04-18 05:11:52.711642;(12, (2029, 2395, 1108, 0, 0, 0, 0, 0, 0, 0))
2018-04-18 05:11:52.713757;(19, (779, 1103, 0, 0, 0, 0, 0, 0, 0, 0))
2018-04-18 05:11:52.887014;(3, (4160, 4680, 2805, 0, 0, 0, 0, 0, 0, 0))
2018-04-18 05:11:52.999975;(17, (878, 1228, 0, 0, 0, 0, 0, 0, 0, 0))
2018-04-18 05:12:52.057743;(7, (2973, 3439, 1789, 0, 0, 0, 0, 0, 0, 0))
2018-04-18 05:12:52.120050;(1, (24978, 24978, 24793, 12525, 0, 0, 0, 0, 0, 0))
2018-04-18 05:12:52.177482;(11, (525, 753, 0, 0, 0, 0, 0, 0, 0, 0))
2018-04-18 05:12:52.247561;(18, (105, 105, 0, 0, 0, 0, 0, 0, 0, 0))
2018-04-18 05:12:52.285510;(13, (4114, 4115, 4000, 0, 0, 0, 0, 0, 0, 0))
2018-04-18 05:12:52.294591;(16, (1603, 2226, 0, 0, 0, 0, 0, 0, 0, 0))
2018-04-18 05:12:52.369908;(4, (4112, 4112, 4001, 0, 0, 0, 0, 0, 0, 0))
2018-04-18 05:12:52.414586;(22, (108, 109, 0, 0, 0, 0, 0, 0, 0, 0))
2018-04-18 05:12:52.495854;(23, (113, 113, 0, 0, 0, 0, 0, 0, 0, 0))
2018-04-18 05:12:52.532855;(20, (7303, 7692, 6334, 0, 0, 0, 0, 0, 0, 0))
2018-04-18 05:12:52.715525;(6, (2604, 3552, 0, 0, 0, 0, 0, 0, 0, 0))
2018-04-18 05:12:52.717892;(12, (2052, 2430, 1117, 0, 0, 0, 0, 0, 0, 0))
2018-04-18 05:12:52.719792;(19, (795, 1129, 0, 0, 0, 0, 0, 0, 0, 0))
2018-04-18 05:12:52.892109;(3, (4197, 4724, 2830, 0, 0, 0, 0, 0, 0, 0))
2018-04-18 05:12:53.005737;(17, (892, 1254, 0, 0, 0, 0, 0, 0, 0, 0))
2018-04-18 05:12:53.216764;(8, (868, 1097, 351, 0, 0, 0, 0, 0, 0, 0))
2018-04-18 05:13:52.032459;(14, (3354, 3966, 1774, 0, 0, 0, 0, 0, 0, 0))
2018-04-18 05:13:52.123388;(1, (25107, 25107, 24912, 12644, 0, 0, 0, 0, 0, 0))
2018-04-18 05:13:52.191634;(11, (537, 774, 0, 0, 0, 0, 0, 0, 0, 0))
2018-04-18 05:13:52.253772;(18, (115, 115, 0, 0, 0, 0, 0, 0, 0, 0))
2018-04-18 05:13:52.289785;(13, (4132, 4132, 4007, 0, 0, 0, 0, 0, 0, 0))
2018-04-18 05:13:52.417968;(22, (119, 119, 0, 0, 0, 0, 0, 0, 0, 0))
2018-04-18 05:13:52.501402;(23, (123, 123, 0, 0, 0, 0, 0, 0, 0, 0))
2018-04-18 05:13:52.720293;(6, (2618, 3573, 0, 0, 0, 0, 0, 0, 0, 0))
2018-04-18 05:13:52.726068;(19, (807, 1149, 0, 0, 0, 0, 0, 0, 0, 0))
2018-04-18 05:13:52.897457;(3, (4236, 4775, 2855, 0, 0, 0, 0, 0, 0, 0))
2018-04-18 05:13:53.061266;(7, (3005, 3483, 1807, 0, 0, 0, 0, 0, 0, 0))
2018-04-18 05:13:53.221546;(8, (885, 1123, 358, 0, 0, 0, 0, 0, 0, 0))
2018-04-18 05:13:53.302851;(16, (1613, 2243, 0, 0, 0, 0, 0, 0, 0, 0))
2018-04-18 05:13:53.376278;(4, (4129, 4129, 4008, 0, 0, 0, 0, 0, 0, 0))
2018-04-18 05:13:53.538217;(20, (7376, 7774, 6397, 0, 0, 0, 0, 0, 0, 0))
2018-04-18 05:13:53.722610;(12, (2072, 2461, 1123, 0, 0, 0, 0, 0, 0, 0))
2018-04-18 05:13:54.009985;(17, (906, 1279, 0, 0, 0, 0, 0, 0, 0, 0))
2018-04-18 05:14:52.039449;(14, (3386, 4008, 1791, 0, 0, 0, 0, 0, 0, 0))
2018-04-18 05:14:52.127581;(1, (25236, 25236, 25031, 12763, 0, 0, 0, 0, 0, 0))
2018-04-18 05:14:52.206795;(11, (551, 799, 0, 0, 0, 0, 0, 0, 0, 0))
2018-04-18 05:14:52.505989;(23, (133, 133, 0, 0, 0, 0, 0, 0, 0, 0))
2018-04-18 05:14:53.065481;(7, (3044, 3533, 1832, 0, 0, 0, 0, 0, 0, 0))
2018-04-18 05:14:53.225262;(8, (906, 1154, 367, 0, 0, 0, 0, 0, 0, 0))
2018-04-18 05:14:53.258576;(18, (125, 125, 0, 0, 0, 0, 0, 0, 0, 0))
2018-04-18 05:14:53.294987;(13, (4147, 4147, 4012, 0, 0, 0, 0, 0, 0, 0))
2018-04-18 05:14:53.306869;(16, (1625, 2266, 0, 0, 0, 0, 0, 0, 0, 0))
2018-04-18 05:14:53.382213;(4, (4144, 4144, 4013, 0, 0, 0, 0, 0, 0, 0))
2018-04-18 05:14:53.422671;(22, (129, 129, 0, 0, 0, 0, 0, 0, 0, 0))
2018-04-18 05:14:53.542601;(20, (7457, 7866, 6466, 0, 0, 0, 0, 0, 0, 0))
2018-04-18 05:14:53.726022;(6, (2632, 3598, 0, 0, 0, 0, 0, 0, 0, 0))
2018-04-18 05:14:53.731963;(12, (2095, 2494, 1132, 0, 0, 0, 0, 0, 0, 0))
2018-04-18 05:14:53.734807;(19, (821, 1173, 0, 0, 0, 0, 0, 0, 0, 0))
2018-04-18 05:14:53.901656;(3, (4276, 4826, 2881, 0, 0, 0, 0, 0, 0, 0))
2018-04-18 05:14:54.014024;(17, (918, 1298, 0, 0, 0, 0, 0, 0, 0, 0))
2018-04-18 05:15:52.131744;(1, (25360, 25360, 25143, 12875, 0, 0, 0, 0, 0, 0))
2018-04-18 05:15:53.044719;(14, (3411, 4040, 1804, 0, 0, 0, 0, 0, 0, 0))
2018-04-18 05:15:53.069634;(7, (3077, 3573, 1853, 0, 0, 0, 0, 0, 0, 0))
2018-04-18 05:15:53.220272;(11, (563, 818, 0, 0, 0, 0, 0, 0, 0, 0))
2018-04-18 05:15:53.229645;(8, (922, 1178, 373, 0, 0, 0, 0, 0, 0, 0))
2018-04-18 05:15:53.262875;(18, (135, 135, 0, 0, 0, 0, 0, 0, 0, 0))
2018-04-18 05:15:53.299911;(13, (4165, 4165, 4020, 0, 0, 0, 0, 0, 0, 0))
2018-04-18 05:15:53.311196;(16, (1637, 2288, 0, 0, 0, 0, 0, 0, 0, 0))
2018-04-18 05:15:53.387066;(4, (4162, 4162, 4021, 0, 0, 0, 0, 0, 0, 0))
2018-04-18 05:15:53.426807;(22, (139, 139, 0, 0, 0, 0, 0, 0, 0, 0))
2018-04-18 05:15:53.510810;(23, (143, 143, 0, 0, 0, 0, 0, 0, 0, 0))
2018-04-18 05:15:53.548102;(20, (7521, 7937, 6520, 0, 0, 0, 0, 0, 0, 0))
2018-04-18 05:15:53.730444;(6, (2646, 3623, 0, 0, 0, 0, 0, 0, 0, 0))
2018-04-18 05:15:53.737294;(12, (2115, 2522, 1140, 0, 0, 0, 0, 0, 0, 0))
2018-04-18 05:15:53.738730;(19, (833, 1193, 0, 0, 0, 0, 0, 0, 0, 0))
2018-04-18 05:15:53.906061;(3, (4309, 4866, 2902, 0, 0, 0, 0, 0, 0, 0))
2018-04-18 05:15:54.018754;(17, (932, 1323, 0, 0, 0, 0, 0, 0, 0, 0))
2018-04-18 05:16:52.135558;(1, (25497, 25497, 25270, 13002, 0, 0, 0, 0, 0, 0))
2018-04-18 05:16:53.048023;(14, (3444, 4084, 1823, 0, 0, 0, 0, 0, 0, 0))
2018-04-18 05:16:53.073870;(7, (3116, 3624, 1878, 0, 0, 0, 0, 0, 0, 0))
2018-04-18 05:16:53.225020;(11, (577, 843, 0, 0, 0, 0, 0, 0, 0, 0))
2018-04-18 05:16:53.234646;(8, (943, 1209, 382, 0, 0, 0, 0, 0, 0, 0))
2018-04-18 05:16:53.267411;(18, (145, 145, 0, 0, 0, 0, 0, 0, 0, 0))
2018-04-18 05:16:53.304005;(13, (4182, 4182, 4027, 0, 0, 0, 0, 0, 0, 0))
2018-04-18 05:16:53.314976;(16, (1647, 2307, 0, 0, 0, 0, 0, 0, 0, 0))
2018-04-18 05:16:53.393950;(4, (4179, 4179, 4028, 0, 0, 0, 0, 0, 0, 0))
2018-04-18 05:16:53.433890;(22, (149, 149, 0, 0, 0, 0, 0, 0, 0, 0))
2018-04-18 05:16:53.516313;(23, (153, 153, 0, 0, 0, 0, 0, 0, 0, 0))
2018-04-18 05:16:53.552251;(20, (7603, 8030, 6590, 0, 0, 0, 0, 0, 0, 0))
2018-04-18 05:16:53.739665;(6, (2658, 3643, 0, 0, 0, 0, 0, 0, 0, 0))
2018-04-18 05:16:53.742586;(12, (2137, 2556, 1148, 0, 0, 0, 0, 0, 0, 0))
2018-04-18 05:16:53.744037;(19, (847, 1219, 0, 0, 0, 0, 0, 0, 0, 0))
2018-04-18 05:16:53.914738;(3, (4351, 4919, 2930, 0, 0, 0, 0, 0, 0, 0))
2018-04-18 05:16:54.022803;(17, (944, 1342, 0, 0, 0, 0, 0, 0, 0, 0))
2018-04-18 05:17:52.140191;(1, (25638, 25638, 25401, 13133, 0, 0, 0, 0, 0, 0))
2018-04-18 05:17:53.054097;(14, (3475, 4127, 1840, 0, 0, 0, 0, 0, 0, 0))
2018-04-18 05:17:53.078215;(7, (3158, 3677, 1906, 0, 0, 0, 0, 0, 0, 0))
2018-04-18 05:17:53.229270;(11, (591, 868, 0, 0, 0, 0, 0, 0, 0, 0))
2018-04-18 05:17:53.238938;(8, (962, 1236, 391, 0, 0, 0, 0, 0, 0, 0))
2018-04-18 05:17:53.272150;(18, (155, 155, 0, 0, 0, 0, 0, 0, 0, 0))
2018-04-18 05:17:53.308085;(13, (4199, 4199, 4034, 0, 0, 0, 0, 0, 0, 0))
2018-04-18 05:17:53.318237;(16, (1659, 2330, 0, 0, 0, 0, 0, 0, 0, 0))
2018-04-18 05:17:53.397890;(4, (4196, 4196, 4035, 0, 0, 0, 0, 0, 0, 0))
2018-04-18 05:17:53.439935;(22, (159, 159, 0, 0, 0, 0, 0, 0, 0, 0))
2018-04-18 05:17:53.519708;(23, (163, 163, 0, 0, 0, 0, 0, 0, 0, 0))
2018-04-18 05:17:53.556010;(20, (7687, 8125, 6662, 0, 0, 0, 0, 0, 0, 0))
2018-04-18 05:17:53.745764;(6, (2672, 3669, 0, 0, 0, 0, 0, 0, 0, 0))
2018-04-18 05:17:53.748226;(12, (2160, 2589, 1157, 0, 0, 0, 0, 0, 0, 0))
2018-04-18 05:17:53.752585;(19, (861, 1243, 0, 0, 0, 0, 0, 0, 0, 0))
2018-04-18 05:17:53.919111;(3, (4390, 4968, 2955, 0, 0, 0, 0, 0, 0, 0))
2018-04-18 05:17:54.028536;(17, (958, 1367, 0, 0, 0, 0, 0, 0, 0, 0))
2018-04-18 05:18:52.144040;(1, (25758, 25758, 25511, 13243, 0, 0, 0, 0, 0, 0))
2018-04-18 05:18:53.060020;(14, (3501, 4160, 1854, 0, 0, 0, 0, 0, 0, 0))
2018-04-18 05:18:53.233919;(11, (603, 888, 0, 0, 0, 0, 0, 0, 0, 0))
2018-04-18 05:18:53.277840;(18, (165, 165, 0, 0, 0, 0, 0, 0, 0, 0))
2018-04-18 05:18:53.313891;(13, (4213, 4213, 4038, 0, 0, 0, 0, 0, 0, 0))
2018-04-18 05:18:53.403194;(4, (4210, 4210, 4039, 0, 0, 0, 0, 0, 0, 0))
2018-04-18 05:18:53.444507;(22, (169, 169, 0, 0, 0, 0, 0, 0, 0, 0))
2018-04-18 05:18:53.526771;(23, (173, 173, 0, 0, 0, 0, 0, 0, 0, 0))
2018-04-18 05:18:53.751353;(6, (2686, 3693, 0, 0, 0, 0, 0, 0, 0, 0))
2018-04-18 05:18:53.755193;(12, (2178, 2616, 1163, 0, 0, 0, 0, 0, 0, 0))
2018-04-18 05:18:53.757712;(19, (873, 1263, 0, 0, 0, 0, 0, 0, 0, 0))
2018-04-18 05:18:53.925841;(3, (4422, 5009, 2975, 0, 0, 0, 0, 0, 0, 0))
2018-04-18 05:18:54.032357;(17, (972, 1391, 0, 0, 0, 0, 0, 0, 0, 0))
2018-04-18 05:18:54.082451;(7, (3192, 3718, 1928, 0, 0, 0, 0, 0, 0, 0))
2018-04-18 05:18:54.243117;(8, (981, 1267, 398, 0, 0, 0, 0, 0, 0, 0))
2018-04-18 05:18:54.321411;(16, (1669, 2347, 0, 0, 0, 0, 0, 0, 0, 0))
2018-04-18 05:18:54.560332;(20, (7755, 8201, 6720, 0, 0, 0, 0, 0, 0, 0))
2018-04-18 05:19:52.152119;(1, (25893, 25893, 25636, 13368, 0, 0, 0, 0, 0, 0))
2018-04-18 05:19:53.080418;(14, (3532, 4202, 1871, 0, 0, 0, 0, 0, 0, 0))
2018-04-18 05:19:53.242999;(11, (617, 914, 0, 0, 0, 0, 0, 0, 0, 0))
2018-04-18 05:19:53.288042;(18, (175, 175, 0, 0, 0, 0, 0, 0, 0, 0))
2018-04-18 05:19:53.457644;(22, (179, 179, 0, 0, 0, 0, 0, 0, 0, 0))
2018-04-18 05:19:53.536298;(23, (183, 183, 0, 0, 0, 0, 0, 0, 0, 0))
2018-04-18 05:19:53.780795;(19, (887, 1288, 0, 0, 0, 0, 0, 0, 0, 0))
2018-04-18 05:19:54.090315;(7, (3234, 3772, 1956, 0, 0, 0, 0, 0, 0, 0))
2018-04-18 05:19:54.249662;(8, (1001, 1293, 408, 0, 0, 0, 0, 0, 0, 0))
2018-04-18 05:19:54.323262;(13, (4231, 4231, 4046, 0, 0, 0, 0, 0, 0, 0))
2018-04-18 05:19:54.329452;(16, (1681, 2371, 0, 0, 0, 0, 0, 0, 0, 0))
2018-04-18 05:19:54.412000;(4, (4228, 4228, 4047, 0, 0, 0, 0, 0, 0, 0))
2018-04-18 05:19:54.577587;(20, (7836, 8293, 6789, 0, 0, 0, 0, 0, 0, 0))
2018-04-18 05:19:54.761527;(6, (2698, 3713, 0, 0, 0, 0, 0, 0, 0, 0))
2018-04-18 05:19:54.762932;(12, (2202, 2651, 1173, 0, 0, 0, 0, 0, 0, 0))
2018-04-18 05:19:54.943556;(3, (4463, 5056, 3004, 0, 0, 0, 0, 0, 0, 0))
2018-04-18 05:19:55.049587;(17, (984, 1412, 0, 0, 0, 0, 0, 0, 0, 0))
