2018-04-04 17:10:28.913515;(5, 2354, 4708, 9416, 18832)
2018-04-04 17:10:29.913664;(5, 2389, 4778, 9556, 19112)
2018-04-04 17:10:30.913822;(5, 2538, 5076, 10152, 20304)
2018-04-04 17:10:31.913977;(5, 2590, 5180, 10360, 20720)
2018-04-04 17:10:32.914131;(5, 2083, 4166, 8332, 16664)
2018-04-04 17:10:33.914285;(5, 2469, 4938, 9876, 19752)
2018-04-04 17:10:34.914450;(5, 2163, 4326, 8652, 17304)
2018-04-04 17:10:35.914604;(5, 2192, 4384, 8768, 17536)
2018-04-04 17:10:36.914782;(5, 2200, 4400, 8800, 17600)
2018-04-04 17:10:37.577891;(6, 2065, 4130, 8260, 16520)
2018-04-04 17:10:37.914940;(5, 2595, 5190, 10380, 20760)
2018-04-04 17:10:38.578068;(6, 2111, 4222, 8444, 16888)
2018-04-04 17:10:38.915097;(5, 2134, 4268, 8536, 17072)
2018-04-04 17:10:39.578200;(6, 2305, 4610, 9220, 18440)
2018-04-04 17:10:39.915375;(5, 2117, 4234, 8468, 16936)
2018-04-04 17:10:40.191829;(3, 2128, 4256, 8512, 17024)
2018-04-04 17:10:40.578364;(6, 2345, 4690, 9380, 18760)
2018-04-04 17:10:40.615582;(11, 2330, 4660, 9320, 18640)
2018-04-04 17:10:40.915426;(5, 2607, 5214, 10428, 20856)
2018-04-04 17:10:40.918077;(12, 2672, 5344, 10688, 21376)
2018-04-04 17:10:41.191992;(3, 2916, 5832, 11664, 23328)
2018-04-04 17:10:41.578512;(6, 2169, 4338, 8676, 17352)
2018-04-04 17:10:41.615701;(11, 2089, 4178, 8356, 16712)
2018-04-04 17:10:41.915565;(5, 2547, 5094, 10188, 20376)
2018-04-04 17:10:41.918196;(12, 2228, 4456, 8912, 17824)
2018-04-04 17:10:42.192139;(3, 2848, 5696, 11392, 22784)
2018-04-04 17:10:42.578650;(6, 2790, 5580, 11160, 22320)
2018-04-04 17:10:42.915717;(5, 2676, 5352, 10704, 21408)
2018-04-04 17:10:42.918326;(12, 2938, 5876, 11752, 23504)
2018-04-04 17:10:42.957284;(17, 2467, 4934, 9868, 19736)
2018-04-04 17:10:43.578808;(6, 2813, 5626, 11252, 22504)
2018-04-04 17:10:43.915888;(5, 2027, 4054, 8108, 16216)
2018-04-04 17:10:44.578966;(6, 2522, 5044, 10088, 20176)
2018-04-04 17:10:44.916034;(5, 2154, 4308, 8616, 17232)
2018-04-04 17:10:45.579109;(6, 2721, 5442, 10884, 21768)
2018-04-04 17:10:45.916184;(5, 2475, 4950, 9900, 19800)
2018-04-04 17:10:45.957719;(17, 2969, 5938, 11876, 23752)
2018-04-04 17:10:45.957847;(17, 2318, 4636, 9272, 18544)
2018-04-04 17:10:45.957967;(17, 2354, 4708, 9416, 18832)
2018-04-04 17:10:46.028448;(14, 2513, 5026, 10052, 20104)
2018-04-04 17:10:46.193666;(3, 2690, 5380, 10760, 21520)
2018-04-04 17:10:46.193785;(3, 2551, 5102, 10204, 20408)
2018-04-04 17:10:46.193962;(3, 2378, 4756, 9512, 19024)
2018-04-04 17:10:46.193905;(3, 2902, 5804, 11608, 23216)
2018-04-04 17:10:46.401449;(21, 2812, 5624, 11248, 22496)
2018-04-04 17:10:46.579252;(6, 2543, 5086, 10172, 20344)
2018-04-04 17:10:46.917120;(5, 2257, 4514, 9028, 18056)
2018-04-04 17:10:46.957841;(17, 2702, 5404, 10808, 21616)
2018-04-04 17:10:47.028579;(14, 2251, 4502, 9004, 18008)
2018-04-04 17:10:47.142364;(8, 2749, 5498, 10996, 21992)
2018-04-04 17:10:47.142549;(8, 2301, 4602, 9204, 18408)
2018-04-04 17:10:47.142669;(8, 2404, 4808, 9616, 19232)
2018-04-04 17:10:47.142727;(8, 2798, 5596, 11192, 22384)
2018-04-04 17:10:47.193711;(3, 2717, 5434, 10868, 21736)
2018-04-04 17:10:47.401608;(21, 2176, 4352, 8704, 17408)
2018-04-04 17:10:47.579409;(6, 2566, 5132, 10264, 20528)
2018-04-04 17:10:47.917305;(5, 2394, 4788, 9576, 19152)
2018-04-04 17:10:47.958034;(17, 2308, 4616, 9232, 18464)
2018-04-04 17:10:48.028940;(14, 2996, 5992, 11984, 23968)
2018-04-04 17:10:48.142560;(8, 2203, 4406, 8812, 17624)
2018-04-04 17:10:48.193906;(3, 2300, 4600, 9200, 18400)
2018-04-04 17:10:48.402569;(21, 2097, 4194, 8388, 16776)
2018-04-04 17:10:48.494473;(20, 2132, 4264, 8528, 17056)
2018-04-04 17:10:48.580312;(6, 2990, 5980, 11960, 23920)
2018-04-04 17:10:48.917838;(5, 2235, 4470, 8940, 17880)
2018-04-04 17:10:48.958586;(17, 2034, 4068, 8136, 16272)
2018-04-04 17:10:49.029174;(14, 2214, 4428, 8856, 17712)
2018-04-04 17:10:49.143179;(8, 2245, 4490, 8980, 17960)
2018-04-04 17:10:49.338896;(13, 2003, 4006, 8012, 16024)
2018-04-04 17:10:49.403354;(21, 2394, 4788, 9576, 19152)
2018-04-04 17:10:49.494709;(20, 2853, 5706, 11412, 22824)
2018-04-04 17:10:49.580553;(6, 2608, 5216, 10432, 20864)
2018-04-04 17:10:49.616796;(11, 2048, 4096, 8192, 16384)
2018-04-04 17:10:49.616919;(11, 2673, 5346, 10692, 21384)
2018-04-04 17:10:49.617040;(11, 2016, 4032, 8064, 16128)
2018-04-04 17:10:49.617156;(11, 2157, 4314, 8628, 17256)
2018-04-04 17:10:49.918135;(5, 2010, 4020, 8040, 16080)
2018-04-04 17:10:49.958872;(17, 2422, 4844, 9688, 19376)
2018-04-04 17:10:50.029314;(14, 2290, 4580, 9160, 18320)
2018-04-04 17:10:50.143506;(8, 2132, 4264, 8528, 17056)
2018-04-04 17:10:50.339057;(13, 2202, 4404, 8808, 17616)
2018-04-04 17:10:50.403698;(21, 2391, 4782, 9564, 19128)
2018-04-04 17:10:50.494877;(20, 2914, 5828, 11656, 23312)
2018-04-04 17:10:50.580713;(6, 2650, 5300, 10600, 21200)
2018-04-04 17:10:50.918285;(5, 2754, 5508, 11016, 22032)
2018-04-04 17:10:50.959016;(17, 2498, 4996, 9992, 19984)
2018-04-04 17:10:51.029442;(14, 2413, 4826, 9652, 19304)
2018-04-04 17:10:51.143662;(8, 2270, 4540, 9080, 18160)
2018-04-04 17:10:51.194716;(3, 2371, 4742, 9484, 18968)
2018-04-04 17:10:51.194771;(3, 2161, 4322, 8644, 17288)
2018-04-04 17:10:51.403859;(21, 2185, 4370, 8740, 17480)
2018-04-04 17:10:51.495022;(20, 2453, 4906, 9812, 19624)
2018-04-04 17:10:51.581160;(6, 2116, 4232, 8464, 16928)
2018-04-04 17:10:51.617493;(11, 2128, 4256, 8512, 17024)
2018-04-04 17:10:51.918435;(5, 2788, 5576, 11152, 22304)
2018-04-04 17:10:51.959153;(17, 2370, 4740, 9480, 18960)
2018-04-04 17:10:52.143824;(8, 2533, 5066, 10132, 20264)
2018-04-04 17:10:52.339260;(13, 2132, 4264, 8528, 17056)
2018-04-04 17:10:52.404022;(21, 2583, 5166, 10332, 20664)
2018-04-04 17:10:52.495167;(20, 2066, 4132, 8264, 16528)
2018-04-04 17:10:52.581299;(6, 2577, 5154, 10308, 20616)
2018-04-04 17:10:52.617798;(11, 2388, 4776, 9552, 19104)
2018-04-04 17:10:52.617914;(11, 2311, 4622, 9244, 18488)
2018-04-04 17:10:52.618047;(11, 2996, 5992, 11984, 23968)
2018-04-04 17:10:52.918593;(5, 2427, 4854, 9708, 19416)
2018-04-04 17:10:52.919523;(12, 2532, 5064, 10128, 20256)
2018-04-04 17:10:52.919638;(12, 2072, 4144, 8288, 16576)
2018-04-04 17:10:52.919814;(12, 2381, 4762, 9524, 19048)
2018-04-04 17:10:52.919758;(12, 2531, 5062, 10124, 20248)
2018-04-04 17:10:52.919958;(12, 2260, 4520, 9040, 18080)
2018-04-04 17:10:52.959289;(17, 2919, 5838, 11676, 23352)
2018-04-04 17:10:53.339416;(13, 2592, 5184, 10368, 20736)
2018-04-04 17:10:53.404178;(21, 2878, 5756, 11512, 23024)
2018-04-04 17:10:53.581465;(6, 2158, 4316, 8632, 17264)
2018-04-04 17:10:53.617984;(11, 2896, 5792, 11584, 23168)
2018-04-04 17:10:53.918780;(5, 2797, 5594, 11188, 22376)
2018-04-04 17:10:53.919677;(12, 2923, 5846, 11692, 23384)
2018-04-04 17:10:54.177253;(4, 2283, 4566, 9132, 18264)
2018-04-04 17:10:54.194984;(3, 2711, 5422, 10844, 21688)
2018-04-04 17:10:54.195045;(3, 2500, 5000, 10000, 20000)
2018-04-04 17:10:54.339561;(13, 2764, 5528, 11056, 22112)
2018-04-04 17:10:54.404297;(21, 2550, 5100, 10200, 20400)
2018-04-04 17:10:54.495351;(20, 2373, 4746, 9492, 18984)
2018-04-04 17:10:54.581586;(6, 2647, 5294, 10588, 21176)
2018-04-04 17:10:54.618096;(11, 2586, 5172, 10344, 20688)
2018-04-04 17:10:54.654257;(7, 2010, 4020, 8040, 16080)
2018-04-04 17:10:54.918933;(5, 2706, 5412, 10824, 21648)
2018-04-04 17:10:54.919805;(12, 2998, 5996, 11992, 23984)
2018-04-04 17:10:54.970127;(10, 2336, 4672, 9344, 18688)
2018-04-04 17:10:55.029827;(14, 2229, 4458, 8916, 17832)
2018-04-04 17:10:55.029884;(14, 2857, 5714, 11428, 22856)
2018-04-04 17:10:55.144327;(8, 2264, 4528, 9056, 18112)
2018-04-04 17:10:55.144446;(8, 2145, 4290, 8580, 17160)
2018-04-04 17:10:55.144504;(8, 2836, 5672, 11344, 22688)
2018-04-04 17:10:55.339722;(13, 2344, 4688, 9376, 18752)
2018-04-04 17:10:55.404456;(21, 2666, 5332, 10664, 21328)
2018-04-04 17:10:55.495508;(20, 2279, 4558, 9116, 18232)
2018-04-04 17:10:55.581735;(6, 2666, 5332, 10664, 21328)
2018-04-04 17:10:55.618240;(11, 2362, 4724, 9448, 18896)
2018-04-04 17:10:55.919097;(5, 2776, 5552, 11104, 22208)
2018-04-04 17:10:55.919913;(12, 2434, 4868, 9736, 19472)
2018-04-04 17:10:55.970248;(10, 2167, 4334, 8668, 17336)
2018-04-04 17:10:56.144409;(8, 2556, 5112, 10224, 20448)
2018-04-04 17:10:56.195312;(3, 2966, 5932, 11864, 23728)
2018-04-04 17:10:56.195370;(3, 2152, 4304, 8608, 17216)
2018-04-04 17:10:56.339818;(13, 2736, 5472, 10944, 21888)
2018-04-04 17:10:56.404585;(21, 2320, 4640, 9280, 18560)
2018-04-04 17:10:56.495644;(20, 2830, 5660, 11320, 22640)
2018-04-04 17:10:56.581854;(6, 2824, 5648, 11296, 22592)
2018-04-04 17:10:56.618362;(11, 2896, 5792, 11584, 23168)
2018-04-04 17:10:56.919244;(5, 2294, 4588, 9176, 18352)
2018-04-04 17:10:56.959905;(17, 2356, 4712, 9424, 18848)
2018-04-04 17:10:56.960024;(17, 2435, 4870, 9740, 19480)
2018-04-04 17:10:56.960143;(17, 2832, 5664, 11328, 22656)
2018-04-04 17:10:56.960201;(17, 2179, 4358, 8716, 17432)
2018-04-04 17:10:56.970375;(10, 2083, 4166, 8332, 16664)
2018-04-04 17:10:57.144558;(8, 2569, 5138, 10276, 20552)
2018-04-04 17:10:57.404740;(21, 2844, 5688, 11376, 22752)
2018-04-04 17:10:57.495809;(20, 2401, 4802, 9604, 19208)
2018-04-04 17:10:57.581991;(6, 2109, 4218, 8436, 16872)
2018-04-04 17:10:57.618498;(11, 2734, 5468, 10936, 21872)
2018-04-04 17:10:57.654644;(7, 2213, 4426, 8852, 17704)
2018-04-04 17:10:57.654741;(7, 2243, 4486, 8972, 17944)
2018-04-04 17:10:57.654899;(7, 2082, 4164, 8328, 16656)
2018-04-04 17:10:57.919390;(5, 2275, 4550, 9100, 18200)
2018-04-04 17:10:57.959967;(17, 2163, 4326, 8652, 17304)
2018-04-04 17:10:57.970494;(10, 2500, 5000, 10000, 20000)
2018-04-04 17:10:58.086537;(19, 2014, 4028, 8056, 16112)
2018-04-04 17:10:58.086656;(19, 2785, 5570, 11140, 22280)
2018-04-04 17:10:58.145175;(8, 2116, 4232, 8464, 16928)
2018-04-04 17:10:58.195617;(3, 2533, 5066, 10132, 20264)
2018-04-04 17:10:58.195735;(3, 2892, 5784, 11568, 23136)
2018-04-04 17:10:58.373505;(15, 2179, 4358, 8716, 17432)
2018-04-04 17:10:58.404912;(21, 2044, 4088, 8176, 16352)
2018-04-04 17:10:58.496012;(20, 2114, 4228, 8456, 16912)
2018-04-04 17:10:58.582175;(6, 2450, 4900, 9800, 19600)
2018-04-04 17:10:58.618698;(11, 2028, 4056, 8112, 16224)
2018-04-04 17:10:58.654871;(7, 2174, 4348, 8696, 17392)
2018-04-04 17:10:58.919551;(5, 2121, 4242, 8484, 16968)
2018-04-04 17:10:58.970643;(10, 2265, 4530, 9060, 18120)
2018-04-04 17:10:59.145328;(8, 2039, 4078, 8156, 16312)
2018-04-04 17:10:59.195812;(3, 2291, 4582, 9164, 18328)
2018-04-04 17:10:59.195889;(3, 2754, 5508, 11016, 22032)
2018-04-04 17:10:59.196055;(3, 2894, 5788, 11576, 23152)
2018-04-04 17:10:59.373661;(15, 2200, 4400, 8800, 17600)
2018-04-04 17:10:59.405037;(21, 2119, 4238, 8476, 16952)
2018-04-04 17:10:59.496172;(20, 2483, 4966, 9932, 19864)
2018-04-04 17:10:59.582739;(6, 2873, 5746, 11492, 22984)
2018-04-04 17:10:59.618792;(11, 2612, 5224, 10448, 20896)
2018-04-04 17:10:59.655006;(7, 2694, 5388, 10776, 21552)
2018-04-04 17:10:59.919703;(5, 2884, 5768, 11536, 23072)
2018-04-04 17:10:59.970818;(10, 2155, 4310, 8620, 17240)
2018-04-04 17:11:00.087059;(19, 2160, 4320, 8640, 17280)
2018-04-04 17:11:00.087178;(19, 2851, 5702, 11404, 22808)
2018-04-04 17:11:00.087297;(19, 2263, 4526, 9052, 18104)
2018-04-04 17:11:00.087355;(19, 2700, 5400, 10800, 21600)
2018-04-04 17:11:00.145456;(8, 2172, 4344, 8688, 17376)
2018-04-04 17:11:00.373804;(15, 2765, 5530, 11060, 22120)
2018-04-04 17:11:00.405166;(21, 2709, 5418, 10836, 21672)
2018-04-04 17:11:00.496285;(20, 2386, 4772, 9544, 19088)
2018-04-04 17:11:00.583092;(6, 2634, 5268, 10536, 21072)
2018-04-04 17:11:00.618920;(11, 2183, 4366, 8732, 17464)
2018-04-04 17:11:00.655144;(7, 2576, 5152, 10304, 20608)
2018-04-04 17:11:00.919858;(5, 2010, 4020, 8040, 16080)
2018-04-04 17:11:00.961184;(17, 2181, 4362, 8724, 17448)
2018-04-04 17:11:00.970892;(10, 2168, 4336, 8672, 17344)
2018-04-04 17:11:01.087159;(19, 2450, 4900, 9800, 19600)
2018-04-04 17:11:01.145609;(8, 2008, 4016, 8032, 16064)
2018-04-04 17:11:01.373954;(15, 2504, 5008, 10016, 20032)
2018-04-04 17:11:01.405648;(21, 2155, 4310, 8620, 17240)
2018-04-04 17:11:01.497103;(20, 2281, 4562, 9124, 18248)
2018-04-04 17:11:01.584093;(6, 2874, 5748, 11496, 22992)
2018-04-04 17:11:01.619066;(11, 2319, 4638, 9276, 18552)
2018-04-04 17:11:01.655306;(7, 2120, 4240, 8480, 16960)
2018-04-04 17:11:01.920041;(5, 2204, 4408, 8816, 17632)
2018-04-04 17:11:01.971062;(10, 2944, 5888, 11776, 23552)
2018-04-04 17:11:02.087330;(19, 2839, 5678, 11356, 22712)
2018-04-04 17:11:02.145767;(8, 2471, 4942, 9884, 19768)
2018-04-04 17:11:02.374110;(15, 2039, 4078, 8156, 16312)
2018-04-04 17:11:02.406285;(21, 2160, 4320, 8640, 17280)
2018-04-04 17:11:02.497249;(20, 2014, 4028, 8056, 16112)
2018-04-04 17:11:02.584239;(6, 2437, 4874, 9748, 19496)
2018-04-04 17:11:02.619203;(11, 2844, 5688, 11376, 22752)
2018-04-04 17:11:02.655501;(7, 2918, 5836, 11672, 23344)
2018-04-04 17:11:02.920185;(5, 2506, 5012, 10024, 20048)
2018-04-04 17:11:02.961704;(17, 2352, 4704, 9408, 18816)
2018-04-04 17:11:02.961824;(17, 2581, 5162, 10324, 20648)
2018-04-04 17:11:02.961882;(17, 2375, 4750, 9500, 19000)
2018-04-04 17:11:02.962003;(17, 2312, 4624, 9248, 18496)
2018-04-04 17:11:02.971181;(10, 2720, 5440, 10880, 21760)
2018-04-04 17:11:03.030456;(14, 2401, 4802, 9604, 19208)
2018-04-04 17:11:03.030511;(14, 2403, 4806, 9612, 19224)
2018-04-04 17:11:03.087471;(19, 2737, 5474, 10948, 21896)
2018-04-04 17:11:03.145926;(8, 2930, 5860, 11720, 23440)
2018-04-04 17:11:03.374261;(15, 2585, 5170, 10340, 20680)
2018-04-04 17:11:03.406662;(21, 2211, 4422, 8844, 17688)
2018-04-04 17:11:03.497369;(20, 2653, 5306, 10612, 21224)
2018-04-04 17:11:03.584432;(6, 2501, 5002, 10004, 20008)
2018-04-04 17:11:03.655669;(7, 2747, 5494, 10988, 21976)
2018-04-04 17:11:03.920347;(5, 2914, 5828, 11656, 23312)
2018-04-04 17:11:03.922490;(12, 2334, 4668, 9336, 18672)
2018-04-04 17:11:03.922606;(12, 2567, 5134, 10268, 20536)
2018-04-04 17:11:03.922726;(12, 2292, 4584, 9168, 18336)
2018-04-04 17:11:03.961760;(17, 2717, 5434, 10868, 21736)
2018-04-04 17:11:03.971308;(10, 2058, 4116, 8232, 16464)
2018-04-04 17:11:04.087635;(19, 2174, 4348, 8696, 17392)
2018-04-04 17:11:04.374504;(15, 2050, 4100, 8200, 16400)
2018-04-04 17:11:04.406802;(21, 2186, 4372, 8744, 17488)
2018-04-04 17:11:04.585197;(6, 2297, 4594, 9188, 18376)
2018-04-04 17:11:04.655866;(7, 2662, 5324, 10648, 21296)
2018-04-04 17:11:04.920513;(5, 2250, 4500, 9000, 18000)
2018-04-04 17:11:04.961897;(17, 2335, 4670, 9340, 18680)
2018-04-04 17:11:04.971443;(10, 2161, 4322, 8644, 17288)
2018-04-04 17:11:05.087811;(19, 2895, 5790, 11580, 23160)
2018-04-04 17:11:05.374578;(15, 2094, 4188, 8376, 16752)
2018-04-04 17:11:05.406925;(21, 2884, 5768, 11536, 23072)
2018-04-04 17:11:05.585341;(6, 2922, 5844, 11688, 23376)
2018-04-04 17:11:05.656002;(7, 2567, 5134, 10268, 20536)
2018-04-04 17:11:05.920662;(5, 2939, 5878, 11756, 23512)
2018-04-04 17:11:05.962032;(17, 2135, 4270, 8540, 17080)
2018-04-04 17:11:05.971577;(10, 2173, 4346, 8692, 17384)
2018-04-04 17:11:06.088005;(19, 2821, 5642, 11284, 22568)
2018-04-04 17:11:06.374720;(15, 2841, 5682, 11364, 22728)
2018-04-04 17:11:06.407050;(21, 2454, 4908, 9816, 19632)
2018-04-04 17:11:06.497985;(20, 2086, 4172, 8344, 16688)
2018-04-04 17:11:06.498104;(20, 2052, 4104, 8208, 16416)
2018-04-04 17:11:06.498282;(20, 2504, 5008, 10016, 20032)
2018-04-04 17:11:06.498164;(20, 2971, 5942, 11884, 23768)
2018-04-04 17:11:06.585473;(6, 2466, 4932, 9864, 19728)
2018-04-04 17:11:06.656147;(7, 2784, 5568, 11136, 22272)
2018-04-04 17:11:06.921125;(5, 2166, 4332, 8664, 17328)
2018-04-04 17:11:06.930623;(18, 2609, 5218, 10436, 20872)
2018-04-04 17:11:06.971723;(10, 2811, 5622, 11244, 22488)
2018-04-04 17:11:07.088178;(19, 2054, 4108, 8216, 16432)
2018-04-04 17:11:07.374891;(15, 2137, 4274, 8548, 17096)
2018-04-04 17:11:07.407191;(21, 2023, 4046, 8092, 16184)
2018-04-04 17:11:07.498083;(20, 2939, 5878, 11756, 23512)
2018-04-04 17:11:07.585644;(6, 2738, 5476, 10952, 21904)
2018-04-04 17:11:07.656337;(7, 2158, 4316, 8632, 17264)
2018-04-04 17:11:07.921299;(5, 2994, 5988, 11976, 23952)
2018-04-04 17:11:07.930762;(18, 2732, 5464, 10928, 21856)
2018-04-04 17:11:07.972108;(10, 2083, 4166, 8332, 16664)
2018-04-04 17:11:08.375160;(15, 2998, 5996, 11992, 23984)
2018-04-04 17:11:08.407337;(21, 2533, 5066, 10132, 20264)
2018-04-04 17:11:08.585771;(6, 2849, 5698, 11396, 22792)
2018-04-04 17:11:08.657224;(7, 2787, 5574, 11148, 22296)
2018-04-04 17:11:08.779556;(16, 2758, 5516, 11032, 22064)
2018-04-04 17:11:08.921456;(5, 2029, 4058, 8116, 16232)
2018-04-04 17:11:08.930875;(18, 2133, 4266, 8532, 17064)
2018-04-04 17:11:08.962510;(17, 2844, 5688, 11376, 22752)
2018-04-04 17:11:08.962629;(17, 2686, 5372, 10744, 21488)
2018-04-04 17:11:08.962689;(17, 2893, 5786, 11572, 23144)
2018-04-04 17:11:08.973142;(10, 2621, 5242, 10484, 20968)
2018-04-04 17:11:09.375261;(15, 2271, 4542, 9084, 18168)
2018-04-04 17:11:09.407452;(21, 2771, 5542, 11084, 22168)
2018-04-04 17:11:09.498227;(20, 2084, 4168, 8336, 16672)
2018-04-04 17:11:09.585969;(6, 2073, 4146, 8292, 16584)
2018-04-04 17:11:09.657358;(7, 2486, 4972, 9944, 19888)
2018-04-04 17:11:09.779712;(16, 2645, 5290, 10580, 21160)
2018-04-04 17:11:09.791142;(22, 2624, 5248, 10496, 20992)
2018-04-04 17:11:09.921596;(5, 2337, 4674, 9348, 18696)
2018-04-04 17:11:09.931008;(18, 2548, 5096, 10192, 20384)
2018-04-04 17:11:09.962579;(17, 2399, 4798, 9596, 19192)
2018-04-04 17:11:09.973261;(10, 2186, 4372, 8744, 17488)
2018-04-04 17:11:10.031345;(14, 2386, 4772, 9544, 19088)
2018-04-04 17:11:10.031468;(14, 2319, 4638, 9276, 18552)
2018-04-04 17:11:10.031524;(14, 2171, 4342, 8684, 17368)
2018-04-04 17:11:10.031583;(14, 2973, 5946, 11892, 23784)
2018-04-04 17:11:10.088653;(19, 2626, 5252, 10504, 21008)
2018-04-04 17:11:10.088885;(19, 2853, 5706, 11412, 22824)
2018-04-04 17:11:10.089030;(19, 2581, 5162, 10324, 20648)
2018-04-04 17:11:10.375445;(15, 2737, 5474, 10948, 21896)
2018-04-04 17:11:10.407607;(21, 2513, 5026, 10052, 20104)
2018-04-04 17:11:10.586100;(6, 2154, 4308, 8616, 17232)
2018-04-04 17:11:10.657524;(7, 2745, 5490, 10980, 21960)
2018-04-04 17:11:10.780257;(16, 2506, 5012, 10024, 20048)
2018-04-04 17:11:10.791574;(22, 2786, 5572, 11144, 22288)
2018-04-04 17:11:10.921763;(5, 2634, 5268, 10536, 21072)
2018-04-04 17:11:10.923403;(12, 2297, 4594, 9188, 18376)
2018-04-04 17:11:10.923518;(12, 2927, 5854, 11708, 23416)
2018-04-04 17:11:10.962730;(17, 2580, 5160, 10320, 20640)
2018-04-04 17:11:10.973414;(10, 2284, 4568, 9136, 18272)
2018-04-04 17:11:11.031441;(14, 2343, 4686, 9372, 18744)
2018-04-04 17:11:11.089189;(19, 2634, 5268, 10536, 21072)
2018-04-04 17:11:11.375583;(15, 2639, 5278, 10556, 21112)
2018-04-04 17:11:11.407720;(21, 2690, 5380, 10760, 21520)
2018-04-04 17:11:11.586225;(6, 2500, 5000, 10000, 20000)
2018-04-04 17:11:11.657673;(7, 2012, 4024, 8048, 16096)
2018-04-04 17:11:11.780409;(16, 2238, 4476, 8952, 17904)
2018-04-04 17:11:11.791699;(22, 2542, 5084, 10168, 20336)
2018-04-04 17:11:11.921879;(5, 2827, 5654, 11308, 22616)
2018-04-04 17:11:11.923430;(12, 2067, 4134, 8268, 16536)
2018-04-04 17:11:11.962847;(17, 2427, 4854, 9708, 19416)
2018-04-04 17:11:11.973541;(10, 2845, 5690, 11380, 22760)
2018-04-04 17:11:12.089352;(19, 2318, 4636, 9272, 18544)
2018-04-04 17:11:12.375728;(15, 2527, 5054, 10108, 20216)
2018-04-04 17:11:12.407871;(21, 2916, 5832, 11664, 23328)
2018-04-04 17:11:12.498850;(20, 2654, 5308, 10616, 21232)
2018-04-04 17:11:12.498970;(20, 2789, 5578, 11156, 22312)
2018-04-04 17:11:12.499146;(20, 2842, 5684, 11368, 22736)
2018-04-04 17:11:12.499028;(20, 2768, 5536, 11072, 22144)
2018-04-04 17:11:12.586364;(6, 2787, 5574, 11148, 22296)
2018-04-04 17:11:12.620110;(11, 2394, 4788, 9576, 19152)
2018-04-04 17:11:12.620224;(11, 2163, 4326, 8652, 17304)
2018-04-04 17:11:12.620456;(11, 2776, 5552, 11104, 22208)
2018-04-04 17:11:12.620341;(11, 2278, 4556, 9112, 18224)
2018-04-04 17:11:12.620574;(11, 2446, 4892, 9784, 19568)
2018-04-04 17:11:12.657836;(7, 2512, 5024, 10048, 20096)
2018-04-04 17:11:12.963020;(17, 2232, 4464, 8928, 17856)
2018-04-04 17:11:12.973667;(10, 2763, 5526, 11052, 22104)
2018-04-04 17:11:13.089520;(19, 2898, 5796, 11592, 23184)
2018-04-04 17:11:13.375942;(15, 2840, 5680, 11360, 22720)
2018-04-04 17:11:13.408034;(21, 2530, 5060, 10120, 20240)
2018-04-04 17:11:13.586565;(6, 2879, 5758, 11516, 23032)
2018-04-04 17:11:13.931564;(18, 2649, 5298, 10596, 21192)
2018-04-04 17:11:13.931748;(18, 2973, 5946, 11892, 23784)
2018-04-04 17:11:13.931941;(18, 2746, 5492, 10984, 21968)
2018-04-04 17:11:13.931805;(18, 2815, 5630, 11260, 22520)
2018-04-04 17:11:13.973850;(10, 2267, 4534, 9068, 18136)
2018-04-04 17:11:14.031790;(14, 2728, 5456, 10912, 21824)
2018-04-04 17:11:14.031921;(14, 2252, 4504, 9008, 18016)
2018-04-04 17:11:14.376121;(15, 2086, 4172, 8344, 16688)
2018-04-04 17:11:14.408171;(21, 2291, 4582, 9164, 18328)
2018-04-04 17:11:14.586735;(6, 2237, 4474, 8948, 17896)
2018-04-04 17:11:14.780793;(16, 2590, 5180, 10360, 20720)
2018-04-04 17:11:14.780912;(16, 2697, 5394, 10788, 21576)
2018-04-04 17:11:14.922488;(5, 2254, 4508, 9016, 18032)
2018-04-04 17:11:14.922608;(5, 2378, 4756, 9512, 19024)
2018-04-04 17:11:14.922664;(5, 2535, 5070, 10140, 20280)
2018-04-04 17:11:14.925104;(12, 2454, 4908, 9816, 19632)
2018-04-04 17:11:14.931709;(18, 2346, 4692, 9384, 18768)
2018-04-04 17:11:14.974023;(10, 2567, 5134, 10268, 20536)
2018-04-04 17:11:15.031926;(14, 2735, 5470, 10940, 21880)
2018-04-04 17:11:15.376271;(15, 2145, 4290, 8580, 17160)
2018-04-04 17:11:15.409175;(21, 2117, 4234, 8468, 16936)
2018-04-04 17:11:15.586876;(6, 2886, 5772, 11544, 23088)
2018-04-04 17:11:15.658313;(7, 2937, 5874, 11748, 23496)
2018-04-04 17:11:15.658432;(7, 2692, 5384, 10768, 21536)
2018-04-04 17:11:15.658490;(7, 2056, 4112, 8224, 16448)
2018-04-04 17:11:15.922521;(5, 2097, 4194, 8388, 16776)
2018-04-04 17:11:15.963397;(17, 2886, 5772, 11544, 23088)
2018-04-04 17:11:15.963514;(17, 2869, 5738, 11476, 22952)
2018-04-04 17:11:15.963633;(17, 2824, 5648, 11296, 22592)
2018-04-04 17:11:15.974119;(10, 2355, 4710, 9420, 18840)
2018-04-04 17:11:16.376423;(15, 2291, 4582, 9164, 18328)
2018-04-04 17:11:16.409288;(21, 2059, 4118, 8236, 16472)
2018-04-04 17:11:16.587039;(6, 2186, 4372, 8744, 17488)
2018-04-04 17:11:16.922682;(5, 2663, 5326, 10652, 21304)
2018-04-04 17:11:16.974277;(10, 2188, 4376, 8752, 17504)
2018-04-04 17:11:17.376582;(15, 2682, 5364, 10728, 21456)
2018-04-04 17:11:17.409414;(21, 2556, 5112, 10224, 20448)
2018-04-04 17:11:17.587246;(6, 2740, 5480, 10960, 21920)
2018-04-04 17:11:17.922939;(5, 2072, 4144, 8288, 16576)
2018-04-04 17:11:17.974462;(10, 2498, 4996, 9992, 19984)
2018-04-04 17:11:18.376789;(15, 2747, 5494, 10988, 21976)
2018-04-04 17:11:18.409642;(21, 2247, 4494, 8988, 17976)
2018-04-04 17:11:18.587614;(6, 2721, 5442, 10884, 21768)
2018-04-04 17:11:18.658922;(7, 2514, 5028, 10056, 20112)
2018-04-04 17:11:18.659056;(7, 2907, 5814, 11628, 23256)
2018-04-04 17:11:18.923570;(5, 2010, 4020, 8040, 16080)
2018-04-04 17:11:18.975051;(10, 2167, 4334, 8668, 17336)
2018-04-04 17:11:19.377416;(15, 2271, 4542, 9084, 18168)
2018-04-04 17:11:19.410230;(21, 2665, 5330, 10660, 21320)
2018-04-04 17:11:19.588047;(6, 2776, 5552, 11104, 22208)
2018-04-04 17:11:19.923905;(5, 2104, 4208, 8416, 16832)
2018-04-04 17:11:19.975198;(10, 2908, 5816, 11632, 23264)
2018-04-04 17:11:20.198194;(3, 2810, 5620, 11240, 22480)
2018-04-04 17:11:20.198313;(3, 2368, 4736, 9472, 18944)
2018-04-04 17:11:20.198492;(3, 2880, 5760, 11520, 23040)
2018-04-04 17:11:20.198434;(3, 2108, 4216, 8432, 16864)
2018-04-04 17:11:20.377762;(15, 2084, 4168, 8336, 16672)
2018-04-04 17:11:20.410525;(21, 2242, 4484, 8968, 17936)
2018-04-04 17:11:20.588212;(6, 2567, 5134, 10268, 20536)
2018-04-04 17:11:20.659648;(7, 2356, 4712, 9424, 18848)
2018-04-04 17:11:20.659767;(7, 2330, 4660, 9320, 18640)
2018-04-04 17:11:20.659824;(7, 2415, 4830, 9660, 19320)
2018-04-04 17:11:20.924057;(5, 2024, 4048, 8096, 16192)
2018-04-04 17:11:20.975352;(10, 2229, 4458, 8916, 17832)
2018-04-04 17:11:21.198281;(3, 2540, 5080, 10160, 20320)
2018-04-04 17:11:21.377933;(15, 2311, 4622, 9244, 18488)
2018-04-04 17:11:21.410663;(21, 2382, 4764, 9528, 19056)
2018-04-04 17:11:21.588357;(6, 2060, 4120, 8240, 16480)
2018-04-04 17:11:21.659726;(7, 2885, 5770, 11540, 23080)
2018-04-04 17:11:21.924217;(5, 2662, 5324, 10648, 21296)
2018-04-04 17:11:21.927358;(12, 2751, 5502, 11004, 22008)
2018-04-04 17:11:21.927477;(12, 2055, 4110, 8220, 16440)
2018-04-04 17:11:21.927710;(12, 2585, 5170, 10340, 20680)
2018-04-04 17:11:21.927594;(12, 2390, 4780, 9560, 19120)
2018-04-04 17:11:21.927768;(12, 2523, 5046, 10092, 20184)
2018-04-04 17:11:21.975502;(10, 2150, 4300, 8600, 17200)
2018-04-04 17:11:22.198444;(3, 2263, 4526, 9052, 18104)
2018-04-04 17:11:22.378265;(15, 2996, 5992, 11984, 23968)
2018-04-04 17:11:22.411145;(21, 2178, 4356, 8712, 17424)
2018-04-04 17:11:22.499994;(20, 2828, 5656, 11312, 22624)
2018-04-04 17:11:22.500115;(20, 2949, 5898, 11796, 23592)
2018-04-04 17:11:22.500172;(20, 2309, 4618, 9236, 18472)
2018-04-04 17:11:22.589201;(6, 2939, 5878, 11756, 23512)
2018-04-04 17:11:22.659962;(7, 2429, 4858, 9716, 19432)
2018-04-04 17:11:22.782324;(16, 2701, 5402, 10804, 21608)
2018-04-04 17:11:22.782445;(16, 2459, 4918, 9836, 19672)
2018-04-04 17:11:22.782621;(16, 2533, 5066, 10132, 20264)
2018-04-04 17:11:22.782502;(16, 2715, 5430, 10860, 21720)
2018-04-04 17:11:22.924379;(5, 2526, 5052, 10104, 20208)
2018-04-04 17:11:22.927422;(12, 2113, 4226, 8452, 16904)
2018-04-04 17:11:22.933593;(18, 2784, 5568, 11136, 22272)
2018-04-04 17:11:22.933774;(18, 2918, 5836, 11672, 23344)
2018-04-04 17:11:22.933894;(18, 2280, 4560, 9120, 18240)
2018-04-04 17:11:22.933835;(18, 2039, 4078, 8156, 16312)
2018-04-04 17:11:22.975635;(10, 2159, 4318, 8636, 17272)
2018-04-04 17:11:23.091011;(19, 2126, 4252, 8504, 17008)
2018-04-04 17:11:23.091068;(19, 2808, 5616, 11232, 22464)
2018-04-04 17:11:23.091308;(19, 2458, 4916, 9832, 19664)
2018-04-04 17:11:23.091251;(19, 2637, 5274, 10548, 21096)
2018-04-04 17:11:23.091427;(19, 2143, 4286, 8572, 17144)
2018-04-04 17:11:23.411067;(21, 2584, 5168, 10336, 20672)
2018-04-04 17:11:23.589351;(6, 2901, 5802, 11604, 23208)
2018-04-04 17:11:23.660049;(7, 2672, 5344, 10688, 21376)
2018-04-04 17:11:23.924567;(5, 2866, 5732, 11464, 22928)
2018-04-04 17:11:23.933987;(18, 2717, 5434, 10868, 21736)
2018-04-04 17:11:23.975795;(10, 2161, 4322, 8644, 17288)
2018-04-04 17:11:24.091199;(19, 2742, 5484, 10968, 21936)
2018-04-04 17:11:24.148388;(8, 2133, 4266, 8532, 17064)
2018-04-04 17:11:24.148570;(8, 2916, 5832, 11664, 23328)
2018-04-04 17:11:24.148746;(8, 2507, 5014, 10028, 20056)
2018-04-04 17:11:24.148689;(8, 2655, 5310, 10620, 21240)
2018-04-04 17:11:24.411209;(21, 2955, 5910, 11820, 23640)
2018-04-04 17:11:24.589530;(6, 2841, 5682, 11364, 22728)
2018-04-04 17:11:24.661213;(7, 2402, 4804, 9608, 19216)
2018-04-04 17:11:24.924733;(5, 2705, 5410, 10820, 21640)
2018-04-04 17:11:24.934231;(18, 2266, 4532, 9064, 18128)
2018-04-04 17:11:24.964509;(17, 2388, 4776, 9552, 19104)
2018-04-04 17:11:24.964688;(17, 2899, 5798, 11596, 23192)
2018-04-04 17:11:24.964746;(17, 2675, 5350, 10700, 21400)
2018-04-04 17:11:24.975927;(10, 2756, 5512, 11024, 22048)
2018-04-04 17:11:25.091350;(19, 2725, 5450, 10900, 21800)
2018-04-04 17:11:25.148575;(8, 2224, 4448, 8896, 17792)
2018-04-04 17:11:25.411400;(21, 2534, 5068, 10136, 20272)
2018-04-04 17:11:25.500202;(20, 2508, 5016, 10032, 20064)
2018-04-04 17:11:25.589747;(6, 2964, 5928, 11856, 23712)
2018-04-04 17:11:25.924917;(5, 2910, 5820, 11640, 23280)
2018-04-04 17:11:25.927913;(12, 2054, 4108, 8216, 16432)
2018-04-04 17:11:25.928032;(12, 2714, 5428, 10856, 21712)
2018-04-04 17:11:25.928090;(12, 2299, 4598, 9196, 18392)
2018-04-04 17:11:25.934297;(18, 2886, 5772, 11544, 23088)
2018-04-04 17:11:25.976045;(10, 2539, 5078, 10156, 20312)
2018-04-04 17:11:26.091536;(19, 2728, 5456, 10912, 21824)
2018-04-04 17:11:26.148737;(8, 2155, 4310, 8620, 17240)
2018-04-04 17:11:26.379053;(15, 2342, 4684, 9368, 18736)
2018-04-04 17:11:26.379238;(15, 2112, 4224, 8448, 16896)
2018-04-04 17:11:26.379297;(15, 2174, 4348, 8696, 17392)
2018-04-04 17:11:26.379355;(15, 2000, 4000, 8000, 16000)
2018-04-04 17:11:26.411513;(21, 2765, 5530, 11060, 22120)
2018-04-04 17:11:26.589863;(6, 2911, 5822, 11644, 23288)
2018-04-04 17:11:26.925054;(5, 2347, 4694, 9388, 18776)
2018-04-04 17:11:26.927972;(12, 2417, 4834, 9668, 19336)
2018-04-04 17:11:26.934421;(18, 2862, 5724, 11448, 22896)
2018-04-04 17:11:26.976233;(10, 2889, 5778, 11556, 23112)
2018-04-04 17:11:27.091701;(19, 2856, 5712, 11424, 22848)
2018-04-04 17:11:27.148854;(8, 2744, 5488, 10976, 21952)
2018-04-04 17:11:27.379146;(15, 2927, 5854, 11708, 23416)
2018-04-04 17:11:27.411668;(21, 2711, 5422, 10844, 21688)
2018-04-04 17:11:27.661480;(7, 2494, 4988, 9976, 19952)
2018-04-04 17:11:27.925210;(5, 2364, 4728, 9456, 18912)
2018-04-04 17:11:27.928068;(12, 2955, 5910, 11820, 23640)
2018-04-04 17:11:27.934551;(18, 2098, 4196, 8392, 16784)
2018-04-04 17:11:27.964999;(17, 2473, 4946, 9892, 19784)
2018-04-04 17:11:27.965116;(17, 2920, 5840, 11680, 23360)
2018-04-04 17:11:27.965358;(17, 2460, 4920, 9840, 19680)
2018-04-04 17:11:27.965301;(17, 2327, 4654, 9308, 18616)
2018-04-04 17:11:27.977133;(10, 2344, 4688, 9376, 18752)
2018-04-04 17:11:28.092211;(19, 2593, 5186, 10372, 20744)
2018-04-04 17:11:28.149067;(8, 2892, 5784, 11568, 23136)
2018-04-04 17:11:28.379299;(15, 2559, 5118, 10236, 20472)
2018-04-04 17:11:28.411796;(21, 2789, 5578, 11156, 22312)
2018-04-04 17:11:28.925368;(5, 2997, 5994, 11988, 23976)
2018-04-04 17:11:28.929126;(12, 2756, 5512, 11024, 22048)
2018-04-04 17:11:28.934673;(18, 2626, 5252, 10504, 21008)
2018-04-04 17:11:28.965132;(17, 2775, 5550, 11100, 22200)
2018-04-04 17:11:28.977271;(10, 2947, 5894, 11788, 23576)
2018-04-04 17:11:29.092398;(19, 2734, 5468, 10936, 21872)
2018-04-04 17:11:29.149238;(8, 2918, 5836, 11672, 23344)
2018-04-04 17:11:29.181167;(4, 2246, 4492, 8984, 17968)
2018-04-04 17:11:29.379447;(15, 2841, 5682, 11364, 22728)
2018-04-04 17:11:29.411934;(21, 2460, 4920, 9840, 19680)
2018-04-04 17:11:29.925518;(5, 2175, 4350, 8700, 17400)
2018-04-04 17:11:29.929255;(12, 2262, 4524, 9048, 18096)
2018-04-04 17:11:29.934823;(18, 2330, 4660, 9320, 18640)
2018-04-04 17:11:29.977433;(10, 2992, 5984, 11968, 23936)
2018-04-04 17:11:30.093558;(19, 2427, 4854, 9708, 19416)
2018-04-04 17:11:30.149433;(8, 2000, 4000, 8000, 16000)
2018-04-04 17:11:30.199315;(3, 2633, 5266, 10532, 21064)
2018-04-04 17:11:30.199441;(3, 2420, 4840, 9680, 19360)
2018-04-04 17:11:30.199620;(3, 2023, 4046, 8092, 16184)
2018-04-04 17:11:30.199562;(3, 2861, 5722, 11444, 22888)
2018-04-04 17:11:30.199741;(3, 2098, 4196, 8392, 16784)
2018-04-04 17:11:30.412133;(21, 2070, 4140, 8280, 16560)
2018-04-04 17:11:30.590865;(6, 2450, 4900, 9800, 19600)
2018-04-04 17:11:30.591067;(6, 2996, 5992, 11984, 23968)
2018-04-04 17:11:30.591123;(6, 2975, 5950, 11900, 23800)
2018-04-04 17:11:30.591183;(6, 2372, 4744, 9488, 18976)
2018-04-04 17:11:30.661688;(7, 2525, 5050, 10100, 20200)
2018-04-04 17:11:30.925685;(5, 2437, 4874, 9748, 19496)
2018-04-04 17:11:30.929369;(12, 2430, 4860, 9720, 19440)
2018-04-04 17:11:30.935270;(18, 2864, 5728, 11456, 22912)
2018-04-04 17:11:31.149596;(8, 2396, 4792, 9584, 19168)
2018-04-04 17:11:31.412283;(21, 2667, 5334, 10668, 21336)
2018-04-04 17:11:31.590943;(6, 2750, 5500, 11000, 22000)
2018-04-04 17:11:31.925854;(5, 2438, 4876, 9752, 19504)
2018-04-04 17:11:32.412426;(21, 2807, 5614, 11228, 22456)
2018-04-04 17:11:32.591087;(6, 2107, 4214, 8428, 16856)
2018-04-04 17:11:32.662265;(7, 2318, 4636, 9272, 18544)
2018-04-04 17:11:32.662385;(7, 2489, 4978, 9956, 19912)
2018-04-04 17:11:32.662561;(7, 2080, 4160, 8320, 16640)
2018-04-04 17:11:32.662504;(7, 2159, 4318, 8636, 17272)
2018-04-04 17:11:32.925999;(5, 2071, 4142, 8284, 16568)
2018-04-04 17:11:32.965624;(17, 2080, 4160, 8320, 16640)
2018-04-04 17:11:32.965743;(17, 2666, 5332, 10664, 21328)
2018-04-04 17:11:32.965803;(17, 2422, 4844, 9688, 19376)
2018-04-04 17:11:33.199797;(3, 2766, 5532, 11064, 22128)
2018-04-04 17:11:33.199928;(3, 2605, 5210, 10420, 20840)
2018-04-04 17:11:33.199985;(3, 2032, 4064, 8128, 16256)
2018-04-04 17:11:33.412537;(21, 2034, 4068, 8136, 16272)
2018-04-04 17:11:33.662363;(7, 2188, 4376, 8752, 17504)
2018-04-04 17:11:33.926119;(5, 2375, 4750, 9500, 19000)
2018-04-04 17:11:33.977722;(10, 2644, 5288, 10576, 21152)
2018-04-04 17:11:38.348731;(13, 2146, 4292, 8584, 17168)
2018-04-04 17:11:43.544030;(9, 2663, 5326, 10652, 21304)
2018-04-04 17:11:50.623601;(11, 2390, 4780, 9560, 19120)
2018-04-04 17:11:50.795448;(22, 2166, 4332, 8664, 17328)
2018-04-04 17:11:56.035139;(14, 2124, 4248, 8496, 16992)
2018-04-04 17:12:01.785799;(16, 2235, 4470, 8940, 17880)
2018-04-04 17:12:02.508319;(20, 2682, 5364, 10728, 21456)
2018-04-04 17:12:03.186388;(4, 2319, 4638, 9276, 18552)
2018-04-04 17:12:04.202446;(3, 2108, 4216, 8432, 16864)
2018-04-04 17:12:04.415982;(21, 2569, 5138, 10276, 20552)
2018-04-04 17:12:05.593580;(6, 2735, 5470, 10940, 21880)
2018-04-04 17:12:06.664496;(7, 2687, 5374, 10748, 21496)
2018-04-04 17:12:07.095932;(19, 2860, 5720, 11440, 22880)
2018-04-04 17:12:07.932459;(12, 2916, 5832, 11664, 23328)
2018-04-04 17:12:08.151789;(8, 2072, 4144, 8288, 16576)
2018-04-04 17:12:08.967669;(17, 2988, 5976, 11952, 23904)
2018-04-04 17:12:09.929461;(5, 2244, 4488, 8976, 17952)
2018-04-04 17:12:10.351061;(13, 2881, 5762, 11524, 23048)
2018-04-04 17:12:12.384121;(15, 2840, 5680, 11360, 22720)
2018-04-04 17:12:13.980313;(10, 2860, 5720, 11440, 22880)
2018-04-04 17:12:13.980376;(10, 2933, 5866, 11732, 23464)
2018-04-04 17:12:14.938019;(18, 2242, 4484, 8968, 17936)
2018-04-04 17:12:23.554265;(9, 2868, 5736, 11472, 22944)
2018-04-04 17:12:23.797419;(22, 2074, 4148, 8296, 16592)
2018-04-04 17:12:26.627248;(11, 2108, 4216, 8432, 16864)
2018-04-04 17:12:28.037058;(14, 2319, 4638, 9276, 18552)
2018-04-04 17:12:34.789258;(16, 2405, 4810, 9620, 19240)
2018-04-04 17:12:36.204910;(3, 2309, 4618, 9236, 18472)
2018-04-04 17:12:38.190050;(4, 2894, 5788, 11576, 23152)
2018-04-04 17:12:39.154445;(8, 2627, 5254, 10508, 21016)
2018-04-04 17:12:42.419165;(21, 2275, 4550, 9100, 18200)
2018-04-04 17:12:42.510843;(20, 2080, 4160, 8320, 16640)
2018-04-04 17:12:43.932858;(5, 2794, 5588, 11176, 22352)
2018-04-04 17:12:45.595921;(6, 2699, 5398, 10796, 21592)
2018-04-04 17:12:46.667344;(7, 2929, 5858, 11716, 23432)
2018-04-04 17:12:48.941441;(18, 2340, 4680, 9360, 18720)
2018-04-04 17:12:50.099639;(19, 2327, 4654, 9308, 18616)
2018-04-04 17:12:50.935567;(12, 2825, 5650, 11300, 22600)
2018-04-04 17:12:52.971513;(17, 2934, 5868, 11736, 23472)
2018-04-04 17:12:53.354423;(13, 2157, 4314, 8628, 17256)
2018-04-04 17:12:54.799285;(22, 2560, 5120, 10240, 20480)
2018-04-04 17:12:55.387782;(15, 2704, 5408, 10816, 21632)
2018-04-04 17:12:57.983667;(10, 2899, 5798, 11596, 23192)
2018-04-04 17:12:58.629379;(11, 2116, 4232, 8464, 16928)
2018-04-04 17:13:03.039216;(14, 2023, 4046, 8092, 16184)
2018-04-04 17:13:06.556714;(9, 2814, 5628, 11256, 22512)
2018-04-04 17:13:06.985063;(10, 2924, 5848, 11696, 23392)
2018-04-04 17:13:10.206909;(3, 2984, 5968, 11936, 23872)
2018-04-04 17:13:10.791913;(16, 2580, 5160, 10320, 20640)
2018-04-04 17:13:14.512740;(20, 2632, 5264, 10528, 21056)
2018-04-04 17:13:17.422640;(21, 2520, 5040, 10080, 20160)
2018-04-04 17:13:18.156733;(8, 2386, 4772, 9544, 19088)
2018-04-04 17:13:21.193758;(4, 2105, 4210, 8420, 16840)
2018-04-04 17:13:23.943651;(18, 2545, 5090, 10180, 20360)
2018-04-04 17:13:24.937938;(5, 2667, 5334, 10668, 21336)
2018-04-04 17:13:25.103240;(19, 2350, 4700, 9400, 18800)
2018-04-04 17:13:26.357129;(13, 2668, 5336, 10672, 21344)
2018-04-04 17:13:26.601254;(6, 2610, 5220, 10440, 20880)
2018-04-04 17:13:29.631293;(11, 2682, 5364, 10728, 21456)
2018-04-04 17:13:30.670895;(7, 2150, 4300, 8600, 17200)
2018-04-04 17:13:32.802197;(22, 2007, 4014, 8028, 16056)
2018-04-04 17:13:33.939635;(12, 2180, 4360, 8720, 17440)
2018-04-04 17:13:34.042450;(14, 2309, 4618, 9236, 18472)
2018-04-04 17:13:36.390830;(15, 2579, 5158, 10316, 20632)
2018-04-04 17:13:37.974674;(17, 2096, 4192, 8384, 16768)
2018-04-04 17:13:40.987132;(10, 2782, 5564, 11128, 22256)
2018-04-04 17:13:48.562817;(9, 2038, 4076, 8152, 16304)
2018-04-04 17:13:49.795300;(16, 2238, 4476, 8952, 17904)
2018-04-04 17:13:53.195715;(4, 2303, 4606, 9212, 18424)
2018-04-04 17:13:53.515502;(20, 2934, 5868, 11736, 23472)
2018-04-04 17:13:54.159510;(8, 2208, 4416, 8832, 17664)
2018-04-04 17:13:54.211682;(3, 2851, 5702, 11404, 22808)
2018-04-04 17:13:54.426870;(21, 2800, 5600, 11200, 22400)
2018-04-04 17:14:01.106736;(19, 2180, 4360, 8720, 17440)
2018-04-04 17:14:01.946594;(18, 2274, 4548, 9096, 18192)
2018-04-04 17:14:02.803906;(22, 2040, 4080, 8160, 16320)
2018-04-04 17:14:03.672936;(7, 2117, 4234, 8468, 16936)
2018-04-04 17:14:04.941934;(5, 2345, 4690, 9380, 18760)
2018-04-04 17:14:05.359470;(13, 2969, 5938, 11876, 23752)
2018-04-04 17:14:05.605083;(6, 2504, 5008, 10016, 20032)
2018-04-04 17:14:06.942971;(12, 2876, 5752, 11504, 23008)
2018-04-04 17:14:08.045853;(14, 2368, 4736, 9472, 18944)
2018-04-04 17:14:09.634544;(11, 2532, 5064, 10128, 20256)
2018-04-04 17:14:09.977541;(17, 2204, 4408, 8816, 17632)
2018-04-04 17:14:15.394052;(15, 2331, 4662, 9324, 18648)
2018-04-04 17:14:19.566811;(9, 2440, 4880, 9760, 19520)
2018-04-04 17:14:22.990760;(10, 3000, 6000, 12000, 24000)
2018-04-04 17:14:23.798619;(16, 2469, 4938, 9876, 19752)
2018-04-04 17:14:27.162309;(8, 2461, 4922, 9844, 19688)
2018-04-04 17:14:27.198121;(4, 2326, 4652, 9304, 18608)
2018-04-04 17:14:33.110791;(19, 2693, 5386, 10772, 21544)
2018-04-04 17:14:33.806865;(22, 2949, 5898, 11796, 23592)
2018-04-04 17:14:35.675247;(7, 2786, 5572, 11144, 22288)
2018-04-04 17:14:36.433283;(21, 2395, 4790, 9580, 19160)
2018-04-04 17:14:36.949420;(18, 2910, 5820, 11640, 23280)
2018-04-04 17:14:37.214018;(3, 2663, 5326, 10652, 21304)
2018-04-04 17:14:37.520121;(20, 2120, 4240, 8480, 16960)
2018-04-04 17:14:40.945225;(5, 2677, 5354, 10708, 21416)
2018-04-04 17:14:42.979675;(17, 2841, 5682, 11364, 22728)
2018-04-04 17:14:43.048083;(14, 2868, 5736, 11472, 22944)
2018-04-04 17:14:43.610247;(6, 2042, 4084, 8168, 16336)
2018-04-04 17:14:47.638598;(11, 2297, 4594, 9188, 18376)
2018-04-04 17:14:49.946638;(12, 2741, 5482, 10964, 21928)
2018-04-04 17:14:50.363136;(13, 2543, 5086, 10172, 20344)
2018-04-04 17:14:50.396411;(15, 2064, 4128, 8256, 16512)
2018-04-04 17:14:56.570126;(9, 2134, 4268, 8536, 17072)
2018-04-04 17:15:00.801290;(16, 2111, 4222, 8444, 16888)
2018-04-04 17:15:02.200298;(4, 2167, 4334, 8668, 17336)
2018-04-04 17:15:04.165505;(8, 2396, 4792, 9584, 19168)
2018-04-04 17:15:07.993473;(10, 2329, 4658, 9316, 18632)
2018-04-04 17:15:09.525371;(20, 2269, 4538, 9076, 18152)
2018-04-04 17:15:12.436267;(21, 2302, 4604, 9208, 18416)
2018-04-04 17:15:13.113953;(19, 2486, 4972, 9944, 19888)
2018-04-04 17:15:14.612156;(6, 2260, 4520, 9040, 18080)
2018-04-04 17:15:16.679026;(7, 2921, 5842, 11684, 23368)
2018-04-04 17:15:16.810027;(22, 2009, 4018, 8036, 16072)
2018-04-04 17:15:17.217192;(3, 2615, 5230, 10460, 20920)
2018-04-04 17:15:19.951817;(18, 2162, 4324, 8648, 17296)
2018-04-04 17:15:20.948422;(5, 2832, 5664, 11328, 22656)
2018-04-04 17:15:21.398251;(15, 2375, 4750, 9500, 19000)
2018-04-04 17:15:22.641745;(11, 2640, 5280, 10560, 21120)
2018-04-04 17:15:24.982692;(17, 2967, 5934, 11868, 23736)
2018-04-04 17:15:26.053290;(14, 2977, 5954, 11908, 23816)
2018-04-04 17:15:28.365442;(13, 2172, 4344, 8688, 17376)
2018-04-04 17:15:28.573102;(9, 2664, 5328, 10656, 21312)
2018-04-04 17:15:30.950628;(12, 2229, 4458, 8916, 17832)
2018-04-04 17:15:32.803351;(16, 2617, 5234, 10468, 20936)
2018-04-04 17:15:35.202736;(4, 2389, 4778, 9556, 19112)
2018-04-04 17:15:40.169283;(8, 2763, 5526, 11052, 22104)
2018-04-04 17:15:42.995637;(10, 2584, 5168, 10336, 20672)
2018-04-04 17:15:43.530089;(20, 2408, 4816, 9632, 19264)
2018-04-04 17:15:47.442167;(21, 2703, 5406, 10812, 21624)
2018-04-04 17:15:47.616066;(6, 2712, 5424, 10848, 21696)
2018-04-04 17:15:47.813735;(22, 2409, 4818, 9636, 19272)
2018-04-04 17:15:51.120443;(19, 2131, 4262, 8524, 17048)
2018-04-04 17:15:52.955698;(18, 2908, 5816, 11632, 23264)
2018-04-04 17:15:56.222335;(3, 2950, 5900, 11800, 23600)
2018-04-04 17:15:56.402828;(15, 2052, 4104, 8208, 16416)
2018-04-04 17:15:59.687544;(7, 2611, 5222, 10444, 20888)
2018-04-04 17:16:01.370661;(13, 2329, 4658, 9316, 18632)
2018-04-04 17:16:01.650925;(11, 2465, 4930, 9860, 19720)
2018-04-04 17:16:02.959442;(5, 2313, 4626, 9252, 18504)
2018-04-04 17:16:04.961549;(12, 2069, 4138, 8276, 16552)
2018-04-04 17:16:07.579515;(9, 2982, 5964, 11928, 23856)
2018-04-04 17:16:08.990899;(17, 2721, 5442, 10884, 21768)
2018-04-04 17:16:10.209460;(4, 2360, 4720, 9440, 18880)
2018-04-04 17:16:10.813289;(16, 2029, 4058, 8116, 16232)
2018-04-04 17:16:11.059939;(14, 2538, 5076, 10152, 20304)
2018-04-04 17:16:19.555190;(20, 2195, 4390, 8780, 17560)
2018-04-04 17:16:21.178149;(8, 2850, 5700, 11400, 22800)
2018-04-04 17:16:22.002869;(10, 2477, 4954, 9908, 19816)
2018-04-04 17:16:23.127934;(19, 2336, 4672, 9344, 18688)
2018-04-04 17:16:23.821270;(22, 2066, 4132, 8264, 16528)
2018-04-04 17:16:27.413939;(15, 2302, 4604, 9208, 18416)
2018-04-04 17:16:27.465542;(21, 2020, 4040, 8080, 16160)
2018-04-04 17:16:27.628410;(6, 2699, 5398, 10796, 21592)
2018-04-04 17:16:35.982346;(12, 2153, 4306, 8612, 17224)
2018-04-04 17:16:35.985095;(18, 2903, 5806, 11612, 23224)
2018-04-04 17:16:36.382939;(13, 2822, 5644, 11288, 22576)
2018-04-04 17:16:37.983775;(5, 2612, 5224, 10448, 20896)
2018-04-04 17:16:38.676397;(11, 2018, 4036, 8072, 16144)
2018-04-04 17:16:39.695382;(7, 2490, 4980, 9960, 19920)
2018-04-04 17:16:40.230379;(3, 2389, 4778, 9556, 19112)
2018-04-04 17:16:41.819655;(16, 2996, 5992, 11984, 23968)
2018-04-04 17:16:46.225658;(4, 2495, 4990, 9980, 19960)
2018-04-04 17:16:49.070419;(14, 2737, 5474, 10948, 21896)
2018-04-04 17:16:50.000015;(17, 2732, 5464, 10928, 21856)
2018-04-04 17:16:52.574127;(20, 2354, 4708, 9416, 18832)
2018-04-04 17:16:52.594582;(9, 2852, 5704, 11408, 22816)
2018-04-04 17:16:54.825353;(22, 2211, 4422, 8844, 17688)
2018-04-04 17:16:58.138054;(19, 2488, 4976, 9952, 19904)
2018-04-04 17:16:58.471802;(21, 2899, 5798, 11596, 23192)
2018-04-04 17:16:59.009517;(10, 2716, 5432, 10864, 21728)
2018-04-04 17:17:02.434910;(15, 2894, 5788, 11576, 23152)
2018-04-04 17:17:04.191525;(8, 2364, 4728, 9456, 18912)
2018-04-04 17:17:07.989641;(12, 2361, 4722, 9444, 18888)
2018-04-04 17:17:08.642580;(6, 2057, 4114, 8228, 16456)
2018-04-04 17:17:09.687161;(11, 2096, 4192, 8384, 16768)
2018-04-04 17:17:16.710002;(7, 2746, 5492, 10984, 21968)
2018-04-04 17:17:16.992404;(5, 2005, 4010, 8020, 16040)
2018-04-04 17:17:17.242943;(3, 2227, 4454, 8908, 17816)
2018-04-04 17:17:18.410550;(13, 2385, 4770, 9540, 19080)
2018-04-04 17:17:18.997456;(18, 2750, 5500, 11000, 22000)
2018-04-04 17:17:23.238451;(4, 2596, 5192, 10384, 20768)
2018-04-04 17:17:25.829419;(16, 2852, 5704, 11408, 22816)
2018-04-04 17:17:27.580220;(20, 2455, 4910, 9820, 19640)
2018-04-04 17:17:27.830918;(22, 2642, 5284, 10568, 21136)
2018-04-04 17:17:30.083564;(14, 2525, 5050, 10100, 20200)
2018-04-04 17:17:31.031464;(17, 2947, 5894, 11788, 23576)
2018-04-04 17:17:35.146884;(19, 2814, 5628, 11256, 22512)
2018-04-04 17:17:35.606121;(9, 2707, 5414, 10828, 21656)
2018-04-04 17:17:39.198195;(8, 2686, 5372, 10744, 21488)
2018-04-04 17:17:39.650191;(6, 2694, 5388, 10776, 21552)
2018-04-04 17:17:40.032385;(10, 2489, 4978, 9956, 19912)
2018-04-04 17:17:40.480069;(21, 2967, 5934, 11868, 23736)
2018-04-04 17:17:40.697269;(11, 2644, 5288, 10576, 21152)
2018-04-04 17:17:42.998836;(12, 2724, 5448, 10896, 21792)
2018-04-04 17:17:44.460114;(15, 2209, 4418, 8836, 17672)
2018-04-04 17:17:48.001620;(5, 2989, 5978, 11956, 23912)
2018-04-04 17:17:50.261975;(3, 2601, 5202, 10404, 20808)
2018-04-04 17:17:54.420905;(13, 2206, 4412, 8824, 17648)
2018-04-04 17:17:57.727165;(7, 2519, 5038, 10076, 20152)
2018-04-04 17:18:01.003716;(18, 2215, 4430, 8860, 17720)
2018-04-04 17:18:02.243814;(4, 2862, 5724, 11448, 22896)
2018-04-04 17:18:04.588194;(20, 2909, 5818, 11636, 23272)
2018-04-04 17:18:07.839724;(22, 2657, 5314, 10628, 21256)
2018-04-04 17:18:08.089420;(14, 2742, 5484, 10968, 21936)
2018-04-04 17:18:08.838540;(16, 2991, 5982, 11964, 23928)
2018-04-04 17:18:15.036896;(17, 2837, 5674, 11348, 22696)
2018-04-04 17:18:15.610100;(9, 2684, 5368, 10736, 21472)
2018-04-04 17:18:17.035741;(10, 2385, 4770, 9540, 19080)
2018-04-04 17:18:17.151271;(19, 2705, 5410, 10820, 21640)
2018-04-04 17:18:18.462383;(15, 2436, 4872, 9744, 19488)
2018-04-04 17:18:19.206838;(8, 2718, 5436, 10872, 21744)
2018-04-04 17:18:19.653508;(6, 2321, 4642, 9284, 18568)
2018-04-04 17:18:19.705285;(11, 2070, 4140, 8280, 16560)
2018-04-04 17:18:24.002628;(12, 2497, 4994, 9988, 19976)
2018-04-04 17:18:25.485093;(21, 2936, 5872, 11744, 23488)
2018-04-04 17:18:27.423340;(13, 2266, 4532, 9064, 18128)
2018-04-04 17:18:29.265401;(3, 2793, 5586, 11172, 22344)
2018-04-04 17:18:32.005304;(5, 2199, 4398, 8796, 17592)
2018-04-04 17:18:34.006541;(18, 2180, 4360, 8720, 17440)
2018-04-04 17:18:35.729703;(7, 2701, 5402, 10804, 21608)
2018-04-04 17:18:45.247081;(4, 2702, 5404, 10808, 21616)
2018-04-04 17:18:46.843107;(22, 2558, 5116, 10232, 20464)
2018-04-04 17:18:47.590659;(20, 2746, 5492, 10984, 21968)
2018-04-04 17:18:49.092751;(14, 2699, 5398, 10796, 21592)
2018-04-04 17:18:51.708735;(11, 2399, 4798, 9596, 19192)
2018-04-04 17:18:53.039823;(10, 2360, 4720, 9440, 18880)
2018-04-04 17:18:53.841862;(16, 2220, 4440, 8880, 17760)
2018-04-04 17:18:54.656067;(6, 2829, 5658, 11316, 22632)
2018-04-04 17:18:55.464805;(15, 2568, 5136, 10272, 20544)
2018-04-04 17:18:56.613205;(9, 2961, 5922, 11844, 23688)
2018-04-04 17:18:58.042438;(17, 2315, 4630, 9260, 18520)
2018-04-04 17:18:58.155884;(19, 2411, 4822, 9644, 19288)
2018-04-04 17:19:00.210820;(8, 2468, 4936, 9872, 19744)
2018-04-04 17:19:01.006060;(12, 2761, 5522, 11044, 22088)
2018-04-04 17:19:01.426616;(13, 2769, 5538, 11076, 22152)
2018-04-04 17:19:05.007326;(5, 2922, 5844, 11688, 23376)
2018-04-04 17:19:07.009481;(18, 2471, 4942, 9884, 19768)
2018-04-04 17:19:09.487405;(21, 2129, 4258, 8516, 17032)
2018-04-04 17:19:11.267805;(3, 2182, 4364, 8728, 17456)
2018-04-04 17:19:16.731946;(7, 2198, 4396, 8792, 17584)
2018-04-04 17:19:25.251109;(4, 2380, 4760, 9520, 19040)
2018-04-04 17:19:25.845611;(22, 2062, 4124, 8248, 16496)
2018-04-04 17:19:27.711158;(11, 2045, 4090, 8180, 16360)
2018-04-04 17:19:27.843942;(16, 2407, 4814, 9628, 19256)
2018-04-04 17:19:29.042846;(10, 2246, 4492, 8984, 17968)
2018-04-04 17:19:29.095445;(14, 2456, 4912, 9824, 19648)
2018-04-04 17:19:29.593322;(20, 2888, 5776, 11552, 23104)
2018-04-04 17:19:33.045407;(17, 2225, 4450, 8900, 17800)
2018-04-04 17:19:33.467032;(15, 2477, 4954, 9908, 19816)
2018-04-04 17:19:34.158412;(19, 2317, 4634, 9268, 18536)
2018-04-04 17:19:36.659695;(6, 2488, 4976, 9952, 19904)
2018-04-04 17:19:37.213600;(8, 2414, 4828, 9656, 19312)
2018-04-04 17:19:40.615865;(9, 2396, 4792, 9584, 19168)
2018-04-04 17:19:42.429271;(13, 2167, 4334, 8668, 17336)
2018-04-04 17:19:42.489706;(21, 2014, 4028, 8056, 16112)
2018-04-04 17:19:43.011071;(12, 2613, 5226, 10452, 20904)
2018-04-04 17:19:44.013243;(18, 2778, 5556, 11112, 22224)
2018-04-04 17:19:44.269761;(3, 2502, 5004, 10008, 20016)
2018-04-04 17:19:48.013466;(5, 2096, 4192, 8384, 16768)
2018-04-04 17:19:49.735311;(7, 2300, 4600, 9200, 18400)
2018-04-04 17:19:56.849257;(22, 2890, 5780, 11560, 23120)
2018-04-04 17:19:58.715164;(11, 2539, 5078, 10156, 20312)
2018-04-04 17:20:01.254057;(4, 2349, 4698, 9396, 18792)
2018-04-04 17:20:02.046501;(10, 2948, 5896, 11792, 23584)
2018-04-04 17:20:03.849301;(16, 2610, 5220, 10440, 20880)
2018-04-04 17:20:06.047601;(17, 2526, 5052, 10104, 20208)
2018-04-04 17:20:06.098752;(14, 2290, 4580, 9160, 18320)
2018-04-04 17:20:09.160544;(19, 2437, 4874, 9748, 19496)
2018-04-04 17:20:10.469602;(15, 2104, 4208, 8416, 16832)
2018-04-04 17:20:12.494431;(21, 2932, 5864, 11728, 23456)
2018-04-04 17:20:12.595990;(20, 2162, 4324, 8648, 17296)
2018-04-04 17:20:14.218003;(8, 2413, 4826, 9652, 19304)
2018-04-04 17:20:14.662902;(6, 2112, 4224, 8448, 16896)
2018-04-04 17:20:15.432640;(13, 2016, 4032, 8064, 16128)
2018-04-04 17:20:16.619578;(9, 2861, 5722, 11444, 22888)
2018-04-04 17:20:21.016042;(5, 2096, 4192, 8384, 16768)
2018-04-04 17:20:21.273715;(3, 2409, 4818, 9636, 19272)
2018-04-04 17:20:22.015394;(12, 2294, 4588, 9176, 18352)
2018-04-04 17:20:23.738418;(7, 2339, 4678, 9356, 18712)
2018-04-04 17:20:25.018040;(18, 2445, 4890, 9780, 19560)
2018-04-04 17:20:35.717814;(11, 2930, 5860, 11720, 23440)
2018-04-04 17:20:36.257259;(4, 2510, 5020, 10040, 20080)
2018-04-04 17:20:39.857384;(22, 2695, 5390, 10780, 21560)
2018-04-04 17:20:41.102017;(14, 2827, 5654, 11308, 22616)
2018-04-04 17:20:42.471822;(15, 2472, 4944, 9888, 19776)
2018-04-04 17:20:42.856455;(16, 2978, 5956, 11912, 23824)
2018-04-04 17:20:44.050557;(17, 2333, 4666, 9332, 18664)
2018-04-04 17:20:45.162774;(19, 2718, 5436, 10872, 21744)
2018-04-04 17:20:45.599558;(20, 2132, 4264, 8528, 17056)
2018-04-04 17:20:46.049667;(10, 2670, 5340, 10680, 21360)
2018-04-04 17:20:46.435025;(13, 2715, 5430, 10860, 21720)
2018-04-04 17:20:46.667936;(6, 2295, 4590, 9180, 18360)
2018-04-04 17:20:50.220669;(8, 2826, 5652, 11304, 22608)
2018-04-04 17:20:52.018683;(5, 2856, 5712, 11424, 22848)
2018-04-04 17:20:55.498123;(21, 2564, 5128, 10256, 20512)
2018-04-04 17:20:57.018412;(12, 2498, 4996, 9992, 19984)
2018-04-04 17:20:57.276122;(3, 2942, 5884, 11768, 23536)
2018-04-04 17:20:58.740962;(7, 2725, 5450, 10900, 21800)
2018-04-04 17:20:59.625969;(9, 2544, 5088, 10176, 20352)
2018-04-04 17:21:02.020023;(18, 2610, 5220, 10440, 20880)
2018-04-04 17:21:14.259595;(4, 2947, 5894, 11788, 23576)
2018-04-04 17:21:17.601934;(20, 2138, 4276, 8552, 17104)
2018-04-04 17:21:19.054684;(17, 2518, 5036, 10072, 20144)
2018-04-04 17:21:19.475095;(15, 2593, 5186, 10372, 20744)
2018-04-04 17:21:19.720304;(11, 2471, 4942, 9884, 19768)
2018-04-04 17:21:19.859793;(22, 2860, 5720, 11440, 22880)
2018-04-04 17:21:20.671223;(6, 2252, 4504, 9008, 18016)
2018-04-04 17:21:23.106640;(14, 2023, 4046, 8092, 16184)
2018-04-04 17:21:26.054042;(10, 2863, 5726, 11452, 22904)
2018-04-04 17:21:26.166127;(19, 2796, 5592, 11184, 22368)
2018-04-04 17:21:26.439003;(13, 2136, 4272, 8544, 17088)
2018-04-04 17:21:26.859848;(16, 2980, 5960, 11920, 23840)
2018-04-04 17:21:32.225537;(8, 2051, 4102, 8204, 16408)
2018-04-04 17:21:34.021412;(5, 2027, 4054, 8108, 16216)
2018-04-04 17:21:34.021608;(12, 2301, 4602, 9204, 18408)
2018-04-04 17:21:34.502523;(21, 2188, 4376, 8752, 17504)
2018-04-04 17:21:37.629248;(9, 2281, 4562, 9124, 18248)
2018-04-04 17:21:39.745661;(7, 2398, 4796, 9592, 19184)
2018-04-04 17:21:41.022926;(18, 2773, 5546, 11092, 22184)
2018-04-04 17:21:41.279581;(3, 2435, 4870, 9740, 19480)
2018-04-04 17:21:49.604109;(20, 2541, 5082, 10164, 20328)
2018-04-04 17:21:54.108612;(14, 2714, 5428, 10856, 21712)
2018-04-04 17:21:54.673722;(6, 2207, 4414, 8828, 17656)
2018-04-04 17:21:56.726211;(11, 2866, 5732, 11464, 22928)
2018-04-04 17:21:57.057893;(17, 2999, 5998, 11996, 23992)
2018-04-04 17:21:58.263897;(4, 2282, 4564, 9128, 18256)
2018-04-04 17:21:58.442046;(13, 2742, 5484, 10968, 21936)
2018-04-04 17:21:58.478025;(15, 2707, 5414, 10828, 21656)
2018-04-04 17:22:02.863796;(22, 2452, 4904, 9808, 19616)
2018-04-04 17:22:03.228000;(8, 2067, 4134, 8268, 16536)
2018-04-04 17:22:05.025201;(5, 2514, 5028, 10056, 20112)
2018-04-04 17:22:07.505181;(21, 2796, 5592, 11184, 22368)
2018-04-04 17:22:08.027304;(12, 2267, 4534, 9068, 18136)
2018-04-04 17:22:08.169418;(19, 2532, 5064, 10128, 20256)
2018-04-04 17:22:09.058323;(10, 2209, 4418, 8836, 17672)
2018-04-04 17:22:11.862986;(16, 2145, 4290, 8580, 17160)
2018-04-04 17:22:12.631367;(9, 2890, 5780, 11560, 23120)
2018-04-04 17:22:15.749632;(7, 2295, 4590, 9180, 18360)
2018-04-04 17:22:18.281687;(3, 2797, 5594, 11188, 22376)
2018-04-04 17:22:23.031056;(18, 2345, 4690, 9380, 18760)
2018-04-04 17:22:27.606825;(20, 2136, 4272, 8544, 17088)
2018-04-04 17:22:27.675685;(6, 2387, 4774, 9548, 19096)
2018-04-04 17:22:33.266256;(4, 2233, 4466, 8932, 17864)
2018-04-04 17:22:34.111346;(14, 2454, 4908, 9816, 19632)
2018-04-04 17:22:34.231217;(8, 2242, 4484, 8968, 17936)
2018-04-04 17:22:38.482253;(15, 2627, 5254, 10508, 21016)
2018-04-04 17:22:39.444443;(13, 2720, 5440, 10880, 21760)
2018-04-04 17:22:39.729714;(11, 2798, 5596, 11192, 22384)
2018-04-04 17:22:39.866639;(22, 2540, 5080, 10160, 20320)
2018-04-04 17:22:41.063036;(17, 2562, 5124, 10248, 20496)
2018-04-04 17:22:43.034047;(5, 2126, 4252, 8504, 17008)
2018-04-04 17:22:43.034952;(12, 2032, 4064, 8128, 16256)
2018-04-04 17:22:43.061421;(10, 2012, 4024, 8048, 16096)
2018-04-04 17:22:44.865643;(16, 2594, 5188, 10376, 20752)
2018-04-04 17:22:46.171687;(19, 2667, 5334, 10668, 21336)
2018-04-04 17:22:48.507449;(21, 2661, 5322, 10644, 21288)
2018-04-04 17:22:50.752199;(7, 2022, 4044, 8088, 16176)
2018-04-04 17:22:54.634626;(9, 2947, 5894, 11788, 23576)
2018-04-04 17:22:58.040023;(18, 2546, 5092, 10184, 20368)
2018-04-04 17:22:59.610149;(20, 2898, 5796, 11592, 23184)
2018-04-04 17:23:00.284208;(3, 2074, 4148, 8296, 16592)
2018-04-04 17:23:03.678082;(6, 2011, 4022, 8044, 16088)
2018-04-04 17:23:06.268235;(4, 2708, 5416, 10832, 21664)
2018-04-04 17:23:08.234422;(8, 2926, 5852, 11704, 23408)
2018-04-04 17:23:11.114592;(14, 2092, 4184, 8368, 16736)
2018-04-04 17:23:13.043858;(12, 2300, 4600, 9200, 18400)
2018-04-04 17:23:13.063311;(10, 2878, 5756, 11512, 23024)
2018-04-04 17:23:15.042617;(5, 2424, 4848, 9696, 19392)
2018-04-04 17:23:17.873872;(22, 2661, 5322, 10644, 21288)
2018-04-04 17:23:18.485111;(15, 2144, 4288, 8576, 17152)
2018-04-04 17:23:19.449259;(13, 2216, 4432, 8864, 17728)
2018-04-04 17:23:20.065901;(17, 2263, 4526, 9052, 18104)
2018-04-04 17:23:20.755112;(7, 2625, 5250, 10500, 21000)
2018-04-04 17:23:21.732275;(11, 2483, 4966, 9932, 19864)
2018-04-04 17:23:22.868393;(16, 2979, 5958, 11916, 23832)
2018-04-04 17:23:26.175169;(19, 2964, 5928, 11856, 23712)
2018-04-04 17:23:28.511023;(21, 2368, 4736, 9472, 18944)
2018-04-04 17:23:31.286695;(3, 2158, 4316, 8632, 17264)
2018-04-04 17:23:33.679845;(6, 2539, 5078, 10156, 20312)
2018-04-04 17:23:36.049220;(18, 2737, 5474, 10948, 21896)
2018-04-04 17:23:38.638039;(9, 2431, 4862, 9724, 19448)
2018-04-04 17:23:42.613782;(20, 2407, 4814, 9628, 19256)
2018-04-04 17:23:43.116635;(14, 2202, 4404, 8808, 17616)
2018-04-04 17:23:46.271509;(4, 2280, 4560, 9120, 18240)
2018-04-04 17:23:47.051628;(12, 2842, 5684, 11368, 22736)
2018-04-04 17:23:50.486951;(15, 2403, 4806, 9612, 19224)
2018-04-04 17:23:51.044983;(5, 2189, 4378, 8756, 17512)
2018-04-04 17:23:51.237343;(8, 2495, 4990, 9980, 19960)
2018-04-04 17:23:53.451536;(13, 2483, 4966, 9932, 19864)
2018-04-04 17:23:54.068023;(17, 2223, 4446, 8892, 17784)
2018-04-04 17:23:55.067039;(10, 2597, 5194, 10388, 20776)
2018-04-04 17:23:57.877295;(22, 2152, 4304, 8608, 17216)
2018-04-04 17:23:58.737250;(11, 2940, 5880, 11760, 23520)
2018-04-04 17:23:59.758617;(7, 2616, 5232, 10464, 20928)
2018-04-04 17:24:04.289486;(3, 2256, 4512, 9024, 18048)
2018-04-04 17:24:04.513417;(21, 2099, 4198, 8396, 16792)
2018-04-04 17:24:06.871786;(16, 2402, 4804, 9608, 19216)
2018-04-04 17:24:10.178651;(19, 2543, 5086, 10172, 20344)
2018-04-04 17:24:11.683711;(6, 2322, 4644, 9288, 18576)
2018-04-04 17:24:15.640875;(9, 2694, 5388, 10776, 21552)
2018-04-04 17:24:16.119904;(14, 2998, 5996, 11992, 23984)
2018-04-04 17:24:17.051435;(18, 2575, 5150, 10300, 20600)
2018-04-04 17:24:18.617421;(20, 2940, 5880, 11760, 23520)
2018-04-04 17:24:21.274027;(4, 2532, 5064, 10128, 20256)
2018-04-04 17:24:24.047439;(5, 2080, 4160, 8320, 16640)
2018-04-04 17:24:26.490571;(15, 2720, 5440, 10880, 21760)
2018-04-04 17:24:28.070854;(17, 2585, 5170, 10340, 20680)
2018-04-04 17:24:29.241244;(8, 2973, 5946, 11892, 23784)
2018-04-04 17:24:30.062827;(12, 2713, 5426, 10852, 21704)
2018-04-04 17:24:30.455180;(13, 2592, 5184, 10368, 20736)
2018-04-04 17:24:30.879271;(22, 2022, 4044, 8088, 16176)
2018-04-04 17:24:35.071474;(10, 2149, 4298, 8596, 17192)
2018-04-04 17:24:36.515500;(21, 2053, 4106, 8212, 16424)
2018-04-04 17:24:37.291450;(3, 2319, 4638, 9276, 18552)
2018-04-04 17:24:38.762271;(7, 2876, 5752, 11504, 23008)
2018-04-04 17:24:42.741648;(11, 2535, 5070, 10140, 20280)
2018-04-04 17:24:43.877236;(16, 2666, 5332, 10664, 21328)
2018-04-04 17:24:46.686989;(6, 2869, 5738, 11476, 22952)
2018-04-04 17:24:48.181813;(19, 2531, 5062, 10124, 20248)
2018-04-04 17:24:55.050879;(5, 2868, 5736, 11472, 22944)
2018-04-04 17:24:56.055541;(18, 2389, 4778, 9556, 19112)
2018-04-04 17:24:56.644053;(9, 2809, 5618, 11236, 22472)
2018-04-04 17:24:59.278086;(4, 2707, 5414, 10828, 21656)
2018-04-04 17:25:00.122973;(14, 2080, 4160, 8320, 16640)
2018-04-04 17:25:00.882353;(22, 2304, 4608, 9216, 18432)
2018-04-04 17:25:02.622426;(20, 2324, 4648, 9296, 18592)
2018-04-04 17:25:06.075928;(17, 2607, 5214, 10428, 20856)
2018-04-04 17:25:06.495361;(15, 2124, 4248, 8496, 16992)
2018-04-04 17:25:07.074642;(10, 2865, 5730, 11460, 22920)
2018-04-04 17:25:07.518339;(21, 2937, 5874, 11748, 23496)
2018-04-04 17:25:09.458512;(13, 2677, 5354, 10708, 21416)
2018-04-04 17:25:10.073469;(12, 2903, 5806, 11612, 23224)
2018-04-04 17:25:12.294603;(3, 2588, 5176, 10352, 20704)
2018-04-04 17:25:13.245710;(8, 2036, 4072, 8144, 16288)
2018-04-04 17:25:20.746655;(11, 2768, 5536, 11072, 22144)
2018-04-04 17:25:21.764812;(7, 2980, 5960, 11920, 23840)
2018-04-04 17:25:23.880938;(16, 2164, 4328, 8656, 17312)
2018-04-04 17:25:26.184521;(19, 2962, 5924, 11848, 23696)
2018-04-04 17:25:28.690856;(6, 2626, 5252, 10504, 21008)
2018-04-04 17:25:32.059753;(18, 2130, 4260, 8520, 17040)
2018-04-04 17:25:32.125673;(14, 2249, 4498, 8996, 17992)
2018-04-04 17:25:35.885270;(22, 2282, 4564, 9128, 18256)
2018-04-04 17:25:37.055029;(5, 2033, 4066, 8132, 16264)
2018-04-04 17:25:37.625246;(20, 2111, 4222, 8444, 16888)
2018-04-04 17:25:38.649224;(9, 2310, 4620, 9240, 18480)
2018-04-04 17:25:39.282013;(4, 2867, 5734, 11468, 22936)
2018-04-04 17:25:39.497897;(15, 2878, 5756, 11512, 23024)
2018-04-04 17:25:44.247986;(8, 2535, 5070, 10140, 20280)
2018-04-04 17:25:45.084133;(17, 2117, 4234, 8468, 16936)
2018-04-04 17:25:49.083948;(10, 2383, 4766, 9532, 19064)
2018-04-04 17:25:49.461205;(13, 2105, 4210, 8420, 16840)
2018-04-04 17:25:50.523667;(21, 2248, 4496, 8992, 17984)
2018-04-04 17:25:51.297795;(3, 2119, 4238, 8476, 16952)
2018-04-04 17:25:54.081680;(12, 2406, 4812, 9624, 19248)
2018-04-04 17:25:56.883576;(16, 2242, 4484, 8968, 17936)
2018-04-04 17:26:02.750923;(11, 2425, 4850, 9700, 19400)
2018-04-04 17:26:04.063495;(18, 2732, 5464, 10928, 21856)
2018-04-04 17:26:05.128635;(14, 2399, 4798, 9596, 19192)
2018-04-04 17:26:06.767613;(7, 2039, 4078, 8156, 16312)
2018-04-04 17:26:08.693664;(6, 2458, 4916, 9832, 19664)
2018-04-04 17:26:09.058438;(5, 2433, 4866, 9732, 19464)
2018-04-04 17:26:09.627147;(20, 2149, 4298, 8596, 17192)
2018-04-04 17:26:09.887206;(22, 2161, 4322, 8644, 17288)
2018-04-04 17:26:10.187964;(19, 2319, 4638, 9276, 18552)
2018-04-04 17:26:13.652247;(9, 2306, 4612, 9224, 18448)
2018-04-04 17:26:17.092039;(17, 2455, 4910, 9820, 19640)
2018-04-04 17:26:21.464054;(13, 2958, 5916, 11832, 23664)
2018-04-04 17:26:21.501305;(15, 2145, 4290, 8580, 17160)
2018-04-04 17:26:22.251303;(8, 2614, 5228, 10456, 20912)
2018-04-04 17:26:22.285595;(4, 2067, 4134, 8268, 16536)
2018-04-04 17:26:23.300093;(3, 2413, 4826, 9652, 19304)
2018-04-04 17:26:24.527055;(21, 2684, 5368, 10736, 21472)
2018-04-04 17:26:26.090116;(10, 2916, 5832, 11664, 23328)
2018-04-04 17:26:29.887309;(16, 2830, 5660, 11320, 22640)
2018-04-04 17:26:30.084271;(12, 2378, 4756, 9512, 19024)
2018-04-04 17:26:37.769827;(7, 2802, 5604, 11208, 22416)
2018-04-04 17:26:38.754014;(11, 2139, 4278, 8556, 17112)
2018-04-04 17:26:41.133417;(14, 2452, 4904, 9808, 19616)
2018-04-04 17:26:41.629305;(20, 2306, 4612, 9224, 18448)
2018-04-04 17:26:41.889707;(22, 2457, 4914, 9828, 19656)
2018-04-04 17:26:44.067369;(18, 2584, 5168, 10336, 20672)
2018-04-04 17:26:45.061683;(5, 2546, 5092, 10184, 20368)
2018-04-04 17:26:45.697493;(6, 2511, 5022, 10044, 20088)
2018-04-04 17:26:46.191245;(19, 2335, 4670, 9340, 18680)
2018-04-04 17:26:47.654752;(9, 2164, 4328, 8656, 17312)
2018-04-04 17:26:54.097630;(17, 2737, 5474, 10948, 21896)
2018-04-04 17:26:54.288215;(4, 2509, 5018, 10036, 20072)
2018-04-04 17:26:54.505728;(15, 2410, 4820, 9640, 19280)
