2018-04-04 17:10:47.653174;(7, (84, 59, 13, 0, 0, 0, 0, 0, 0, 0))
2018-04-04 17:10:47.777260;(16, (55, 38, 0, 0, 0, 0, 0, 0, 0, 0))
2018-04-04 17:10:47.789509;(22, (174, 126, 38, 0, 0, 0, 0, 0, 0, 0))
2018-04-04 17:10:47.917363;(5, (161, 153, 31, 0, 0, 0, 0, 0, 0, 0))
2018-04-04 17:10:47.918556;(12, (66, 49, 0, 0, 0, 0, 0, 0, 0, 0))
2018-04-04 17:10:47.929310;(18, (64, 40, 0, 0, 0, 0, 0, 0, 0, 0))
2018-04-04 17:10:47.958088;(17, (46, 57, 0, 0, 0, 0, 0, 0, 0, 0))
2018-04-04 17:10:47.969269;(10, (89, 51, 10, 0, 0, 0, 0, 0, 0, 0))
2018-04-04 17:10:48.028653;(14, (96, 56, 1, 0, 0, 0, 0, 0, 0, 0))
2018-04-04 17:10:48.085232;(19, (54, 33, 0, 0, 0, 0, 0, 0, 0, 0))
2018-04-04 17:10:48.142616;(8, (122, 84, 13, 0, 0, 0, 0, 0, 0, 0))
2018-04-04 17:10:48.176288;(4, (39, 37, 0, 0, 0, 0, 0, 0, 0, 0))
2018-04-04 17:10:48.193961;(3, (150, 105, 17, 0, 0, 0, 0, 0, 0, 0))
2018-04-04 17:10:48.259140;(1, (291, 145, 120, 60, 0, 0, 0, 0, 0, 0))
2018-04-04 17:10:48.338338;(13, (66, 49, 0, 0, 0, 0, 0, 0, 0, 0))
2018-04-04 17:10:48.372059;(15, (68, 39, 0, 0, 0, 0, 0, 0, 0, 0))
2018-04-04 17:10:48.402386;(21, (62, 45, 0, 0, 0, 0, 0, 0, 0, 0))
2018-04-04 17:10:48.465166;(23, (44, 31, 0, 0, 0, 0, 0, 0, 0, 0))
2018-04-04 17:10:48.494177;(20, (84, 58, 11, 0, 0, 0, 0, 0, 0, 0))
2018-04-04 17:10:48.537080;(9, (33, 33, 0, 0, 0, 0, 0, 0, 0, 0))
2018-04-04 17:10:48.579463;(6, (84, 80, 0, 0, 0, 0, 0, 0, 0, 0))
2018-04-04 17:10:48.616099;(11, (73, 49, 0, 0, 0, 0, 0, 0, 0, 0))
2018-04-04 17:11:17.658383;(7, (311, 304, 127, 1, 0, 0, 0, 0, 0, 0))
2018-04-04 17:11:17.781155;(16, (109, 88, 3, 1, 0, 0, 0, 0, 0, 0))
2018-04-04 17:11:17.793093;(22, (274, 217, 86, 0, 0, 0, 0, 0, 0, 0))
2018-04-04 17:11:17.923001;(5, (371, 376, 113, 0, 0, 0, 0, 0, 0, 0))
2018-04-04 17:11:17.926355;(12, (158, 145, 3, 0, 0, 0, 0, 0, 0, 0))
2018-04-04 17:11:17.931857;(18, (196, 168, 62, 1, 0, 0, 0, 0, 0, 0))
2018-04-04 17:11:17.963500;(17, (147, 190, 0, 0, 0, 0, 0, 0, 0, 0))
2018-04-04 17:11:17.974521;(10, (203, 183, 21, 0, 0, 0, 0, 0, 0, 0))
2018-04-04 17:11:18.032080;(14, (224, 199, 32, 3, 0, 0, 0, 0, 0, 0))
2018-04-04 17:11:18.089814;(19, (147, 137, 1, 0, 0, 0, 0, 0, 0, 0))
2018-04-04 17:11:18.147326;(8, (266, 216, 46, 3, 0, 0, 0, 0, 0, 0))
2018-04-04 17:11:18.179249;(4, (61, 64, 1, 2, 0, 0, 0, 0, 0, 0))
2018-04-04 17:11:18.197303;(3, (267, 219, 43, 0, 0, 0, 0, 0, 0, 0))
2018-04-04 17:11:18.263694;(1, (1080, 863, 828, 414, 0, 0, 0, 0, 0, 0))
2018-04-04 17:11:18.345780;(13, (116, 114, 7, 3, 0, 0, 0, 0, 0, 0))
2018-04-04 17:11:18.376849;(15, (439, 421, 262, 0, 0, 0, 0, 0, 0, 0))
2018-04-04 17:11:18.409702;(21, (168, 176, 0, 0, 0, 0, 0, 0, 0, 0))
2018-04-04 17:11:18.469428;(23, (189, 171, 114, 0, 0, 0, 0, 0, 0, 0))
2018-04-04 17:11:18.499061;(20, (476, 474, 260, 1, 0, 0, 0, 0, 0, 0))
2018-04-04 17:11:18.538996;(9, (53, 49, 1, 1, 0, 0, 0, 0, 0, 0))
2018-04-04 17:11:18.587293;(6, (206, 229, 7, 0, 0, 0, 0, 0, 0, 0))
2018-04-04 17:11:18.621116;(11, (182, 182, 5, 1, 0, 0, 0, 0, 0, 0))
2018-04-04 17:11:47.663084;(7, (440, 442, 158, 1, 0, 0, 0, 0, 0, 0))
2018-04-04 17:11:47.784516;(16, (162, 135, 6, 1, 0, 0, 0, 0, 0, 0))
2018-04-04 17:11:47.794853;(22, (500, 428, 249, 0, 0, 0, 0, 0, 0, 0))
2018-04-04 17:11:47.926936;(5, (464, 474, 132, 0, 0, 0, 0, 0, 0, 0))
2018-04-04 17:11:47.930224;(12, (279, 272, 4, 0, 0, 0, 0, 0, 0, 0))
2018-04-04 17:11:47.936028;(18, (287, 265, 76, 2, 0, 0, 0, 0, 0, 0))
2018-04-04 17:11:47.966294;(17, (200, 260, 1, 1, 0, 0, 0, 0, 0, 0))
2018-04-04 17:11:47.978407;(10, (290, 284, 28, 0, 0, 0, 0, 0, 0, 0))
2018-04-04 17:11:48.034265;(14, (322, 289, 40, 3, 0, 0, 0, 0, 0, 0))
2018-04-04 17:11:48.094489;(19, (245, 242, 28, 0, 0, 0, 0, 0, 0, 0))
2018-04-04 17:11:48.150368;(8, (367, 315, 59, 3, 0, 0, 0, 0, 0, 0))
2018-04-04 17:11:48.183169;(4, (75, 85, 1, 6, 0, 0, 0, 0, 0, 0))
2018-04-04 17:11:48.201293;(3, (530, 483, 182, 0, 0, 0, 0, 0, 0, 0))
2018-04-04 17:11:48.266230;(1, (1560, 1273, 1228, 628, 0, 0, 0, 0, 0, 0))
2018-04-04 17:11:48.349231;(13, (133, 136, 8, 6, 0, 0, 0, 0, 0, 0))
2018-04-04 17:11:48.381620;(15, (626, 611, 362, 0, 0, 0, 0, 0, 0, 0))
2018-04-04 17:11:48.414796;(21, (237, 255, 2, 0, 0, 0, 0, 0, 0, 0))
2018-04-04 17:11:48.472427;(23, (278, 254, 170, 1, 0, 0, 0, 0, 0, 0))
2018-04-04 17:11:48.506759;(20, (552, 550, 290, 1, 0, 0, 0, 0, 0, 0))
2018-04-04 17:11:48.544255;(9, (68, 66, 1, 5, 0, 0, 0, 0, 0, 0))
2018-04-04 17:11:48.591774;(6, (274, 315, 8, 0, 0, 0, 0, 0, 0, 0))
2018-04-04 17:11:48.622957;(11, (273, 263, 15, 1, 0, 0, 0, 0, 0, 0))
2018-04-04 17:12:17.981142;(10, (340, 334, 38, 0, 0, 0, 0, 0, 0, 0))
2018-04-04 17:12:18.268136;(1, (1695, 1370, 1315, 715, 0, 0, 0, 0, 0, 0))
2018-04-04 17:12:18.417497;(21, (295, 310, 26, 0, 0, 0, 0, 0, 0, 0))
2018-04-04 17:12:18.474356;(23, (310, 281, 181, 1, 0, 0, 0, 0, 0, 0))
2018-04-04 17:12:18.626324;(11, (301, 293, 17, 1, 0, 0, 0, 0, 0, 0))
2018-04-04 17:12:18.665597;(7, (471, 472, 162, 1, 0, 0, 0, 0, 0, 0))
2018-04-04 17:12:18.786764;(16, (185, 163, 6, 1, 0, 0, 0, 0, 0, 0))
2018-04-04 17:12:18.796735;(22, (560, 481, 275, 0, 0, 0, 0, 0, 0, 0))
2018-04-04 17:12:18.929940;(5, (485, 495, 133, 0, 0, 0, 0, 0, 0, 0))
2018-04-04 17:12:18.933457;(12, (310, 300, 7, 0, 0, 0, 0, 0, 0, 0))
2018-04-04 17:12:18.938153;(18, (322, 292, 81, 2, 0, 0, 0, 0, 0, 0))
2018-04-04 17:12:18.969110;(17, (216, 281, 1, 1, 0, 0, 0, 0, 0, 0))
2018-04-04 17:12:19.036159;(14, (356, 319, 42, 3, 0, 0, 0, 0, 0, 0))
2018-04-04 17:12:19.097323;(19, (279, 272, 35, 0, 0, 0, 0, 0, 0, 0))
2018-04-04 17:12:19.152915;(8, (414, 350, 66, 3, 0, 0, 0, 0, 0, 0))
2018-04-04 17:12:19.188026;(4, (92, 104, 1, 6, 0, 0, 0, 0, 0, 0))
2018-04-04 17:12:19.203117;(3, (608, 556, 214, 0, 0, 0, 0, 0, 0, 0))
2018-04-04 17:12:19.351487;(13, (157, 163, 14, 6, 0, 0, 0, 0, 0, 0))
2018-04-04 17:12:19.385348;(15, (668, 651, 378, 0, 0, 0, 0, 0, 0, 0))
2018-04-04 17:12:19.509364;(20, (574, 572, 290, 1, 0, 0, 0, 0, 0, 0))
2018-04-04 17:12:19.553557;(9, (82, 83, 1, 5, 0, 0, 0, 0, 0, 0))
2018-04-04 17:12:19.594225;(6, (293, 339, 8, 0, 0, 0, 0, 0, 0, 0))
2018-04-04 17:12:48.270083;(1, (1784, 1437, 1372, 772, 0, 0, 0, 0, 0, 0))
2018-04-04 17:12:48.667479;(7, (493, 490, 163, 1, 0, 0, 0, 0, 0, 0))
2018-04-04 17:12:48.789994;(16, (204, 186, 6, 1, 0, 0, 0, 0, 0, 0))
2018-04-04 17:12:48.798560;(22, (617, 534, 299, 0, 0, 0, 0, 0, 0, 0))
2018-04-04 17:12:48.933173;(5, (507, 516, 137, 0, 0, 0, 0, 0, 0, 0))
2018-04-04 17:12:48.935049;(12, (335, 322, 10, 0, 0, 0, 0, 0, 0, 0))
2018-04-04 17:12:48.941078;(18, (353, 316, 88, 2, 0, 0, 0, 0, 0, 0))
2018-04-04 17:12:48.970825;(17, (227, 293, 1, 1, 0, 0, 0, 0, 0, 0))
2018-04-04 17:12:48.982826;(10, (356, 351, 38, 0, 0, 0, 0, 0, 0, 0))
2018-04-04 17:12:49.038091;(14, (396, 357, 48, 3, 0, 0, 0, 0, 0, 0))
2018-04-04 17:12:49.099123;(19, (303, 289, 38, 0, 0, 0, 0, 0, 0, 0))
2018-04-04 17:12:49.154894;(8, (443, 381, 69, 3, 0, 0, 0, 0, 0, 0))
2018-04-04 17:12:49.190542;(4, (115, 132, 3, 10, 0, 0, 0, 0, 0, 0))
2018-04-04 17:12:49.205489;(3, (664, 606, 234, 0, 0, 0, 0, 0, 0, 0))
2018-04-04 17:12:49.353807;(13, (182, 184, 18, 8, 0, 0, 0, 0, 0, 0))
2018-04-04 17:12:49.387058;(15, (695, 676, 387, 0, 0, 0, 0, 0, 0, 0))
2018-04-04 17:12:49.419429;(21, (316, 332, 30, 0, 0, 0, 0, 0, 0, 0))
2018-04-04 17:12:49.476104;(23, (336, 304, 190, 1, 0, 0, 0, 0, 0, 0))
2018-04-04 17:12:49.511164;(20, (596, 590, 290, 1, 0, 0, 0, 0, 0, 0))
2018-04-04 17:12:49.555461;(9, (99, 110, 1, 6, 0, 0, 0, 0, 0, 0))
2018-04-04 17:12:49.596202;(6, (309, 358, 8, 0, 0, 0, 0, 0, 0, 0))
2018-04-04 17:12:49.628250;(11, (329, 321, 18, 1, 0, 0, 0, 0, 0, 0))
2018-04-04 17:13:18.271924;(1, (1872, 1517, 1442, 842, 0, 0, 0, 0, 0, 0))
2018-04-04 17:13:18.669866;(7, (513, 508, 168, 1, 0, 0, 0, 0, 0, 0))
2018-04-04 17:13:18.792721;(16, (224, 207, 6, 1, 0, 0, 0, 0, 0, 0))
2018-04-04 17:13:18.800399;(22, (685, 603, 342, 0, 0, 0, 0, 0, 0, 0))
2018-04-04 17:13:18.937113;(5, (522, 530, 139, 0, 0, 0, 0, 0, 0, 0))
2018-04-04 17:13:18.938282;(12, (353, 344, 10, 0, 0, 0, 0, 0, 0, 0))
2018-04-04 17:13:18.942984;(18, (373, 335, 88, 2, 0, 0, 0, 0, 0, 0))
2018-04-04 17:13:18.973372;(17, (239, 311, 1, 1, 0, 0, 0, 0, 0, 0))
2018-04-04 17:13:18.985633;(10, (373, 370, 38, 0, 0, 0, 0, 0, 0, 0))
2018-04-04 17:13:19.040106;(14, (435, 393, 59, 3, 0, 0, 0, 0, 0, 0))
2018-04-04 17:13:19.102420;(19, (320, 309, 39, 0, 0, 0, 0, 0, 0, 0))
2018-04-04 17:13:19.156763;(8, (468, 401, 71, 3, 0, 0, 0, 0, 0, 0))
2018-04-04 17:13:19.193117;(4, (128, 144, 3, 11, 0, 0, 0, 0, 0, 0))
2018-04-04 17:13:19.207279;(3, (728, 669, 272, 0, 0, 0, 0, 0, 0, 0))
2018-04-04 17:13:19.356317;(13, (196, 204, 18, 13, 0, 0, 0, 0, 0, 0))
2018-04-04 17:13:19.389559;(15, (714, 700, 392, 0, 0, 0, 0, 0, 0, 0))
2018-04-04 17:13:19.423803;(21, (330, 349, 30, 0, 0, 0, 0, 0, 0, 0))
2018-04-04 17:13:19.478170;(23, (354, 319, 195, 1, 0, 0, 0, 0, 0, 0))
2018-04-04 17:13:19.512934;(20, (613, 609, 290, 1, 0, 0, 0, 0, 0, 0))
2018-04-04 17:13:19.558728;(9, (114, 128, 1, 10, 0, 0, 0, 0, 0, 0))
2018-04-04 17:13:19.599593;(6, (321, 371, 8, 0, 0, 0, 0, 0, 0, 0))
2018-04-04 17:13:19.630378;(11, (356, 353, 23, 1, 0, 0, 0, 0, 0, 0))
2018-04-04 17:13:48.274044;(1, (1963, 1592, 1507, 907, 0, 0, 0, 0, 0, 0))
2018-04-04 17:13:48.671757;(7, (537, 532, 172, 1, 0, 0, 0, 0, 0, 0))
2018-04-04 17:13:48.794805;(16, (237, 219, 6, 1, 0, 0, 0, 0, 0, 0))
2018-04-04 17:13:48.939500;(5, (543, 554, 144, 0, 0, 0, 0, 0, 0, 0))
2018-04-04 17:13:48.941290;(12, (373, 362, 10, 0, 0, 0, 0, 0, 0, 0))
2018-04-04 17:13:48.975245;(17, (252, 329, 1, 1, 0, 0, 0, 0, 0, 0))
2018-04-04 17:13:48.987479;(10, (388, 388, 39, 0, 0, 0, 0, 0, 0, 0))
2018-04-04 17:13:49.043595;(14, (471, 427, 72, 3, 0, 0, 0, 0, 0, 0))
2018-04-04 17:13:49.105534;(19, (336, 328, 39, 0, 0, 0, 0, 0, 0, 0))
2018-04-04 17:13:49.158536;(8, (483, 423, 71, 3, 0, 0, 0, 0, 0, 0))
2018-04-04 17:13:49.195065;(4, (147, 168, 4, 16, 0, 0, 0, 0, 0, 0))
2018-04-04 17:13:49.211068;(3, (782, 717, 305, 0, 0, 0, 0, 0, 0, 0))
2018-04-04 17:13:49.358244;(13, (221, 229, 19, 17, 0, 0, 0, 0, 0, 0))
2018-04-04 17:13:49.391411;(15, (734, 725, 397, 0, 0, 0, 0, 0, 0, 0))
2018-04-04 17:13:49.426158;(21, (349, 369, 32, 0, 0, 0, 0, 0, 0, 0))
2018-04-04 17:13:49.479811;(23, (370, 335, 200, 1, 0, 0, 0, 0, 0, 0))
2018-04-04 17:13:49.514632;(20, (629, 621, 290, 1, 0, 0, 0, 0, 0, 0))
2018-04-04 17:13:49.562847;(9, (130, 150, 1, 11, 0, 0, 0, 0, 0, 0))
2018-04-04 17:13:49.603932;(6, (335, 389, 8, 0, 0, 0, 0, 0, 0, 0))
2018-04-04 17:13:49.633194;(11, (378, 375, 26, 1, 0, 0, 0, 0, 0, 0))
2018-04-04 17:14:18.797020;(16, (256, 238, 6, 1, 0, 0, 0, 0, 0, 0))
2018-04-04 17:14:18.942735;(5, (569, 577, 147, 0, 0, 0, 0, 0, 0, 0))
2018-04-04 17:14:18.943722;(12, (391, 386, 10, 0, 0, 0, 0, 0, 0, 0))
2018-04-04 17:14:18.978185;(17, (265, 350, 1, 1, 0, 0, 0, 0, 0, 0))
2018-04-04 17:14:18.990119;(10, (420, 412, 47, 0, 0, 0, 0, 0, 0, 0))
2018-04-04 17:14:19.046376;(14, (505, 460, 81, 3, 0, 0, 0, 0, 0, 0))
2018-04-04 17:14:19.107776;(19, (356, 348, 40, 0, 0, 0, 0, 0, 0, 0))
2018-04-04 17:14:19.161535;(8, (513, 447, 73, 3, 0, 0, 0, 0, 0, 0))
2018-04-04 17:14:19.197415;(4, (166, 189, 4, 16, 0, 0, 0, 0, 0, 0))
2018-04-04 17:14:19.212862;(3, (846, 781, 338, 0, 0, 0, 0, 0, 0, 0))
2018-04-04 17:14:19.277158;(1, (2076, 1684, 1589, 989, 0, 0, 0, 0, 0, 0))
2018-04-04 17:14:19.361197;(13, (247, 259, 27, 17, 0, 0, 0, 0, 0, 0))
2018-04-04 17:14:19.394276;(15, (761, 759, 405, 0, 0, 0, 0, 0, 0, 0))
2018-04-04 17:14:19.430358;(21, (378, 399, 44, 0, 0, 0, 0, 0, 0, 0))
2018-04-04 17:14:19.482285;(23, (397, 356, 208, 1, 0, 0, 0, 0, 0, 0))
2018-04-04 17:14:19.605723;(6, (348, 410, 8, 0, 0, 0, 0, 0, 0, 0))
2018-04-04 17:14:19.634969;(11, (403, 403, 30, 1, 0, 0, 0, 0, 0, 0))
2018-04-04 17:14:19.674151;(7, (581, 572, 184, 1, 0, 0, 0, 0, 0, 0))
2018-04-04 17:14:19.805849;(22, (809, 725, 413, 0, 0, 0, 0, 0, 0, 0))
2018-04-04 17:14:19.947438;(18, (413, 376, 92, 2, 0, 0, 0, 0, 0, 0))
2018-04-04 17:14:20.517821;(20, (650, 649, 290, 1, 0, 0, 0, 0, 0, 0))
2018-04-04 17:14:20.566854;(9, (143, 171, 1, 11, 0, 0, 0, 0, 0, 0))
2018-04-04 17:14:48.991968;(10, (446, 440, 53, 0, 0, 0, 0, 0, 0, 0))
2018-04-04 17:14:49.279882;(1, (2161, 1758, 1653, 1053, 0, 0, 0, 0, 0, 0))
2018-04-04 17:14:49.433950;(21, (396, 418, 45, 0, 0, 0, 0, 0, 0, 0))
2018-04-04 17:14:49.485214;(23, (421, 377, 218, 1, 0, 0, 0, 0, 0, 0))
2018-04-04 17:14:49.638666;(11, (424, 425, 35, 1, 0, 0, 0, 0, 0, 0))
2018-04-04 17:14:49.675972;(7, (614, 611, 200, 1, 0, 0, 0, 0, 0, 0))
2018-04-04 17:14:49.800098;(16, (274, 259, 6, 1, 0, 0, 0, 0, 0, 0))
2018-04-04 17:14:49.807613;(22, (858, 777, 442, 0, 0, 0, 0, 0, 0, 0))
2018-04-04 17:14:49.945834;(5, (586, 595, 147, 0, 0, 0, 0, 0, 0, 0))
2018-04-04 17:14:49.950001;(18, (432, 397, 96, 2, 0, 0, 0, 0, 0, 0))
2018-04-04 17:14:49.980062;(17, (279, 371, 1, 1, 0, 0, 0, 0, 0, 0))
2018-04-04 17:14:50.049418;(14, (522, 480, 81, 3, 0, 0, 0, 0, 0, 0))
2018-04-04 17:14:50.111707;(19, (375, 370, 43, 0, 0, 0, 0, 0, 0, 0))
2018-04-04 17:14:50.163529;(8, (543, 476, 81, 3, 0, 0, 0, 0, 0, 0))
2018-04-04 17:14:50.199331;(4, (184, 211, 4, 21, 0, 0, 0, 0, 0, 0))
2018-04-04 17:14:50.214661;(3, (897, 830, 365, 0, 0, 0, 0, 0, 0, 0))
2018-04-04 17:14:50.396128;(15, (784, 785, 415, 0, 0, 0, 0, 0, 0, 0))
2018-04-04 17:14:50.523958;(20, (665, 665, 290, 1, 0, 0, 0, 0, 0, 0))
2018-04-04 17:14:50.569338;(9, (165, 193, 2, 13, 0, 0, 0, 0, 0, 0))
2018-04-04 17:14:50.610687;(6, (363, 432, 8, 0, 0, 0, 0, 0, 0, 0))
2018-04-04 17:15:19.282330;(1, (2236, 1825, 1710, 1110, 0, 0, 0, 0, 0, 0))
2018-04-04 17:15:19.679211;(7, (638, 636, 206, 1, 0, 0, 0, 0, 0, 0))
2018-04-04 17:15:19.802358;(16, (288, 278, 6, 1, 0, 0, 0, 0, 0, 0))
2018-04-04 17:15:19.810211;(22, (896, 815, 462, 0, 0, 0, 0, 0, 0, 0))
2018-04-04 17:15:19.947985;(5, (601, 606, 147, 0, 0, 0, 0, 0, 0, 0))
2018-04-04 17:15:19.949781;(12, (416, 413, 10, 0, 0, 0, 0, 0, 0, 0))
2018-04-04 17:15:19.951888;(18, (459, 427, 106, 2, 0, 0, 0, 0, 0, 0))
2018-04-04 17:15:19.982061;(17, (290, 384, 1, 1, 0, 0, 0, 0, 0, 0))
2018-04-04 17:15:20.051607;(14, (549, 504, 89, 3, 0, 0, 0, 0, 0, 0))
2018-04-04 17:15:20.114548;(19, (394, 390, 46, 0, 0, 0, 0, 0, 0, 0))
2018-04-04 17:15:20.166679;(8, (571, 507, 89, 3, 0, 0, 0, 0, 0, 0))
2018-04-04 17:15:20.201652;(4, (197, 230, 4, 26, 0, 0, 0, 0, 0, 0))
2018-04-04 17:15:20.217382;(3, (933, 863, 381, 0, 0, 0, 0, 0, 0, 0))
2018-04-04 17:15:20.364677;(13, (276, 291, 30, 23, 0, 0, 0, 0, 0, 0))
2018-04-04 17:15:20.397836;(15, (815, 822, 432, 0, 0, 0, 0, 0, 0, 0))
2018-04-04 17:15:20.437264;(21, (412, 438, 45, 0, 0, 0, 0, 0, 0, 0))
2018-04-04 17:15:20.489360;(23, (457, 409, 235, 1, 0, 0, 0, 0, 0, 0))
2018-04-04 17:15:20.525997;(20, (680, 682, 290, 1, 0, 0, 0, 0, 0, 0))
2018-04-04 17:15:20.571361;(9, (179, 211, 2, 18, 0, 0, 0, 0, 0, 0))
2018-04-04 17:15:20.613260;(6, (378, 453, 8, 0, 0, 0, 0, 0, 0, 0))
2018-04-04 17:15:20.641264;(11, (446, 448, 40, 1, 0, 0, 0, 0, 0, 0))
2018-04-04 17:15:49.287050;(1, (2322, 1906, 1781, 1181, 0, 0, 0, 0, 0, 0))
2018-04-04 17:15:49.685360;(7, (671, 671, 220, 1, 0, 0, 0, 0, 0, 0))
2018-04-04 17:15:49.807465;(16, (300, 295, 6, 1, 0, 0, 0, 0, 0, 0))
2018-04-04 17:15:49.813947;(22, (945, 864, 488, 0, 0, 0, 0, 0, 0, 0))
2018-04-04 17:15:49.951955;(5, (614, 624, 147, 0, 0, 0, 0, 0, 0, 0))
2018-04-04 17:15:49.953541;(12, (431, 431, 10, 0, 0, 0, 0, 0, 0, 0))
2018-04-04 17:15:49.954944;(18, (478, 448, 114, 2, 0, 0, 0, 0, 0, 0))
2018-04-04 17:15:49.986863;(17, (305, 404, 1, 1, 0, 0, 0, 0, 0, 0))
2018-04-04 17:15:49.997347;(10, (482, 477, 62, 0, 0, 0, 0, 0, 0, 0))
2018-04-04 17:15:50.055691;(14, (569, 526, 93, 3, 0, 0, 0, 0, 0, 0))
2018-04-04 17:15:50.119759;(19, (412, 407, 51, 0, 0, 0, 0, 0, 0, 0))
2018-04-04 17:15:50.171011;(8, (599, 541, 99, 3, 0, 0, 0, 0, 0, 0))
2018-04-04 17:15:50.205777;(4, (210, 247, 4, 30, 0, 0, 0, 0, 0, 0))
2018-04-04 17:15:50.221324;(3, (978, 906, 405, 0, 0, 0, 0, 0, 0, 0))
2018-04-04 17:15:50.367761;(13, (289, 309, 30, 28, 0, 0, 0, 0, 0, 0))
2018-04-04 17:15:50.401691;(15, (844, 855, 448, 0, 0, 0, 0, 0, 0, 0))
2018-04-04 17:15:50.443141;(21, (422, 453, 45, 0, 0, 0, 0, 0, 0, 0))
2018-04-04 17:15:50.495222;(23, (484, 434, 250, 1, 0, 0, 0, 0, 0, 0))
2018-04-04 17:15:50.533516;(20, (696, 698, 290, 1, 0, 0, 0, 0, 0, 0))
2018-04-04 17:15:50.575875;(9, (191, 230, 2, 23, 0, 0, 0, 0, 0, 0))
2018-04-04 17:15:50.617602;(6, (391, 472, 8, 0, 0, 0, 0, 0, 0, 0))
2018-04-04 17:15:50.643968;(11, (466, 472, 45, 1, 0, 0, 0, 0, 0, 0))
2018-04-04 17:16:19.293990;(1, (2406, 1978, 1843, 1243, 0, 0, 0, 0, 0, 0))
2018-04-04 17:16:19.691463;(7, (697, 701, 231, 1, 0, 0, 0, 0, 0, 0))
2018-04-04 17:16:19.814966;(16, (316, 320, 6, 1, 0, 0, 0, 0, 0, 0))
2018-04-04 17:16:19.819642;(22, (990, 911, 519, 0, 0, 0, 0, 0, 0, 0))
2018-04-04 17:16:19.976629;(12, (454, 453, 12, 0, 0, 0, 0, 0, 0, 0))
2018-04-04 17:16:19.976983;(5, (628, 642, 147, 0, 0, 0, 0, 0, 0, 0))
2018-04-04 17:16:19.977316;(18, (505, 472, 116, 2, 0, 0, 0, 0, 0, 0))
2018-04-04 17:16:19.994329;(17, (318, 421, 1, 1, 0, 0, 0, 0, 0, 0))
2018-04-04 17:16:20.002328;(10, (498, 494, 66, 0, 0, 0, 0, 0, 0, 0))
2018-04-04 17:16:20.062324;(14, (593, 554, 95, 3, 0, 0, 0, 0, 0, 0))
2018-04-04 17:16:20.127153;(19, (435, 433, 57, 0, 0, 0, 0, 0, 0, 0))
2018-04-04 17:16:20.177639;(8, (622, 559, 104, 3, 0, 0, 0, 0, 0, 0))
2018-04-04 17:16:20.210969;(4, (224, 266, 4, 35, 0, 0, 0, 0, 0, 0))
2018-04-04 17:16:20.226709;(3, (1025, 951, 431, 0, 0, 0, 0, 0, 0, 0))
2018-04-04 17:16:20.374175;(13, (303, 328, 30, 33, 0, 0, 0, 0, 0, 0))
2018-04-04 17:16:20.409412;(15, (872, 889, 460, 0, 0, 0, 0, 0, 0, 0))
2018-04-04 17:16:20.463490;(21, (432, 463, 45, 0, 0, 0, 0, 0, 0, 0))
2018-04-04 17:16:20.506256;(23, (515, 464, 263, 1, 0, 0, 0, 0, 0, 0))
2018-04-04 17:16:20.555944;(20, (710, 713, 290, 1, 0, 0, 0, 0, 0, 0))
2018-04-04 17:16:20.582352;(9, (205, 248, 2, 27, 0, 0, 0, 0, 0, 0))
2018-04-04 17:16:20.623759;(6, (403, 485, 8, 0, 0, 0, 0, 0, 0, 0))
2018-04-04 17:16:20.663871;(11, (485, 492, 45, 1, 0, 0, 0, 0, 0, 0))
2018-04-04 17:16:49.299917;(1, (2498, 2062, 1916, 1316, 0, 0, 0, 0, 0, 0))
2018-04-04 17:16:49.697668;(7, (722, 727, 239, 1, 0, 0, 0, 0, 0, 0))
2018-04-04 17:16:49.821690;(16, (329, 340, 6, 1, 0, 0, 0, 0, 0, 0))
2018-04-04 17:16:49.985608;(12, (477, 475, 17, 0, 0, 0, 0, 0, 0, 0))
2018-04-04 17:16:49.986574;(5, (645, 660, 147, 0, 0, 0, 0, 0, 0, 0))
2018-04-04 17:16:49.999726;(17, (331, 438, 1, 1, 0, 0, 0, 0, 0, 0))
2018-04-04 17:16:50.006843;(10, (521, 520, 72, 0, 0, 0, 0, 0, 0, 0))
2018-04-04 17:16:50.070654;(14, (614, 577, 98, 3, 0, 0, 0, 0, 0, 0))
2018-04-04 17:16:50.135303;(19, (460, 462, 66, 0, 0, 0, 0, 0, 0, 0))
2018-04-04 17:16:50.186326;(8, (643, 590, 108, 3, 0, 0, 0, 0, 0, 0))
2018-04-04 17:16:50.228448;(4, (238, 284, 4, 38, 0, 0, 0, 0, 0, 0))
2018-04-04 17:16:50.231446;(3, (1070, 996, 456, 0, 0, 0, 0, 0, 0, 0))
2018-04-04 17:16:50.392467;(13, (320, 349, 31, 37, 0, 0, 0, 0, 0, 0))
2018-04-04 17:16:50.470139;(21, (446, 482, 46, 0, 0, 0, 0, 0, 0, 0))
2018-04-04 17:16:50.525108;(23, (543, 488, 275, 1, 0, 0, 0, 0, 0, 0))
2018-04-04 17:16:50.573484;(20, (721, 724, 290, 1, 0, 0, 0, 0, 0, 0))
2018-04-04 17:16:50.639223;(6, (415, 508, 8, 0, 0, 0, 0, 0, 0, 0))
2018-04-04 17:16:50.683483;(11, (503, 511, 45, 1, 0, 0, 0, 0, 0, 0))
2018-04-04 17:16:50.823816;(22, (1040, 960, 547, 0, 0, 0, 0, 0, 0, 0))
2018-04-04 17:16:50.988425;(18, (529, 496, 122, 2, 0, 0, 0, 0, 0, 0))
2018-04-04 17:16:51.429189;(15, (897, 920, 472, 0, 0, 0, 0, 0, 0, 0))
2018-04-04 17:16:51.594072;(9, (217, 261, 2, 28, 0, 0, 0, 0, 0, 0))
2018-04-04 17:17:19.307100;(1, (2608, 2150, 1992, 1392, 0, 0, 0, 0, 0, 0))
2018-04-04 17:17:19.992075;(12, (495, 494, 18, 0, 0, 0, 0, 0, 0, 0))
2018-04-04 17:17:20.027540;(10, (545, 547, 81, 0, 0, 0, 0, 0, 0, 0))
2018-04-04 17:17:20.476881;(21, (475, 515, 55, 0, 0, 0, 0, 0, 0, 0))
2018-04-04 17:17:20.546694;(23, (568, 511, 287, 1, 0, 0, 0, 0, 0, 0))
2018-04-04 17:17:20.690537;(11, (521, 531, 45, 1, 0, 0, 0, 0, 0, 0))
2018-04-04 17:17:20.712005;(7, (751, 755, 244, 1, 0, 0, 0, 0, 0, 0))
2018-04-04 17:17:20.827632;(16, (340, 352, 6, 1, 0, 0, 0, 0, 0, 0))
2018-04-04 17:17:20.829428;(22, (1090, 1009, 570, 0, 0, 0, 0, 0, 0, 0))
2018-04-04 17:17:20.994520;(5, (660, 677, 147, 0, 0, 0, 0, 0, 0, 0))
2018-04-04 17:17:20.997630;(18, (553, 522, 131, 2, 0, 0, 0, 0, 0, 0))
2018-04-04 17:17:21.029134;(17, (341, 455, 1, 1, 0, 0, 0, 0, 0, 0))
2018-04-04 17:17:21.081889;(14, (636, 598, 104, 3, 0, 0, 0, 0, 0, 0))
2018-04-04 17:17:21.143460;(19, (482, 488, 72, 0, 0, 0, 0, 0, 0, 0))
2018-04-04 17:17:21.194978;(8, (663, 621, 113, 3, 0, 0, 0, 0, 0, 0))
2018-04-04 17:17:21.237810;(4, (258, 303, 6, 38, 0, 0, 0, 0, 0, 0))
2018-04-04 17:17:21.245755;(3, (1113, 1039, 475, 0, 0, 0, 0, 0, 0, 0))
2018-04-04 17:17:21.412635;(13, (350, 380, 37, 37, 0, 0, 0, 0, 0, 0))
2018-04-04 17:17:21.448341;(15, (922, 949, 485, 0, 0, 0, 0, 0, 0, 0))
2018-04-04 17:17:21.578415;(20, (735, 740, 290, 1, 0, 0, 0, 0, 0, 0))
2018-04-04 17:17:21.599377;(9, (233, 287, 2, 28, 0, 0, 0, 0, 0, 0))
2018-04-04 17:17:21.645953;(6, (427, 527, 8, 0, 0, 0, 0, 0, 0, 0))
2018-04-04 17:17:49.313324;(1, (2708, 2238, 2070, 1470, 0, 0, 0, 0, 0, 0))
2018-04-04 17:17:50.034072;(10, (569, 574, 91, 0, 0, 0, 0, 0, 0, 0))
2018-04-04 17:17:50.481763;(21, (502, 546, 66, 0, 0, 0, 0, 0, 0, 0))
2018-04-04 17:17:50.565130;(23, (597, 540, 303, 1, 0, 0, 0, 0, 0, 0))
2018-04-04 17:17:50.702739;(11, (546, 554, 46, 2, 0, 0, 0, 0, 0, 0))
2018-04-04 17:17:50.726439;(7, (772, 772, 248, 1, 0, 0, 0, 0, 0, 0))
2018-04-04 17:17:50.837286;(16, (356, 375, 6, 1, 0, 0, 0, 0, 0, 0))
2018-04-04 17:17:50.838540;(22, (1129, 1051, 591, 0, 0, 0, 0, 0, 0, 0))
2018-04-04 17:17:50.999810;(12, (517, 521, 22, 0, 0, 0, 0, 0, 0, 0))
2018-04-04 17:17:51.001826;(5, (674, 695, 147, 0, 0, 0, 0, 0, 0, 0))
2018-04-04 17:17:51.002898;(18, (582, 551, 144, 2, 0, 0, 0, 0, 0, 0))
2018-04-04 17:17:51.035436;(17, (354, 473, 1, 1, 0, 0, 0, 0, 0, 0))
2018-04-04 17:17:51.087277;(14, (666, 627, 112, 3, 0, 0, 0, 0, 0, 0))
2018-04-04 17:17:51.149708;(19, (506, 514, 79, 0, 0, 0, 0, 0, 0, 0))
2018-04-04 17:17:51.204840;(8, (687, 652, 118, 5, 0, 0, 0, 0, 0, 0))
2018-04-04 17:17:51.242909;(4, (278, 327, 8, 38, 0, 0, 0, 0, 0, 0))
2018-04-04 17:17:51.262019;(3, (1151, 1076, 493, 0, 0, 0, 0, 0, 0, 0))
2018-04-04 17:17:51.420353;(13, (377, 406, 45, 37, 0, 0, 0, 0, 0, 0))
2018-04-04 17:17:51.460648;(15, (951, 982, 500, 0, 0, 0, 0, 0, 0, 0))
2018-04-04 17:17:51.587218;(20, (750, 757, 290, 1, 0, 0, 0, 0, 0, 0))
2018-04-04 17:17:51.607650;(9, (247, 311, 2, 28, 0, 0, 0, 0, 0, 0))
2018-04-04 17:17:51.651233;(6, (440, 545, 8, 0, 0, 0, 0, 0, 0, 0))
2018-04-04 17:18:20.035955;(10, (588, 597, 97, 0, 0, 0, 0, 0, 0, 0))
2018-04-04 17:18:20.316215;(1, (2787, 2316, 2138, 1538, 0, 0, 0, 0, 0, 0))
2018-04-04 17:18:20.566940;(23, (621, 563, 315, 1, 0, 0, 0, 0, 0, 0))
2018-04-04 17:18:20.728296;(7, (790, 794, 252, 1, 0, 0, 0, 0, 0, 0))
2018-04-04 17:18:20.839194;(16, (373, 397, 6, 1, 0, 0, 0, 0, 0, 0))
2018-04-04 17:18:20.840411;(22, (1167, 1091, 613, 0, 0, 0, 0, 0, 0, 0))
2018-04-04 17:18:21.002054;(12, (538, 540, 26, 0, 0, 0, 0, 0, 0, 0))
2018-04-04 17:18:21.003527;(5, (685, 707, 147, 0, 0, 0, 0, 0, 0, 0))
2018-04-04 17:18:21.005320;(18, (608, 578, 151, 2, 0, 0, 0, 0, 0, 0))
2018-04-04 17:18:21.037310;(17, (366, 490, 1, 1, 0, 0, 0, 0, 0, 0))
2018-04-04 17:18:21.090227;(14, (691, 653, 117, 3, 0, 0, 0, 0, 0, 0))
2018-04-04 17:18:21.151551;(19, (528, 538, 85, 0, 0, 0, 0, 0, 0, 0))
2018-04-04 17:18:21.207043;(8, (709, 672, 120, 5, 0, 0, 0, 0, 0, 0))
2018-04-04 17:18:21.245560;(4, (295, 347, 11, 38, 0, 0, 0, 0, 0, 0))
2018-04-04 17:18:21.263701;(3, (1182, 1108, 511, 0, 0, 0, 0, 0, 0, 0))
2018-04-04 17:18:21.422469;(13, (397, 432, 52, 37, 0, 0, 0, 0, 0, 0))
2018-04-04 17:18:21.462500;(15, (974, 1011, 512, 0, 0, 0, 0, 0, 0, 0))
2018-04-04 17:18:21.484521;(21, (522, 567, 78, 0, 0, 0, 0, 0, 0, 0))
2018-04-04 17:18:21.588898;(20, (761, 772, 290, 1, 0, 0, 0, 0, 0, 0))
2018-04-04 17:18:21.610451;(9, (259, 329, 2, 28, 0, 0, 0, 0, 0, 0))
2018-04-04 17:18:21.653657;(6, (452, 563, 8, 0, 0, 0, 0, 0, 0, 0))
2018-04-04 17:18:21.705483;(11, (566, 572, 46, 2, 0, 0, 0, 0, 0, 0))
2018-04-04 17:18:50.318023;(1, (2879, 2395, 2207, 1607, 0, 0, 0, 0, 0, 0))
2018-04-04 17:18:50.730444;(7, (810, 814, 254, 1, 0, 0, 0, 0, 0, 0))
2018-04-04 17:18:50.841298;(16, (394, 409, 6, 1, 0, 0, 0, 0, 0, 0))
2018-04-04 17:18:50.843321;(22, (1218, 1140, 640, 0, 0, 0, 0, 0, 0, 0))
2018-04-04 17:18:51.005069;(12, (564, 563, 29, 0, 0, 0, 0, 0, 0, 0))
2018-04-04 17:18:51.006195;(5, (701, 726, 147, 0, 0, 0, 0, 0, 0, 0))
2018-04-04 17:18:51.007390;(18, (626, 602, 151, 2, 0, 0, 0, 0, 0, 0))
2018-04-04 17:18:51.039332;(10, (605, 613, 100, 0, 0, 0, 0, 0, 0, 0))
2018-04-04 17:18:51.041749;(17, (377, 503, 1, 1, 0, 0, 0, 0, 0, 0))
2018-04-04 17:18:51.092907;(14, (714, 676, 118, 3, 0, 0, 0, 0, 0, 0))
2018-04-04 17:18:51.154997;(19, (553, 559, 93, 0, 0, 0, 0, 0, 0, 0))
2018-04-04 17:18:51.209939;(8, (730, 692, 121, 5, 0, 0, 0, 0, 0, 0))
2018-04-04 17:18:51.247505;(4, (311, 366, 13, 38, 0, 0, 0, 0, 0, 0))
2018-04-04 17:18:51.266475;(3, (1232, 1153, 534, 0, 0, 0, 0, 0, 0, 0))
2018-04-04 17:18:51.425728;(13, (416, 457, 58, 37, 0, 0, 0, 0, 0, 0))
2018-04-04 17:18:51.464273;(15, (995, 1034, 520, 0, 0, 0, 0, 0, 0, 0))
2018-04-04 17:18:51.486210;(21, (546, 594, 89, 0, 0, 0, 0, 0, 0, 0))
2018-04-04 17:18:51.569666;(23, (649, 585, 323, 1, 0, 0, 0, 0, 0, 0))
2018-04-04 17:18:51.590802;(20, (775, 787, 290, 1, 0, 0, 0, 0, 0, 0))
2018-04-04 17:18:51.612103;(9, (270, 342, 2, 28, 0, 0, 0, 0, 0, 0))
2018-04-04 17:18:51.655564;(6, (463, 580, 8, 0, 0, 0, 0, 0, 0, 0))
2018-04-04 17:18:51.708425;(11, (590, 590, 46, 2, 0, 0, 0, 0, 0, 0))
2018-04-04 17:19:20.319865;(1, (2985, 2485, 2287, 1687, 0, 0, 0, 0, 0, 0))
2018-04-04 17:19:21.009198;(12, (597, 597, 38, 0, 0, 0, 0, 0, 0, 0))
2018-04-04 17:19:21.009310;(5, (717, 743, 147, 0, 0, 0, 0, 0, 0, 0))
2018-04-04 17:19:21.042160;(10, (627, 640, 106, 0, 0, 0, 0, 0, 0, 0))
2018-04-04 17:19:21.043495;(17, (389, 521, 1, 1, 0, 0, 0, 0, 0, 0))
2018-04-04 17:19:21.094726;(14, (732, 693, 118, 3, 0, 0, 0, 0, 0, 0))
2018-04-04 17:19:21.157079;(19, (582, 591, 103, 0, 0, 0, 0, 0, 0, 0))
2018-04-04 17:19:21.212215;(8, (761, 723, 129, 5, 0, 0, 0, 0, 0, 0))
2018-04-04 17:19:21.268350;(3, (1293, 1212, 570, 0, 0, 0, 0, 0, 0, 0))
2018-04-04 17:19:21.427776;(13, (436, 487, 64, 37, 0, 0, 0, 0, 0, 0))
2018-04-04 17:19:21.487911;(21, (571, 623, 100, 0, 0, 0, 0, 0, 0, 0))
2018-04-04 17:19:21.571616;(23, (671, 604, 329, 1, 0, 0, 0, 0, 0, 0))
2018-04-04 17:19:21.658156;(6, (477, 603, 8, 0, 0, 0, 0, 0, 0, 0))
2018-04-04 17:19:21.710450;(11, (618, 620, 51, 2, 0, 0, 0, 0, 0, 0))
2018-04-04 17:19:21.732348;(7, (831, 836, 259, 1, 0, 0, 0, 0, 0, 0))
2018-04-04 17:19:21.843304;(16, (414, 431, 6, 1, 0, 0, 0, 0, 0, 0))
2018-04-04 17:19:21.845079;(22, (1281, 1197, 679, 0, 0, 0, 0, 0, 0, 0))
2018-04-04 17:19:22.010796;(18, (647, 621, 151, 2, 0, 0, 0, 0, 0, 0))
2018-04-04 17:19:22.250560;(4, (328, 384, 17, 38, 0, 0, 0, 0, 0, 0))
2018-04-04 17:19:22.466149;(15, (1015, 1058, 526, 0, 0, 0, 0, 0, 0, 0))
2018-04-04 17:19:22.592440;(20, (785, 798, 290, 1, 0, 0, 0, 0, 0, 0))
2018-04-04 17:19:22.614643;(9, (284, 360, 2, 28, 0, 0, 0, 0, 0, 0))
2018-04-04 17:19:50.322094;(1, (3091, 2575, 2367, 1767, 0, 0, 0, 0, 0, 0))
2018-04-04 17:19:51.045592;(10, (650, 668, 115, 0, 0, 0, 0, 0, 0, 0))
2018-04-04 17:19:51.490150;(21, (599, 656, 112, 0, 0, 0, 0, 0, 0, 0))
2018-04-04 17:19:51.574523;(23, (686, 618, 333, 1, 0, 0, 0, 0, 0, 0))
2018-04-04 17:19:51.714447;(11, (655, 654, 57, 4, 0, 0, 0, 0, 0, 0))
2018-04-04 17:19:51.735556;(7, (854, 859, 264, 1, 0, 0, 0, 0, 0, 0))
2018-04-04 17:19:51.846641;(16, (438, 455, 6, 1, 0, 0, 0, 0, 0, 0))
2018-04-04 17:19:51.847640;(22, (1338, 1259, 713, 0, 0, 0, 0, 0, 0, 0))
2018-04-04 17:19:52.011826;(12, (624, 626, 40, 0, 0, 0, 0, 0, 0, 0))
2018-04-04 17:19:52.013629;(5, (731, 760, 147, 0, 0, 0, 0, 0, 0, 0))
2018-04-04 17:19:52.013845;(18, (666, 639, 151, 2, 0, 0, 0, 0, 0, 0))
2018-04-04 17:19:52.046577;(17, (401, 539, 1, 1, 0, 0, 0, 0, 0, 0))
2018-04-04 17:19:52.097709;(14, (754, 716, 118, 3, 0, 0, 0, 0, 0, 0))
2018-04-04 17:19:52.159301;(19, (607, 614, 105, 0, 0, 0, 0, 0, 0, 0))
2018-04-04 17:19:52.214789;(8, (796, 755, 137, 5, 0, 0, 0, 0, 0, 0))
2018-04-04 17:19:52.253219;(4, (349, 405, 18, 38, 0, 0, 0, 0, 0, 0))
2018-04-04 17:19:52.270970;(3, (1350, 1269, 600, 0, 0, 0, 0, 0, 0, 0))
2018-04-04 17:19:52.429866;(13, (463, 521, 72, 37, 0, 0, 0, 0, 0, 0))
2018-04-04 17:19:52.467981;(15, (1030, 1079, 531, 0, 0, 0, 0, 0, 0, 0))
2018-04-04 17:19:52.594570;(20, (798, 814, 290, 1, 0, 0, 0, 0, 0, 0))
2018-04-04 17:19:52.617235;(9, (299, 383, 2, 28, 0, 0, 0, 0, 0, 0))
2018-04-04 17:19:52.661455;(6, (490, 621, 8, 0, 0, 0, 0, 0, 0, 0))
2018-04-04 17:20:20.324336;(1, (3184, 2663, 2440, 1840, 0, 0, 0, 0, 0, 0))
2018-04-04 17:20:21.047438;(10, (676, 695, 124, 0, 0, 0, 0, 0, 0, 0))
2018-04-04 17:20:21.494866;(21, (624, 684, 122, 0, 0, 0, 0, 0, 0, 0))
2018-04-04 17:20:21.576623;(23, (699, 630, 335, 1, 0, 0, 0, 0, 0, 0))
2018-04-04 17:20:21.716557;(11, (677, 677, 62, 4, 0, 0, 0, 0, 0, 0))
2018-04-04 17:20:21.737930;(7, (869, 876, 268, 1, 0, 0, 0, 0, 0, 0))
2018-04-04 17:20:21.851508;(16, (453, 475, 6, 1, 0, 0, 0, 0, 0, 0))
2018-04-04 17:20:21.853083;(22, (1387, 1313, 746, 0, 0, 0, 0, 0, 0, 0))
2018-04-04 17:20:22.015084;(12, (638, 639, 40, 0, 0, 0, 0, 0, 0, 0))
2018-04-04 17:20:22.015988;(5, (749, 777, 147, 0, 0, 0, 0, 0, 0, 0))
2018-04-04 17:20:22.017523;(18, (680, 651, 151, 2, 0, 0, 0, 0, 0, 0))
2018-04-04 17:20:22.049099;(17, (413, 556, 1, 1, 0, 0, 0, 0, 0, 0))
2018-04-04 17:20:22.099687;(14, (773, 734, 118, 3, 0, 0, 0, 0, 0, 0))
2018-04-04 17:20:22.161278;(19, (622, 631, 105, 0, 0, 0, 0, 0, 0, 0))
2018-04-04 17:20:22.218597;(8, (825, 787, 150, 5, 0, 0, 0, 0, 0, 0))
2018-04-04 17:20:22.255221;(4, (367, 427, 19, 39, 0, 0, 0, 0, 0, 0))
2018-04-04 17:20:22.273722;(3, (1400, 1318, 633, 0, 0, 0, 0, 0, 0, 0))
2018-04-04 17:20:22.433378;(13, (488, 550, 79, 39, 0, 0, 0, 0, 0, 0))
2018-04-04 17:20:22.470387;(15, (1042, 1095, 532, 0, 0, 0, 0, 0, 0, 0))
2018-04-04 17:20:22.597458;(20, (811, 829, 290, 1, 0, 0, 0, 0, 0, 0))
2018-04-04 17:20:22.619932;(9, (314, 404, 2, 28, 0, 0, 0, 0, 0, 0))
2018-04-04 17:20:22.663354;(6, (505, 640, 8, 0, 0, 0, 0, 0, 0, 0))
2018-04-04 17:20:50.327659;(1, (3283, 2754, 2521, 1921, 0, 0, 0, 0, 0, 0))
2018-04-04 17:20:51.050099;(10, (701, 720, 132, 0, 0, 0, 0, 0, 0, 0))
2018-04-04 17:20:51.578646;(23, (716, 645, 340, 1, 0, 0, 0, 0, 0, 0))
2018-04-04 17:20:51.740132;(7, (891, 899, 273, 1, 0, 0, 0, 0, 0, 0))
2018-04-04 17:20:51.857283;(16, (468, 492, 6, 1, 0, 0, 0, 0, 0, 0))
2018-04-04 17:20:51.858062;(22, (1443, 1370, 782, 0, 0, 0, 0, 0, 0, 0))
2018-04-04 17:20:52.017710;(12, (653, 658, 40, 0, 0, 0, 0, 0, 0, 0))
2018-04-04 17:20:52.018466;(5, (761, 793, 147, 0, 0, 0, 0, 0, 0, 0))
2018-04-04 17:20:52.019198;(18, (695, 670, 151, 2, 0, 0, 0, 0, 0, 0))
2018-04-04 17:20:52.051298;(17, (425, 575, 1, 1, 0, 0, 0, 0, 0, 0))
2018-04-04 17:20:52.103510;(14, (791, 754, 118, 3, 0, 0, 0, 0, 0, 0))
2018-04-04 17:20:52.163179;(19, (638, 648, 105, 0, 0, 0, 0, 0, 0, 0))
2018-04-04 17:20:52.221027;(8, (855, 817, 161, 5, 0, 0, 0, 0, 0, 0))
2018-04-04 17:20:52.258113;(4, (385, 448, 19, 39, 0, 0, 0, 0, 0, 0))
2018-04-04 17:20:52.275436;(3, (1450, 1366, 665, 0, 0, 0, 0, 0, 0, 0))
2018-04-04 17:20:52.435523;(13, (514, 577, 84, 39, 0, 0, 0, 0, 0, 0))
2018-04-04 17:20:52.473208;(15, (1057, 1116, 537, 0, 0, 0, 0, 0, 0, 0))
2018-04-04 17:20:52.497579;(21, (648, 705, 131, 0, 0, 0, 0, 0, 0, 0))
2018-04-04 17:20:52.599886;(20, (824, 846, 290, 1, 0, 0, 0, 0, 0, 0))
2018-04-04 17:20:52.625249;(9, (330, 421, 2, 29, 0, 0, 0, 0, 0, 0))
2018-04-04 17:20:52.668278;(6, (518, 658, 8, 0, 0, 0, 0, 0, 0, 0))
2018-04-04 17:20:52.718641;(11, (697, 700, 66, 4, 0, 0, 0, 0, 0, 0))
2018-04-04 17:21:20.330420;(1, (3374, 2827, 2584, 1984, 0, 0, 0, 0, 0, 0))
2018-04-04 17:21:21.742371;(7, (915, 926, 277, 1, 0, 0, 0, 0, 0, 0))
2018-04-04 17:21:21.859210;(16, (483, 507, 6, 1, 0, 0, 0, 0, 0, 0))
2018-04-04 17:21:21.860280;(22, (1501, 1436, 811, 0, 0, 0, 0, 0, 0, 0))
2018-04-04 17:21:22.020031;(12, (674, 680, 41, 0, 0, 0, 0, 0, 0, 0))
2018-04-04 17:21:22.020324;(5, (777, 808, 147, 0, 0, 0, 0, 0, 0, 0))
2018-04-04 17:21:22.021506;(18, (714, 688, 151, 2, 0, 0, 0, 0, 0, 0))
2018-04-04 17:21:22.053553;(10, (752, 766, 155, 0, 0, 0, 0, 0, 0, 0))
2018-04-04 17:21:22.054915;(17, (439, 593, 1, 1, 0, 0, 0, 0, 0, 0))
2018-04-04 17:21:22.106179;(14, (812, 767, 118, 3, 0, 0, 0, 0, 0, 0))
2018-04-04 17:21:22.165590;(19, (653, 661, 105, 0, 0, 0, 0, 0, 0, 0))
2018-04-04 17:21:22.223988;(8, (897, 850, 173, 5, 0, 0, 0, 0, 0, 0))
2018-04-04 17:21:22.261395;(4, (405, 471, 22, 39, 0, 0, 0, 0, 0, 0))
2018-04-04 17:21:22.278404;(3, (1515, 1432, 692, 1, 0, 0, 0, 0, 0, 0))
2018-04-04 17:21:22.438463;(13, (537, 600, 93, 39, 0, 0, 0, 0, 0, 0))
2018-04-04 17:21:22.475218;(15, (1073, 1136, 542, 0, 0, 0, 0, 0, 0, 0))
2018-04-04 17:21:22.501598;(21, (669, 731, 141, 0, 0, 0, 0, 0, 0, 0))
2018-04-04 17:21:22.581635;(23, (731, 660, 345, 1, 0, 0, 0, 0, 0, 0))
2018-04-04 17:21:22.602137;(20, (843, 866, 290, 1, 0, 0, 0, 0, 0, 0))
2018-04-04 17:21:22.627114;(9, (344, 443, 2, 29, 0, 0, 0, 0, 0, 0))
2018-04-04 17:21:22.671500;(6, (533, 675, 8, 0, 0, 0, 0, 0, 0, 0))
2018-04-04 17:21:22.722185;(11, (715, 723, 66, 4, 0, 0, 0, 0, 0, 0))
2018-04-04 17:21:50.344209;(1, (3479, 2916, 2663, 2063, 0, 0, 0, 0, 0, 0))
2018-04-04 17:21:52.022775;(12, (698, 702, 43, 0, 0, 0, 0, 0, 0, 0))
2018-04-04 17:21:52.055365;(10, (819, 834, 196, 0, 0, 0, 0, 0, 0, 0))
2018-04-04 17:21:52.057041;(17, (450, 605, 1, 1, 0, 0, 0, 0, 0, 0))
2018-04-04 17:21:52.108139;(14, (830, 791, 118, 3, 0, 0, 0, 0, 0, 0))
2018-04-04 17:21:52.167380;(19, (672, 680, 105, 0, 0, 0, 0, 0, 0, 0))
2018-04-04 17:21:52.226890;(8, (943, 888, 189, 5, 0, 0, 0, 0, 0, 0))
2018-04-04 17:21:52.280176;(3, (1579, 1498, 726, 1, 0, 0, 0, 0, 0, 0))
2018-04-04 17:21:52.441429;(13, (559, 628, 97, 39, 0, 0, 0, 0, 0, 0))
2018-04-04 17:21:52.503316;(21, (694, 761, 151, 0, 0, 0, 0, 0, 0, 0))
2018-04-04 17:21:52.583466;(23, (746, 675, 349, 1, 0, 0, 0, 0, 0, 0))
2018-04-04 17:21:52.673246;(6, (546, 688, 8, 0, 0, 0, 0, 0, 0, 0))
2018-04-04 17:21:52.725632;(11, (734, 740, 69, 4, 0, 0, 0, 0, 0, 0))
2018-04-04 17:21:52.747754;(7, (933, 947, 279, 1, 0, 0, 0, 0, 0, 0))
2018-04-04 17:21:52.861618;(16, (496, 532, 6, 1, 0, 0, 0, 0, 0, 0))
2018-04-04 17:21:52.862977;(22, (1526, 1464, 819, 0, 0, 0, 0, 0, 0, 0))
2018-04-04 17:21:53.022829;(5, (793, 826, 147, 0, 0, 0, 0, 0, 0, 0))
2018-04-04 17:21:53.023870;(18, (737, 705, 151, 2, 0, 0, 0, 0, 0, 0))
2018-04-04 17:21:53.263258;(4, (422, 485, 23, 39, 0, 0, 0, 0, 0, 0))
2018-04-04 17:21:53.477464;(15, (1085, 1150, 546, 0, 0, 0, 0, 0, 0, 0))
2018-04-04 17:21:53.604275;(20, (858, 887, 290, 1, 0, 0, 0, 0, 0, 0))
2018-04-04 17:21:53.630124;(9, (359, 465, 2, 29, 0, 0, 0, 0, 0, 0))
2018-04-04 17:22:21.349286;(1, (3576, 3003, 2740, 2140, 0, 0, 0, 0, 0, 0))
2018-04-04 17:22:22.059046;(10, (894, 904, 241, 0, 0, 0, 0, 0, 0, 0))
2018-04-04 17:22:22.505904;(21, (720, 790, 165, 0, 0, 0, 0, 0, 0, 0))
2018-04-04 17:22:22.585990;(23, (759, 686, 350, 1, 0, 0, 0, 0, 0, 0))
2018-04-04 17:22:22.727547;(11, (761, 767, 74, 4, 0, 0, 0, 0, 0, 0))
2018-04-04 17:22:22.749990;(7, (965, 981, 285, 2, 0, 0, 0, 0, 0, 0))
2018-04-04 17:22:22.863616;(16, (514, 554, 6, 2, 0, 0, 0, 0, 0, 0))
2018-04-04 17:22:22.865599;(22, (1544, 1483, 819, 0, 0, 0, 0, 0, 0, 0))
2018-04-04 17:22:23.029929;(5, (807, 844, 147, 0, 0, 0, 0, 0, 0, 0))
2018-04-04 17:22:23.030934;(12, (717, 726, 43, 0, 0, 0, 0, 0, 0, 0))
2018-04-04 17:22:23.031205;(18, (756, 722, 151, 2, 0, 0, 0, 0, 0, 0))
2018-04-04 17:22:23.061927;(17, (465, 626, 1, 1, 0, 0, 0, 0, 0, 0))
2018-04-04 17:22:23.110441;(14, (851, 814, 119, 3, 0, 0, 0, 0, 0, 0))
2018-04-04 17:22:23.170245;(19, (696, 700, 105, 0, 0, 0, 0, 0, 0, 0))
2018-04-04 17:22:23.230236;(8, (985, 924, 201, 6, 0, 0, 0, 0, 0, 0))
2018-04-04 17:22:23.265411;(4, (437, 504, 23, 39, 0, 0, 0, 0, 0, 0))
2018-04-04 17:22:23.281938;(3, (1648, 1565, 758, 1, 0, 0, 0, 0, 0, 0))
2018-04-04 17:22:23.443317;(13, (582, 657, 106, 39, 0, 0, 0, 0, 0, 0))
2018-04-04 17:22:23.481151;(15, (1098, 1170, 549, 0, 0, 0, 0, 0, 0, 0))
2018-04-04 17:22:23.606256;(20, (871, 903, 290, 1, 0, 0, 0, 0, 0, 0))
2018-04-04 17:22:23.631998;(9, (372, 484, 2, 29, 0, 0, 0, 0, 0, 0))
2018-04-04 17:22:23.675188;(6, (558, 706, 8, 0, 0, 0, 0, 0, 0, 0))
2018-04-04 17:22:51.351309;(1, (3690, 3094, 2821, 2221, 0, 0, 0, 0, 0, 0))
2018-04-04 17:22:52.062010;(10, (982, 992, 291, 0, 0, 0, 0, 0, 0, 0))
2018-04-04 17:22:52.507755;(21, (741, 815, 175, 0, 0, 0, 0, 0, 0, 0))
2018-04-04 17:22:52.587891;(23, (775, 701, 355, 1, 0, 0, 0, 0, 0, 0))
2018-04-04 17:22:52.730447;(11, (788, 797, 79, 4, 0, 0, 0, 0, 0, 0))
2018-04-04 17:22:52.753081;(7, (999, 1014, 291, 2, 0, 0, 0, 0, 0, 0))
2018-04-04 17:22:52.866357;(16, (534, 578, 6, 2, 0, 0, 0, 0, 0, 0))
2018-04-04 17:22:52.870450;(22, (1564, 1504, 819, 0, 0, 0, 0, 0, 0, 0))
2018-04-04 17:22:53.037419;(12, (740, 752, 43, 0, 0, 0, 0, 0, 0, 0))
2018-04-04 17:22:53.038358;(5, (822, 861, 147, 0, 0, 0, 0, 0, 0, 0))
2018-04-04 17:22:53.039423;(18, (774, 735, 151, 2, 0, 0, 0, 0, 0, 0))
2018-04-04 17:22:53.063589;(17, (479, 646, 1, 1, 0, 0, 0, 0, 0, 0))
2018-04-04 17:22:53.113289;(14, (879, 833, 119, 3, 0, 0, 0, 0, 0, 0))
2018-04-04 17:22:53.172778;(19, (723, 726, 108, 0, 0, 0, 0, 0, 0, 0))
2018-04-04 17:22:53.233163;(8, (1021, 955, 210, 6, 0, 0, 0, 0, 0, 0))
2018-04-04 17:22:53.267217;(4, (451, 522, 23, 39, 0, 0, 0, 0, 0, 0))
2018-04-04 17:22:53.283514;(3, (1717, 1632, 793, 1, 0, 0, 0, 0, 0, 0))
2018-04-04 17:22:53.445638;(13, (601, 681, 112, 39, 0, 0, 0, 0, 0, 0))
2018-04-04 17:22:53.482992;(15, (1112, 1188, 552, 0, 0, 0, 0, 0, 0, 0))
2018-04-04 17:22:53.607928;(20, (892, 923, 290, 1, 0, 0, 0, 0, 0, 0))
2018-04-04 17:22:53.634189;(9, (383, 496, 2, 29, 0, 0, 0, 0, 0, 0))
2018-04-04 17:22:53.676927;(6, (573, 725, 8, 0, 0, 0, 0, 0, 0, 0))
2018-04-04 17:23:21.354101;(1, (3797, 3182, 2899, 2299, 0, 0, 0, 0, 0, 0))
2018-04-04 17:23:22.063948;(10, (1020, 1029, 306, 0, 0, 0, 0, 0, 0, 0))
2018-04-04 17:23:22.510352;(21, (762, 838, 187, 0, 0, 0, 0, 0, 0, 0))
2018-04-04 17:23:22.590862;(23, (790, 716, 360, 1, 0, 0, 0, 0, 0, 0))
2018-04-04 17:23:22.732335;(11, (807, 817, 82, 4, 0, 0, 0, 0, 0, 0))
2018-04-04 17:23:22.755201;(7, (1034, 1051, 300, 2, 0, 0, 0, 0, 0, 0))
2018-04-04 17:23:22.868498;(16, (549, 595, 6, 2, 0, 0, 0, 0, 0, 0))
2018-04-04 17:23:22.874149;(22, (1625, 1565, 850, 0, 0, 0, 0, 0, 0, 0))
2018-04-04 17:23:23.043121;(5, (836, 879, 147, 0, 0, 0, 0, 0, 0, 0))
2018-04-04 17:23:23.045892;(18, (792, 753, 151, 2, 0, 0, 0, 0, 0, 0))
2018-04-04 17:23:23.046901;(12, (760, 773, 43, 0, 0, 0, 0, 0, 0, 0))
2018-04-04 17:23:23.066117;(17, (494, 666, 1, 1, 0, 0, 0, 0, 0, 0))
2018-04-04 17:23:23.115254;(14, (899, 852, 119, 3, 0, 0, 0, 0, 0, 0))
2018-04-04 17:23:23.174629;(19, (741, 741, 108, 0, 0, 0, 0, 0, 0, 0))
2018-04-04 17:23:23.235168;(8, (1054, 981, 216, 6, 0, 0, 0, 0, 0, 0))
2018-04-04 17:23:23.269887;(4, (465, 539, 23, 39, 0, 0, 0, 0, 0, 0))
2018-04-04 17:23:23.285953;(3, (1788, 1703, 828, 1, 0, 0, 0, 0, 0, 0))
2018-04-04 17:23:23.449573;(13, (626, 707, 120, 39, 0, 0, 0, 0, 0, 0))
2018-04-04 17:23:23.485382;(15, (1127, 1208, 557, 0, 0, 0, 0, 0, 0, 0))
2018-04-04 17:23:23.612532;(20, (910, 942, 290, 1, 0, 0, 0, 0, 0, 0))
2018-04-04 17:23:23.636931;(9, (395, 519, 2, 29, 0, 0, 0, 0, 0, 0))
2018-04-04 17:23:23.679032;(6, (586, 743, 8, 0, 0, 0, 0, 0, 0, 0))
2018-04-04 17:23:51.355896;(1, (3889, 3267, 2974, 2374, 0, 0, 0, 0, 0, 0))
2018-04-04 17:23:52.593932;(23, (804, 730, 364, 1, 0, 0, 0, 0, 0, 0))
2018-04-04 17:23:52.757906;(7, (1056, 1074, 307, 2, 0, 0, 0, 0, 0, 0))
2018-04-04 17:23:52.870689;(16, (561, 609, 6, 2, 0, 0, 0, 0, 0, 0))
2018-04-04 17:23:52.876078;(22, (1676, 1616, 884, 0, 0, 0, 0, 0, 0, 0))
2018-04-04 17:23:53.045096;(5, (850, 897, 147, 0, 0, 0, 0, 0, 0, 0))
2018-04-04 17:23:53.050026;(18, (805, 770, 151, 2, 0, 0, 0, 0, 0, 0))
2018-04-04 17:23:53.053381;(12, (774, 791, 43, 0, 0, 0, 0, 0, 0, 0))
2018-04-04 17:23:53.066567;(10, (1038, 1045, 311, 0, 0, 0, 0, 0, 0, 0))
2018-04-04 17:23:53.067603;(17, (505, 678, 1, 1, 0, 0, 0, 0, 0, 0))
2018-04-04 17:23:53.117467;(14, (914, 870, 119, 3, 0, 0, 0, 0, 0, 0))
2018-04-04 17:23:53.177445;(19, (755, 760, 108, 0, 0, 0, 0, 0, 0, 0))
2018-04-04 17:23:53.237458;(8, (1078, 1004, 222, 6, 0, 0, 0, 0, 0, 0))
2018-04-04 17:23:53.272014;(4, (482, 556, 23, 39, 0, 0, 0, 0, 0, 0))
2018-04-04 17:23:53.287652;(3, (1839, 1755, 858, 1, 0, 0, 0, 0, 0, 0))
2018-04-04 17:23:53.451592;(13, (648, 735, 128, 39, 0, 0, 0, 0, 0, 0))
2018-04-04 17:23:53.487066;(15, (1142, 1228, 561, 0, 0, 0, 0, 0, 0, 0))
2018-04-04 17:23:53.512125;(21, (783, 863, 196, 0, 0, 0, 0, 0, 0, 0))
2018-04-04 17:23:53.614305;(20, (922, 961, 290, 1, 0, 0, 0, 0, 0, 0))
2018-04-04 17:23:53.638817;(9, (408, 537, 2, 29, 0, 0, 0, 0, 0, 0))
2018-04-04 17:23:53.682492;(6, (600, 761, 8, 0, 0, 0, 0, 0, 0, 0))
2018-04-04 17:23:53.735490;(11, (822, 835, 85, 4, 0, 0, 0, 0, 0, 0))
2018-04-04 17:24:21.358456;(1, (3985, 3357, 3054, 2454, 0, 0, 0, 0, 0, 0))
2018-04-04 17:24:23.061357;(12, (789, 806, 45, 0, 0, 0, 0, 0, 0, 0))
2018-04-04 17:24:23.069282;(10, (1063, 1071, 318, 0, 0, 0, 0, 0, 0, 0))
2018-04-04 17:24:23.070265;(17, (517, 697, 1, 1, 0, 0, 0, 0, 0, 0))
2018-04-04 17:24:23.179412;(19, (771, 777, 108, 0, 0, 0, 0, 0, 0, 0))
2018-04-04 17:24:23.514485;(21, (806, 892, 208, 0, 0, 0, 0, 0, 0, 0))
2018-04-04 17:24:23.595912;(23, (819, 744, 368, 1, 0, 0, 0, 0, 0, 0))
2018-04-04 17:24:23.685383;(6, (613, 778, 8, 0, 0, 0, 0, 0, 0, 0))
2018-04-04 17:24:23.739303;(11, (840, 856, 87, 4, 0, 0, 0, 0, 0, 0))
2018-04-04 17:24:23.759809;(7, (1089, 1110, 319, 2, 0, 0, 0, 0, 0, 0))
2018-04-04 17:24:23.873776;(16, (573, 630, 6, 2, 0, 0, 0, 0, 0, 0))
2018-04-04 17:24:23.878451;(22, (1734, 1678, 920, 0, 0, 0, 0, 0, 0, 0))
2018-04-04 17:24:24.047110;(5, (861, 909, 147, 0, 0, 0, 0, 0, 0, 0))
2018-04-04 17:24:24.051831;(18, (822, 787, 151, 2, 0, 0, 0, 0, 0, 0))
2018-04-04 17:24:24.120396;(14, (932, 887, 119, 3, 0, 0, 0, 0, 0, 0))
2018-04-04 17:24:24.239882;(8, (1102, 1026, 229, 6, 0, 0, 0, 0, 0, 0))
2018-04-04 17:24:24.274362;(4, (494, 575, 23, 39, 0, 0, 0, 0, 0, 0))
2018-04-04 17:24:24.290405;(3, (1897, 1820, 893, 1, 0, 0, 0, 0, 0, 0))
2018-04-04 17:24:24.454477;(13, (667, 757, 136, 39, 0, 0, 0, 0, 0, 0))
2018-04-04 17:24:24.490054;(15, (1155, 1243, 565, 0, 0, 0, 0, 0, 0, 0))
2018-04-04 17:24:24.617646;(20, (938, 978, 290, 1, 0, 0, 0, 0, 0, 0))
2018-04-04 17:24:24.641324;(9, (421, 555, 2, 29, 0, 0, 0, 0, 0, 0))
2018-04-04 17:24:51.360387;(1, (4111, 3439, 3126, 2526, 0, 0, 0, 0, 0, 0))
2018-04-04 17:24:53.073612;(10, (1156, 1160, 357, 0, 0, 0, 0, 0, 0, 0))
2018-04-04 17:24:53.517306;(21, (831, 921, 218, 0, 0, 0, 0, 0, 0, 0))
2018-04-04 17:24:53.598755;(23, (832, 756, 370, 1, 0, 0, 0, 0, 0, 0))
2018-04-04 17:24:53.742661;(11, (871, 887, 89, 6, 0, 0, 0, 0, 0, 0))
2018-04-04 17:24:53.763023;(7, (1133, 1150, 327, 2, 0, 0, 0, 0, 0, 0))
2018-04-04 17:24:53.877948;(16, (597, 657, 6, 2, 0, 0, 0, 0, 0, 0))
2018-04-04 17:24:53.881658;(22, (1759, 1701, 920, 1, 0, 0, 0, 0, 0, 0))
2018-04-04 17:24:54.050443;(5, (876, 927, 147, 0, 0, 0, 0, 0, 0, 0))
2018-04-04 17:24:54.054162;(18, (849, 799, 151, 2, 0, 0, 0, 0, 0, 0))
2018-04-04 17:24:54.069395;(12, (820, 839, 49, 0, 0, 0, 0, 0, 0, 0))
2018-04-04 17:24:54.074907;(17, (532, 722, 1, 1, 0, 0, 0, 0, 0, 0))
2018-04-04 17:24:54.122281;(14, (986, 929, 130, 3, 0, 0, 0, 0, 0, 0))
2018-04-04 17:24:54.182085;(19, (803, 809, 110, 0, 0, 0, 0, 0, 0, 0))
2018-04-04 17:24:54.243205;(8, (1145, 1057, 232, 6, 0, 0, 0, 0, 0, 0))
2018-04-04 17:24:54.277399;(4, (508, 588, 23, 39, 0, 0, 0, 0, 0, 0))
2018-04-04 17:24:54.293307;(3, (1988, 1908, 924, 1, 0, 0, 0, 0, 0, 0))
2018-04-04 17:24:54.457387;(13, (686, 785, 139, 39, 0, 0, 0, 0, 0, 0))
2018-04-04 17:24:54.494353;(15, (1168, 1261, 567, 0, 0, 0, 0, 0, 0, 0))
2018-04-04 17:24:54.621624;(20, (962, 997, 290, 1, 0, 0, 0, 0, 0, 0))
2018-04-04 17:24:54.643585;(9, (434, 568, 2, 29, 0, 0, 0, 0, 0, 0))
2018-04-04 17:24:54.687377;(6, (628, 795, 8, 0, 0, 0, 0, 0, 0, 0))
2018-04-04 17:25:21.362345;(1, (4207, 3523, 3200, 2600, 0, 0, 0, 0, 0, 0))
2018-04-04 17:25:23.077704;(10, (1220, 1223, 394, 0, 0, 0, 0, 0, 0, 0))
2018-04-04 17:25:23.519741;(21, (855, 949, 230, 0, 0, 0, 0, 0, 0, 0))
2018-04-04 17:25:23.601807;(23, (849, 771, 375, 1, 0, 0, 0, 0, 0, 0))
2018-04-04 17:25:23.746887;(11, (891, 907, 89, 6, 0, 0, 0, 0, 0, 0))
2018-04-04 17:25:23.764914;(7, (1161, 1175, 333, 2, 0, 0, 0, 0, 0, 0))
2018-04-04 17:25:23.880996;(16, (617, 680, 6, 2, 0, 0, 0, 0, 0, 0))
2018-04-04 17:25:23.883404;(22, (1777, 1720, 920, 1, 0, 0, 0, 0, 0, 0))
2018-04-04 17:25:24.053491;(5, (890, 945, 147, 0, 0, 0, 0, 0, 0, 0))
2018-04-04 17:25:24.059001;(18, (869, 817, 151, 2, 0, 0, 0, 0, 0, 0))
2018-04-04 17:25:24.077611;(12, (846, 864, 52, 0, 0, 0, 0, 0, 0, 0))
2018-04-04 17:25:24.079889;(17, (545, 739, 1, 1, 0, 0, 0, 0, 0, 0))
2018-04-04 17:25:24.124098;(14, (1019, 961, 140, 3, 0, 0, 0, 0, 0, 0))
2018-04-04 17:25:24.184013;(19, (817, 821, 110, 0, 0, 0, 0, 0, 0, 0))
2018-04-04 17:25:24.246471;(8, (1168, 1076, 232, 6, 0, 0, 0, 0, 0, 0))
2018-04-04 17:25:24.279699;(4, (524, 606, 23, 39, 0, 0, 0, 0, 0, 0))
2018-04-04 17:25:24.295260;(3, (2042, 1964, 954, 1, 0, 0, 0, 0, 0, 0))
2018-04-04 17:25:24.459394;(13, (710, 813, 147, 39, 0, 0, 0, 0, 0, 0))
2018-04-04 17:25:24.496241;(15, (1183, 1282, 572, 0, 0, 0, 0, 0, 0, 0))
2018-04-04 17:25:24.623428;(20, (976, 1020, 290, 1, 0, 0, 0, 0, 0, 0))
2018-04-04 17:25:24.648253;(9, (447, 590, 2, 29, 0, 0, 0, 0, 0, 0))
2018-04-04 17:25:24.690275;(6, (639, 807, 8, 0, 0, 0, 0, 0, 0, 0))
2018-04-04 17:25:51.365583;(1, (4305, 3610, 3277, 2677, 0, 0, 0, 0, 0, 0))
2018-04-04 17:25:53.085414;(10, (1263, 1264, 416, 0, 0, 0, 0, 0, 0, 0))
2018-04-04 17:25:53.523825;(21, (876, 975, 241, 0, 0, 0, 0, 0, 0, 0))
2018-04-04 17:25:53.603794;(23, (873, 794, 385, 1, 0, 0, 0, 0, 0, 0))
2018-04-04 17:25:53.750095;(11, (920, 930, 93, 6, 0, 0, 0, 0, 0, 0))
2018-04-04 17:25:53.766621;(7, (1188, 1195, 338, 2, 0, 0, 0, 0, 0, 0))
2018-04-04 17:25:53.883015;(16, (636, 697, 6, 2, 0, 0, 0, 0, 0, 0))
2018-04-04 17:25:53.886153;(22, (1820, 1761, 937, 1, 0, 0, 0, 0, 0, 0))
2018-04-04 17:25:54.057080;(5, (904, 963, 147, 0, 0, 0, 0, 0, 0, 0))
2018-04-04 17:25:54.062401;(18, (900, 844, 157, 2, 0, 0, 0, 0, 0, 0))
2018-04-04 17:25:54.081734;(12, (865, 889, 52, 0, 0, 0, 0, 0, 0, 0))
2018-04-04 17:25:54.086807;(17, (557, 758, 1, 1, 0, 0, 0, 0, 0, 0))
2018-04-04 17:25:54.126679;(14, (1054, 996, 145, 3, 0, 0, 0, 0, 0, 0))
2018-04-04 17:25:54.186771;(19, (845, 845, 112, 0, 0, 0, 0, 0, 0, 0))
2018-04-04 17:25:54.249364;(8, (1195, 1095, 232, 6, 0, 0, 0, 0, 0, 0))
2018-04-04 17:25:54.283131;(4, (538, 623, 23, 39, 0, 0, 0, 0, 0, 0))
2018-04-04 17:25:54.298093;(3, (2091, 2013, 976, 1, 0, 0, 0, 0, 0, 0))
2018-04-04 17:25:54.461575;(13, (731, 837, 154, 39, 0, 0, 0, 0, 0, 0))
2018-04-04 17:25:54.498604;(15, (1207, 1311, 583, 0, 0, 0, 0, 0, 0, 0))
2018-04-04 17:25:54.626044;(20, (990, 1038, 290, 1, 0, 0, 0, 0, 0, 0))
2018-04-04 17:25:54.650890;(9, (459, 610, 2, 29, 0, 0, 0, 0, 0, 0))
2018-04-04 17:25:54.692065;(6, (652, 826, 8, 0, 0, 0, 0, 0, 0, 0))
2018-04-04 17:26:22.369778;(1, (4399, 3695, 3352, 2752, 0, 0, 0, 0, 0, 0))
2018-04-04 17:26:23.089576;(10, (1285, 1284, 423, 0, 0, 0, 0, 0, 0, 0))
2018-04-04 17:26:23.606491;(23, (905, 824, 402, 1, 0, 0, 0, 0, 0, 0))
2018-04-04 17:26:23.768507;(7, (1209, 1220, 342, 2, 0, 0, 0, 0, 0, 0))
2018-04-04 17:26:23.887901;(22, (1865, 1808, 963, 1, 0, 0, 0, 0, 0, 0))
2018-04-04 17:26:24.059343;(5, (917, 981, 147, 0, 0, 0, 0, 0, 0, 0))
2018-04-04 17:26:24.065400;(18, (935, 877, 168, 2, 0, 0, 0, 0, 0, 0))
2018-04-04 17:26:24.083573;(12, (883, 907, 52, 0, 0, 0, 0, 0, 0, 0))
2018-04-04 17:26:24.093316;(17, (570, 777, 1, 1, 0, 0, 0, 0, 0, 0))
2018-04-04 17:26:24.131915;(14, (1088, 1026, 151, 3, 0, 0, 0, 0, 0, 0))
2018-04-04 17:26:24.189758;(19, (862, 863, 112, 0, 0, 0, 0, 0, 0, 0))
2018-04-04 17:26:24.251393;(8, (1223, 1119, 238, 6, 0, 0, 0, 0, 0, 0))
2018-04-04 17:26:24.285751;(4, (550, 639, 23, 39, 0, 0, 0, 0, 0, 0))
2018-04-04 17:26:24.301050;(3, (2134, 2058, 999, 1, 0, 0, 0, 0, 0, 0))
2018-04-04 17:26:24.464391;(13, (750, 862, 161, 39, 0, 0, 0, 0, 0, 0))
2018-04-04 17:26:24.501448;(15, (1236, 1345, 599, 0, 0, 0, 0, 0, 0, 0))
2018-04-04 17:26:24.526747;(21, (896, 997, 253, 0, 0, 0, 0, 0, 0, 0))
2018-04-04 17:26:24.627857;(20, (1002, 1055, 290, 1, 0, 0, 0, 0, 0, 0))
2018-04-04 17:26:24.653340;(9, (471, 627, 2, 29, 0, 0, 0, 0, 0, 0))
2018-04-04 17:26:24.694424;(6, (664, 846, 8, 0, 0, 0, 0, 0, 0, 0))
2018-04-04 17:26:24.752981;(11, (947, 959, 96, 6, 0, 0, 0, 0, 0, 0))
2018-04-04 17:26:24.886629;(16, (656, 723, 6, 2, 0, 0, 0, 0, 0, 0))
2018-04-04 17:26:52.371878;(1, (4500, 3783, 3430, 2830, 0, 0, 0, 0, 0, 0))
2018-04-04 17:26:53.609351;(23, (931, 847, 412, 1, 0, 0, 0, 0, 0, 0))
2018-04-04 17:26:54.085683;(12, (900, 926, 52, 0, 0, 0, 0, 0, 0, 0))
2018-04-04 17:26:54.091329;(10, (1305, 1307, 428, 0, 0, 0, 0, 0, 0, 0))
2018-04-04 17:26:54.097686;(17, (582, 794, 1, 1, 0, 0, 0, 0, 0, 0))
2018-04-04 17:26:54.191718;(19, (880, 881, 112, 0, 0, 0, 0, 0, 0, 0))
2018-04-04 17:26:54.529514;(21, (919, 1025, 263, 0, 0, 0, 0, 0, 0, 0))
2018-04-04 17:26:54.698024;(6, (681, 866, 8, 0, 0, 0, 0, 0, 0, 0))
2018-04-04 17:26:54.757097;(11, (975, 989, 101, 7, 0, 0, 0, 0, 0, 0))
2018-04-04 17:26:54.770647;(7, (1229, 1241, 346, 2, 0, 0, 0, 0, 0, 0))
2018-04-04 17:26:54.888724;(16, (674, 744, 6, 2, 0, 0, 0, 0, 0, 0))
2018-04-04 17:26:54.890343;(22, (1913, 1857, 988, 1, 0, 0, 0, 0, 0, 0))
2018-04-04 17:26:55.062275;(5, (938, 1005, 152, 0, 0, 0, 0, 0, 0, 0))
2018-04-04 17:26:55.067946;(18, (962, 909, 176, 2, 0, 0, 0, 0, 0, 0))
2018-04-04 17:26:55.134160;(14, (1114, 1050, 156, 3, 0, 0, 0, 0, 0, 0))
2018-04-04 17:26:55.254283;(8, (1251, 1151, 247, 8, 0, 0, 0, 0, 0, 0))
2018-04-04 17:26:55.288266;(4, (567, 660, 25, 39, 0, 0, 0, 0, 0, 0))
2018-04-04 17:26:55.303223;(3, (2178, 2098, 1021, 1, 0, 0, 0, 0, 0, 0))
2018-04-04 17:26:55.466571;(13, (772, 886, 170, 39, 0, 0, 0, 0, 0, 0))
2018-04-04 17:26:55.505759;(15, (1260, 1373, 609, 0, 0, 0, 0, 0, 0, 0))
2018-04-04 17:26:55.629953;(20, (1016, 1070, 290, 1, 0, 0, 0, 0, 0, 0))
2018-04-04 17:26:55.655178;(9, (484, 648, 2, 29, 0, 0, 0, 0, 0, 0))
