2018-04-07 16:39:21.682896;(6, (65, 57, 0, 0, 0, 0, 0, 0, 0, 0))
2018-04-07 16:39:21.707147;(15, (77, 38, 0, 0, 0, 0, 0, 0, 0, 0))
2018-04-07 16:39:21.708562;(7, (90, 52, 10, 0, 0, 0, 0, 0, 0, 0))
2018-04-07 16:39:21.764075;(5, (72, 56, 0, 0, 0, 0, 0, 0, 0, 0))
2018-04-07 16:39:21.831202;(4, (62, 55, 16, 0, 0, 0, 0, 0, 0, 0))
2018-04-07 16:39:21.855726;(9, (55, 68, 0, 0, 0, 0, 0, 0, 0, 0))
2018-04-07 16:39:21.917595;(23, (98, 72, 28, 0, 0, 0, 0, 0, 0, 0))
2018-04-07 16:39:22.015234;(17, (39, 50, 0, 0, 0, 0, 0, 0, 0, 0))
2018-04-07 16:39:22.036193;(19, (61, 47, 0, 0, 0, 0, 0, 0, 0, 0))
2018-04-07 16:39:22.041507;(14, (116, 74, 10, 0, 0, 0, 0, 0, 0, 0))
2018-04-07 16:39:22.053381;(18, (94, 61, 12, 0, 0, 0, 0, 0, 0, 0))
2018-04-07 16:39:22.129620;(1, (308, 145, 120, 60, 0, 0, 0, 0, 0, 0))
2018-04-07 16:39:22.147982;(10, (128, 94, 12, 0, 0, 0, 0, 0, 0, 0))
2018-04-07 16:39:22.149231;(13, (47, 36, 0, 0, 0, 0, 0, 0, 0, 0))
2018-04-07 16:39:22.183059;(11, (57, 37, 0, 0, 0, 0, 0, 0, 0, 0))
2018-04-07 16:39:22.283196;(8, (93, 40, 0, 0, 0, 0, 0, 0, 0, 0))
2018-04-07 16:39:22.343261;(22, (100, 66, 12, 0, 0, 0, 0, 0, 0, 0))
2018-04-07 16:39:22.437331;(3, (121, 93, 4, 0, 0, 0, 0, 0, 0, 0))
2018-04-07 16:39:22.471160;(20, (139, 116, 44, 0, 0, 0, 0, 0, 0, 0))
2018-04-07 16:39:22.544319;(21, (120, 98, 48, 0, 0, 0, 0, 0, 0, 0))
2018-04-07 16:39:22.546027;(16, (77, 60, 0, 0, 0, 0, 0, 0, 0, 0))
2018-04-07 16:39:22.562396;(12, (81, 58, 0, 0, 0, 0, 0, 0, 0, 0))
2018-04-07 16:39:51.690676;(6, (143, 145, 9, 0, 0, 0, 0, 0, 0, 0))
2018-04-07 16:39:51.722324;(7, (228, 196, 63, 0, 0, 0, 0, 0, 0, 0))
2018-04-07 16:39:51.726329;(15, (206, 165, 48, 0, 0, 0, 0, 0, 0, 0))
2018-04-07 16:39:51.772026;(5, (226, 217, 78, 0, 0, 0, 0, 0, 0, 0))
2018-04-07 16:39:51.839147;(4, (140, 144, 45, 0, 0, 0, 0, 0, 0, 0))
2018-04-07 16:39:51.862288;(9, (109, 136, 0, 0, 0, 0, 0, 0, 0, 0))
2018-04-07 16:39:51.933797;(23, (229, 196, 123, 0, 0, 0, 0, 0, 0, 0))
2018-04-07 16:39:52.025290;(17, (101, 128, 0, 0, 0, 0, 0, 0, 0, 0))
2018-04-07 16:39:52.046620;(19, (141, 139, 1, 0, 0, 0, 0, 0, 0, 0))
2018-04-07 16:39:52.048148;(14, (282, 243, 71, 0, 0, 0, 0, 0, 0, 0))
2018-04-07 16:39:52.062706;(18, (261, 226, 90, 0, 0, 0, 0, 0, 0, 0))
2018-04-07 16:39:52.138578;(1, (925, 700, 664, 332, 0, 0, 0, 0, 0, 0))
2018-04-07 16:39:52.155330;(13, (83, 79, 0, 0, 0, 0, 0, 0, 0, 0))
2018-04-07 16:39:52.157614;(10, (307, 286, 101, 0, 0, 0, 0, 0, 0, 0))
2018-04-07 16:39:52.192588;(11, (137, 135, 4, 0, 0, 0, 0, 0, 0, 0))
2018-04-07 16:39:52.292539;(8, (239, 182, 39, 0, 0, 0, 0, 0, 0, 0))
2018-04-07 16:39:52.353123;(22, (212, 172, 57, 0, 0, 0, 0, 0, 0, 0))
2018-04-07 16:39:52.450745;(3, (285, 254, 60, 0, 0, 0, 0, 0, 0, 0))
2018-04-07 16:39:52.481792;(20, (381, 371, 195, 0, 0, 0, 0, 0, 0, 0))
2018-04-07 16:39:52.553643;(21, (270, 245, 163, 0, 0, 0, 0, 0, 0, 0))
2018-04-07 16:39:52.555335;(16, (169, 150, 23, 0, 0, 0, 0, 0, 0, 0))
2018-04-07 16:39:52.573531;(12, (185, 169, 16, 0, 0, 0, 0, 0, 0, 0))
2018-04-07 16:40:21.696041;(6, (336, 327, 101, 0, 0, 0, 0, 0, 0, 0))
2018-04-07 16:40:21.727399;(7, (387, 365, 116, 1, 0, 0, 0, 0, 0, 0))
2018-04-07 16:40:21.732163;(15, (331, 288, 92, 0, 0, 0, 0, 0, 0, 0))
2018-04-07 16:40:21.777984;(5, (460, 461, 232, 0, 0, 0, 0, 0, 0, 0))
2018-04-07 16:40:21.843736;(4, (239, 258, 81, 0, 0, 0, 0, 0, 0, 0))
2018-04-07 16:40:21.867922;(9, (176, 223, 1, 1, 0, 0, 0, 0, 0, 0))
2018-04-07 16:40:21.938627;(23, (376, 348, 224, 0, 0, 0, 0, 0, 0, 0))
2018-04-07 16:40:22.028575;(17, (163, 207, 0, 0, 0, 0, 0, 0, 0, 0))
2018-04-07 16:40:22.051469;(19, (239, 253, 9, 0, 0, 0, 0, 0, 0, 0))
2018-04-07 16:40:22.054208;(14, (460, 409, 144, 1, 0, 0, 0, 0, 0, 0))
2018-04-07 16:40:22.067967;(18, (482, 460, 207, 3, 0, 0, 0, 0, 0, 0))
2018-04-07 16:40:22.141419;(1, (1594, 1310, 1264, 632, 0, 0, 0, 0, 0, 0))
2018-04-07 16:40:22.159455;(13, (174, 182, 30, 0, 0, 0, 0, 0, 0, 0))
2018-04-07 16:40:22.163909;(10, (425, 423, 141, 10, 0, 0, 0, 0, 0, 0))
2018-04-07 16:40:22.200181;(11, (204, 196, 9, 0, 0, 0, 0, 0, 0, 0))
2018-04-07 16:40:22.296023;(8, (392, 341, 74, 1, 0, 0, 0, 0, 0, 0))
2018-04-07 16:40:22.355881;(22, (362, 328, 122, 1, 0, 0, 0, 0, 0, 0))
2018-04-07 16:40:22.454283;(3, (457, 422, 110, 1, 0, 0, 0, 0, 0, 0))
2018-04-07 16:40:22.486313;(20, (658, 653, 354, 1, 0, 0, 0, 0, 0, 0))
2018-04-07 16:40:22.557732;(21, (381, 365, 211, 0, 0, 0, 0, 0, 0, 0))
2018-04-07 16:40:22.558820;(16, (270, 255, 32, 5, 0, 0, 0, 0, 0, 0))
2018-04-07 16:40:22.578733;(12, (263, 245, 16, 0, 0, 0, 0, 0, 0, 0))
2018-04-07 16:40:51.941706;(23, (549, 511, 364, 0, 0, 0, 0, 0, 0, 0))
2018-04-07 16:40:52.057936;(14, (559, 505, 153, 1, 0, 0, 0, 0, 0, 0))
2018-04-07 16:40:52.073205;(18, (689, 677, 326, 3, 0, 0, 0, 0, 0, 0))
2018-04-07 16:40:52.143381;(1, (2291, 1947, 1891, 946, 0, 0, 0, 0, 0, 0))
2018-04-07 16:40:52.167909;(10, (502, 517, 150, 10, 0, 0, 0, 0, 0, 0))
2018-04-07 16:40:52.205269;(11, (385, 389, 99, 0, 0, 0, 0, 0, 0, 0))
2018-04-07 16:40:52.562102;(21, (443, 435, 211, 0, 0, 0, 0, 0, 0, 0))
2018-04-07 16:40:52.699907;(6, (440, 437, 135, 0, 0, 0, 0, 0, 0, 0))
2018-04-07 16:40:52.734706;(7, (602, 583, 235, 2, 0, 0, 0, 0, 0, 0))
2018-04-07 16:40:52.737790;(15, (557, 517, 237, 0, 0, 0, 0, 0, 0, 0))
2018-04-07 16:40:52.781605;(5, (613, 622, 317, 0, 0, 0, 0, 0, 0, 0))
2018-04-07 16:40:52.848201;(4, (326, 360, 111, 0, 0, 0, 0, 0, 0, 0))
2018-04-07 16:40:52.873662;(9, (232, 294, 1, 1, 0, 0, 0, 0, 0, 0))
2018-04-07 16:40:53.031654;(17, (206, 264, 0, 0, 0, 0, 0, 0, 0, 0))
2018-04-07 16:40:53.055551;(19, (319, 338, 13, 2, 0, 0, 0, 0, 0, 0))
2018-04-07 16:40:53.163220;(13, (295, 318, 91, 0, 0, 0, 0, 0, 0, 0))
2018-04-07 16:40:53.301131;(8, (569, 509, 142, 1, 0, 0, 0, 0, 0, 0))
2018-04-07 16:40:53.364846;(22, (462, 437, 141, 1, 0, 0, 0, 0, 0, 0))
2018-04-07 16:40:53.459678;(3, (559, 531, 123, 1, 0, 0, 0, 0, 0, 0))
2018-04-07 16:40:53.494338;(20, (938, 940, 537, 1, 0, 0, 0, 0, 0, 0))
2018-04-07 16:40:53.563376;(16, (356, 347, 33, 5, 0, 0, 0, 0, 0, 0))
2018-04-07 16:40:53.583165;(12, (316, 301, 16, 0, 0, 0, 0, 0, 0, 0))
2018-04-07 16:41:22.146073;(1, (2977, 2586, 2520, 1260, 0, 0, 0, 0, 0, 0))
2018-04-07 16:41:22.706367;(6, (527, 534, 152, 0, 0, 0, 0, 0, 0, 0))
2018-04-07 16:41:22.740356;(7, (809, 801, 329, 2, 0, 0, 0, 0, 0, 0))
2018-04-07 16:41:22.742219;(15, (814, 780, 419, 0, 0, 0, 0, 0, 0, 0))
2018-04-07 16:41:22.786960;(5, (736, 754, 375, 0, 0, 0, 0, 0, 0, 0))
2018-04-07 16:41:22.852123;(4, (415, 464, 141, 0, 0, 0, 0, 0, 0, 0))
2018-04-07 16:41:22.878578;(9, (288, 365, 1, 1, 0, 0, 0, 0, 0, 0))
2018-04-07 16:41:22.945698;(23, (723, 683, 513, 0, 0, 0, 0, 0, 0, 0))
2018-04-07 16:41:23.038955;(17, (263, 338, 1, 1, 0, 0, 0, 0, 0, 0))
2018-04-07 16:41:23.059717;(19, (393, 419, 13, 2, 0, 0, 0, 0, 0, 0))
2018-04-07 16:41:23.064046;(14, (690, 640, 181, 2, 0, 0, 0, 0, 0, 0))
2018-04-07 16:41:23.079259;(18, (911, 889, 444, 4, 0, 0, 0, 0, 0, 0))
2018-04-07 16:41:23.166685;(13, (412, 448, 151, 0, 0, 0, 0, 0, 0, 0))
2018-04-07 16:41:23.173892;(10, (581, 608, 157, 10, 0, 0, 0, 0, 0, 0))
2018-04-07 16:41:23.209607;(11, (521, 535, 147, 0, 0, 0, 0, 0, 0, 0))
2018-04-07 16:41:23.304347;(8, (725, 656, 196, 2, 0, 0, 0, 0, 0, 0))
2018-04-07 16:41:23.370278;(22, (559, 543, 153, 1, 0, 0, 0, 0, 0, 0))
2018-04-07 16:41:23.465995;(3, (650, 620, 126, 4, 0, 0, 0, 0, 0, 0))
2018-04-07 16:41:23.498994;(20, (1243, 1255, 735, 4, 0, 0, 0, 0, 0, 0))
2018-04-07 16:41:23.566547;(21, (501, 505, 211, 0, 0, 0, 0, 0, 0, 0))
2018-04-07 16:41:23.569665;(16, (456, 438, 55, 6, 0, 0, 0, 0, 0, 0))
2018-04-07 16:41:23.589454;(12, (399, 385, 16, 0, 0, 0, 0, 0, 0, 0))
2018-04-07 16:41:52.148741;(1, (3663, 3226, 3150, 1575, 0, 0, 0, 0, 0, 0))
2018-04-07 16:41:52.713910;(6, (588, 604, 152, 0, 0, 0, 0, 0, 0, 0))
2018-04-07 16:41:52.747342;(7, (940, 934, 382, 2, 0, 0, 0, 0, 0, 0))
2018-04-07 16:41:52.750992;(15, (1034, 1017, 558, 0, 0, 0, 0, 0, 0, 0))
2018-04-07 16:41:52.793533;(5, (880, 907, 451, 0, 0, 0, 0, 0, 0, 0))
2018-04-07 16:41:52.855559;(4, (503, 564, 171, 0, 0, 0, 0, 0, 0, 0))
2018-04-07 16:41:52.882858;(9, (343, 436, 1, 1, 0, 0, 0, 0, 0, 0))
2018-04-07 16:41:52.948620;(23, (874, 831, 632, 0, 0, 0, 0, 0, 0, 0))
2018-04-07 16:41:53.047011;(17, (320, 412, 1, 1, 0, 0, 0, 0, 0, 0))
2018-04-07 16:41:53.063866;(19, (462, 499, 13, 2, 0, 0, 0, 0, 0, 0))
2018-04-07 16:41:53.069374;(14, (795, 748, 207, 2, 0, 0, 0, 0, 0, 0))
2018-04-07 16:41:53.086030;(18, (1085, 1060, 533, 4, 0, 0, 0, 0, 0, 0))
2018-04-07 16:41:53.169865;(13, (577, 623, 250, 0, 0, 0, 0, 0, 0, 0))
2018-04-07 16:41:53.178176;(10, (650, 691, 161, 10, 0, 0, 0, 0, 0, 0))
2018-04-07 16:41:53.213466;(11, (611, 639, 156, 0, 0, 0, 0, 0, 0, 0))
2018-04-07 16:41:53.309249;(8, (859, 792, 240, 2, 0, 0, 0, 0, 0, 0))
2018-04-07 16:41:53.375124;(22, (631, 621, 153, 1, 0, 0, 0, 0, 0, 0))
2018-04-07 16:41:53.471303;(3, (737, 711, 137, 4, 0, 0, 0, 0, 0, 0))
2018-04-07 16:41:53.504140;(20, (1556, 1575, 959, 4, 0, 0, 0, 0, 0, 0))
2018-04-07 16:41:53.571098;(21, (560, 591, 211, 0, 0, 0, 0, 0, 0, 0))
2018-04-07 16:41:53.573454;(16, (549, 534, 66, 6, 0, 0, 0, 0, 0, 0))
2018-04-07 16:41:53.594083;(12, (474, 469, 17, 0, 0, 0, 0, 0, 0, 0))
2018-04-07 16:42:22.719240;(6, (652, 675, 152, 0, 0, 0, 0, 0, 0, 0))
2018-04-07 16:42:22.751930;(7, (1088, 1082, 438, 2, 0, 0, 0, 0, 0, 0))
2018-04-07 16:42:22.755037;(15, (1259, 1258, 701, 0, 0, 0, 0, 0, 0, 0))
2018-04-07 16:42:22.797654;(5, (972, 1010, 481, 0, 0, 0, 0, 0, 0, 0))
2018-04-07 16:42:22.859473;(4, (591, 666, 202, 0, 0, 0, 0, 0, 0, 0))
2018-04-07 16:42:22.886963;(9, (399, 507, 1, 1, 0, 0, 0, 0, 0, 0))
2018-04-07 16:42:22.951300;(23, (1025, 977, 746, 0, 0, 0, 0, 0, 0, 0))
2018-04-07 16:42:23.053406;(17, (378, 489, 1, 1, 0, 0, 0, 0, 0, 0))
2018-04-07 16:42:23.073190;(19, (532, 589, 13, 2, 0, 0, 0, 0, 0, 0))
2018-04-07 16:42:23.074509;(14, (899, 852, 224, 2, 0, 0, 0, 0, 0, 0))
2018-04-07 16:42:23.090681;(18, (1266, 1241, 620, 4, 0, 0, 0, 0, 0, 0))
2018-04-07 16:42:23.150988;(1, (4362, 3875, 3789, 1895, 0, 0, 0, 0, 0, 0))
2018-04-07 16:42:23.173245;(13, (707, 760, 317, 0, 0, 0, 0, 0, 0, 0))
2018-04-07 16:42:23.182746;(10, (822, 866, 253, 10, 0, 0, 0, 0, 0, 0))
2018-04-07 16:42:23.216834;(11, (724, 765, 181, 0, 0, 0, 0, 0, 0, 0))
2018-04-07 16:42:23.314005;(8, (1024, 950, 306, 2, 0, 0, 0, 0, 0, 0))
2018-04-07 16:42:23.378922;(22, (792, 776, 216, 1, 0, 0, 0, 0, 0, 0))
2018-04-07 16:42:23.475902;(3, (825, 803, 146, 4, 0, 0, 0, 0, 0, 0))
2018-04-07 16:42:23.508359;(20, (1863, 1910, 1178, 4, 0, 0, 0, 0, 0, 0))
2018-04-07 16:42:23.575477;(21, (624, 664, 211, 0, 0, 0, 0, 0, 0, 0))
2018-04-07 16:42:23.577501;(16, (683, 667, 106, 6, 0, 0, 0, 0, 0, 0))
2018-04-07 16:42:52.725822;(6, (718, 748, 152, 0, 0, 0, 0, 0, 0, 0))
2018-04-07 16:42:52.758680;(7, (1251, 1263, 512, 3, 0, 0, 0, 0, 0, 0))
2018-04-07 16:42:52.761088;(15, (1589, 1605, 943, 0, 0, 0, 0, 0, 0, 0))
2018-04-07 16:42:52.954708;(23, (1255, 1205, 936, 0, 0, 0, 0, 0, 0, 0))
2018-04-07 16:42:53.079394;(19, (601, 675, 14, 2, 0, 0, 0, 0, 0, 0))
2018-04-07 16:42:53.087004;(14, (1127, 1073, 338, 3, 0, 0, 0, 0, 0, 0))
2018-04-07 16:42:53.097427;(18, (1529, 1510, 783, 4, 0, 0, 0, 0, 0, 0))
2018-04-07 16:42:53.154398;(1, (5064, 4522, 4426, 2213, 0, 0, 0, 0, 0, 0))
2018-04-07 16:42:53.186541;(10, (888, 953, 260, 10, 0, 0, 0, 0, 0, 0))
2018-04-07 16:42:53.220350;(11, (823, 877, 198, 0, 0, 0, 0, 0, 0, 0))
2018-04-07 16:42:53.319303;(8, (1166, 1087, 344, 5, 0, 0, 0, 0, 0, 0))
2018-04-07 16:42:53.383444;(22, (877, 865, 222, 1, 0, 0, 0, 0, 0, 0))
2018-04-07 16:42:53.480486;(3, (932, 907, 161, 5, 0, 0, 0, 0, 0, 0))
2018-04-07 16:42:53.511823;(20, (2127, 2191, 1355, 4, 0, 0, 0, 0, 0, 0))
2018-04-07 16:42:53.580122;(21, (681, 735, 211, 0, 0, 0, 0, 0, 0, 0))
2018-04-07 16:42:53.603316;(12, (688, 705, 40, 0, 0, 0, 0, 0, 0, 0))
2018-04-07 16:42:53.802486;(5, (1064, 1112, 513, 0, 0, 0, 0, 0, 0, 0))
2018-04-07 16:42:53.863955;(4, (680, 768, 232, 0, 0, 0, 0, 0, 0, 0))
2018-04-07 16:42:54.059044;(17, (445, 571, 3, 2, 0, 0, 0, 0, 0, 0))
2018-04-07 16:42:54.582388;(16, (795, 776, 132, 6, 0, 0, 0, 0, 0, 0))
2018-04-07 16:43:23.157403;(1, (5737, 5162, 5056, 2528, 0, 0, 0, 0, 0, 0))
2018-04-07 16:43:23.190551;(10, (1012, 1088, 316, 10, 0, 0, 0, 0, 0, 0))
2018-04-07 16:43:23.224170;(11, (939, 998, 226, 2, 0, 0, 0, 0, 0, 0))
2018-04-07 16:43:23.585532;(21, (737, 805, 211, 0, 0, 0, 0, 0, 0, 0))
2018-04-07 16:43:23.730962;(6, (785, 821, 155, 0, 0, 0, 0, 0, 0, 0))
2018-04-07 16:43:23.762534;(7, (1477, 1485, 629, 4, 0, 0, 0, 0, 0, 0))
2018-04-07 16:43:23.765715;(15, (1717, 1741, 1009, 0, 0, 0, 0, 0, 0, 0))
2018-04-07 16:43:23.807016;(5, (1152, 1215, 546, 0, 0, 0, 0, 0, 0, 0))
2018-04-07 16:43:23.867944;(4, (765, 868, 262, 0, 0, 0, 0, 0, 0, 0))
2018-04-07 16:43:23.894566;(9, (509, 647, 1, 1, 0, 0, 0, 0, 0, 0))
2018-04-07 16:43:24.066575;(17, (512, 661, 6, 3, 0, 0, 0, 0, 0, 0))
2018-04-07 16:43:24.085526;(19, (681, 773, 16, 3, 0, 0, 0, 0, 0, 0))
2018-04-07 16:43:24.106639;(18, (1603, 1584, 785, 4, 0, 0, 0, 0, 0, 0))
2018-04-07 16:43:24.181674;(13, (938, 1021, 437, 0, 0, 0, 0, 0, 0, 0))
2018-04-07 16:43:24.323419;(8, (1381, 1312, 440, 11, 0, 0, 0, 0, 0, 0))
2018-04-07 16:43:24.389811;(22, (1001, 996, 262, 3, 0, 0, 0, 0, 0, 0))
2018-04-07 16:43:24.485955;(3, (1093, 1069, 224, 9, 0, 0, 0, 0, 0, 0))
2018-04-07 16:43:24.516470;(20, (2479, 2546, 1610, 6, 0, 0, 0, 0, 0, 0))
2018-04-07 16:43:24.585479;(16, (867, 849, 137, 7, 0, 0, 0, 0, 0, 0))
2018-04-07 16:43:24.607133;(12, (778, 800, 47, 0, 0, 0, 0, 0, 0, 0))
2018-04-07 16:43:52.959976;(23, (1505, 1454, 1145, 0, 0, 0, 0, 0, 0, 0))
2018-04-07 16:43:53.102084;(14, (1458, 1414, 497, 6, 0, 0, 0, 0, 0, 0))
2018-04-07 16:43:53.159328;(1, (6395, 5794, 5678, 2839, 0, 0, 0, 0, 0, 0))
2018-04-07 16:43:53.735098;(6, (846, 892, 155, 0, 0, 0, 0, 0, 0, 0))
2018-04-07 16:43:53.766819;(7, (1579, 1595, 663, 4, 0, 0, 0, 0, 0, 0))
2018-04-07 16:43:53.769663;(15, (1994, 2027, 1213, 0, 0, 0, 0, 0, 0, 0))
2018-04-07 16:43:53.810873;(5, (1241, 1315, 576, 0, 0, 0, 0, 0, 0, 0))
2018-04-07 16:43:53.872508;(4, (852, 969, 292, 0, 0, 0, 0, 0, 0, 0))
2018-04-07 16:43:53.899912;(9, (565, 718, 1, 1, 0, 0, 0, 0, 0, 0))
2018-04-07 16:43:54.073677;(17, (570, 734, 6, 3, 0, 0, 0, 0, 0, 0))
2018-04-07 16:43:54.090197;(19, (750, 860, 16, 3, 0, 0, 0, 0, 0, 0))
2018-04-07 16:43:54.111351;(18, (1831, 1818, 933, 4, 0, 0, 0, 0, 0, 0))
2018-04-07 16:43:54.184664;(13, (1052, 1149, 497, 0, 0, 0, 0, 0, 0, 0))
2018-04-07 16:43:54.194409;(10, (1110, 1195, 348, 10, 0, 0, 0, 0, 0, 0))
2018-04-07 16:43:54.228710;(11, (1022, 1091, 240, 4, 0, 0, 0, 0, 0, 0))
2018-04-07 16:43:54.327844;(8, (1495, 1430, 469, 11, 0, 0, 0, 0, 0, 0))
2018-04-07 16:43:54.395714;(22, (1082, 1090, 277, 3, 0, 0, 0, 0, 0, 0))
2018-04-07 16:43:54.500333;(3, (1195, 1170, 247, 9, 0, 0, 0, 0, 0, 0))
2018-04-07 16:43:54.521693;(20, (2679, 2753, 1741, 6, 0, 0, 0, 0, 0, 0))
2018-04-07 16:43:54.588947;(16, (940, 935, 137, 7, 0, 0, 0, 0, 0, 0))
2018-04-07 16:43:54.590782;(21, (792, 874, 211, 0, 0, 0, 0, 0, 0, 0))
2018-04-07 16:43:54.610259;(12, (858, 886, 59, 0, 0, 0, 0, 0, 0, 0))
2018-04-07 16:44:23.162218;(1, (7029, 6396, 6270, 3135, 0, 0, 0, 0, 0, 0))
2018-04-07 16:44:23.739291;(6, (905, 962, 155, 0, 0, 0, 0, 0, 0, 0))
2018-04-07 16:44:23.770712;(7, (1687, 1706, 692, 4, 0, 0, 0, 0, 0, 0))
2018-04-07 16:44:23.775912;(15, (2254, 2296, 1395, 0, 0, 0, 0, 0, 0, 0))
2018-04-07 16:44:23.820254;(5, (1329, 1420, 606, 0, 0, 0, 0, 0, 0, 0))
2018-04-07 16:44:23.879093;(4, (937, 1069, 322, 0, 0, 0, 0, 0, 0, 0))
2018-04-07 16:44:23.903849;(9, (620, 788, 1, 1, 0, 0, 0, 0, 0, 0))
2018-04-07 16:44:23.963664;(23, (1692, 1645, 1303, 0, 0, 0, 0, 0, 0, 0))
2018-04-07 16:44:24.079028;(17, (620, 797, 6, 3, 0, 0, 0, 0, 0, 0))
2018-04-07 16:44:24.097558;(19, (829, 954, 18, 3, 0, 0, 0, 0, 0, 0))
2018-04-07 16:44:24.106521;(14, (1682, 1638, 603, 8, 0, 0, 0, 0, 0, 0))
2018-04-07 16:44:24.115570;(18, (2054, 2037, 1057, 4, 0, 0, 0, 0, 0, 0))
2018-04-07 16:44:24.187715;(13, (1168, 1279, 559, 0, 0, 0, 0, 0, 0, 0))
2018-04-07 16:44:24.198258;(10, (1274, 1367, 439, 10, 0, 0, 0, 0, 0, 0))
2018-04-07 16:44:24.331177;(8, (1571, 1498, 487, 11, 0, 0, 0, 0, 0, 0))
2018-04-07 16:44:24.401208;(22, (1231, 1237, 339, 3, 0, 0, 0, 0, 0, 0))
2018-04-07 16:44:24.505231;(3, (1329, 1311, 297, 9, 0, 0, 0, 0, 0, 0))
2018-04-07 16:44:24.526453;(20, (2839, 2915, 1820, 10, 0, 0, 0, 0, 0, 0))
2018-04-07 16:44:24.593312;(16, (1046, 1038, 156, 8, 0, 0, 0, 0, 0, 0))
2018-04-07 16:44:24.594720;(21, (842, 939, 211, 0, 0, 0, 0, 0, 0, 0))
2018-04-07 16:44:24.614218;(12, (972, 1017, 83, 0, 0, 0, 0, 0, 0, 0))
2018-04-07 16:44:53.165108;(1, (7705, 7031, 6895, 3448, 0, 0, 0, 0, 0, 0))
2018-04-07 16:44:53.744295;(6, (968, 1032, 155, 0, 0, 0, 0, 0, 0, 0))
2018-04-07 16:44:53.776158;(7, (1815, 1843, 730, 5, 0, 0, 0, 0, 0, 0))
2018-04-07 16:44:53.781337;(15, (2459, 2503, 1524, 0, 0, 0, 0, 0, 0, 0))
2018-04-07 16:44:53.825753;(5, (1421, 1520, 636, 0, 0, 0, 0, 0, 0, 0))
2018-04-07 16:44:53.885534;(4, (1029, 1172, 354, 0, 0, 0, 0, 0, 0, 0))
2018-04-07 16:44:53.908424;(9, (679, 863, 1, 1, 0, 0, 0, 0, 0, 0))
2018-04-07 16:44:53.967307;(23, (1849, 1803, 1435, 0, 0, 0, 0, 0, 0, 0))
2018-04-07 16:44:54.083914;(17, (692, 893, 6, 3, 0, 0, 0, 0, 0, 0))
2018-04-07 16:44:54.102926;(19, (906, 1043, 18, 3, 0, 0, 0, 0, 0, 0))
2018-04-07 16:44:54.111760;(14, (1831, 1795, 653, 8, 0, 0, 0, 0, 0, 0))
2018-04-07 16:44:54.121296;(18, (2223, 2204, 1147, 4, 0, 0, 0, 0, 0, 0))
2018-04-07 16:44:54.191562;(13, (1283, 1408, 619, 0, 0, 0, 0, 0, 0, 0))
2018-04-07 16:44:54.235510;(11, (1181, 1260, 249, 4, 0, 0, 0, 0, 0, 0))
2018-04-07 16:44:54.338234;(8, (1729, 1645, 531, 12, 0, 0, 0, 0, 0, 0))
2018-04-07 16:44:54.406009;(22, (1488, 1495, 492, 4, 0, 0, 0, 0, 0, 0))
2018-04-07 16:44:54.509647;(3, (1437, 1421, 315, 14, 0, 0, 0, 0, 0, 0))
2018-04-07 16:44:54.533199;(20, (3013, 3103, 1909, 10, 0, 0, 0, 0, 0, 0))
2018-04-07 16:44:54.597597;(16, (1193, 1188, 216, 8, 0, 0, 0, 0, 0, 0))
2018-04-07 16:44:54.601758;(21, (892, 1013, 211, 0, 0, 0, 0, 0, 0, 0))
2018-04-07 16:44:54.618225;(12, (1105, 1154, 124, 1, 0, 0, 0, 0, 0, 0))
2018-04-07 16:45:23.169591;(1, (8392, 7670, 7522, 3761, 0, 0, 0, 0, 0, 0))
2018-04-07 16:45:23.778557;(7, (1952, 1992, 773, 5, 0, 0, 0, 0, 0, 0))
2018-04-07 16:45:23.786323;(15, (2606, 2661, 1607, 0, 0, 0, 0, 0, 0, 0))
2018-04-07 16:45:23.971023;(23, (1953, 1902, 1518, 0, 0, 0, 0, 0, 0, 0))
2018-04-07 16:45:24.105766;(19, (967, 1110, 19, 4, 0, 0, 0, 0, 0, 0))
2018-04-07 16:45:24.116267;(14, (2022, 1998, 742, 9, 0, 0, 0, 0, 0, 0))
2018-04-07 16:45:24.127131;(18, (2353, 2330, 1197, 4, 0, 0, 0, 0, 0, 0))
2018-04-07 16:45:24.195902;(13, (1400, 1542, 681, 0, 0, 0, 0, 0, 0, 0))
2018-04-07 16:45:24.206632;(10, (1865, 1983, 861, 10, 0, 0, 0, 0, 0, 0))
2018-04-07 16:45:24.241964;(11, (1261, 1354, 249, 4, 0, 0, 0, 0, 0, 0))
2018-04-07 16:45:24.516089;(3, (1632, 1620, 399, 15, 0, 0, 0, 0, 0, 0))
2018-04-07 16:45:24.605870;(21, (948, 1082, 211, 0, 0, 0, 0, 0, 0, 0))
2018-04-07 16:45:24.749994;(6, (1028, 1102, 155, 0, 0, 0, 0, 0, 0, 0))
2018-04-07 16:45:24.829752;(5, (1512, 1622, 668, 0, 0, 0, 0, 0, 0, 0))
2018-04-07 16:45:24.889472;(4, (1115, 1272, 384, 0, 0, 0, 0, 0, 0, 0))
2018-04-07 16:45:24.915766;(9, (734, 933, 1, 1, 0, 0, 0, 0, 0, 0))
2018-04-07 16:45:25.090637;(17, (753, 976, 6, 3, 0, 0, 0, 0, 0, 0))
2018-04-07 16:45:25.341335;(8, (1816, 1726, 551, 13, 0, 0, 0, 0, 0, 0))
2018-04-07 16:45:25.410427;(22, (1813, 1821, 712, 4, 0, 0, 0, 0, 0, 0))
2018-04-07 16:45:25.538570;(20, (3188, 3294, 1996, 11, 0, 0, 0, 0, 0, 0))
2018-04-07 16:45:25.602223;(16, (1300, 1308, 241, 8, 0, 0, 0, 0, 0, 0))
2018-04-07 16:45:25.621903;(12, (1219, 1267, 154, 4, 0, 0, 0, 0, 0, 0))
2018-04-07 16:45:53.173409;(1, (9050, 8294, 8136, 4068, 0, 0, 0, 0, 0, 0))
2018-04-07 16:45:53.975478;(23, (2125, 2071, 1669, 0, 0, 0, 0, 0, 0, 0))
2018-04-07 16:45:54.125202;(14, (2116, 2110, 750, 9, 0, 0, 0, 0, 0, 0))
2018-04-07 16:45:54.131764;(18, (2548, 2530, 1318, 4, 0, 0, 0, 0, 0, 0))
2018-04-07 16:45:54.210738;(10, (2161, 2293, 1077, 10, 0, 0, 0, 0, 0, 0))
2018-04-07 16:45:54.247368;(11, (1360, 1458, 276, 4, 0, 0, 0, 0, 0, 0))
2018-04-07 16:45:54.610930;(21, (1007, 1151, 211, 0, 0, 0, 0, 0, 0, 0))
2018-04-07 16:45:54.754692;(6, (1093, 1180, 158, 0, 0, 0, 0, 0, 0, 0))
2018-04-07 16:45:54.782224;(7, (2068, 2111, 807, 5, 0, 0, 0, 0, 0, 0))
2018-04-07 16:45:54.791397;(15, (2822, 2890, 1759, 0, 0, 0, 0, 0, 0, 0))
2018-04-07 16:45:54.833761;(5, (1608, 1727, 703, 0, 0, 0, 0, 0, 0, 0))
2018-04-07 16:45:54.894584;(4, (1214, 1387, 415, 0, 0, 0, 0, 0, 0, 0))
2018-04-07 16:45:54.919974;(9, (796, 1014, 2, 3, 0, 0, 0, 0, 0, 0))
2018-04-07 16:45:55.095166;(17, (816, 1059, 8, 5, 0, 0, 0, 0, 0, 0))
2018-04-07 16:45:55.109169;(19, (1050, 1199, 23, 5, 0, 0, 0, 0, 0, 0))
2018-04-07 16:45:55.199477;(13, (1524, 1676, 741, 0, 0, 0, 0, 0, 0, 0))
2018-04-07 16:45:55.345982;(8, (1953, 1869, 591, 13, 0, 0, 0, 0, 0, 0))
2018-04-07 16:45:55.415105;(22, (2103, 2121, 895, 6, 0, 0, 0, 0, 0, 0))
2018-04-07 16:45:55.520005;(3, (1708, 1702, 411, 16, 0, 0, 0, 0, 0, 0))
2018-04-07 16:45:55.543552;(20, (3373, 3501, 2097, 11, 0, 0, 0, 0, 0, 0))
2018-04-07 16:45:55.608321;(16, (1471, 1478, 335, 8, 0, 0, 0, 0, 0, 0))
2018-04-07 16:45:55.626118;(12, (1302, 1358, 158, 6, 0, 0, 0, 0, 0, 0))
2018-04-07 16:46:23.978652;(23, (2331, 2274, 1832, 0, 0, 0, 0, 0, 0, 0))
2018-04-07 16:46:24.175892;(1, (9751, 8922, 8754, 4377, 0, 0, 0, 0, 0, 0))
2018-04-07 16:46:24.214668;(10, (2230, 2374, 1082, 10, 0, 0, 0, 0, 0, 0))
2018-04-07 16:46:24.251937;(11, (1457, 1567, 296, 4, 0, 0, 0, 0, 0, 0))
2018-04-07 16:46:24.615386;(21, (1118, 1278, 253, 0, 0, 0, 0, 0, 0, 0))
2018-04-07 16:46:24.759801;(6, (1192, 1290, 186, 0, 0, 0, 0, 0, 0, 0))
2018-04-07 16:46:24.786303;(7, (2244, 2290, 893, 5, 0, 0, 0, 0, 0, 0))
2018-04-07 16:46:24.795384;(15, (3101, 3205, 1948, 0, 0, 0, 0, 0, 0, 0))
2018-04-07 16:46:24.838034;(5, (1700, 1825, 729, 0, 0, 0, 0, 0, 0, 0))
2018-04-07 16:46:24.899291;(4, (1302, 1486, 443, 0, 0, 0, 0, 0, 0, 0))
2018-04-07 16:46:24.926521;(9, (851, 1090, 2, 3, 0, 0, 0, 0, 0, 0))
2018-04-07 16:46:25.099967;(17, (873, 1138, 8, 5, 0, 0, 0, 0, 0, 0))
2018-04-07 16:46:25.113325;(19, (1109, 1264, 25, 5, 0, 0, 0, 0, 0, 0))
2018-04-07 16:46:25.137816;(18, (2745, 2727, 1419, 4, 0, 0, 0, 0, 0, 0))
2018-04-07 16:46:25.203009;(13, (1645, 1807, 801, 0, 0, 0, 0, 0, 0, 0))
2018-04-07 16:46:25.350463;(8, (2097, 2013, 642, 13, 0, 0, 0, 0, 0, 0))
2018-04-07 16:46:25.419235;(22, (2203, 2229, 914, 7, 0, 0, 0, 0, 0, 0))
2018-04-07 16:46:25.525158;(3, (1822, 1814, 435, 17, 0, 0, 0, 0, 0, 0))
2018-04-07 16:46:25.551793;(20, (3657, 3796, 2291, 12, 0, 0, 0, 0, 0, 0))
2018-04-07 16:46:25.611978;(16, (1648, 1663, 411, 8, 0, 0, 0, 0, 0, 0))
2018-04-07 16:46:25.629097;(12, (1387, 1446, 167, 7, 0, 0, 0, 0, 0, 0))
2018-04-07 16:46:54.178497;(1, (10384, 9492, 9314, 4657, 0, 0, 0, 0, 0, 0))
2018-04-07 16:46:54.764180;(6, (1330, 1440, 247, 1, 0, 0, 0, 0, 0, 0))
2018-04-07 16:46:54.790296;(7, (2335, 2380, 917, 9, 0, 0, 0, 0, 0, 0))
2018-04-07 16:46:54.799280;(15, (3288, 3407, 2063, 0, 0, 0, 0, 0, 0, 0))
2018-04-07 16:46:54.841702;(5, (1863, 1995, 817, 0, 0, 0, 0, 0, 0, 0))
2018-04-07 16:46:54.905888;(4, (1390, 1587, 473, 0, 0, 0, 0, 0, 0, 0))
2018-04-07 16:46:54.936172;(9, (907, 1161, 2, 3, 0, 0, 0, 0, 0, 0))
2018-04-07 16:46:54.982219;(23, (2511, 2444, 1974, 0, 0, 0, 0, 0, 0, 0))
2018-04-07 16:46:55.103373;(17, (913, 1193, 8, 7, 0, 0, 0, 0, 0, 0))
2018-04-07 16:46:55.116048;(19, (1163, 1319, 25, 5, 0, 0, 0, 0, 0, 0))
2018-04-07 16:46:55.134858;(14, (2284, 2266, 764, 10, 0, 0, 0, 0, 0, 0))
2018-04-07 16:46:55.144059;(18, (2935, 2917, 1525, 4, 0, 0, 0, 0, 0, 0))
2018-04-07 16:46:55.206041;(13, (1761, 1935, 861, 0, 0, 0, 0, 0, 0, 0))
2018-04-07 16:46:55.220099;(10, (2264, 2412, 1090, 10, 0, 0, 0, 0, 0, 0))
2018-04-07 16:46:55.255621;(11, (1550, 1666, 304, 4, 0, 0, 0, 0, 0, 0))
2018-04-07 16:46:55.353616;(8, (2256, 2174, 698, 16, 0, 0, 0, 0, 0, 0))
2018-04-07 16:46:55.422727;(22, (2309, 2344, 934, 13, 0, 0, 0, 0, 0, 0))
2018-04-07 16:46:55.556077;(20, (3893, 4048, 2431, 15, 0, 0, 0, 0, 0, 0))
2018-04-07 16:46:55.618023;(16, (1807, 1820, 485, 8, 0, 0, 0, 0, 0, 0))
2018-04-07 16:46:55.622872;(21, (1176, 1349, 253, 0, 0, 0, 0, 0, 0, 0))
2018-04-07 16:46:55.633119;(12, (1479, 1537, 170, 7, 0, 0, 0, 0, 0, 0))
2018-04-07 16:47:24.181463;(1, (10981, 10036, 9848, 4924, 0, 0, 0, 0, 0, 0))
2018-04-07 16:47:24.767820;(6, (1510, 1603, 339, 1, 0, 0, 0, 0, 0, 0))
2018-04-07 16:47:24.794293;(7, (2422, 2479, 927, 13, 0, 0, 0, 0, 0, 0))
2018-04-07 16:47:24.803200;(15, (3588, 3715, 2268, 0, 0, 0, 0, 0, 0, 0))
2018-04-07 16:47:24.845335;(5, (2039, 2179, 925, 0, 0, 0, 0, 0, 0, 0))
2018-04-07 16:47:24.910204;(4, (1478, 1689, 503, 0, 0, 0, 0, 0, 0, 0))
2018-04-07 16:47:24.941672;(9, (964, 1232, 2, 3, 0, 0, 0, 0, 0, 0))
2018-04-07 16:47:24.987204;(23, (2745, 2708, 2163, 0, 0, 0, 0, 0, 0, 0))
2018-04-07 16:47:25.107217;(17, (942, 1231, 11, 13, 0, 0, 0, 0, 0, 0))
2018-04-07 16:47:25.119868;(19, (1226, 1388, 25, 6, 0, 0, 0, 0, 0, 0))
2018-04-07 16:47:25.137615;(14, (2337, 2313, 773, 10, 0, 0, 0, 0, 0, 0))
2018-04-07 16:47:25.148219;(18, (3183, 3160, 1673, 4, 0, 0, 0, 0, 0, 0))
2018-04-07 16:47:25.209447;(13, (1876, 2064, 921, 0, 0, 0, 0, 0, 0, 0))
2018-04-07 16:47:25.223215;(10, (2416, 2574, 1170, 10, 0, 0, 0, 0, 0, 0))
2018-04-07 16:47:25.259251;(11, (1686, 1805, 349, 5, 0, 0, 0, 0, 0, 0))
2018-04-07 16:47:25.357735;(8, (2367, 2277, 729, 16, 0, 0, 0, 0, 0, 0))
2018-04-07 16:47:25.429812;(22, (2501, 2542, 1024, 13, 0, 0, 0, 0, 0, 0))
2018-04-07 16:47:25.535175;(3, (2047, 2037, 468, 21, 0, 0, 0, 0, 0, 0))
2018-04-07 16:47:25.560242;(20, (4005, 4173, 2454, 15, 0, 0, 0, 0, 0, 0))
2018-04-07 16:47:25.623605;(16, (2028, 2046, 601, 8, 0, 0, 0, 0, 0, 0))
2018-04-07 16:47:25.629717;(21, (1234, 1419, 253, 0, 0, 0, 0, 0, 0, 0))
2018-04-07 16:47:25.637311;(12, (1561, 1615, 178, 8, 0, 0, 0, 0, 0, 0))
2018-04-07 16:47:54.187281;(1, (11578, 10588, 10390, 5195, 0, 0, 0, 0, 0, 0))
2018-04-07 16:47:54.797565;(7, (2545, 2624, 959, 14, 0, 0, 0, 0, 0, 0))
2018-04-07 16:47:54.808075;(15, (3860, 3988, 2449, 0, 0, 0, 0, 0, 0, 0))
2018-04-07 16:47:54.990640;(23, (2950, 2925, 2325, 0, 0, 0, 0, 0, 0, 0))
2018-04-07 16:47:55.125307;(19, (1292, 1448, 45, 6, 0, 0, 0, 0, 0, 0))
2018-04-07 16:47:55.141547;(14, (2415, 2384, 780, 10, 0, 0, 0, 0, 0, 0))
2018-04-07 16:47:55.151721;(18, (3419, 3384, 1795, 5, 0, 0, 0, 0, 0, 0))
2018-04-07 16:47:55.227167;(10, (2484, 2645, 1170, 10, 0, 0, 0, 0, 0, 0))
2018-04-07 16:47:55.262771;(11, (1894, 1998, 391, 10, 0, 0, 0, 0, 0, 0))
2018-04-07 16:47:55.540434;(3, (2222, 2212, 544, 22, 0, 0, 0, 0, 0, 0))
2018-04-07 16:47:55.563808;(20, (4100, 4277, 2469, 15, 0, 0, 0, 0, 0, 0))
2018-04-07 16:47:55.634016;(21, (1292, 1487, 253, 0, 0, 0, 0, 0, 0, 0))
2018-04-07 16:47:55.772547;(6, (1576, 1677, 347, 1, 0, 0, 0, 0, 0, 0))
2018-04-07 16:47:55.849782;(5, (2119, 2271, 946, 0, 0, 0, 0, 0, 0, 0))
2018-04-07 16:47:55.917215;(4, (1564, 1789, 533, 0, 0, 0, 0, 0, 0, 0))
2018-04-07 16:47:55.948187;(9, (1019, 1303, 2, 3, 0, 0, 0, 0, 0, 0))
2018-04-07 16:47:56.110628;(17, (990, 1299, 11, 13, 0, 0, 0, 0, 0, 0))
2018-04-07 16:47:56.212824;(13, (1991, 2192, 981, 0, 0, 0, 0, 0, 0, 0))
2018-04-07 16:47:56.361849;(8, (2513, 2413, 769, 16, 0, 0, 0, 0, 0, 0))
2018-04-07 16:47:56.435134;(22, (2713, 2757, 1144, 17, 0, 0, 0, 0, 0, 0))
2018-04-07 16:47:56.627319;(16, (2350, 2373, 740, 14, 0, 0, 0, 0, 0, 0))
2018-04-07 16:47:56.641743;(12, (1771, 1827, 235, 10, 0, 0, 0, 0, 0, 0))
2018-04-07 16:48:24.191253;(1, (12189, 11142, 10934, 5467, 0, 0, 0, 0, 0, 0))
2018-04-07 16:48:24.998247;(23, (3165, 3135, 2500, 0, 0, 0, 0, 0, 0, 0))
2018-04-07 16:48:25.143492;(14, (2460, 2418, 780, 11, 0, 0, 0, 0, 0, 0))
2018-04-07 16:48:25.157815;(18, (3671, 3636, 1942, 5, 0, 0, 0, 0, 0, 0))
2018-04-07 16:48:25.237630;(10, (2602, 2770, 1209, 11, 0, 0, 0, 0, 0, 0))
2018-04-07 16:48:25.266597;(11, (2124, 2239, 516, 11, 0, 0, 0, 0, 0, 0))
2018-04-07 16:48:25.639473;(21, (1352, 1559, 253, 0, 0, 0, 0, 0, 0, 0))
2018-04-07 16:48:25.776218;(6, (1665, 1777, 367, 1, 0, 0, 0, 0, 0, 0))
2018-04-07 16:48:25.802091;(7, (2651, 2752, 998, 15, 0, 0, 0, 0, 0, 0))
2018-04-07 16:48:25.813486;(15, (4243, 4374, 2736, 0, 0, 0, 0, 0, 0, 0))
2018-04-07 16:48:25.853571;(5, (2236, 2393, 994, 0, 0, 0, 0, 0, 0, 0))
2018-04-07 16:48:25.923870;(4, (1656, 1893, 565, 0, 0, 0, 0, 0, 0, 0))
2018-04-07 16:48:25.953263;(9, (1075, 1376, 2, 3, 0, 0, 0, 0, 0, 0))
2018-04-07 16:48:26.114258;(17, (1047, 1379, 11, 13, 0, 0, 0, 0, 0, 0))
2018-04-07 16:48:26.128712;(19, (1390, 1547, 58, 6, 0, 0, 0, 0, 0, 0))
2018-04-07 16:48:26.215917;(13, (2109, 2330, 1043, 0, 0, 0, 0, 0, 0, 0))
2018-04-07 16:48:26.365243;(8, (2617, 2494, 794, 20, 0, 0, 0, 0, 0, 0))
2018-04-07 16:48:26.439106;(22, (2911, 2974, 1238, 25, 0, 0, 0, 0, 0, 0))
2018-04-07 16:48:26.543492;(3, (2373, 2349, 607, 24, 0, 0, 0, 0, 0, 0))
2018-04-07 16:48:26.567975;(20, (4234, 4423, 2507, 17, 0, 0, 0, 0, 0, 0))
2018-04-07 16:48:26.631223;(16, (2436, 2456, 743, 17, 0, 0, 0, 0, 0, 0))
2018-04-07 16:48:26.645629;(12, (1921, 1979, 290, 10, 0, 0, 0, 0, 0, 0))
2018-04-07 16:48:54.194210;(1, (12735, 11653, 11432, 5716, 0, 0, 0, 0, 0, 0))
2018-04-07 16:48:55.006321;(23, (3450, 3412, 2738, 2, 0, 0, 0, 0, 0, 0))
2018-04-07 16:48:55.146736;(14, (2558, 2511, 801, 12, 0, 0, 0, 0, 0, 0))
2018-04-07 16:48:55.242328;(10, (2765, 2949, 1293, 13, 0, 0, 0, 0, 0, 0))
2018-04-07 16:48:55.270456;(11, (2236, 2355, 542, 17, 0, 0, 0, 0, 0, 0))
2018-04-07 16:48:55.643802;(21, (1426, 1637, 261, 0, 0, 0, 0, 0, 0, 0))
2018-04-07 16:48:55.781151;(6, (1728, 1850, 368, 1, 0, 0, 0, 0, 0, 0))
2018-04-07 16:48:55.805531;(7, (2705, 2790, 1003, 19, 0, 0, 0, 0, 0, 0))
2018-04-07 16:48:55.817382;(15, (4656, 4799, 3062, 0, 0, 0, 0, 0, 0, 0))
2018-04-07 16:48:55.857775;(5, (2337, 2497, 1028, 0, 0, 0, 0, 0, 0, 0))
2018-04-07 16:48:55.928412;(4, (1742, 1995, 592, 2, 0, 0, 0, 0, 0, 0))
2018-04-07 16:48:55.957707;(9, (1120, 1435, 2, 3, 0, 0, 0, 0, 0, 0))
2018-04-07 16:48:56.116523;(17, (1065, 1406, 11, 15, 0, 0, 0, 0, 0, 0))
2018-04-07 16:48:56.131591;(19, (1441, 1592, 64, 7, 0, 0, 0, 0, 0, 0))
2018-04-07 16:48:56.162177;(18, (3891, 3854, 2075, 7, 0, 0, 0, 0, 0, 0))
2018-04-07 16:48:56.220841;(13, (2237, 2474, 1104, 0, 0, 0, 0, 0, 0, 0))
2018-04-07 16:48:56.370058;(8, (2748, 2618, 822, 22, 0, 0, 0, 0, 0, 0))
2018-04-07 16:48:56.442616;(22, (3058, 3123, 1295, 30, 0, 0, 0, 0, 0, 0))
2018-04-07 16:48:56.548046;(3, (2502, 2480, 634, 26, 0, 0, 0, 0, 0, 0))
2018-04-07 16:48:56.574370;(20, (4300, 4508, 2512, 20, 0, 0, 0, 0, 0, 0))
2018-04-07 16:48:56.637733;(16, (2612, 2639, 826, 19, 0, 0, 0, 0, 0, 0))
2018-04-07 16:48:56.647283;(12, (1972, 2017, 299, 11, 0, 0, 0, 0, 0, 0))
2018-04-07 16:49:24.196094;(1, (13222, 12084, 11852, 5926, 0, 0, 0, 0, 0, 0))
2018-04-07 16:49:25.011667;(23, (3649, 3586, 2871, 2, 0, 0, 0, 0, 0, 0))
2018-04-07 16:49:25.149919;(14, (2716, 2656, 849, 20, 0, 0, 0, 0, 0, 0))
2018-04-07 16:49:25.247089;(10, (2946, 3161, 1383, 15, 0, 0, 0, 0, 0, 0))
2018-04-07 16:49:25.652347;(21, (1562, 1777, 328, 0, 0, 0, 0, 0, 0, 0))
2018-04-07 16:49:25.784558;(6, (1799, 1923, 371, 1, 0, 0, 0, 0, 0, 0))
2018-04-07 16:49:25.809047;(7, (2771, 2858, 1004, 26, 0, 0, 0, 0, 0, 0))
2018-04-07 16:49:25.821417;(15, (4884, 5030, 3194, 0, 0, 0, 0, 0, 0, 0))
2018-04-07 16:49:25.862389;(5, (2682, 2850, 1276, 0, 0, 0, 0, 0, 0, 0))
2018-04-07 16:49:25.933803;(4, (1854, 2121, 627, 2, 0, 0, 0, 0, 0, 0))
2018-04-07 16:49:25.963218;(9, (1190, 1530, 2, 3, 0, 0, 0, 0, 0, 0))
2018-04-07 16:49:26.120502;(17, (1082, 1435, 11, 24, 0, 0, 0, 0, 0, 0))
2018-04-07 16:49:26.134933;(19, (1496, 1650, 67, 14, 0, 0, 0, 0, 0, 0))
2018-04-07 16:49:26.165240;(18, (4088, 4040, 2157, 13, 0, 0, 0, 0, 0, 0))
2018-04-07 16:49:26.226866;(13, (2318, 2569, 1114, 0, 0, 0, 0, 0, 0, 0))
2018-04-07 16:49:26.274490;(11, (2314, 2433, 549, 27, 0, 0, 0, 0, 0, 0))
2018-04-07 16:49:26.375635;(8, (2853, 2715, 836, 33, 0, 0, 0, 0, 0, 0))
2018-04-07 16:49:26.447178;(22, (3210, 3279, 1353, 33, 0, 0, 0, 0, 0, 0))
2018-04-07 16:49:26.551929;(3, (2624, 2597, 670, 31, 0, 0, 0, 0, 0, 0))
2018-04-07 16:49:26.579580;(20, (4381, 4599, 2538, 26, 0, 0, 0, 0, 0, 0))
2018-04-07 16:49:26.640428;(16, (2675, 2710, 833, 24, 0, 0, 0, 0, 0, 0))
2018-04-07 16:49:26.653885;(12, (2040, 2083, 303, 23, 0, 0, 0, 0, 0, 0))
2018-04-07 16:49:54.198620;(1, (13804, 12597, 12355, 6178, 0, 0, 0, 0, 0, 0))
2018-04-07 16:49:55.812031;(7, (2899, 2982, 1020, 30, 0, 0, 0, 0, 0, 0))
2018-04-07 16:49:55.825484;(15, (5219, 5374, 3416, 1, 0, 0, 0, 0, 0, 0))
2018-04-07 16:49:55.866874;(5, (2927, 3086, 1428, 0, 0, 0, 0, 0, 0, 0))
2018-04-07 16:49:55.938657;(4, (1954, 2237, 656, 2, 0, 0, 0, 0, 0, 0))
2018-04-07 16:49:55.967595;(9, (1243, 1600, 3, 5, 0, 0, 0, 0, 0, 0))
2018-04-07 16:49:56.017720;(23, (3716, 3657, 2907, 2, 0, 0, 0, 0, 0, 0))
2018-04-07 16:49:56.123497;(17, (1108, 1470, 11, 27, 0, 0, 0, 0, 0, 0))
2018-04-07 16:49:56.138244;(19, (1573, 1732, 74, 14, 0, 0, 0, 0, 0, 0))
2018-04-07 16:49:56.153958;(14, (2995, 2926, 1010, 22, 0, 0, 0, 0, 0, 0))
2018-04-07 16:49:56.168648;(18, (4396, 4354, 2350, 14, 0, 0, 0, 0, 0, 0))
2018-04-07 16:49:56.230002;(13, (2428, 2696, 1155, 0, 0, 0, 0, 0, 0, 0))
2018-04-07 16:49:56.254562;(10, (3061, 3277, 1414, 16, 0, 0, 0, 0, 0, 0))
2018-04-07 16:49:56.277571;(11, (2416, 2537, 560, 29, 0, 0, 0, 0, 0, 0))
2018-04-07 16:49:56.380760;(8, (2975, 2829, 849, 37, 0, 0, 0, 0, 0, 0))
2018-04-07 16:49:56.450917;(22, (3351, 3446, 1387, 34, 0, 0, 0, 0, 0, 0))
2018-04-07 16:49:56.557375;(3, (2720, 2676, 692, 33, 0, 0, 0, 0, 0, 0))
2018-04-07 16:49:56.582905;(20, (4455, 4673, 2554, 30, 0, 0, 0, 0, 0, 0))
2018-04-07 16:49:56.644231;(16, (2750, 2792, 836, 24, 0, 0, 0, 0, 0, 0))
2018-04-07 16:49:56.657944;(21, (1648, 1869, 350, 0, 0, 0, 0, 0, 0, 0))
2018-04-07 16:49:56.658639;(12, (2176, 2217, 346, 28, 0, 0, 0, 0, 0, 0))
2018-04-07 16:50:25.201831;(1, (14453, 13200, 12948, 6474, 0, 0, 0, 0, 0, 0))
2018-04-07 16:50:25.828636;(15, (5640, 5800, 3739, 1, 0, 0, 0, 0, 0, 0))
2018-04-07 16:50:26.020257;(23, (3733, 3668, 2907, 2, 0, 0, 0, 0, 0, 0))
2018-04-07 16:50:26.144391;(19, (1719, 1877, 119, 15, 0, 0, 0, 0, 0, 0))
2018-04-07 16:50:26.159540;(14, (3222, 3145, 1104, 24, 0, 0, 0, 0, 0, 0))
2018-04-07 16:50:26.172738;(18, (4661, 4623, 2516, 14, 0, 0, 0, 0, 0, 0))
2018-04-07 16:50:26.261691;(10, (3300, 3533, 1572, 16, 0, 0, 0, 0, 0, 0))
2018-04-07 16:50:26.282343;(11, (2499, 2634, 569, 30, 0, 0, 0, 0, 0, 0))
2018-04-07 16:50:26.587463;(20, (4528, 4759, 2554, 31, 0, 0, 0, 0, 0, 0))
2018-04-07 16:50:26.662262;(21, (1705, 1937, 350, 0, 0, 0, 0, 0, 0, 0))
2018-04-07 16:50:26.793909;(6, (1967, 2107, 401, 1, 0, 0, 0, 0, 0, 0))
2018-04-07 16:50:26.815712;(7, (3000, 3078, 1054, 30, 0, 0, 0, 0, 0, 0))
2018-04-07 16:50:26.873521;(5, (3075, 3247, 1514, 0, 0, 0, 0, 0, 0, 0))
2018-04-07 16:50:26.973832;(9, (1299, 1671, 3, 5, 0, 0, 0, 0, 0, 0))
2018-04-07 16:50:27.128066;(17, (1152, 1532, 11, 28, 0, 0, 0, 0, 0, 0))
2018-04-07 16:50:27.233967;(13, (2547, 2828, 1216, 0, 0, 0, 0, 0, 0, 0))
2018-04-07 16:50:27.384441;(8, (3079, 2926, 856, 39, 0, 0, 0, 0, 0, 0))
2018-04-07 16:50:27.455226;(22, (3576, 3672, 1519, 34, 0, 0, 0, 0, 0, 0))
2018-04-07 16:50:27.561680;(3, (2898, 2859, 767, 33, 0, 0, 0, 0, 0, 0))
2018-04-07 16:50:27.647632;(16, (2842, 2902, 846, 25, 0, 0, 0, 0, 0, 0))
2018-04-07 16:50:27.663449;(12, (2334, 2377, 396, 31, 0, 0, 0, 0, 0, 0))
2018-04-07 16:50:55.203936;(1, (15035, 13732, 13470, 6735, 0, 0, 0, 0, 0, 0))
2018-04-07 16:50:56.022932;(23, (3750, 3678, 2907, 2, 0, 0, 0, 0, 0, 0))
2018-04-07 16:50:56.163824;(14, (3398, 3320, 1171, 29, 0, 0, 0, 0, 0, 0))
2018-04-07 16:50:56.177021;(18, (4915, 4891, 2681, 18, 0, 0, 0, 0, 0, 0))
2018-04-07 16:50:56.266880;(10, (3446, 3696, 1632, 17, 0, 0, 0, 0, 0, 0))
2018-04-07 16:50:56.285388;(11, (2623, 2749, 624, 31, 0, 0, 0, 0, 0, 0))
2018-04-07 16:50:56.666250;(21, (1759, 2005, 350, 0, 0, 0, 0, 0, 0, 0))
2018-04-07 16:50:56.798564;(6, (2030, 2177, 401, 1, 0, 0, 0, 0, 0, 0))
2018-04-07 16:50:56.819283;(7, (3058, 3120, 1065, 32, 0, 0, 0, 0, 0, 0))
2018-04-07 16:50:56.832005;(15, (6027, 6201, 4033, 1, 0, 0, 0, 0, 0, 0))
2018-04-07 16:50:56.877381;(5, (3163, 3347, 1544, 0, 0, 0, 0, 0, 0, 0))
2018-04-07 16:50:56.949853;(4, (2131, 2444, 716, 2, 0, 0, 0, 0, 0, 0))
2018-04-07 16:50:56.977804;(9, (1355, 1742, 3, 5, 0, 0, 0, 0, 0, 0))
2018-04-07 16:50:57.135212;(17, (1172, 1564, 12, 29, 0, 0, 0, 0, 0, 0))
2018-04-07 16:50:57.148319;(19, (1802, 1970, 126, 17, 0, 0, 0, 0, 0, 0))
2018-04-07 16:50:57.237043;(13, (2660, 2957, 1276, 0, 0, 0, 0, 0, 0, 0))
2018-04-07 16:50:57.389140;(8, (3211, 3053, 883, 43, 0, 0, 0, 0, 0, 0))
2018-04-07 16:50:57.458453;(22, (3706, 3821, 1559, 37, 0, 0, 0, 0, 0, 0))
2018-04-07 16:50:57.566161;(3, (3027, 2982, 792, 35, 0, 0, 0, 0, 0, 0))
2018-04-07 16:50:57.590469;(20, (4589, 4819, 2560, 32, 0, 0, 0, 0, 0, 0))
2018-04-07 16:50:57.651746;(16, (2967, 3028, 881, 26, 0, 0, 0, 0, 0, 0))
2018-04-07 16:50:57.667799;(12, (2441, 2490, 422, 32, 0, 0, 0, 0, 0, 0))
2018-04-07 16:51:25.206572;(1, (15698, 14338, 14066, 7033, 0, 0, 0, 0, 0, 0))
2018-04-07 16:51:26.030241;(23, (3769, 3689, 2907, 2, 0, 0, 0, 0, 0, 0))
2018-04-07 16:51:26.169726;(14, (3688, 3603, 1333, 30, 0, 0, 0, 0, 0, 0))
2018-04-07 16:51:26.271276;(10, (3632, 3902, 1743, 19, 0, 0, 0, 0, 0, 0))
2018-04-07 16:51:26.291477;(11, (2759, 2891, 650, 31, 0, 0, 0, 0, 0, 0))
2018-04-07 16:51:26.670654;(21, (1813, 2073, 350, 0, 0, 0, 0, 0, 0, 0))
2018-04-07 16:51:26.803743;(6, (2093, 2248, 401, 1, 0, 0, 0, 0, 0, 0))
2018-04-07 16:51:26.822694;(7, (3166, 3240, 1082, 32, 0, 0, 0, 0, 0, 0))
2018-04-07 16:51:26.836723;(15, (6536, 6718, 4434, 1, 0, 0, 0, 0, 0, 0))
2018-04-07 16:51:26.881436;(5, (3265, 3459, 1584, 0, 0, 0, 0, 0, 0, 0))
2018-04-07 16:51:26.955329;(4, (2221, 2547, 746, 2, 0, 0, 0, 0, 0, 0))
2018-04-07 16:51:26.981305;(9, (1413, 1814, 3, 5, 0, 0, 0, 0, 0, 0))
2018-04-07 16:51:27.139811;(17, (1205, 1610, 12, 29, 0, 0, 0, 0, 0, 0))
2018-04-07 16:51:27.153685;(19, (1915, 2095, 144, 17, 0, 0, 0, 0, 0, 0))
2018-04-07 16:51:27.186133;(18, (5273, 5253, 2922, 18, 0, 0, 0, 0, 0, 0))
2018-04-07 16:51:27.241195;(13, (2774, 3088, 1336, 0, 0, 0, 0, 0, 0, 0))
2018-04-07 16:51:27.393134;(8, (3446, 3292, 1013, 44, 0, 0, 0, 0, 0, 0))
2018-04-07 16:51:27.462587;(22, (3891, 4008, 1641, 37, 0, 0, 0, 0, 0, 0))
2018-04-07 16:51:27.571165;(3, (3210, 3174, 874, 35, 0, 0, 0, 0, 0, 0))
2018-04-07 16:51:27.595247;(20, (4675, 4917, 2567, 33, 0, 0, 0, 0, 0, 0))
2018-04-07 16:51:27.657907;(16, (3074, 3141, 900, 27, 0, 0, 0, 0, 0, 0))
2018-04-07 16:51:27.673094;(12, (2590, 2637, 467, 35, 0, 0, 0, 0, 0, 0))
2018-04-07 16:51:55.209659;(1, (16360, 14938, 14656, 7328, 0, 0, 0, 0, 0, 0))
2018-04-07 16:51:56.033875;(23, (3869, 3779, 2974, 2, 0, 0, 0, 0, 0, 0))
2018-04-07 16:51:56.174876;(14, (3925, 3841, 1423, 31, 0, 0, 0, 0, 0, 0))
2018-04-07 16:51:56.274951;(10, (3938, 4215, 1940, 21, 0, 0, 0, 0, 0, 0))
2018-04-07 16:51:56.296429;(11, (2925, 3057, 700, 32, 0, 0, 0, 0, 0, 0))
2018-04-07 16:51:56.673906;(21, (1871, 2144, 350, 0, 0, 0, 0, 0, 0, 0))
2018-04-07 16:51:56.808138;(6, (2155, 2318, 401, 1, 0, 0, 0, 0, 0, 0))
2018-04-07 16:51:56.827854;(7, (3272, 3347, 1104, 33, 0, 0, 0, 0, 0, 0))
2018-04-07 16:51:56.841311;(15, (6848, 7023, 4639, 1, 0, 0, 0, 0, 0, 0))
2018-04-07 16:51:56.885016;(5, (3593, 3811, 1824, 0, 0, 0, 0, 0, 0, 0))
2018-04-07 16:51:56.961420;(4, (2308, 2648, 777, 2, 0, 0, 0, 0, 0, 0))
2018-04-07 16:51:56.984835;(9, (1468, 1886, 3, 5, 0, 0, 0, 0, 0, 0))
2018-04-07 16:51:57.143396;(17, (1239, 1661, 12, 30, 0, 0, 0, 0, 0, 0))
2018-04-07 16:51:57.159259;(19, (2008, 2197, 167, 20, 0, 0, 0, 0, 0, 0))
2018-04-07 16:51:57.190675;(18, (5560, 5539, 3077, 20, 0, 0, 0, 0, 0, 0))
2018-04-07 16:51:57.246105;(13, (2890, 3218, 1397, 0, 0, 0, 0, 0, 0, 0))
2018-04-07 16:51:57.400012;(8, (3591, 3427, 1040, 44, 0, 0, 0, 0, 0, 0))
2018-04-07 16:51:57.467178;(22, (4205, 4330, 1822, 38, 0, 0, 0, 0, 0, 0))
2018-04-07 16:51:57.581115;(3, (3415, 3370, 961, 35, 0, 0, 0, 0, 0, 0))
2018-04-07 16:51:57.600738;(20, (4792, 5038, 2590, 36, 0, 0, 0, 0, 0, 0))
2018-04-07 16:51:57.661016;(16, (3166, 3237, 907, 29, 0, 0, 0, 0, 0, 0))
2018-04-07 16:51:57.678509;(12, (2701, 2747, 479, 39, 0, 0, 0, 0, 0, 0))
2018-04-07 16:52:25.211483;(1, (17037, 15567, 15275, 7638, 0, 0, 0, 0, 0, 0))
2018-04-07 16:52:26.037716;(23, (4238, 4142, 3290, 2, 0, 0, 0, 0, 0, 0))
2018-04-07 16:52:26.845453;(15, (7268, 7452, 4964, 1, 0, 0, 0, 0, 0, 0))
2018-04-07 16:52:26.966302;(4, (2393, 2748, 807, 2, 0, 0, 0, 0, 0, 0))
2018-04-07 16:52:26.990668;(9, (1523, 1956, 3, 5, 0, 0, 0, 0, 0, 0))
2018-04-07 16:52:27.163049;(19, (2074, 2274, 170, 20, 0, 0, 0, 0, 0, 0))
2018-04-07 16:52:27.180918;(14, (4117, 4027, 1501, 32, 0, 0, 0, 0, 0, 0))
2018-04-07 16:52:27.194050;(18, (5949, 5934, 3364, 20, 0, 0, 0, 0, 0, 0))
2018-04-07 16:52:27.251358;(13, (3006, 3346, 1457, 0, 0, 0, 0, 0, 0, 0))
2018-04-07 16:52:27.278263;(10, (4064, 4350, 1990, 22, 0, 0, 0, 0, 0, 0))
2018-04-07 16:52:27.301240;(11, (3177, 3301, 839, 32, 0, 0, 0, 0, 0, 0))
2018-04-07 16:52:27.406856;(8, (3823, 3656, 1141, 44, 0, 0, 0, 0, 0, 0))
2018-04-07 16:52:27.470568;(22, (4313, 4442, 1848, 39, 0, 0, 0, 0, 0, 0))
2018-04-07 16:52:27.585735;(3, (3523, 3483, 979, 35, 0, 0, 0, 0, 0, 0))
2018-04-07 16:52:27.606493;(20, (4878, 5138, 2597, 36, 0, 0, 0, 0, 0, 0))
2018-04-07 16:52:27.664221;(16, (3289, 3374, 949, 29, 0, 0, 0, 0, 0, 0))
2018-04-07 16:52:27.678055;(21, (1929, 2212, 350, 0, 0, 0, 0, 0, 0, 0))
2018-04-07 16:52:27.815418;(6, (2220, 2391, 401, 1, 0, 0, 0, 0, 0, 0))
2018-04-07 16:52:27.832430;(7, (3417, 3505, 1138, 33, 0, 0, 0, 0, 0, 0))
2018-04-07 16:52:27.889336;(5, (3787, 4019, 1952, 0, 0, 0, 0, 0, 0, 0))
2018-04-07 16:52:28.148281;(17, (1264, 1697, 12, 31, 0, 0, 0, 0, 0, 0))
2018-04-07 16:52:28.683094;(12, (2802, 2853, 495, 42, 0, 0, 0, 0, 0, 0))
2018-04-07 16:52:55.214063;(1, (17671, 16148, 15846, 7923, 0, 0, 0, 0, 0, 0))
2018-04-07 16:52:56.848591;(15, (7631, 7823, 5222, 1, 0, 0, 0, 0, 0, 0))
2018-04-07 16:52:57.040098;(23, (4474, 4373, 3471, 3, 0, 0, 0, 0, 0, 0))
2018-04-07 16:52:57.169978;(19, (2148, 2355, 170, 20, 0, 0, 0, 0, 0, 0))
2018-04-07 16:52:57.184272;(14, (4270, 4181, 1561, 34, 0, 0, 0, 0, 0, 0))
2018-04-07 16:52:57.197840;(18, (6210, 6196, 3504, 23, 0, 0, 0, 0, 0, 0))
2018-04-07 16:52:57.281652;(10, (4285, 4596, 2130, 22, 0, 0, 0, 0, 0, 0))
2018-04-07 16:52:57.304538;(11, (3282, 3405, 869, 32, 0, 0, 0, 0, 0, 0))
2018-04-07 16:52:57.591357;(3, (3694, 3655, 1049, 35, 0, 0, 0, 0, 0, 0))
2018-04-07 16:52:57.610714;(20, (4946, 5221, 2603, 36, 0, 0, 0, 0, 0, 0))
2018-04-07 16:52:57.683028;(21, (1988, 2280, 350, 0, 0, 0, 0, 0, 0, 0))
2018-04-07 16:52:57.822654;(6, (2282, 2462, 401, 1, 0, 0, 0, 0, 0, 0))
2018-04-07 16:52:57.834988;(7, (3467, 3557, 1138, 33, 0, 0, 0, 0, 0, 0))
2018-04-07 16:52:57.894001;(5, (3974, 4214, 2073, 0, 0, 0, 0, 0, 0, 0))
2018-04-07 16:52:57.973309;(4, (2478, 2849, 837, 2, 0, 0, 0, 0, 0, 0))
2018-04-07 16:52:57.996121;(9, (1579, 2026, 3, 5, 0, 0, 0, 0, 0, 0))
2018-04-07 16:52:58.153395;(17, (1279, 1717, 12, 36, 0, 0, 0, 0, 0, 0))
2018-04-07 16:52:58.256386;(13, (3121, 3474, 1517, 0, 0, 0, 0, 0, 0, 0))
2018-04-07 16:52:58.411523;(8, (3945, 3776, 1169, 44, 0, 0, 0, 0, 0, 0))
2018-04-07 16:52:58.475065;(22, (4515, 4644, 1959, 39, 0, 0, 0, 0, 0, 0))
2018-04-07 16:52:58.667320;(16, (3401, 3489, 987, 30, 0, 0, 0, 0, 0, 0))
2018-04-07 16:52:58.686745;(12, (2865, 2931, 496, 45, 0, 0, 0, 0, 0, 0))
2018-04-07 16:53:25.217302;(1, (18334, 16768, 16456, 8228, 0, 0, 0, 0, 0, 0))
2018-04-07 16:53:27.042816;(23, (4742, 4634, 3699, 3, 0, 0, 0, 0, 0, 0))
2018-04-07 16:53:27.187601;(14, (4523, 4433, 1706, 34, 0, 0, 0, 0, 0, 0))
2018-04-07 16:53:27.203307;(18, (6454, 6445, 3675, 23, 0, 0, 0, 0, 0, 0))
2018-04-07 16:53:27.285529;(10, (4553, 4887, 2303, 22, 0, 0, 0, 0, 0, 0))
2018-04-07 16:53:27.309559;(11, (3365, 3500, 871, 32, 0, 0, 0, 0, 0, 0))
2018-04-07 16:53:27.688499;(21, (2048, 2348, 350, 0, 0, 0, 0, 0, 0, 0))
2018-04-07 16:53:27.826789;(6, (2347, 2533, 401, 1, 0, 0, 0, 0, 0, 0))
2018-04-07 16:53:27.838733;(7, (3518, 3611, 1138, 33, 0, 0, 0, 0, 0, 0))
2018-04-07 16:53:27.851543;(15, (8122, 8316, 5612, 1, 0, 0, 0, 0, 0, 0))
2018-04-07 16:53:27.897282;(5, (4065, 4316, 2104, 0, 0, 0, 0, 0, 0, 0))
2018-04-07 16:53:27.979125;(4, (2564, 2950, 868, 2, 0, 0, 0, 0, 0, 0))
2018-04-07 16:53:28.001771;(9, (1634, 2097, 3, 5, 0, 0, 0, 0, 0, 0))
2018-04-07 16:53:28.156090;(17, (1297, 1742, 12, 44, 0, 0, 0, 0, 0, 0))
2018-04-07 16:53:28.173157;(19, (2210, 2429, 171, 20, 0, 0, 0, 0, 0, 0))
2018-04-07 16:53:28.259769;(13, (3236, 3603, 1578, 0, 0, 0, 0, 0, 0, 0))
2018-04-07 16:53:28.417114;(8, (4068, 3904, 1192, 44, 0, 0, 0, 0, 0, 0))
2018-04-07 16:53:28.479297;(22, (4778, 4907, 2112, 39, 0, 0, 0, 0, 0, 0))
2018-04-07 16:53:28.596159;(3, (3841, 3812, 1103, 35, 0, 0, 0, 0, 0, 0))
2018-04-07 16:53:28.614550;(20, (5043, 5329, 2625, 36, 0, 0, 0, 0, 0, 0))
2018-04-07 16:53:28.672010;(16, (3496, 3596, 994, 30, 0, 0, 0, 0, 0, 0))
2018-04-07 16:53:28.692253;(12, (3007, 3077, 540, 45, 0, 0, 0, 0, 0, 0))
2018-04-07 16:53:55.221673;(1, (18962, 17362, 17040, 8520, 0, 0, 0, 0, 0, 0))
2018-04-07 16:53:57.047724;(23, (4961, 4847, 3889, 3, 0, 0, 0, 0, 0, 0))
2018-04-07 16:53:57.194051;(14, (4685, 4599, 1774, 34, 0, 0, 0, 0, 0, 0))
2018-04-07 16:53:57.288657;(10, (4787, 5140, 2460, 22, 0, 0, 0, 0, 0, 0))
2018-04-07 16:53:57.314262;(11, (3443, 3581, 871, 32, 0, 0, 0, 0, 0, 0))
2018-04-07 16:53:57.693412;(21, (2107, 2420, 350, 0, 0, 0, 0, 0, 0, 0))
2018-04-07 16:53:57.831041;(6, (2411, 2603, 401, 1, 0, 0, 0, 0, 0, 0))
2018-04-07 16:53:57.843968;(7, (3621, 3719, 1164, 33, 0, 0, 0, 0, 0, 0))
2018-04-07 16:53:57.854948;(15, (8583, 8787, 5988, 1, 0, 0, 0, 0, 0, 0))
2018-04-07 16:53:57.901471;(5, (4156, 4420, 2134, 0, 0, 0, 0, 0, 0, 0))
2018-04-07 16:53:57.984162;(4, (2651, 3051, 898, 2, 0, 0, 0, 0, 0, 0))
2018-04-07 16:53:58.009199;(9, (1690, 2168, 3, 5, 0, 0, 0, 0, 0, 0))
2018-04-07 16:53:58.159566;(17, (1315, 1775, 12, 58, 0, 0, 0, 0, 0, 0))
2018-04-07 16:53:58.177818;(19, (2274, 2502, 171, 20, 0, 0, 0, 0, 0, 0))
2018-04-07 16:53:58.208133;(18, (6690, 6686, 3833, 23, 0, 0, 0, 0, 0, 0))
2018-04-07 16:53:58.262827;(13, (3353, 3734, 1640, 0, 0, 0, 0, 0, 0, 0))
2018-04-07 16:53:58.423572;(8, (4145, 3984, 1192, 44, 0, 0, 0, 0, 0, 0))
2018-04-07 16:53:58.485106;(22, (4982, 5118, 2232, 41, 0, 0, 0, 0, 0, 0))
2018-04-07 16:53:58.600770;(3, (3987, 3964, 1171, 36, 0, 0, 0, 0, 0, 0))
2018-04-07 16:53:58.619403;(20, (5150, 5446, 2655, 37, 0, 0, 0, 0, 0, 0))
2018-04-07 16:53:58.675628;(16, (3615, 3715, 1036, 30, 0, 0, 0, 0, 0, 0))
2018-04-07 16:53:58.698278;(12, (3077, 3162, 546, 45, 0, 0, 0, 0, 0, 0))
2018-04-07 16:54:26.225378;(1, (19547, 17907, 17575, 8788, 0, 0, 0, 0, 0, 0))
2018-04-07 16:54:27.050431;(23, (5163, 5043, 4051, 3, 0, 0, 0, 0, 0, 0))
2018-04-07 16:54:27.198375;(14, (4875, 4781, 1861, 34, 0, 0, 0, 0, 0, 0))
2018-04-07 16:54:27.291924;(10, (5015, 5380, 2608, 22, 0, 0, 0, 0, 0, 0))
2018-04-07 16:54:27.319129;(11, (3551, 3698, 890, 32, 0, 0, 0, 0, 0, 0))
2018-04-07 16:54:27.698872;(21, (2163, 2489, 350, 0, 0, 0, 0, 0, 0, 0))
2018-04-07 16:54:27.835643;(6, (2470, 2673, 401, 1, 0, 0, 0, 0, 0, 0))
2018-04-07 16:54:27.859022;(15, (9005, 9223, 6316, 1, 0, 0, 0, 0, 0, 0))
2018-04-07 16:54:27.905336;(5, (4245, 4521, 2165, 0, 0, 0, 0, 0, 0, 0))
2018-04-07 16:54:27.991320;(4, (2738, 3153, 930, 2, 0, 0, 0, 0, 0, 0))
2018-04-07 16:54:28.013858;(9, (1746, 2240, 3, 5, 0, 0, 0, 0, 0, 0))
2018-04-07 16:54:28.163527;(17, (1336, 1811, 12, 74, 0, 0, 0, 0, 0, 0))
2018-04-07 16:54:28.215521;(18, (6919, 6914, 3964, 23, 0, 0, 0, 0, 0, 0))
2018-04-07 16:54:28.267894;(13, (3469, 3863, 1701, 0, 0, 0, 0, 0, 0, 0))
2018-04-07 16:54:28.430678;(8, (4320, 4161, 1256, 44, 0, 0, 0, 0, 0, 0))
2018-04-07 16:54:28.490389;(22, (5186, 5324, 2348, 41, 0, 0, 0, 0, 0, 0))
2018-04-07 16:54:28.603871;(3, (4141, 4106, 1266, 36, 0, 0, 0, 0, 0, 0))
2018-04-07 16:54:28.623358;(20, (5265, 5565, 2686, 37, 0, 0, 0, 0, 0, 0))
2018-04-07 16:54:28.678901;(16, (3717, 3826, 1052, 31, 0, 0, 0, 0, 0, 0))
2018-04-07 16:54:28.701256;(12, (3143, 3224, 557, 45, 0, 0, 0, 0, 0, 0))
2018-04-07 16:54:28.847688;(7, (3721, 3836, 1177, 34, 0, 0, 0, 0, 0, 0))
2018-04-07 16:54:56.233032;(1, (20168, 18491, 18149, 9075, 0, 0, 0, 0, 0, 0))
2018-04-07 16:54:57.053729;(23, (5394, 5268, 4244, 3, 0, 0, 0, 0, 0, 0))
2018-04-07 16:54:57.202823;(14, (5133, 5035, 2002, 36, 0, 0, 0, 0, 0, 0))
2018-04-07 16:54:57.295635;(10, (5214, 5599, 2733, 22, 0, 0, 0, 0, 0, 0))
2018-04-07 16:54:57.863020;(15, (9444, 9672, 6668, 1, 0, 0, 0, 0, 0, 0))
2018-04-07 16:54:57.997469;(4, (2823, 3253, 960, 2, 0, 0, 0, 0, 0, 0))
2018-04-07 16:54:58.017654;(9, (1803, 2312, 3, 5, 0, 0, 0, 0, 0, 0))
2018-04-07 16:54:58.186710;(19, (2452, 2693, 191, 20, 0, 0, 0, 0, 0, 0))
2018-04-07 16:54:58.221121;(18, (7181, 7183, 4133, 24, 0, 0, 0, 0, 0, 0))
2018-04-07 16:54:58.271936;(13, (3588, 3996, 1762, 0, 0, 0, 0, 0, 0, 0))
2018-04-07 16:54:58.323428;(11, (3652, 3808, 905, 32, 0, 0, 0, 0, 0, 0))
2018-04-07 16:54:58.498500;(22, (5364, 5504, 2443, 41, 0, 0, 0, 0, 0, 0))
2018-04-07 16:54:58.609354;(3, (4294, 4266, 1318, 36, 0, 0, 0, 0, 0, 0))
2018-04-07 16:54:58.627187;(20, (5348, 5660, 2691, 38, 0, 0, 0, 0, 0, 0))
2018-04-07 16:54:58.702359;(21, (2222, 2557, 350, 0, 0, 0, 0, 0, 0, 0))
2018-04-07 16:54:58.839473;(6, (2533, 2747, 401, 1, 0, 0, 0, 0, 0, 0))
2018-04-07 16:54:58.850864;(7, (3801, 3915, 1200, 34, 0, 0, 0, 0, 0, 0))
2018-04-07 16:54:58.910281;(5, (4335, 4622, 2196, 0, 0, 0, 0, 0, 0, 0))
2018-04-07 16:54:59.167071;(17, (1357, 1845, 12, 89, 0, 0, 0, 0, 0, 0))
2018-04-07 16:54:59.439514;(8, (4466, 4302, 1300, 45, 0, 0, 0, 0, 0, 0))
2018-04-07 16:54:59.682413;(16, (3764, 3868, 1056, 31, 0, 0, 0, 0, 0, 0))
2018-04-07 16:54:59.705127;(12, (3272, 3354, 595, 45, 0, 0, 0, 0, 0, 0))
2018-04-07 16:55:26.235002;(1, (20794, 19089, 18737, 9369, 0, 0, 0, 0, 0, 0))
2018-04-07 16:55:27.867550;(15, (9917, 10150, 7058, 1, 0, 0, 0, 0, 0, 0))
2018-04-07 16:55:28.057601;(23, (5665, 5542, 4491, 3, 0, 0, 0, 0, 0, 0))
2018-04-07 16:55:28.191278;(19, (2525, 2775, 194, 21, 0, 0, 0, 0, 0, 0))
2018-04-07 16:55:28.206418;(14, (5396, 5298, 2184, 36, 0, 0, 0, 0, 0, 0))
2018-04-07 16:55:28.226849;(18, (7472, 7479, 4347, 24, 0, 0, 0, 0, 0, 0))
2018-04-07 16:55:28.303922;(10, (5413, 5809, 2855, 22, 0, 0, 0, 0, 0, 0))
2018-04-07 16:55:28.327872;(11, (3725, 3889, 913, 32, 0, 0, 0, 0, 0, 0))
2018-04-07 16:55:28.709318;(21, (2280, 2625, 350, 0, 0, 0, 0, 0, 0, 0))
2018-04-07 16:55:28.843455;(6, (2596, 2815, 401, 1, 0, 0, 0, 0, 0, 0))
2018-04-07 16:55:28.855482;(7, (3893, 4025, 1212, 34, 0, 0, 0, 0, 0, 0))
2018-04-07 16:55:28.915338;(5, (4424, 4723, 2227, 0, 0, 0, 0, 0, 0, 0))
2018-04-07 16:55:29.003172;(4, (2911, 3357, 990, 2, 0, 0, 0, 0, 0, 0))
2018-04-07 16:55:29.021332;(9, (1858, 2382, 3, 5, 0, 0, 0, 0, 0, 0))
2018-04-07 16:55:29.172006;(17, (1375, 1879, 12, 104, 0, 0, 0, 0, 0, 0))
2018-04-07 16:55:29.275144;(13, (3701, 4124, 1822, 0, 0, 0, 0, 0, 0, 0))
2018-04-07 16:55:29.449339;(8, (4546, 4380, 1302, 45, 0, 0, 0, 0, 0, 0))
2018-04-07 16:55:29.505331;(22, (5537, 5682, 2532, 43, 0, 0, 0, 0, 0, 0))
2018-04-07 16:55:29.613971;(3, (4437, 4422, 1378, 38, 0, 0, 0, 0, 0, 0))
2018-04-07 16:55:29.632146;(20, (5427, 5749, 2700, 40, 0, 0, 0, 0, 0, 0))
2018-04-07 16:55:29.689355;(16, (3839, 3961, 1056, 31, 0, 0, 0, 0, 0, 0))
2018-04-07 16:55:29.710807;(12, (3422, 3516, 674, 45, 0, 0, 0, 0, 0, 0))
