2018-04-04 00:20:06.378229;(13, 0, 24823, 253, 0, 0, 0, 0, 0, 0, 0, 0, 0, 0, 0, 0, 0, 0, 1)
2018-04-04 00:20:09.939694;(9, 0, 59846, 253, 0, 0, 0, 0, 0, 0, 0, 0, 0, 0, 0, 0, 0, 0, 1)
2018-04-04 00:20:18.379011;(13, 0, 24825, 253, 0, 0, 0, 0, 0, 0, 0, 0, 0, 0, 0, 0, 0, 0, 1)
2018-04-04 00:20:27.381605;(13, 0, 24828, 253, 0, 0, 0, 0, 0, 0, 0, 0, 0, 0, 0, 0, 0, 0, 1)
2018-04-04 00:20:38.383428;(13, 0, 24836, 253, 0, 0, 0, 0, 0, 0, 0, 0, 0, 0, 0, 0, 0, 0, 1)
2018-04-04 00:20:51.386063;(13, 0, 24839, 253, 0, 0, 0, 0, 0, 0, 0, 0, 0, 0, 0, 0, 0, 0, 1)
2018-04-04 00:21:03.387408;(13, 0, 24847, 253, 0, 0, 0, 0, 0, 0, 0, 0, 0, 0, 0, 0, 0, 0, 1)
2018-04-04 00:21:14.389496;(13, 0, 24850, 253, 0, 0, 0, 0, 0, 0, 0, 0, 0, 0, 0, 0, 0, 0, 1)
2018-04-04 00:21:17.947088;(9, 0, 59898, 253, 0, 0, 0, 0, 0, 0, 0, 0, 0, 0, 0, 0, 0, 0, 1)
2018-04-04 00:21:37.530266;(16, 0, 565, 253, 0, 0, 0, 0, 0, 0, 0, 0, 0, 0, 0, 0, 0, 0, 1)
2018-04-04 00:29:13.004377;(9, 0, 60266, 253, 0, 0, 0, 0, 0, 0, 0, 0, 0, 0, 0, 0, 0, 0, 1)
2018-04-04 00:29:35.668496;(3, 0, 60303, 253, 0, 0, 0, 0, 0, 0, 0, 0, 0, 0, 0, 0, 0, 0, 1)
2018-04-04 00:30:40.521621;(15, 0, 10000, 253, 0, 0, 0, 0, 0, 0, 0, 0, 0, 0, 0, 0, 0, 0, 1)
