2018-04-09 11:47:23.883178;(5, (4486, 27, 0, 27, 27, 0, 0, 1, 10, 0, 61, 38, 0))
2018-04-09 11:47:23.940103;(7, (4176, 31, 0, 31, 29, 0, 0, 27, 7, 0, 51, 63, 0))
2018-04-09 11:47:24.024406;(1, (4102, 30, 0, 30, 30, 0, 0, 4, 2, 0, 172, 36, 0))
2018-04-09 11:47:24.079131;(22, (3708, 34, 0, 34, 33, 0, 0, 14, 14, 0, 64, 61, 0))
2018-04-09 11:47:24.094375;(20, (11131, 11, 0, 11, 11, 0, 0, 2, 8, 0, 22, 21, 0))
2018-04-09 11:47:24.133386;(13, (3134, 40, 0, 40, 39, 0, 0, 15, 33, 0, 55, 87, 0))
2018-04-09 11:47:24.209764;(14, (6813, 21, 0, 21, 18, 0, 0, 11, 46, 0, 59, 75, 0))
2018-04-09 11:47:24.222389;(15, (2349, 54, 0, 54, 52, 0, 0, 9, 24, 0, 87, 85, 0))
2018-04-09 11:47:24.226873;(19, (8680, 14, 0, 14, 14, 0, 0, 1, 0, 0, 26, 15, 0))
2018-04-09 11:47:24.247360;(12, (11043, 12, 0, 12, 11, 0, 0, 9, 2, 0, 29, 22, 0))
2018-04-09 11:47:24.335915;(3, (5543, 22, 0, 22, 22, 0, 0, 7, 10, 0, 63, 39, 0))
2018-04-09 11:47:24.355809;(21, (9487, 13, 0, 13, 13, 0, 0, 0, 0, 0, 23, 13, 0))
2018-04-09 11:47:24.392066;(9, (4524, 28, 0, 28, 27, 0, 0, 13, 24, 0, 34, 64, 0))
2018-04-09 11:47:24.501897;(4, (4725, 27, 0, 27, 26, 0, 0, 3, 18, 0, 29, 47, 0))
2018-04-09 11:47:24.550594;(17, (10207, 13, 0, 13, 12, 0, 0, 17, 0, 0, 8, 29, 0))
2018-04-09 11:47:24.551844;(23, (7683, 20, 0, 20, 16, 0, 0, 33, 0, 0, 27, 49, 0))
2018-04-09 11:47:24.650549;(18, (3614, 35, 0, 35, 34, 0, 0, 13, 8, 0, 68, 55, 0))
2018-04-09 11:47:24.689530;(10, (2031, 60, 0, 60, 60, 0, 0, 6, 10, 0, 93, 76, 0))
2018-04-09 11:47:24.691590;(16, (11178, 13, 0, 13, 11, 0, 0, 12, 12, 0, 29, 35, 0))
2018-04-09 11:47:24.742474;(11, (5302, 24, 0, 24, 23, 0, 0, 8, 0, 0, 48, 31, 0))
2018-04-09 11:47:24.779078;(6, (6778, 18, 0, 18, 18, 0, 0, 8, 11, 0, 24, 37, 0))
2018-04-09 11:47:24.843074;(8, (6137, 22, 0, 22, 20, 0, 0, 27, 12, 0, 53, 59, 0))
2018-04-09 11:47:53.887283;(5, (1555, 46, 0, 46, 46, 0, 0, 2, 10, 0, 87, 58, 0))
2018-04-09 11:47:53.943440;(7, (1055, 61, 0, 61, 57, 0, 0, 66, 24, 0, 80, 147, 0))
2018-04-09 11:47:54.026241;(1, (234, 159, 0, 159, 156, 0, 0, 25, 111, 0, 341, 292, 0))
2018-04-09 11:47:54.081912;(22, (434, 108, 0, 108, 101, 0, 0, 40, 149, 0, 145, 290, 0))
2018-04-09 11:47:54.098179;(20, (1556, 33, 0, 33, 30, 0, 0, 26, 19, 0, 47, 75, 0))
2018-04-09 11:47:54.136190;(13, (527, 97, 0, 97, 95, 0, 0, 51, 43, 0, 114, 189, 0))
2018-04-09 11:47:54.213335;(14, (757, 63, 0, 63, 57, 0, 0, 50, 57, 0, 105, 164, 0))
2018-04-09 11:47:54.225656;(15, (399, 128, 0, 128, 126, 0, 0, 12, 40, 0, 165, 178, 0))
2018-04-09 11:47:54.228836;(19, (3284, 23, 0, 23, 23, 0, 0, 10, 0, 0, 39, 33, 0))
2018-04-09 11:47:54.251015;(12, (3284, 21, 0, 21, 20, 0, 0, 9, 2, 0, 42, 31, 0))
2018-04-09 11:47:54.338814;(3, (1555, 41, 0, 41, 41, 0, 0, 7, 32, 0, 94, 80, 0))
2018-04-09 11:47:54.361605;(21, (2955, 23, 0, 23, 23, 0, 0, 1, 5, 0, 35, 29, 0))
2018-04-09 11:47:54.394943;(9, (1478, 51, 0, 51, 47, 0, 0, 39, 37, 0, 56, 123, 0))
2018-04-09 11:47:54.504841;(4, (896, 60, 0, 60, 59, 0, 0, 7, 18, 0, 65, 84, 0))
2018-04-09 11:47:54.552859;(17, (3285, 24, 0, 24, 21, 0, 0, 41, 0, 0, 14, 62, 0))
2018-04-09 11:47:54.554404;(23, (29562, 21, 0, 21, 17, 0, 0, 33, 0, 0, 33, 50, 0))
2018-04-09 11:47:54.653235;(18, (799, 72, 0, 72, 71, 0, 0, 20, 8, 0, 114, 99, 0))
2018-04-09 11:47:54.694222;(10, (217, 198, 0, 198, 196, 0, 0, 30, 174, 0, 234, 400, 0))
2018-04-09 11:47:54.695292;(16, (2687, 24, 0, 24, 22, 0, 0, 18, 12, 0, 41, 52, 0))
2018-04-09 11:47:54.745943;(11, (1407, 45, 0, 45, 44, 0, 0, 9, 2, 0, 78, 55, 0))
2018-04-09 11:47:54.782507;(6, (2464, 30, 0, 30, 30, 0, 0, 8, 11, 0, 35, 49, 0))
2018-04-09 11:47:54.845639;(8, (1847, 39, 1, 38, 36, 0, 0, 27, 37, 1, 80, 100, 0))
2018-04-09 11:48:23.893414;(5, (142, 254, 0, 254, 254, 0, 0, 7, 43, 0, 303, 304, 0))
2018-04-09 11:48:23.946752;(7, (1231, 86, 0, 86, 81, 0, 0, 72, 36, 0, 109, 189, 0))
2018-04-09 11:48:24.030671;(1, (209, 301, 0, 301, 297, 0, 0, 30, 283, 0, 520, 610, 0))
2018-04-09 11:48:24.084729;(22, (321, 203, 0, 203, 193, 0, 0, 55, 213, 0, 249, 461, 0))
2018-04-09 11:48:24.101833;(20, (687, 80, 0, 80, 73, 0, 0, 47, 63, 0, 93, 183, 0))
2018-04-09 11:48:24.139249;(13, (672, 142, 0, 142, 139, 0, 0, 71, 89, 0, 159, 299, 0))
2018-04-09 11:48:24.217626;(14, (603, 112, 0, 112, 106, 0, 0, 57, 89, 0, 169, 252, 0))
2018-04-09 11:48:24.229290;(15, (527, 184, 0, 184, 182, 0, 0, 15, 40, 0, 230, 237, 0))
2018-04-09 11:48:24.231192;(19, (1847, 39, 0, 39, 39, 0, 0, 10, 13, 0, 58, 62, 0))
2018-04-09 11:48:24.256200;(12, (3285, 30, 0, 30, 29, 0, 0, 9, 2, 0, 60, 40, 0))
2018-04-09 11:48:24.342364;(3, (378, 121, 0, 121, 119, 0, 0, 24, 140, 0, 186, 283, 0))
2018-04-09 11:48:24.366297;(21, (3283, 32, 0, 32, 32, 0, 0, 1, 5, 0, 48, 38, 0))
2018-04-09 11:48:24.398017;(9, (3285, 61, 0, 61, 56, 0, 0, 44, 49, 0, 70, 149, 0))
2018-04-09 11:48:24.507474;(4, (953, 93, 0, 93, 90, 0, 0, 25, 30, 0, 92, 145, 0))
2018-04-09 11:48:24.554859;(17, (29560, 25, 0, 25, 22, 0, 0, 41, 0, 0, 14, 63, 0))
2018-04-09 11:48:24.557015;(23, (29559, 22, 0, 22, 18, 0, 0, 33, 0, 0, 37, 51, 0))
2018-04-09 11:48:24.655896;(18, (704, 116, 0, 116, 113, 0, 0, 42, 46, 0, 166, 201, 0))
2018-04-09 11:48:24.698454;(10, (170, 373, 0, 373, 369, 0, 0, 49, 353, 0, 413, 771, 0))
2018-04-09 11:48:24.699111;(16, (1847, 40, 0, 40, 38, 0, 0, 27, 12, 0, 57, 77, 0))
2018-04-09 11:48:24.750792;(11, (1970, 60, 0, 60, 59, 0, 0, 9, 34, 0, 101, 102, 0))
2018-04-09 11:48:24.786504;(6, (2111, 44, 0, 44, 44, 0, 0, 17, 11, 0, 48, 72, 0))
2018-04-09 11:48:24.851002;(8, (1847, 55, 1, 54, 52, 0, 0, 33, 50, 1, 107, 135, 0))
2018-04-09 11:48:53.896199;(5, (217, 394, 0, 394, 390, 0, 0, 19, 157, 0, 449, 566, 0))
2018-04-09 11:48:53.950002;(7, (1478, 106, 0, 106, 101, 0, 0, 78, 68, 0, 140, 247, 0))
2018-04-09 11:48:54.032671;(1, (198, 455, 0, 455, 446, 0, 0, 54, 554, 0, 717, 1054, 0))
2018-04-09 11:48:54.087469;(22, (223, 342, 0, 342, 325, 0, 0, 81, 381, 0, 406, 787, 0))
2018-04-09 11:48:54.104383;(20, (820, 116, 0, 116, 109, 0, 0, 49, 96, 0, 132, 254, 0))
2018-04-09 11:48:54.141957;(13, (579, 193, 0, 193, 190, 0, 0, 90, 142, 0, 206, 422, 0))
2018-04-09 11:48:54.220126;(14, (394, 190, 0, 190, 181, 0, 0, 81, 233, 0, 247, 495, 0))
2018-04-09 11:48:54.233359;(15, (208, 328, 0, 328, 324, 0, 0, 32, 114, 0, 385, 470, 0))
2018-04-09 11:48:54.234703;(19, (1408, 63, 0, 63, 60, 0, 0, 31, 38, 0, 85, 129, 0))
2018-04-09 11:48:54.259913;(12, (1408, 56, 0, 56, 50, 0, 0, 46, 32, 0, 90, 128, 0))
2018-04-09 11:48:54.346572;(3, (324, 221, 0, 221, 210, 0, 0, 81, 314, 0, 285, 605, 0))
2018-04-09 11:48:54.373599;(21, (1847, 49, 0, 49, 48, 0, 0, 1, 29, 0, 65, 78, 0))
2018-04-09 11:48:54.401532;(9, (2956, 71, 0, 71, 66, 0, 0, 45, 49, 0, 83, 160, 0))
2018-04-09 11:48:54.510688;(4, (1055, 123, 0, 123, 118, 0, 0, 29, 72, 0, 122, 219, 0))
2018-04-09 11:48:54.557483;(17, (29567, 26, 0, 26, 23, 0, 0, 41, 0, 0, 14, 64, 0))
2018-04-09 11:48:54.559734;(23, (1019, 52, 0, 52, 47, 0, 0, 47, 2, 0, 67, 96, 0))
2018-04-09 11:48:54.659199;(18, (558, 174, 0, 174, 166, 0, 0, 79, 160, 0, 239, 405, 0))
2018-04-09 11:48:54.702001;(10, (179, 544, 0, 544, 534, 0, 0, 79, 575, 0, 589, 1188, 0))
2018-04-09 11:48:54.703895;(16, (1019, 70, 0, 70, 67, 0, 0, 49, 35, 0, 84, 151, 0))
2018-04-09 11:48:54.755100;(11, (1094, 89, 0, 89, 86, 0, 0, 18, 84, 0, 141, 188, 0))
2018-04-09 11:48:54.790553;(6, (3695, 52, 0, 52, 52, 0, 0, 17, 11, 0, 60, 80, 0))
2018-04-09 11:48:54.853893;(8, (591, 107, 1, 106, 102, 0, 0, 57, 134, 1, 185, 293, 0))
2018-04-09 11:49:23.900144;(5, (416, 466, 0, 466, 461, 0, 0, 32, 198, 0, 527, 691, 0))
2018-04-09 11:49:23.952644;(7, (2111, 121, 0, 121, 115, 0, 0, 80, 92, 0, 160, 287, 0))
2018-04-09 11:49:24.034689;(1, (217, 595, 0, 595, 582, 0, 0, 67, 759, 0, 892, 1408, 0))
2018-04-09 11:49:24.091266;(22, (220, 478, 0, 478, 459, 0, 0, 118, 455, 0, 550, 1032, 0))
2018-04-09 11:49:24.109375;(20, (1182, 142, 0, 142, 134, 0, 0, 60, 102, 0, 159, 296, 0))
2018-04-09 11:49:24.144851;(13, (721, 234, 0, 234, 231, 0, 0, 106, 168, 0, 244, 505, 0))
2018-04-09 11:49:24.223764;(14, (208, 335, 0, 335, 323, 0, 0, 116, 408, 0, 398, 847, 0))
2018-04-09 11:49:24.236314;(15, (142, 539, 0, 539, 531, 0, 0, 61, 250, 0, 606, 842, 0))
2018-04-09 11:49:24.237788;(19, (821, 99, 0, 99, 96, 0, 0, 46, 48, 0, 124, 190, 0))
2018-04-09 11:49:24.263956;(12, (1971, 71, 0, 71, 65, 0, 0, 48, 32, 0, 113, 145, 0))
2018-04-09 11:49:24.349840;(3, (308, 319, 0, 319, 306, 0, 0, 104, 441, 0, 386, 851, 0))
2018-04-09 11:49:24.376063;(21, (4224, 56, 0, 56, 55, 0, 0, 1, 29, 0, 75, 85, 0))
2018-04-09 11:49:24.406696;(9, (3284, 80, 0, 80, 75, 0, 0, 46, 49, 0, 94, 170, 0))
2018-04-09 11:49:24.521066;(4, (1231, 148, 0, 148, 142, 0, 0, 31, 93, 0, 150, 266, 0))
2018-04-09 11:49:24.560293;(17, (29563, 27, 0, 27, 24, 0, 0, 41, 0, 0, 14, 65, 0))
2018-04-09 11:49:24.562590;(23, (869, 90, 0, 90, 81, 0, 0, 87, 44, 0, 106, 212, 0))
2018-04-09 11:49:24.662389;(18, (1019, 209, 0, 209, 195, 0, 0, 121, 253, 0, 280, 569, 0))
2018-04-09 11:49:24.705864;(10, (179, 712, 0, 712, 699, 0, 0, 84, 686, 0, 765, 1469, 0))
2018-04-09 11:49:24.707107;(16, (1971, 85, 0, 85, 82, 0, 0, 49, 36, 0, 106, 167, 0))
2018-04-09 11:49:24.762756;(11, (869, 127, 0, 127, 120, 0, 0, 39, 165, 0, 190, 324, 0))
2018-04-09 11:49:24.794573;(6, (2274, 66, 0, 66, 65, 0, 0, 25, 29, 0, 76, 119, 0))
2018-04-09 11:49:24.857290;(8, (1055, 138, 1, 137, 130, 0, 0, 67, 236, 1, 228, 433, 0))
2018-04-09 11:49:53.902815;(5, (422, 537, 0, 537, 531, 0, 0, 44, 232, 0, 603, 807, 0))
2018-04-09 11:49:53.955455;(7, (1555, 142, 0, 142, 134, 0, 0, 93, 148, 0, 192, 375, 0))
2018-04-09 11:49:54.037691;(1, (208, 739, 0, 739, 724, 0, 0, 69, 913, 0, 1080, 1706, 0))
2018-04-09 11:49:54.094409;(22, (311, 574, 0, 574, 554, 0, 0, 130, 502, 0, 664, 1186, 0))
2018-04-09 11:49:54.115238;(20, (557, 198, 0, 198, 187, 0, 0, 75, 189, 0, 221, 451, 0))
2018-04-09 11:49:54.147726;(13, (758, 273, 0, 273, 270, 0, 0, 121, 168, 0, 284, 559, 0))
2018-04-09 11:49:54.226716;(14, (254, 458, 0, 458, 439, 0, 0, 145, 631, 0, 528, 1215, 0))
2018-04-09 11:49:54.240501;(15, (131, 769, 0, 769, 756, 0, 0, 74, 404, 0, 841, 1234, 0))
2018-04-09 11:49:54.243030;(19, (1344, 123, 0, 123, 118, 0, 0, 52, 100, 0, 153, 270, 0))
2018-04-09 11:49:54.267396;(12, (778, 112, 0, 112, 103, 0, 0, 68, 69, 0, 156, 240, 0))
2018-04-09 11:49:54.352548;(3, (347, 409, 0, 409, 391, 0, 0, 155, 586, 0, 489, 1132, 0))
2018-04-09 11:49:54.378838;(21, (3692, 64, 0, 64, 63, 0, 0, 1, 29, 0, 89, 93, 0))
2018-04-09 11:49:54.409650;(9, (3696, 88, 0, 88, 83, 0, 0, 46, 49, 0, 103, 178, 0))
2018-04-09 11:49:54.523750;(4, (1285, 171, 0, 171, 165, 0, 0, 33, 93, 0, 173, 291, 0))
2018-04-09 11:49:54.563103;(17, (0, 27, 0, 27, 24, 0, 0, 41, 0, 0, 14, 65, 0))
2018-04-09 11:49:54.566282;(23, (14781, 92, 0, 92, 83, 0, 0, 87, 44, 0, 113, 214, 0))
2018-04-09 11:49:54.665729;(18, (1406, 232, 0, 232, 216, 0, 0, 140, 280, 0, 306, 636, 0))
2018-04-09 11:49:54.708576;(10, (190, 869, 0, 869, 854, 0, 0, 97, 754, 0, 937, 1705, 0))
2018-04-09 11:49:54.710335;(16, (1971, 100, 0, 100, 97, 0, 0, 50, 36, 0, 129, 183, 0))
2018-04-09 11:49:54.767326;(11, (1555, 146, 0, 146, 139, 0, 0, 40, 165, 0, 213, 344, 0))
2018-04-09 11:49:54.805348;(6, (3695, 74, 0, 74, 73, 0, 0, 26, 29, 0, 86, 128, 0))
2018-04-09 11:49:54.860852;(8, (985, 172, 1, 171, 160, 0, 0, 81, 389, 1, 268, 630, 0))
2018-04-09 11:50:23.906261;(5, (434, 607, 0, 607, 599, 0, 0, 51, 301, 0, 676, 951, 0))
2018-04-09 11:50:23.958225;(7, (1847, 159, 0, 159, 150, 0, 0, 96, 197, 0, 217, 443, 0))
2018-04-09 11:50:24.039858;(1, (203, 889, 0, 889, 869, 0, 0, 82, 1127, 0, 1254, 2078, 0))
2018-04-09 11:50:24.099089;(22, (369, 654, 0, 654, 634, 0, 0, 137, 503, 0, 751, 1274, 0))
2018-04-09 11:50:24.119936;(20, (287, 304, 0, 304, 290, 0, 0, 113, 314, 0, 329, 717, 0))
2018-04-09 11:50:24.151535;(13, (672, 317, 0, 317, 314, 0, 0, 145, 182, 0, 324, 641, 0))
2018-04-09 11:50:24.229527;(14, (394, 535, 0, 535, 514, 0, 0, 161, 729, 0, 610, 1404, 0))
2018-04-09 11:50:24.246968;(15, (136, 991, 0, 991, 973, 0, 0, 102, 571, 0, 1066, 1646, 0))
2018-04-09 11:50:24.248384;(19, (1643, 142, 0, 142, 136, 0, 0, 60, 113, 0, 180, 309, 0))
2018-04-09 11:50:24.270958;(12, (954, 143, 0, 143, 134, 0, 0, 73, 84, 0, 189, 291, 0))
2018-04-09 11:50:24.355171;(3, (347, 497, 0, 497, 476, 0, 0, 172, 730, 0, 583, 1378, 0))
2018-04-09 11:50:24.382165;(21, (3695, 72, 0, 72, 71, 0, 0, 1, 29, 0, 99, 101, 0))
2018-04-09 11:50:24.413463;(9, (3695, 96, 0, 96, 91, 0, 0, 47, 49, 0, 115, 187, 0))
2018-04-09 11:50:24.527171;(4, (1137, 197, 0, 197, 191, 0, 0, 34, 117, 0, 199, 342, 0))
2018-04-09 11:50:24.564912;(17, (0, 27, 0, 27, 24, 0, 0, 41, 0, 0, 15, 65, 0))
2018-04-09 11:50:24.567862;(23, (29544, 93, 0, 93, 84, 0, 0, 87, 44, 0, 115, 215, 0))
2018-04-09 11:50:24.668478;(18, (2273, 245, 0, 245, 229, 0, 0, 141, 290, 0, 322, 660, 0))
2018-04-09 11:50:24.712269;(10, (304, 967, 0, 967, 951, 0, 0, 101, 845, 0, 1045, 1897, 0))
2018-04-09 11:50:24.714915;(16, (2465, 112, 0, 112, 109, 0, 0, 52, 36, 0, 147, 197, 0))
2018-04-09 11:50:24.773535;(11, (2956, 156, 0, 156, 149, 0, 0, 42, 165, 0, 231, 356, 0))
2018-04-09 11:50:24.810522;(6, (3694, 82, 0, 82, 81, 0, 0, 28, 29, 0, 95, 138, 0))
2018-04-09 11:50:24.863304;(8, (721, 213, 1, 212, 201, 0, 0, 84, 389, 1, 323, 674, 0))
2018-04-09 11:50:53.909331;(5, (673, 654, 0, 654, 643, 0, 0, 73, 346, 0, 726, 1062, 0))
2018-04-09 11:50:53.961192;(7, (1136, 188, 0, 188, 176, 0, 0, 115, 244, 0, 256, 535, 0))
2018-04-09 11:50:54.042081;(1, (238, 1013, 0, 1013, 993, 0, 0, 84, 1253, 0, 1408, 2330, 0))
2018-04-09 11:50:54.102290;(22, (189, 812, 0, 812, 790, 0, 0, 170, 537, 0, 924, 1497, 0))
2018-04-09 11:50:54.122031;(20, (985, 337, 0, 337, 320, 0, 0, 143, 372, 0, 356, 835, 0))
2018-04-09 11:50:54.154344;(13, (1056, 346, 0, 346, 342, 0, 0, 160, 182, 0, 358, 684, 0))
2018-04-09 11:50:54.232169;(14, (286, 642, 0, 642, 617, 0, 0, 179, 930, 0, 731, 1726, 0))
2018-04-09 11:50:54.250761;(15, (149, 1190, 0, 1190, 1170, 0, 0, 112, 623, 0, 1271, 1905, 0))
2018-04-09 11:50:54.251910;(19, (896, 175, 0, 175, 169, 0, 0, 75, 160, 0, 221, 404, 0))
2018-04-09 11:50:54.275073;(12, (798, 182, 0, 182, 171, 0, 0, 79, 191, 0, 232, 441, 0))
2018-04-09 11:50:54.357966;(3, (721, 540, 0, 540, 517, 0, 0, 185, 810, 0, 640, 1512, 0))
2018-04-09 11:50:54.385467;(21, (3695, 80, 0, 80, 79, 0, 0, 1, 29, 0, 108, 109, 0))
2018-04-09 11:50:54.530163;(4, (1344, 219, 0, 219, 213, 0, 0, 34, 143, 0, 220, 390, 0))
2018-04-09 11:50:54.568151;(17, (0, 27, 0, 27, 24, 0, 0, 41, 0, 0, 15, 65, 0))
2018-04-09 11:50:54.570416;(23, (29560, 94, 0, 94, 85, 0, 0, 87, 44, 0, 119, 216, 0))
2018-04-09 11:50:54.670891;(18, (1479, 266, 0, 266, 249, 0, 0, 149, 302, 0, 342, 700, 0))
2018-04-09 11:50:54.716162;(10, (167, 1145, 0, 1145, 1127, 0, 0, 110, 885, 0, 1234, 2122, 0))
2018-04-09 11:50:54.717954;(16, (1556, 131, 0, 131, 128, 0, 0, 55, 37, 0, 173, 220, 0))
2018-04-09 11:50:54.775587;(11, (603, 207, 0, 207, 198, 0, 0, 62, 217, 0, 292, 477, 0))
2018-04-09 11:50:54.814193;(6, (4224, 92, 0, 92, 88, 0, 0, 56, 36, 0, 102, 180, 0))
2018-04-09 11:50:54.868076;(8, (180, 383, 1, 382, 365, 0, 0, 139, 657, 1, 509, 1161, 0))
2018-04-09 11:51:23.966241;(7, (1554, 210, 0, 210, 195, 0, 0, 144, 267, 0, 277, 606, 0))
2018-04-09 11:51:24.043968;(1, (200, 1163, 0, 1163, 1140, 0, 0, 103, 1463, 0, 1593, 2706, 0))
2018-04-09 11:51:24.106321;(22, (175, 986, 0, 986, 958, 0, 0, 224, 660, 0, 1119, 1842, 0))
2018-04-09 11:51:24.127543;(20, (2111, 353, 0, 353, 334, 0, 0, 165, 387, 0, 367, 886, 0))
2018-04-09 11:51:24.235664;(14, (263, 757, 0, 757, 729, 0, 0, 227, 1177, 0, 859, 2133, 0))
2018-04-09 11:51:24.254416;(15, (119, 1440, 0, 1440, 1417, 0, 0, 128, 736, 0, 1525, 2281, 0))
2018-04-09 11:51:24.278285;(12, (1343, 205, 0, 205, 193, 0, 0, 88, 235, 0, 263, 516, 0))
2018-04-09 11:51:24.388199;(21, (4222, 87, 0, 87, 86, 0, 0, 1, 29, 0, 118, 116, 0))
2018-04-09 11:51:24.532552;(4, (1182, 244, 0, 244, 238, 0, 0, 34, 157, 0, 249, 429, 0))
2018-04-09 11:51:24.570467;(17, (0, 27, 0, 27, 24, 0, 0, 41, 0, 0, 16, 65, 0))
2018-04-09 11:51:24.718473;(10, (144, 1350, 0, 1350, 1331, 0, 0, 123, 1001, 0, 1450, 2455, 0))
2018-04-09 11:51:24.719939;(16, (869, 165, 0, 165, 162, 0, 0, 65, 93, 0, 210, 320, 0))
2018-04-09 11:51:24.779001;(11, (378, 291, 0, 291, 276, 0, 0, 96, 418, 0, 388, 790, 0))
2018-04-09 11:51:24.821029;(6, (2113, 106, 0, 106, 102, 0, 0, 57, 43, 0, 117, 202, 0))
2018-04-09 11:51:24.871522;(8, (292, 491, 1, 490, 466, 0, 0, 182, 827, 1, 630, 1475, 0))
2018-04-09 11:51:24.913383;(5, (519, 713, 0, 713, 700, 0, 0, 82, 415, 0, 788, 1197, 0))
2018-04-09 11:51:25.162766;(13, (672, 391, 0, 391, 386, 0, 0, 186, 196, 0, 401, 768, 0))
2018-04-09 11:51:25.257316;(19, (1137, 202, 0, 202, 195, 0, 0, 98, 196, 0, 252, 489, 0))
2018-04-09 11:51:25.361179;(3, (493, 602, 0, 602, 577, 0, 0, 197, 892, 0, 716, 1666, 0))
2018-04-09 11:51:25.674726;(18, (657, 316, 0, 316, 294, 0, 0, 180, 437, 0, 406, 911, 0))
2018-04-09 11:51:53.968974;(7, (2464, 222, 0, 222, 207, 0, 0, 155, 278, 0, 298, 640, 0))
2018-04-09 11:51:54.045814;(1, (198, 1317, 0, 1317, 1289, 0, 0, 118, 1798, 0, 1768, 3205, 0))
2018-04-09 11:51:54.238427;(14, (422, 827, 0, 827, 799, 0, 0, 232, 1226, 0, 949, 2257, 0))
2018-04-09 11:51:54.392764;(21, (3692, 95, 0, 95, 94, 0, 0, 1, 29, 0, 127, 124, 0))
2018-04-09 11:51:54.781795;(11, (845, 326, 0, 326, 311, 0, 0, 104, 419, 0, 431, 834, 0))
2018-04-09 11:51:54.918268;(5, (558, 771, 0, 771, 753, 0, 0, 107, 504, 0, 848, 1364, 0))
2018-04-09 11:51:55.110360;(22, (188, 1143, 0, 1143, 1115, 0, 0, 234, 684, 0, 1285, 2033, 0))
2018-04-09 11:51:55.134123;(20, (2957, 363, 0, 363, 344, 0, 0, 169, 401, 0, 378, 914, 0))
2018-04-09 11:51:55.165517;(13, (704, 434, 0, 434, 428, 0, 0, 219, 219, 0, 447, 866, 0))
2018-04-09 11:51:55.258217;(15, (130, 1673, 0, 1673, 1643, 0, 0, 162, 891, 0, 1760, 2696, 0))
2018-04-09 11:51:55.262666;(19, (2690, 213, 0, 213, 206, 0, 0, 99, 203, 0, 270, 508, 0))
2018-04-09 11:51:55.281811;(12, (1848, 221, 0, 221, 209, 0, 0, 89, 236, 0, 286, 534, 0))
2018-04-09 11:51:55.365137;(3, (214, 743, 0, 743, 715, 0, 0, 210, 964, 0, 866, 1889, 0))
2018-04-09 11:51:55.535132;(4, (799, 283, 0, 283, 275, 0, 0, 48, 186, 0, 284, 509, 0))
2018-04-09 11:51:55.573588;(17, (29552, 28, 0, 28, 25, 0, 0, 41, 0, 0, 16, 66, 0))
2018-04-09 11:51:55.678266;(18, (924, 348, 0, 348, 326, 0, 0, 192, 467, 0, 448, 985, 0))
2018-04-09 11:51:55.725944;(16, (1344, 187, 0, 187, 184, 0, 0, 71, 99, 0, 239, 354, 0))
2018-04-09 11:51:55.826072;(6, (3696, 114, 0, 114, 110, 0, 0, 60, 57, 0, 125, 227, 0))
2018-04-09 11:51:55.877626;(8, (1557, 510, 1, 509, 485, 0, 0, 186, 841, 1, 661, 1512, 0))
2018-04-09 11:52:24.047659;(1, (214, 1458, 0, 1458, 1427, 0, 0, 128, 1966, 0, 1951, 3521, 0))
2018-04-09 11:52:24.397052;(21, (4223, 102, 0, 102, 101, 0, 0, 3, 39, 0, 135, 143, 0))
2018-04-09 11:52:24.785316;(11, (268, 441, 0, 441, 421, 0, 0, 139, 524, 0, 561, 1084, 0))
2018-04-09 11:52:24.921691;(5, (527, 827, 0, 827, 809, 0, 0, 113, 550, 0, 911, 1472, 0))
2018-04-09 11:52:24.971490;(7, (1285, 247, 0, 247, 230, 0, 0, 166, 352, 0, 325, 748, 0))
2018-04-09 11:52:25.113580;(22, (351, 1230, 0, 1230, 1199, 0, 0, 251, 842, 0, 1379, 2292, 0))
2018-04-09 11:52:25.138439;(20, (1285, 387, 0, 387, 367, 0, 0, 173, 436, 0, 406, 976, 0))
2018-04-09 11:52:25.168628;(13, (703, 478, 0, 478, 470, 0, 0, 242, 237, 0, 491, 949, 0))
2018-04-09 11:52:25.242544;(14, (410, 907, 0, 907, 871, 0, 0, 259, 1462, 0, 1042, 2592, 0))
2018-04-09 11:52:25.261920;(15, (124, 1913, 0, 1913, 1880, 0, 0, 200, 967, 0, 2010, 3047, 0))
2018-04-09 11:52:25.265796;(19, (1055, 242, 0, 242, 234, 0, 0, 113, 247, 0, 308, 594, 0))
2018-04-09 11:52:25.285176;(12, (1739, 238, 0, 238, 226, 0, 0, 90, 255, 0, 306, 571, 0))
2018-04-09 11:52:25.369179;(3, (317, 839, 0, 839, 808, 0, 0, 229, 1178, 0, 967, 2215, 0))
2018-04-09 11:52:25.538624;(4, (1056, 311, 0, 311, 303, 0, 0, 48, 187, 0, 311, 538, 0))
2018-04-09 11:52:25.575513;(17, (0, 28, 0, 28, 25, 0, 0, 41, 0, 0, 16, 66, 0))
2018-04-09 11:52:25.681751;(18, (231, 479, 0, 479, 454, 0, 0, 259, 581, 0, 593, 1294, 0))
2018-04-09 11:52:25.729943;(16, (1344, 209, 0, 209, 206, 0, 0, 75, 118, 0, 264, 399, 0))
2018-04-09 11:52:25.831228;(6, (1739, 132, 0, 132, 127, 0, 0, 68, 59, 0, 145, 254, 0))
2018-04-09 11:52:25.882235;(8, (1285, 535, 1, 534, 508, 0, 0, 192, 908, 1, 695, 1608, 0))
2018-04-09 11:52:54.049984;(1, (209, 1603, 0, 1603, 1568, 0, 0, 141, 2201, 0, 2115, 3910, 0))
2018-04-09 11:52:54.399771;(21, (3695, 110, 0, 110, 109, 0, 0, 5, 39, 0, 147, 153, 0))
2018-04-09 11:52:54.924302;(5, (557, 883, 0, 883, 862, 0, 0, 122, 603, 0, 973, 1587, 0))
2018-04-09 11:52:54.974429;(7, (1642, 267, 0, 267, 248, 0, 0, 180, 399, 0, 351, 827, 0))
2018-04-09 11:52:55.117147;(22, (295, 1331, 0, 1331, 1299, 0, 0, 274, 918, 0, 1491, 2491, 0))
2018-04-09 11:52:55.141895;(20, (2956, 397, 0, 397, 377, 0, 0, 175, 447, 0, 426, 999, 0))
2018-04-09 11:52:55.171865;(13, (739, 518, 0, 518, 510, 0, 0, 256, 237, 0, 534, 1003, 0))
2018-04-09 11:52:55.246812;(14, (628, 956, 0, 956, 918, 0, 0, 270, 1515, 0, 1108, 2703, 0))
2018-04-09 11:52:55.265987;(15, (139, 2131, 0, 2131, 2092, 0, 0, 239, 1117, 0, 2231, 3448, 0))
2018-04-09 11:52:55.269237;(19, (1643, 261, 0, 261, 252, 0, 0, 122, 260, 0, 330, 634, 0))
2018-04-09 11:52:55.287745;(12, (1739, 255, 0, 255, 243, 0, 0, 92, 263, 0, 327, 598, 0))
2018-04-09 11:52:55.371880;(3, (311, 935, 0, 935, 903, 0, 0, 240, 1307, 0, 1080, 2450, 0))
2018-04-09 11:52:55.541585;(4, (1182, 336, 0, 336, 328, 0, 0, 52, 187, 0, 335, 567, 0))
2018-04-09 11:52:55.577366;(17, (0, 28, 0, 28, 25, 0, 0, 41, 0, 0, 16, 66, 0))
2018-04-09 11:52:55.685199;(18, (434, 549, 0, 549, 522, 0, 0, 301, 597, 0, 677, 1420, 0))
2018-04-09 11:52:55.734225;(16, (2956, 219, 0, 219, 216, 0, 0, 75, 118, 0, 280, 409, 0))
2018-04-09 11:52:55.788277;(11, (1231, 466, 0, 466, 445, 0, 0, 147, 524, 0, 598, 1116, 0))
2018-04-09 11:52:55.834313;(6, (3695, 140, 0, 140, 135, 0, 0, 68, 59, 0, 156, 262, 0))
2018-04-09 11:52:55.887541;(8, (1343, 559, 1, 558, 530, 0, 0, 197, 964, 1, 733, 1691, 0))
2018-04-09 11:53:24.053046;(1, (190, 1762, 0, 1762, 1723, 0, 0, 167, 2418, 0, 2305, 4308, 0))
2018-04-09 11:53:24.928415;(5, (557, 936, 0, 936, 915, 0, 0, 131, 642, 0, 1028, 1688, 0))
2018-04-09 11:53:24.977511;(7, (1055, 296, 0, 296, 276, 0, 0, 190, 399, 0, 392, 865, 0))
2018-04-09 11:53:25.121565;(22, (374, 1414, 0, 1414, 1378, 0, 0, 318, 990, 0, 1583, 2686, 0))
2018-04-09 11:53:25.144819;(20, (1019, 426, 0, 426, 406, 0, 0, 178, 475, 0, 452, 1059, 0))
2018-04-09 11:53:25.175168;(13, (778, 556, 0, 556, 548, 0, 0, 265, 237, 0, 573, 1050, 0))
2018-04-09 11:53:25.251220;(14, (454, 1023, 0, 1023, 983, 0, 0, 285, 1597, 0, 1198, 2865, 0))
2018-04-09 11:53:25.269560;(15, (115, 2394, 0, 2394, 2347, 0, 0, 279, 1307, 0, 2498, 3933, 0))
2018-04-09 11:53:25.273501;(19, (1137, 288, 0, 288, 278, 0, 0, 144, 295, 0, 356, 717, 0))
2018-04-09 11:53:25.291908;(12, (758, 295, 0, 295, 282, 0, 0, 108, 279, 0, 372, 669, 0))
2018-04-09 11:53:25.381154;(3, (229, 1068, 0, 1068, 1032, 0, 0, 271, 1583, 0, 1226, 2886, 0))
2018-04-09 11:53:25.403498;(21, (4223, 117, 0, 117, 116, 0, 0, 7, 49, 0, 155, 172, 0))
2018-04-09 11:53:25.545753;(4, (1286, 359, 0, 359, 351, 0, 0, 57, 188, 0, 358, 596, 0))
2018-04-09 11:53:25.581734;(17, (0, 28, 0, 28, 25, 0, 0, 41, 0, 0, 18, 66, 0))
2018-04-09 11:53:25.688145;(18, (212, 692, 0, 692, 661, 0, 0, 358, 689, 0, 832, 1708, 0))
2018-04-09 11:53:25.737529;(16, (579, 272, 0, 272, 267, 0, 0, 94, 162, 0, 343, 523, 0))
2018-04-09 11:53:25.790976;(11, (895, 501, 0, 501, 478, 0, 0, 160, 566, 0, 648, 1204, 0))
2018-04-09 11:53:25.837799;(6, (3286, 149, 0, 149, 144, 0, 0, 81, 64, 0, 164, 289, 0))
2018-04-09 11:53:25.891044;(8, (923, 594, 1, 593, 562, 0, 0, 217, 1014, 1, 782, 1793, 0))
2018-04-09 11:53:54.055248;(1, (236, 1889, 0, 1889, 1848, 0, 0, 171, 2578, 0, 2446, 4597, 0))
2018-04-09 11:53:54.933083;(5, (557, 989, 0, 989, 968, 0, 0, 136, 657, 0, 1083, 1761, 0))
2018-04-09 11:53:54.979820;(7, (1407, 318, 0, 318, 297, 0, 0, 206, 425, 0, 421, 928, 0))
2018-04-09 11:53:55.126117;(22, (422, 1486, 0, 1486, 1448, 0, 0, 334, 1059, 0, 1669, 2841, 0))
2018-04-09 11:53:55.147240;(20, (2111, 440, 0, 440, 420, 0, 0, 179, 480, 0, 469, 1079, 0))
2018-04-09 11:53:55.178928;(13, (778, 594, 0, 594, 586, 0, 0, 270, 237, 0, 614, 1093, 0))
2018-04-09 11:53:55.254686;(14, (335, 1115, 0, 1115, 1071, 0, 0, 309, 1749, 0, 1309, 3129, 0))
2018-04-09 11:53:55.274011;(15, (162, 2577, 0, 2577, 2529, 0, 0, 288, 1358, 0, 2682, 4175, 0))
2018-04-09 11:53:55.275488;(19, (1285, 314, 0, 314, 301, 0, 0, 169, 347, 0, 387, 817, 0))
2018-04-09 11:53:55.295910;(12, (1406, 319, 0, 319, 303, 0, 0, 134, 367, 0, 399, 804, 0))
2018-04-09 11:53:55.383440;(3, (365, 1152, 0, 1152, 1113, 0, 0, 284, 1743, 0, 1322, 3140, 0))
2018-04-09 11:53:55.406913;(21, (3692, 125, 0, 125, 124, 0, 0, 7, 49, 0, 164, 180, 0))
2018-04-09 11:53:55.549003;(4, (1232, 383, 0, 383, 375, 0, 0, 61, 188, 0, 382, 624, 0))
2018-04-09 11:53:55.583741;(17, (0, 28, 0, 28, 25, 0, 0, 41, 0, 0, 20, 66, 0))
2018-04-09 11:53:55.691959;(18, (352, 779, 0, 779, 745, 0, 0, 402, 787, 0, 922, 1934, 0))
2018-04-09 11:53:55.741004;(16, (758, 315, 0, 315, 306, 0, 0, 129, 256, 0, 394, 691, 0))
2018-04-09 11:53:55.795071;(11, (985, 533, 0, 533, 508, 0, 0, 168, 648, 0, 694, 1324, 0))
2018-04-09 11:53:55.840587;(6, (2274, 162, 0, 162, 157, 0, 0, 81, 75, 0, 179, 313, 0))
2018-04-09 11:53:55.898654;(8, (895, 631, 1, 630, 595, 0, 0, 238, 1128, 1, 829, 1961, 0))
2018-04-09 11:54:24.061636;(1, (199, 2042, 0, 2042, 1996, 0, 0, 181, 2849, 0, 2642, 5026, 0))
2018-04-09 11:54:24.938426;(5, (111, 1259, 0, 1259, 1234, 0, 0, 169, 747, 0, 1359, 2150, 0))
2018-04-09 11:54:24.986057;(7, (1847, 335, 0, 335, 313, 0, 0, 208, 445, 0, 447, 966, 0))
2018-04-09 11:54:25.130092;(22, (156, 1678, 0, 1678, 1637, 0, 0, 349, 1173, 0, 1876, 3159, 0))
2018-04-09 11:54:25.149951;(20, (2111, 454, 0, 454, 434, 0, 0, 180, 487, 0, 487, 1101, 0))
2018-04-09 11:54:25.183253;(13, (721, 637, 0, 637, 627, 0, 0, 299, 282, 0, 653, 1208, 0))
2018-04-09 11:54:25.261233;(14, (321, 1211, 0, 1211, 1163, 0, 0, 335, 1965, 0, 1430, 3463, 0))
2018-04-09 11:54:25.278264;(15, (758, 2616, 0, 2616, 2568, 0, 0, 292, 1370, 0, 2729, 4230, 0))
2018-04-09 11:54:25.281130;(19, (2462, 328, 0, 328, 313, 0, 0, 179, 395, 0, 403, 887, 0))
2018-04-09 11:54:25.300280;(12, (1019, 348, 0, 348, 332, 0, 0, 135, 419, 0, 432, 886, 0))
2018-04-09 11:54:25.387259;(3, (263, 1266, 0, 1266, 1225, 0, 0, 296, 1835, 0, 1452, 3356, 0))
2018-04-09 11:54:25.410562;(21, (4224, 132, 0, 132, 131, 0, 0, 7, 49, 0, 173, 187, 0))
2018-04-09 11:54:25.553135;(4, (1095, 410, 0, 410, 402, 0, 0, 62, 200, 0, 410, 664, 0))
2018-04-09 11:54:25.587135;(17, (29570, 29, 0, 29, 26, 0, 0, 41, 0, 0, 23, 67, 0))
2018-04-09 11:54:25.699768;(18, (924, 817, 0, 817, 777, 0, 0, 461, 829, 0, 965, 2067, 0))
2018-04-09 11:54:25.742881;(16, (1643, 335, 0, 335, 324, 0, 0, 147, 280, 0, 413, 751, 0))
2018-04-09 11:54:25.797779;(11, (952, 564, 0, 564, 539, 0, 0, 177, 667, 0, 733, 1383, 0))
2018-04-09 11:54:25.843396;(6, (1739, 179, 0, 179, 174, 0, 0, 94, 86, 0, 193, 354, 0))
2018-04-09 11:54:25.902729;(8, (629, 678, 1, 677, 642, 0, 0, 239, 1151, 1, 891, 2032, 0))
2018-04-09 11:54:54.063536;(1, (203, 2190, 0, 2190, 2141, 0, 0, 185, 3014, 0, 2802, 5340, 0))
2018-04-09 11:54:54.943489;(5, (116, 1516, 0, 1516, 1488, 0, 0, 194, 823, 0, 1619, 2505, 0))
2018-04-09 11:54:54.989677;(7, (2465, 347, 0, 347, 325, 0, 0, 217, 453, 0, 464, 995, 0))
2018-04-09 11:54:55.134572;(22, (181, 1842, 0, 1842, 1800, 0, 0, 355, 1234, 0, 2046, 3389, 0))
2018-04-09 11:54:55.152575;(20, (3285, 463, 0, 463, 443, 0, 0, 180, 489, 0, 499, 1112, 0))
2018-04-09 11:54:55.187537;(13, (579, 688, 0, 688, 678, 0, 0, 313, 286, 0, 710, 1277, 0))
2018-04-09 11:54:55.265678;(14, (953, 1242, 0, 1242, 1194, 0, 0, 337, 1968, 0, 1472, 3499, 0))
2018-04-09 11:54:55.281626;(15, (2464, 2628, 0, 2628, 2580, 0, 0, 294, 1370, 0, 2746, 4244, 0))
2018-04-09 11:54:55.283296;(19, (3695, 336, 0, 336, 321, 0, 0, 179, 395, 0, 412, 895, 0))
2018-04-09 11:54:55.303010;(12, (2687, 360, 0, 360, 343, 0, 0, 138, 439, 0, 445, 920, 0))
2018-04-09 11:54:55.390159;(3, (202, 1413, 0, 1413, 1371, 0, 0, 313, 1903, 0, 1605, 3587, 0))
2018-04-09 11:54:55.413517;(21, (3284, 141, 0, 141, 140, 0, 0, 7, 49, 0, 184, 196, 0))
2018-04-09 11:54:55.556960;(4, (821, 446, 0, 446, 438, 0, 0, 62, 200, 0, 444, 700, 0))
2018-04-09 11:54:55.589053;(17, (0, 29, 0, 29, 26, 0, 0, 41, 0, 0, 24, 67, 0))
2018-04-09 11:54:55.703304;(18, (2463, 829, 0, 829, 789, 0, 0, 463, 829, 0, 979, 2081, 0))
2018-04-09 11:54:55.746620;(16, (1971, 350, 0, 350, 339, 0, 0, 150, 295, 0, 423, 784, 0))
2018-04-09 11:54:55.801055;(11, (1407, 585, 0, 585, 560, 0, 0, 178, 681, 0, 763, 1419, 0))
2018-04-09 11:54:55.846000;(6, (2274, 193, 0, 193, 187, 0, 0, 104, 100, 0, 210, 391, 0))
2018-04-09 11:54:55.906078;(8, (410, 750, 1, 749, 714, 0, 0, 243, 1186, 1, 969, 2143, 0))
2018-04-09 11:55:24.067226;(1, (208, 2335, 0, 2335, 2283, 0, 0, 191, 3158, 0, 2981, 5632, 0))
2018-04-09 11:55:24.948008;(5, (384, 1594, 0, 1594, 1565, 0, 0, 208, 851, 0, 1704, 2624, 0))
2018-04-09 11:55:24.993491;(7, (1408, 370, 0, 370, 346, 0, 0, 231, 473, 0, 489, 1050, 0))
2018-04-09 11:55:25.139502;(22, (150, 2042, 0, 2042, 1997, 0, 0, 374, 1368, 0, 2253, 3739, 0))
2018-04-09 11:55:25.156713;(20, (2111, 477, 0, 477, 457, 0, 0, 180, 499, 0, 523, 1136, 0))
2018-04-09 11:55:25.191298;(13, (671, 733, 0, 733, 722, 0, 0, 334, 323, 0, 759, 1379, 0))
2018-04-09 11:55:25.271802;(14, (311, 1337, 0, 1337, 1289, 0, 0, 369, 2019, 0, 1582, 3677, 0))
2018-04-09 11:55:25.285990;(15, (140, 2839, 0, 2839, 2790, 0, 0, 303, 1401, 0, 2964, 4494, 0))
2018-04-09 11:55:25.289733;(19, (1182, 361, 0, 361, 346, 0, 0, 195, 406, 0, 438, 947, 0))
2018-04-09 11:55:25.307531;(12, (1478, 381, 0, 381, 363, 0, 0, 145, 452, 0, 472, 960, 0))
2018-04-09 11:55:25.393732;(3, (259, 1531, 0, 1531, 1485, 0, 0, 322, 2064, 0, 1744, 3871, 0))
2018-04-09 11:55:25.415966;(21, (4222, 148, 0, 148, 147, 0, 0, 7, 49, 0, 192, 203, 0))
2018-04-09 11:55:25.561273;(4, (799, 484, 0, 484, 475, 0, 0, 64, 234, 0, 477, 773, 0))
2018-04-09 11:55:25.592089;(17, (0, 29, 0, 29, 26, 0, 0, 41, 0, 0, 24, 67, 0))
2018-04-09 11:55:25.706378;(18, (1971, 845, 0, 845, 804, 0, 0, 469, 837, 0, 1000, 2110, 0))
2018-04-09 11:55:25.749850;(16, (1407, 372, 0, 372, 360, 0, 0, 153, 315, 0, 443, 828, 0))
2018-04-09 11:55:25.803770;(11, (703, 629, 0, 629, 602, 0, 0, 200, 727, 0, 813, 1529, 0))
2018-04-09 11:55:25.849592;(6, (2463, 205, 0, 205, 199, 0, 0, 107, 100, 0, 222, 406, 0))
2018-04-09 11:55:25.910446;(8, (799, 789, 1, 788, 751, 0, 0, 249, 1242, 1, 1026, 2242, 0))
2018-04-09 11:55:54.070222;(1, (238, 2460, 0, 2460, 2407, 0, 0, 196, 3270, 0, 3125, 5873, 0))
2018-04-09 11:55:54.950700;(5, (557, 1647, 0, 1647, 1618, 0, 0, 213, 865, 0, 1758, 2696, 0))
2018-04-09 11:55:54.996645;(7, (703, 412, 0, 412, 388, 0, 0, 240, 510, 0, 544, 1138, 0))
2018-04-09 11:55:55.142805;(22, (193, 2205, 0, 2205, 2150, 0, 0, 414, 1561, 0, 2430, 4125, 0))
2018-04-09 11:55:55.158882;(20, (1095, 504, 0, 504, 484, 0, 0, 181, 518, 0, 559, 1183, 0))
2018-04-09 11:55:55.194969;(13, (778, 771, 0, 771, 760, 0, 0, 336, 323, 0, 799, 1419, 0))
2018-04-09 11:55:55.274933;(14, (304, 1439, 0, 1439, 1386, 0, 0, 414, 2198, 0, 1715, 3998, 0))
2018-04-09 11:55:55.291490;(15, (161, 3023, 0, 3023, 2973, 0, 0, 313, 1441, 0, 3157, 4727, 0))
2018-04-09 11:55:55.294170;(19, (1285, 386, 0, 386, 369, 0, 0, 209, 458, 0, 476, 1036, 0))
2018-04-09 11:55:55.311067;(12, (1285, 404, 0, 404, 386, 0, 0, 152, 472, 0, 505, 1010, 0))
2018-04-09 11:55:55.397096;(3, (298, 1636, 1, 1635, 1584, 0, 0, 350, 2314, 1, 1867, 4248, 0))
2018-04-09 11:55:55.418503;(21, (3695, 156, 0, 156, 155, 0, 0, 7, 49, 0, 201, 211, 0))
2018-04-09 11:55:55.564058;(4, (1343, 506, 0, 506, 497, 0, 0, 65, 234, 0, 500, 796, 0))
2018-04-09 11:55:55.595207;(17, (2689, 40, 0, 40, 37, 0, 0, 48, 0, 0, 35, 85, 0))
2018-04-09 11:55:55.708428;(18, (1848, 864, 0, 864, 820, 0, 0, 490, 883, 0, 1033, 2193, 0))
2018-04-09 11:55:55.754440;(16, (1285, 396, 0, 396, 383, 0, 0, 159, 336, 0, 473, 878, 0))
2018-04-09 11:55:55.809021;(11, (629, 677, 0, 677, 649, 0, 0, 216, 772, 0, 881, 1637, 0))
2018-04-09 11:55:55.854814;(6, (2956, 215, 0, 215, 209, 0, 0, 110, 100, 0, 230, 419, 0))
2018-04-09 11:55:55.913964;(8, (739, 832, 1, 831, 791, 0, 0, 275, 1316, 1, 1082, 2382, 0))
2018-04-09 11:56:24.954339;(5, (557, 1701, 0, 1701, 1671, 0, 0, 222, 865, 0, 1813, 2758, 0))
2018-04-09 11:56:25.001117;(7, (985, 442, 0, 442, 418, 0, 0, 252, 515, 0, 586, 1185, 0))
2018-04-09 11:56:25.073027;(1, (181, 2628, 0, 2628, 2570, 0, 0, 203, 3507, 0, 3308, 6280, 0))
2018-04-09 11:56:25.146655;(22, (133, 2426, 0, 2426, 2371, 0, 0, 437, 1568, 0, 2660, 4376, 0))
2018-04-09 11:56:25.165194;(20, (2112, 518, 0, 518, 498, 0, 0, 181, 518, 0, 575, 1197, 0))
2018-04-09 11:56:25.199312;(13, (720, 813, 0, 813, 801, 0, 0, 353, 375, 0, 841, 1529, 0))
2018-04-09 11:56:25.279293;(14, (416, 1513, 0, 1513, 1457, 0, 0, 441, 2300, 0, 1802, 4198, 0))
2018-04-09 11:56:25.297241;(15, (111, 3287, 0, 3287, 3237, 0, 0, 334, 1515, 0, 3425, 5086, 0))
2018-04-09 11:56:25.298259;(19, (2275, 399, 0, 399, 382, 0, 0, 212, 474, 0, 500, 1068, 0))
2018-04-09 11:56:25.317466;(12, (1556, 425, 0, 425, 405, 0, 0, 155, 515, 0, 536, 1075, 0))
2018-04-09 11:56:25.400111;(3, (211, 1778, 1, 1777, 1724, 0, 0, 375, 2387, 1, 2021, 4486, 0))
2018-04-09 11:56:25.421450;(21, (4222, 163, 0, 163, 162, 0, 0, 7, 49, 0, 209, 218, 0))
2018-04-09 11:56:25.567730;(4, (1137, 533, 0, 533, 523, 0, 0, 69, 267, 0, 528, 859, 0))
2018-04-09 11:56:25.598899;(17, (2464, 54, 0, 54, 49, 0, 0, 69, 1, 0, 45, 119, 0))
2018-04-09 11:56:25.711148;(18, (1641, 882, 0, 882, 838, 0, 0, 493, 903, 0, 1056, 2234, 0))
2018-04-09 11:56:25.759649;(16, (1182, 421, 0, 421, 408, 0, 0, 164, 346, 0, 499, 918, 0))
2018-04-09 11:56:25.811761;(11, (629, 726, 0, 726, 696, 0, 0, 226, 829, 0, 941, 1751, 0))
2018-04-09 11:56:25.858129;(6, (4224, 222, 0, 222, 216, 0, 0, 110, 100, 0, 238, 426, 0))
2018-04-09 11:56:25.918064;(8, (501, 892, 1, 891, 850, 0, 0, 291, 1378, 1, 1147, 2519, 0))
2018-04-09 11:56:54.957130;(5, (527, 1759, 0, 1759, 1727, 0, 0, 236, 915, 0, 1871, 2878, 0))
2018-04-09 11:56:55.005149;(7, (1642, 461, 0, 461, 436, 0, 0, 267, 550, 0, 608, 1253, 0))
2018-04-09 11:56:55.075970;(1, (198, 2781, 0, 2781, 2719, 0, 0, 215, 3695, 0, 3485, 6629, 0))
2018-04-09 11:56:55.150534;(22, (158, 2614, 0, 2614, 2558, 0, 0, 455, 1596, 0, 2853, 4609, 0))
2018-04-09 11:56:55.168037;(20, (3285, 527, 0, 527, 507, 0, 0, 181, 524, 0, 587, 1212, 0))
2018-04-09 11:56:55.202215;(13, (720, 854, 0, 854, 842, 0, 0, 365, 375, 0, 886, 1582, 0))
2018-04-09 11:56:55.283137;(14, (484, 1575, 0, 1575, 1518, 0, 0, 454, 2331, 0, 1882, 4303, 0))
2018-04-09 11:56:55.302490;(15, (132, 3516, 0, 3516, 3461, 0, 0, 352, 1649, 0, 3657, 5462, 0))
2018-04-09 11:56:55.304068;(19, (3696, 407, 0, 407, 390, 0, 0, 216, 474, 0, 517, 1080, 0))
2018-04-09 11:56:55.321869;(12, (869, 461, 0, 461, 439, 0, 0, 166, 556, 0, 578, 1161, 0))
2018-04-09 11:56:55.402539;(3, (284, 1884, 1, 1883, 1828, 0, 0, 391, 2469, 1, 2136, 4688, 0))
2018-04-09 11:56:55.425352;(21, (3284, 172, 0, 172, 171, 0, 0, 8, 49, 0, 218, 228, 0))
2018-04-09 11:56:55.570868;(4, (924, 565, 0, 565, 555, 0, 0, 69, 267, 0, 558, 891, 0))
2018-04-09 11:56:55.602894;(17, (7390, 59, 0, 59, 53, 0, 0, 83, 2, 0, 50, 138, 0))
2018-04-09 11:56:55.714823;(18, (2464, 895, 0, 895, 850, 0, 0, 508, 903, 0, 1076, 2261, 0))
2018-04-09 11:56:55.763060;(16, (1286, 444, 0, 444, 431, 0, 0, 166, 347, 0, 529, 944, 0))
2018-04-09 11:56:55.814665;(11, (844, 761, 0, 761, 731, 0, 0, 233, 883, 0, 983, 1847, 0))
2018-04-09 11:56:55.861429;(6, (3284, 231, 0, 231, 225, 0, 0, 116, 100, 0, 247, 441, 0))
2018-04-09 11:56:55.921309;(8, (628, 942, 1, 941, 897, 0, 0, 301, 1463, 1, 1205, 2661, 0))
2018-04-09 11:57:24.959907;(5, (558, 1816, 0, 1816, 1780, 0, 0, 247, 998, 0, 1932, 3025, 0))
2018-04-09 11:57:25.009312;(7, (1848, 479, 0, 479, 452, 0, 0, 306, 568, 0, 621, 1326, 0))
2018-04-09 11:57:25.081506;(1, (206, 2928, 0, 2928, 2862, 0, 0, 225, 3928, 0, 3645, 7015, 0))
2018-04-09 11:57:25.153794;(22, (180, 2788, 0, 2788, 2722, 0, 0, 495, 1879, 0, 3035, 5096, 0))
2018-04-09 11:57:25.174671;(20, (4224, 534, 0, 534, 514, 0, 0, 181, 524, 0, 599, 1219, 0))
2018-04-09 11:57:25.204868;(13, (721, 895, 0, 895, 883, 0, 0, 385, 375, 0, 929, 1643, 0))
2018-04-09 11:57:25.287886;(14, (324, 1667, 0, 1667, 1609, 0, 0, 482, 2418, 0, 1981, 4509, 0))
2018-04-09 11:57:25.306114;(15, (301, 3618, 0, 3618, 3559, 0, 0, 379, 1738, 0, 3773, 5676, 0))
2018-04-09 11:57:25.310340;(19, (2956, 417, 0, 417, 400, 0, 0, 216, 474, 0, 532, 1090, 0))
2018-04-09 11:57:25.325378;(12, (1344, 483, 0, 483, 461, 0, 0, 167, 557, 0, 611, 1185, 0))
2018-04-09 11:57:25.405106;(3, (441, 1952, 1, 1951, 1895, 0, 0, 401, 2556, 1, 2216, 4852, 0))
2018-04-09 11:57:25.429506;(21, (4222, 179, 0, 179, 178, 0, 0, 8, 49, 0, 225, 235, 0))
2018-04-09 11:57:25.573516;(4, (1095, 592, 0, 592, 582, 0, 0, 69, 267, 0, 583, 918, 0))
2018-04-09 11:57:25.605648;(17, (14784, 61, 0, 61, 55, 0, 0, 83, 2, 0, 53, 140, 0))
2018-04-09 11:57:25.720490;(18, (2689, 906, 0, 906, 861, 0, 0, 511, 903, 0, 1092, 2275, 0))
2018-04-09 11:57:25.766544;(16, (1642, 463, 0, 463, 449, 0, 0, 173, 366, 0, 546, 988, 0))
2018-04-09 11:57:25.818166;(11, (1019, 792, 0, 792, 760, 0, 0, 238, 952, 0, 1022, 1950, 0))
2018-04-09 11:57:25.863910;(6, (4225, 238, 0, 238, 232, 0, 0, 117, 100, 0, 257, 449, 0))
2018-04-09 11:57:25.926330;(8, (656, 990, 1, 989, 942, 0, 0, 314, 1543, 1, 1256, 2799, 0))
2018-04-09 11:57:55.012253;(7, (1556, 498, 0, 498, 471, 0, 0, 309, 586, 0, 654, 1366, 0))
2018-04-09 11:57:55.083786;(1, (225, 3061, 0, 3061, 2993, 0, 0, 244, 4048, 0, 3809, 7285, 0))
2018-04-09 11:57:55.157405;(22, (173, 2963, 0, 2963, 2893, 0, 0, 520, 1952, 0, 3225, 5365, 0))
2018-04-09 11:57:55.178255;(20, (1848, 550, 0, 550, 530, 0, 0, 182, 545, 0, 616, 1257, 0))
2018-04-09 11:57:55.208146;(13, (820, 931, 0, 931, 919, 0, 0, 396, 377, 0, 964, 1692, 0))
2018-04-09 11:57:55.291781;(14, (201, 1816, 0, 1816, 1756, 0, 0, 536, 2573, 0, 2140, 4865, 0))
2018-04-09 11:57:55.311647;(15, (844, 3653, 0, 3653, 3594, 0, 0, 383, 1738, 0, 3811, 5715, 0))
2018-04-09 11:57:55.328432;(12, (1408, 504, 0, 504, 482, 0, 0, 169, 558, 0, 645, 1209, 0))
2018-04-09 11:57:55.408033;(3, (422, 2026, 1, 2025, 1965, 0, 0, 433, 2673, 1, 2292, 5071, 0))
2018-04-09 11:57:55.433953;(21, (3695, 187, 0, 187, 186, 0, 0, 8, 49, 0, 233, 243, 0))
2018-04-09 11:57:55.577031;(4, (1408, 613, 0, 613, 603, 0, 0, 69, 267, 0, 605, 939, 0))
2018-04-09 11:57:55.609340;(17, (0, 61, 0, 61, 55, 0, 0, 83, 2, 0, 56, 140, 0))
2018-04-09 11:57:55.769300;(16, (1739, 481, 0, 481, 466, 0, 0, 178, 394, 0, 567, 1038, 0))
2018-04-09 11:57:55.822574;(11, (739, 838, 0, 838, 800, 0, 0, 272, 1046, 0, 1068, 2118, 0))
2018-04-09 11:57:55.866671;(6, (3700, 246, 0, 246, 240, 0, 0, 119, 100, 0, 265, 459, 0))
2018-04-09 11:57:55.930529;(8, (924, 1025, 1, 1024, 974, 0, 0, 317, 1628, 1, 1310, 2919, 0))
2018-04-09 11:57:55.962859;(5, (591, 1866, 0, 1866, 1830, 0, 0, 256, 1018, 0, 1983, 3104, 0))
2018-04-09 11:57:56.313422;(19, (629, 465, 0, 465, 447, 0, 0, 233, 513, 0, 593, 1193, 0))
2018-04-09 11:57:56.723148;(18, (1232, 931, 0, 931, 885, 0, 0, 518, 940, 0, 1130, 2343, 0))
2018-04-09 11:58:25.015514;(7, (1971, 515, 0, 515, 486, 0, 0, 316, 626, 0, 684, 1428, 0))
2018-04-09 11:58:25.086667;(1, (203, 3211, 0, 3211, 3138, 0, 0, 268, 4183, 0, 3993, 7589, 0))
2018-04-09 11:58:25.295386;(14, (198, 1969, 0, 1969, 1905, 0, 0, 572, 2749, 0, 2294, 5226, 0))
2018-04-09 11:58:25.315060;(15, (2111, 3667, 0, 3667, 3608, 0, 0, 384, 1738, 0, 3828, 5730, 0))
2018-04-09 11:58:25.436533;(21, (3695, 195, 0, 195, 194, 0, 0, 8, 49, 0, 241, 251, 0))
2018-04-09 11:58:25.827589;(11, (1020, 869, 0, 869, 829, 0, 0, 280, 1108, 0, 1118, 2217, 0))
2018-04-09 11:58:25.966863;(5, (547, 1922, 0, 1922, 1884, 0, 0, 275, 1060, 0, 2042, 3219, 0))
2018-04-09 11:58:26.161657;(22, (148, 3164, 0, 3164, 3092, 0, 0, 548, 2000, 0, 3449, 5640, 0))
2018-04-09 11:58:26.181631;(20, (1478, 571, 0, 571, 550, 0, 0, 191, 567, 0, 635, 1308, 0))
2018-04-09 11:58:26.211849;(13, (721, 972, 0, 972, 960, 0, 0, 419, 401, 0, 1005, 1780, 0))
2018-04-09 11:58:26.315937;(19, (738, 505, 0, 505, 487, 0, 0, 252, 561, 0, 642, 1300, 0))
2018-04-09 11:58:26.331669;(12, (1481, 524, 0, 524, 502, 0, 0, 170, 577, 0, 674, 1249, 0))
2018-04-09 11:58:26.410660;(3, (177, 2197, 1, 2196, 2131, 0, 0, 479, 2928, 1, 2481, 5538, 0))
2018-04-09 11:58:26.580488;(4, (1182, 639, 0, 639, 628, 0, 0, 70, 288, 0, 631, 986, 0))
2018-04-09 11:58:26.611241;(17, (0, 61, 0, 61, 55, 0, 0, 83, 2, 0, 57, 140, 0))
2018-04-09 11:58:26.729190;(18, (1019, 961, 0, 961, 914, 0, 0, 528, 986, 0, 1158, 2428, 0))
2018-04-09 11:58:26.772002;(16, (1137, 510, 0, 510, 492, 0, 0, 202, 450, 0, 597, 1144, 0))
2018-04-09 11:58:26.869790;(6, (2688, 258, 0, 258, 251, 0, 0, 129, 100, 0, 273, 480, 0))
2018-04-09 11:58:26.934106;(8, (518, 1089, 1, 1088, 1031, 0, 0, 353, 1818, 1, 1376, 3202, 0))
2018-04-09 11:58:55.089138;(1, (218, 3351, 0, 3351, 3273, 0, 0, 278, 4423, 0, 4149, 7974, 0))
2018-04-09 11:58:55.299147;(14, (182, 2138, 0, 2138, 2067, 0, 0, 632, 2992, 0, 2468, 5691, 0))
2018-04-09 11:58:55.439644;(21, (4223, 202, 0, 202, 201, 0, 0, 8, 49, 0, 248, 258, 0))
2018-04-09 11:58:55.830244;(11, (2274, 882, 0, 882, 842, 0, 0, 280, 1147, 0, 1135, 2269, 0))
2018-04-09 11:58:55.971046;(5, (615, 1971, 0, 1971, 1932, 0, 0, 293, 1113, 0, 2092, 3338, 0))
2018-04-09 11:58:56.018940;(7, (2689, 526, 0, 526, 497, 0, 0, 318, 627, 0, 702, 1442, 0))
2018-04-09 11:58:56.165297;(22, (179, 3329, 0, 3329, 3257, 0, 0, 572, 2035, 0, 3623, 5864, 0))
2018-04-09 11:58:56.185027;(20, (2464, 583, 0, 583, 562, 0, 0, 191, 567, 0, 649, 1320, 0))
2018-04-09 11:58:56.215388;(13, (846, 1007, 0, 1007, 995, 0, 0, 434, 401, 0, 1041, 1830, 0))
2018-04-09 11:58:56.319212;(19, (985, 535, 0, 535, 517, 0, 0, 274, 571, 0, 675, 1362, 0))
2018-04-09 11:58:56.321021;(15, (4224, 3674, 0, 3674, 3615, 0, 0, 384, 1738, 0, 3838, 5737, 0))
2018-04-09 11:58:56.335293;(12, (1847, 540, 0, 540, 518, 0, 0, 180, 597, 0, 694, 1295, 0))
2018-04-09 11:58:56.413909;(3, (591, 2251, 1, 2250, 2181, 0, 0, 487, 3050, 1, 2541, 5718, 0))
2018-04-09 11:58:56.583163;(4, (1408, 660, 0, 660, 649, 0, 0, 70, 288, 0, 653, 1007, 0))
2018-04-09 11:58:56.616268;(17, (29563, 62, 0, 62, 56, 0, 0, 83, 2, 0, 58, 141, 0))
2018-04-09 11:58:56.731961;(18, (2685, 972, 0, 972, 925, 0, 0, 530, 1016, 0, 1175, 2471, 0))
2018-04-09 11:58:56.777496;(16, (1739, 529, 0, 529, 509, 0, 0, 226, 494, 0, 620, 1229, 0))
2018-04-09 11:58:56.873304;(6, (3285, 267, 0, 267, 260, 0, 0, 129, 100, 0, 281, 489, 0))
2018-04-09 11:58:56.937834;(8, (923, 1125, 1, 1124, 1063, 0, 0, 364, 1932, 1, 1425, 3359, 0))
2018-04-09 11:59:25.091192;(1, (203, 3501, 0, 3501, 3418, 0, 0, 299, 4540, 0, 4311, 8257, 0))
2018-04-09 11:59:25.303089;(14, (287, 2244, 0, 2244, 2170, 0, 0, 646, 3072, 0, 2590, 5888, 0))
2018-04-09 11:59:25.443030;(21, (3695, 210, 0, 210, 209, 0, 0, 8, 49, 0, 256, 266, 0))
2018-04-09 11:59:25.832833;(11, (1847, 901, 0, 901, 858, 0, 0, 305, 1159, 0, 1157, 2322, 0))
2018-04-09 11:59:25.974994;(5, (501, 2031, 0, 2031, 1991, 0, 0, 312, 1170, 0, 2152, 3473, 0))
2018-04-09 11:59:26.021760;(7, (2463, 538, 0, 538, 509, 0, 0, 324, 657, 0, 722, 1490, 0))
2018-04-09 11:59:26.170302;(22, (162, 3514, 0, 3514, 3439, 0, 0, 586, 2121, 0, 3818, 6146, 0))
2018-04-09 11:59:26.187369;(20, (3286, 592, 0, 592, 571, 0, 0, 192, 567, 0, 660, 1330, 0))
2018-04-09 11:59:26.219826;(13, (672, 1051, 0, 1051, 1039, 0, 0, 456, 405, 0, 1089, 1900, 0))
2018-04-09 11:59:26.322645;(19, (985, 566, 0, 566, 547, 0, 0, 286, 624, 0, 714, 1457, 0))
2018-04-09 11:59:26.323526;(15, (3696, 3682, 0, 3682, 3623, 0, 0, 384, 1738, 0, 3847, 5745, 0))
2018-04-09 11:59:26.343169;(12, (2111, 554, 0, 554, 532, 0, 0, 180, 597, 0, 716, 1309, 0))
2018-04-09 11:59:26.417549;(3, (174, 2422, 1, 2421, 2350, 0, 0, 516, 3155, 1, 2716, 6021, 0))
2018-04-09 11:59:26.587179;(4, (844, 697, 0, 697, 684, 0, 0, 82, 316, 0, 686, 1082, 0))
2018-04-09 11:59:26.621132;(17, (0, 62, 0, 62, 56, 0, 0, 83, 2, 0, 58, 141, 0))
2018-04-09 11:59:26.735397;(18, (1971, 987, 0, 987, 940, 0, 0, 530, 1023, 0, 1194, 2493, 0))
2018-04-09 11:59:26.781397;(16, (2112, 543, 0, 543, 523, 0, 0, 234, 497, 0, 642, 1254, 0))
2018-04-09 11:59:26.876394;(6, (3695, 275, 0, 275, 268, 0, 0, 129, 100, 0, 289, 497, 0))
2018-04-09 11:59:26.941118;(8, (687, 1170, 1, 1169, 1106, 0, 0, 372, 1962, 1, 1481, 3440, 0))
2018-04-09 11:59:55.096764;(1, (276, 3610, 0, 3610, 3525, 0, 0, 303, 4627, 0, 4426, 8455, 0))
2018-04-09 11:59:55.307237;(14, (447, 2310, 0, 2310, 2236, 0, 0, 648, 3085, 0, 2669, 5969, 0))
2018-04-09 11:59:55.446798;(21, (4222, 217, 0, 217, 216, 0, 0, 8, 49, 0, 265, 273, 0))
2018-04-09 11:59:55.836272;(11, (2687, 912, 0, 912, 869, 0, 0, 306, 1176, 0, 1176, 2351, 0))
2018-04-09 11:59:55.977998;(5, (821, 2068, 0, 2068, 2027, 0, 0, 319, 1208, 0, 2192, 3554, 0))
2018-04-09 11:59:56.024161;(7, (3285, 547, 0, 547, 518, 0, 0, 325, 668, 0, 734, 1511, 0))
2018-04-09 11:59:56.175036;(22, (264, 3626, 0, 3626, 3551, 0, 0, 594, 2158, 0, 3934, 6303, 0))
2018-04-09 11:59:56.193032;(20, (2275, 605, 0, 605, 584, 0, 0, 196, 608, 0, 675, 1388, 0))
2018-04-09 11:59:56.223221;(13, (924, 1084, 0, 1084, 1071, 0, 0, 472, 417, 0, 1121, 1960, 0))
2018-04-09 11:59:56.326049;(19, (1645, 584, 0, 584, 565, 0, 0, 287, 626, 0, 735, 1478, 0))
2018-04-09 11:59:56.326757;(15, (3696, 3690, 0, 3690, 3631, 0, 0, 384, 1738, 0, 3858, 5753, 0))
2018-04-09 11:59:56.349736;(12, (2464, 566, 0, 566, 544, 0, 0, 180, 597, 0, 730, 1321, 0))
2018-04-09 11:59:56.419911;(3, (287, 2527, 1, 2526, 2453, 0, 0, 534, 3189, 1, 2832, 6176, 0))
2018-04-09 11:59:56.589609;(4, (1056, 725, 0, 725, 712, 0, 0, 83, 342, 0, 714, 1137, 0))
2018-04-09 11:59:56.625966;(17, (0, 62, 0, 62, 56, 0, 0, 83, 2, 0, 59, 141, 0))
2018-04-09 11:59:56.738686;(18, (2463, 999, 0, 999, 952, 0, 0, 531, 1030, 0, 1207, 2513, 0))
2018-04-09 11:59:56.783449;(16, (2688, 554, 0, 554, 534, 0, 0, 236, 497, 0, 654, 1267, 0))
2018-04-09 11:59:56.881306;(6, (2111, 289, 0, 289, 282, 0, 0, 132, 117, 0, 302, 531, 0))
2018-04-09 11:59:56.943577;(8, (896, 1203, 1, 1202, 1139, 0, 0, 377, 1963, 1, 1524, 3479, 0))
2018-04-09 12:00:25.098605;(1, (434, 3680, 0, 3680, 3593, 0, 0, 326, 4661, 0, 4525, 8580, 0))
2018-04-09 12:00:25.309814;(14, (469, 2377, 0, 2377, 2299, 0, 0, 671, 3211, 0, 2760, 6181, 0))
2018-04-09 12:00:25.981121;(5, (3696, 2076, 0, 2076, 2035, 0, 0, 319, 1208, 0, 2208, 3562, 0))
2018-04-09 12:00:26.026476;(7, (777, 589, 0, 589, 556, 0, 0, 362, 751, 0, 793, 1669, 0))
2018-04-09 12:00:26.178799;(22, (374, 3705, 0, 3705, 3630, 0, 0, 599, 2180, 0, 4031, 6409, 0))
2018-04-09 12:00:26.194887;(20, (2465, 617, 0, 617, 596, 0, 0, 198, 614, 0, 690, 1408, 0))
2018-04-09 12:00:26.226827;(13, (29578, 1085, 0, 1085, 1072, 0, 0, 472, 417, 0, 1124, 1961, 0))
2018-04-09 12:00:26.329897;(19, (2111, 600, 0, 600, 579, 0, 0, 304, 689, 0, 753, 1572, 0))
2018-04-09 12:00:26.332119;(15, (1232, 3714, 0, 3714, 3655, 0, 0, 385, 1738, 0, 3889, 5778, 0))
2018-04-09 12:00:26.357432;(12, (3284, 575, 0, 575, 553, 0, 0, 180, 611, 0, 750, 1344, 0))
2018-04-09 12:00:26.422992;(3, (328, 2619, 1, 2618, 2543, 0, 0, 548, 3334, 1, 2946, 6425, 0))
2018-04-09 12:00:26.454458;(21, (3695, 225, 0, 225, 224, 0, 0, 8, 49, 0, 275, 281, 0))
2018-04-09 12:00:26.593785;(4, (14791, 727, 0, 727, 714, 0, 0, 83, 342, 0, 716, 1139, 0))
2018-04-09 12:00:26.630151;(17, (0, 62, 0, 62, 56, 0, 0, 83, 2, 0, 60, 141, 0))
2018-04-09 12:00:26.741095;(18, (721, 1041, 0, 1041, 993, 0, 0, 575, 1089, 0, 1256, 2657, 0))
2018-04-09 12:00:26.786081;(16, (2274, 569, 0, 569, 547, 0, 0, 259, 497, 0, 676, 1303, 0))
2018-04-09 12:00:26.838629;(11, (1555, 932, 0, 932, 888, 0, 0, 311, 1190, 0, 1210, 2389, 0))
2018-04-09 12:00:26.885471;(6, (1971, 304, 0, 304, 297, 0, 0, 135, 117, 0, 314, 549, 0))
2018-04-09 12:00:26.946227;(8, (501, 1267, 1, 1266, 1198, 0, 0, 403, 2105, 1, 1606, 3706, 0))
2018-04-09 12:00:55.100588;(1, (202, 3831, 0, 3831, 3739, 0, 0, 370, 4834, 0, 4690, 8943, 0))
2018-04-09 12:00:55.983814;(5, (2687, 2087, 0, 2087, 2046, 0, 0, 326, 1208, 0, 2222, 3580, 0))
2018-04-09 12:00:56.030192;(7, (547, 644, 0, 644, 610, 0, 0, 380, 800, 0, 855, 1790, 0))
2018-04-09 12:00:56.183596;(22, (134, 3934, 0, 3934, 3850, 0, 0, 635, 2347, 0, 4263, 6832, 0))
2018-04-09 12:00:56.198399;(20, (1343, 639, 0, 639, 618, 0, 0, 199, 658, 0, 715, 1475, 0))
2018-04-09 12:00:56.229941;(13, (5915, 1090, 0, 1090, 1077, 0, 0, 474, 417, 0, 1138, 1968, 0))
2018-04-09 12:00:56.315772;(14, (547, 2431, 0, 2431, 2353, 0, 0, 672, 3246, 0, 2823, 6271, 0))
2018-04-09 12:00:56.332480;(19, (476, 663, 0, 663, 641, 0, 0, 314, 728, 0, 824, 1683, 0))
2018-04-09 12:00:56.335806;(15, (4224, 3721, 0, 3721, 3662, 0, 0, 385, 1738, 0, 3900, 5785, 0))
2018-04-09 12:00:56.364999;(12, (2957, 585, 0, 585, 563, 0, 0, 181, 611, 0, 764, 1355, 0))
2018-04-09 12:00:56.425672;(3, (181, 2784, 1, 2783, 2706, 0, 0, 578, 3527, 1, 3119, 6811, 0))
2018-04-09 12:00:56.459127;(21, (4222, 232, 0, 232, 231, 0, 0, 8, 49, 0, 283, 288, 0))
2018-04-09 12:00:56.596655;(4, (1182, 752, 0, 752, 739, 0, 0, 83, 382, 0, 735, 1204, 0))
2018-04-09 12:00:56.633239;(17, (29581, 63, 0, 63, 57, 0, 0, 83, 2, 0, 60, 142, 0))
2018-04-09 12:00:56.745511;(18, (1642, 1059, 0, 1059, 1011, 0, 0, 581, 1090, 0, 1274, 2682, 0))
2018-04-09 12:00:56.790253;(16, (2111, 584, 0, 584, 561, 0, 0, 266, 512, 0, 691, 1339, 0))
2018-04-09 12:00:56.842970;(11, (2687, 943, 0, 943, 899, 0, 0, 311, 1190, 0, 1230, 2400, 0))
2018-04-09 12:00:56.888017;(6, (3285, 313, 0, 313, 306, 0, 0, 136, 117, 0, 323, 559, 0))
2018-04-09 12:00:56.950085;(8, (557, 1321, 1, 1320, 1251, 0, 0, 429, 2175, 1, 1671, 3855, 0))
2018-04-09 12:01:25.102496;(1, (242, 3955, 0, 3955, 3861, 0, 0, 393, 4923, 0, 4836, 9177, 0))
2018-04-09 12:01:25.986675;(5, (3696, 2095, 0, 2095, 2054, 0, 0, 326, 1208, 0, 2235, 3588, 0))
2018-04-09 12:01:26.032874;(7, (509, 702, 0, 702, 668, 0, 0, 399, 825, 0, 916, 1892, 0))
2018-04-09 12:01:26.187081;(22, (151, 4131, 0, 4131, 4045, 0, 0, 654, 2396, 0, 4474, 7095, 0))
2018-04-09 12:01:26.201773;(20, (2275, 652, 0, 652, 631, 0, 0, 199, 673, 0, 733, 1503, 0))
2018-04-09 12:01:26.233200;(13, (0, 1090, 0, 1090, 1077, 0, 0, 474, 417, 0, 1146, 1968, 0))
2018-04-09 12:01:26.319860;(14, (1846, 2447, 0, 2447, 2369, 0, 0, 675, 3246, 0, 2846, 6290, 0))
2018-04-09 12:01:26.337005;(19, (1055, 691, 0, 691, 669, 0, 0, 317, 728, 0, 858, 1714, 0))
2018-04-09 12:01:26.338747;(15, (3695, 3729, 0, 3729, 3670, 0, 0, 385, 1738, 0, 3913, 5793, 0))
2018-04-09 12:01:26.370365;(12, (1643, 604, 0, 604, 581, 0, 0, 183, 632, 0, 781, 1396, 0))
2018-04-09 12:01:26.431650;(3, (266, 2896, 1, 2895, 2817, 0, 0, 586, 3571, 1, 3250, 6974, 0))
2018-04-09 12:01:26.463665;(21, (3695, 240, 0, 240, 239, 0, 0, 8, 49, 0, 291, 296, 0))
2018-04-09 12:01:26.601264;(4, (1847, 768, 0, 768, 755, 0, 0, 89, 382, 0, 748, 1226, 0))
2018-04-09 12:01:26.635209;(17, (0, 63, 0, 63, 57, 0, 0, 83, 2, 0, 60, 142, 0))
2018-04-09 12:01:26.749532;(18, (2274, 1072, 0, 1072, 1024, 0, 0, 590, 1104, 0, 1290, 2718, 0))
2018-04-09 12:01:26.793884;(16, (2464, 597, 0, 597, 573, 0, 0, 276, 512, 0, 710, 1361, 0))
2018-04-09 12:01:26.846426;(11, (615, 993, 0, 993, 947, 0, 0, 314, 1262, 0, 1293, 2523, 0))
2018-04-09 12:01:26.890649;(6, (3696, 321, 0, 321, 314, 0, 0, 140, 117, 0, 334, 571, 0))
2018-04-09 12:01:26.953602;(8, (434, 1394, 1, 1393, 1319, 0, 0, 461, 2285, 1, 1764, 4065, 0))
2018-04-09 12:01:55.106186;(1, (206, 4103, 0, 4103, 4004, 0, 0, 439, 5039, 0, 4995, 9482, 0))
2018-04-09 12:01:55.989225;(5, (4224, 2102, 0, 2102, 2061, 0, 0, 326, 1208, 0, 2244, 3595, 0))
2018-04-09 12:01:56.035372;(7, (657, 747, 0, 747, 713, 0, 0, 412, 838, 0, 965, 1963, 0))
2018-04-09 12:01:56.190864;(22, (137, 4350, 0, 4350, 4260, 0, 0, 676, 2523, 0, 4699, 7459, 0))
2018-04-09 12:01:56.204403;(20, (3697, 660, 0, 660, 639, 0, 0, 200, 673, 0, 748, 1512, 0))
2018-04-09 12:01:56.235150;(13, (29580, 1091, 0, 1091, 1078, 0, 0, 474, 417, 0, 1148, 1969, 0))
2018-04-09 12:01:56.325607;(14, (628, 2496, 0, 2496, 2416, 0, 0, 681, 3314, 0, 2904, 6411, 0))
2018-04-09 12:01:56.339920;(19, (703, 733, 0, 733, 711, 0, 0, 321, 756, 0, 906, 1788, 0))
2018-04-09 12:01:56.342996;(15, (4223, 3736, 0, 3736, 3677, 0, 0, 385, 1738, 0, 3924, 5800, 0))
2018-04-09 12:01:56.372893;(12, (2465, 616, 0, 616, 593, 0, 0, 186, 645, 0, 797, 1424, 0))
2018-04-09 12:01:56.435301;(3, (205, 3042, 1, 3041, 2961, 0, 0, 606, 3637, 1, 3406, 7204, 0))
2018-04-09 12:01:56.466531;(21, (4222, 247, 0, 247, 246, 0, 0, 8, 49, 0, 299, 303, 0))
2018-04-09 12:01:56.605058;(4, (3285, 777, 0, 777, 764, 0, 0, 98, 382, 0, 757, 1244, 0))
2018-04-09 12:01:56.636976;(17, (0, 63, 0, 63, 57, 0, 0, 83, 2, 0, 60, 142, 0))
2018-04-09 12:01:56.754130;(18, (2463, 1084, 0, 1084, 1036, 0, 0, 591, 1104, 0, 1307, 2731, 0))
2018-04-09 12:01:56.797245;(16, (1642, 616, 0, 616, 591, 0, 0, 291, 512, 0, 724, 1394, 0))
2018-04-09 12:01:56.849788;(11, (2953, 1003, 0, 1003, 957, 0, 0, 315, 1262, 0, 1318, 2534, 0))
2018-04-09 12:01:56.893179;(6, (3696, 329, 0, 329, 322, 0, 0, 140, 117, 0, 343, 579, 0))
2018-04-09 12:01:56.957499;(8, (591, 1445, 1, 1444, 1369, 0, 0, 474, 2332, 1, 1830, 4175, 0))
2018-04-09 12:02:25.109147;(1, (220, 4242, 0, 4242, 4138, 0, 0, 492, 5096, 0, 5149, 9726, 0))
2018-04-09 12:02:25.992120;(5, (3695, 2110, 0, 2110, 2069, 0, 0, 326, 1208, 0, 2255, 3603, 0))
2018-04-09 12:02:26.038016;(7, (591, 797, 0, 797, 763, 0, 0, 421, 852, 0, 1014, 2036, 0))
2018-04-09 12:02:26.194739;(22, (144, 4559, 0, 4559, 4464, 0, 0, 701, 2653, 0, 4911, 7818, 0))
2018-04-09 12:02:26.207930;(20, (2954, 670, 0, 670, 649, 0, 0, 200, 679, 0, 761, 1528, 0))
2018-04-09 12:02:26.237596;(13, (0, 1091, 0, 1091, 1078, 0, 0, 474, 417, 0, 1150, 1969, 0))
2018-04-09 12:02:26.329887;(14, (568, 2552, 0, 2552, 2468, 0, 0, 697, 3380, 0, 2961, 6545, 0))
2018-04-09 12:02:26.345045;(19, (492, 794, 0, 794, 771, 0, 0, 327, 796, 0, 971, 1894, 0))
2018-04-09 12:02:26.347576;(15, (3698, 3744, 0, 3744, 3685, 0, 0, 385, 1738, 0, 3934, 5808, 0))
2018-04-09 12:02:26.375597;(12, (2464, 628, 0, 628, 605, 0, 0, 189, 657, 0, 810, 1451, 0))
2018-04-09 12:02:26.439673;(3, (195, 3196, 1, 3195, 3112, 0, 0, 638, 3811, 1, 3566, 7561, 0))
2018-04-09 12:02:26.469341;(21, (3694, 255, 0, 255, 254, 0, 0, 8, 49, 0, 307, 311, 0))
2018-04-09 12:02:26.609672;(4, (2686, 788, 0, 788, 775, 0, 0, 98, 382, 0, 767, 1255, 0))
2018-04-09 12:02:26.638857;(17, (0, 63, 0, 63, 57, 0, 0, 83, 2, 0, 61, 142, 0))
2018-04-09 12:02:26.758126;(18, (2463, 1096, 0, 1096, 1048, 0, 0, 602, 1104, 0, 1326, 2754, 0))
2018-04-09 12:02:26.799554;(16, (2463, 628, 0, 628, 603, 0, 0, 295, 512, 0, 736, 1410, 0))
2018-04-09 12:02:26.852703;(11, (2461, 1015, 0, 1015, 969, 0, 0, 315, 1262, 0, 1336, 2546, 0))
2018-04-09 12:02:26.896402;(6, (1739, 346, 0, 346, 339, 0, 0, 140, 144, 0, 359, 623, 0))
2018-04-09 12:02:26.962455;(8, (264, 1560, 1, 1559, 1481, 0, 0, 507, 2524, 1, 1951, 4512, 0))
2018-04-09 12:02:55.111820;(1, (217, 4383, 0, 4383, 4274, 0, 0, 546, 5230, 0, 5344, 10050, 0))
2018-04-09 12:02:56.001347;(5, (1970, 2125, 0, 2125, 2084, 0, 0, 326, 1208, 0, 2276, 3618, 0))
2018-04-09 12:02:56.042562;(7, (501, 861, 0, 861, 822, 0, 0, 469, 1010, 0, 1080, 2301, 0))
2018-04-09 12:02:56.201184;(22, (119, 4811, 0, 4811, 4711, 0, 0, 753, 2812, 0, 5180, 8276, 0))
2018-04-09 12:02:56.213141;(20, (2274, 685, 0, 685, 662, 0, 0, 210, 703, 0, 785, 1575, 0))
2018-04-09 12:02:56.243975;(13, (5910, 1096, 0, 1096, 1083, 0, 0, 475, 417, 0, 1160, 1975, 0))
2018-04-09 12:02:56.337449;(14, (527, 2613, 0, 2613, 2524, 0, 0, 718, 3535, 0, 3036, 6777, 0))
2018-04-09 12:02:56.350155;(19, (687, 842, 0, 842, 814, 0, 0, 367, 888, 0, 1025, 2069, 0))
2018-04-09 12:02:56.351187;(15, (3696, 3752, 0, 3752, 3693, 0, 0, 385, 1738, 0, 3952, 5816, 0))
2018-04-09 12:02:56.382564;(12, (1285, 652, 0, 652, 628, 0, 0, 194, 679, 0, 831, 1501, 0))
2018-04-09 12:02:56.446800;(3, (135, 3418, 1, 3417, 3330, 0, 0, 674, 4119, 1, 3806, 8123, 0))
2018-04-09 12:02:56.474467;(21, (3284, 264, 0, 264, 263, 0, 0, 8, 49, 0, 314, 320, 0))
2018-04-09 12:02:56.615809;(4, (1408, 809, 0, 809, 796, 0, 0, 102, 383, 0, 784, 1281, 0))
2018-04-09 12:02:56.642280;(17, (0, 63, 0, 63, 57, 0, 0, 83, 2, 0, 61, 142, 0))
2018-04-09 12:02:56.763124;(18, (1555, 1115, 0, 1115, 1067, 0, 0, 606, 1146, 0, 1348, 2819, 0))
2018-04-09 12:02:56.803049;(16, (1095, 656, 0, 656, 630, 0, 0, 319, 562, 0, 769, 1511, 0))
2018-04-09 12:02:56.857268;(11, (985, 1045, 0, 1045, 999, 0, 0, 320, 1295, 0, 1370, 2614, 0))
2018-04-09 12:02:56.902356;(6, (2686, 357, 0, 357, 350, 0, 0, 140, 144, 0, 373, 634, 0))
2018-04-09 12:02:56.967263;(8, (340, 1653, 1, 1652, 1568, 0, 0, 569, 2735, 1, 2058, 4872, 0))
2018-04-09 12:03:25.122621;(1, (195, 4535, 0, 4535, 4425, 0, 0, 554, 5354, 0, 5530, 10333, 0))
2018-04-09 12:03:26.008095;(5, (476, 2188, 0, 2188, 2146, 0, 0, 339, 1248, 0, 2344, 3733, 0))
2018-04-09 12:03:26.050340;(7, (1407, 882, 0, 882, 843, 0, 0, 482, 1046, 0, 1114, 2371, 0))
2018-04-09 12:03:26.206613;(22, (153, 5005, 0, 5005, 4904, 0, 0, 762, 2870, 0, 5388, 8536, 0))
2018-04-09 12:03:26.234392;(20, (1847, 701, 0, 701, 678, 0, 0, 211, 731, 0, 800, 1620, 0))
2018-04-09 12:03:26.251048;(13, (616, 1144, 0, 1144, 1131, 0, 0, 483, 417, 0, 1211, 2031, 0))
2018-04-09 12:03:26.351334;(14, (399, 2687, 0, 2687, 2598, 0, 0, 732, 3628, 0, 3125, 6958, 0))
2018-04-09 12:03:26.355588;(19, (799, 879, 0, 879, 851, 0, 0, 379, 904, 0, 1070, 2134, 0))
2018-04-09 12:03:26.359274;(15, (3285, 3761, 0, 3761, 3702, 0, 0, 387, 1738, 0, 3969, 5827, 0))
2018-04-09 12:03:26.389240;(12, (1478, 673, 0, 673, 648, 0, 0, 201, 714, 0, 856, 1563, 0))
2018-04-09 12:03:26.455555;(3, (177, 3585, 1, 3584, 3497, 0, 0, 695, 4274, 1, 3987, 8466, 0))
2018-04-09 12:03:26.483167;(21, (3695, 272, 0, 272, 271, 0, 0, 8, 49, 0, 325, 328, 0))
2018-04-09 12:03:26.628339;(4, (954, 840, 0, 840, 827, 0, 0, 103, 383, 0, 816, 1313, 0))
2018-04-09 12:03:26.646596;(17, (0, 63, 0, 63, 57, 0, 0, 83, 2, 0, 61, 142, 0))
2018-04-09 12:03:26.769282;(18, (1972, 1131, 0, 1131, 1082, 0, 0, 624, 1163, 0, 1373, 2869, 0))
2018-04-09 12:03:26.811178;(16, (1285, 680, 0, 680, 653, 0, 0, 326, 589, 0, 792, 1568, 0))
2018-04-09 12:03:26.869753;(11, (738, 1093, 0, 1093, 1039, 0, 0, 361, 1438, 0, 1414, 2838, 0))
2018-04-09 12:03:26.910652;(6, (2111, 371, 0, 371, 364, 0, 0, 140, 157, 0, 393, 661, 0))
2018-04-09 12:03:26.974100;(8, (603, 1705, 1, 1704, 1617, 0, 0, 584, 2850, 1, 2122, 5051, 0))
