2018-04-06 20:27:47.400223;(8, 0, 40331, 253, 0, 0, 0, 0, 0, 0, 0, 0, 0, 0, 0, 0, 0, 0, 1)
2018-04-06 20:28:17.553660;(6, 0, 58312, 253, 0, 0, 0, 0, 0, 0, 0, 0, 0, 0, 0, 0, 0, 0, 1)
2018-04-06 20:29:01.557623;(6, 0, 58319, 253, 0, 0, 0, 0, 0, 0, 0, 0, 0, 0, 0, 0, 0, 0, 1)
2018-04-06 20:29:38.566939;(6, 0, 58327, 253, 0, 0, 0, 0, 0, 0, 0, 0, 0, 0, 0, 0, 0, 0, 1)
2018-04-06 20:31:12.605089;(6, 0, 58403, 253, 0, 0, 0, 0, 0, 0, 0, 0, 0, 0, 0, 0, 0, 0, 1)
2018-04-06 20:31:32.584444;(17, 0, 43071, 253, 0, 0, 0, 0, 0, 0, 0, 0, 0, 0, 0, 0, 0, 0, 1)
2018-04-06 20:32:09.590646;(17, 0, 43078, 253, 0, 0, 0, 0, 0, 0, 0, 0, 0, 0, 0, 0, 0, 0, 1)
2018-04-06 20:32:29.623698;(6, 0, 58472, 253, 0, 0, 0, 0, 0, 0, 0, 0, 0, 0, 0, 0, 0, 0, 1)
2018-04-06 20:32:43.595828;(17, 0, 43091, 253, 0, 0, 0, 0, 0, 0, 0, 0, 0, 0, 0, 0, 0, 0, 1)
2018-04-06 20:33:10.631476;(6, 0, 58479, 253, 0, 0, 0, 0, 0, 0, 0, 0, 0, 0, 0, 0, 0, 0, 1)
2018-04-06 20:33:26.599938;(17, 0, 43099, 253, 0, 0, 0, 0, 0, 0, 0, 0, 0, 0, 0, 0, 0, 0, 1)
2018-04-06 20:33:47.637325;(6, 0, 58492, 253, 0, 0, 0, 0, 0, 0, 0, 0, 0, 0, 0, 0, 0, 0, 1)
2018-04-06 20:34:01.603257;(17, 0, 43107, 253, 0, 0, 0, 0, 0, 0, 0, 0, 0, 0, 0, 0, 0, 0, 1)
2018-04-06 20:34:30.641698;(6, 0, 58500, 253, 0, 0, 0, 0, 0, 0, 0, 0, 0, 0, 0, 0, 0, 0, 1)
2018-04-06 20:34:37.608639;(17, 0, 43115, 253, 0, 0, 0, 0, 0, 0, 0, 0, 0, 0, 0, 0, 0, 0, 1)
2018-04-06 20:35:02.645893;(6, 0, 58508, 253, 0, 0, 0, 0, 0, 0, 0, 0, 0, 0, 0, 0, 0, 0, 1)
2018-04-06 20:35:20.617756;(17, 0, 43128, 253, 0, 0, 0, 0, 0, 0, 0, 0, 0, 0, 0, 0, 0, 0, 1)
2018-04-06 20:35:45.652092;(6, 0, 58516, 253, 0, 0, 0, 0, 0, 0, 0, 0, 0, 0, 0, 0, 0, 0, 1)
2018-04-06 20:36:04.633530;(17, 0, 43136, 253, 0, 0, 0, 0, 0, 0, 0, 0, 0, 0, 0, 0, 0, 0, 1)
2018-04-06 20:36:22.654786;(6, 0, 58529, 253, 0, 0, 0, 0, 0, 0, 0, 0, 0, 0, 0, 0, 0, 0, 1)
2018-04-06 20:36:47.639041;(17, 0, 43145, 253, 0, 0, 0, 0, 0, 0, 0, 0, 0, 0, 0, 0, 0, 0, 1)
2018-04-06 20:37:06.659150;(6, 0, 58537, 253, 0, 0, 0, 0, 0, 0, 0, 0, 0, 0, 0, 0, 0, 0, 1)
2018-04-06 20:37:28.529398;(8, 0, 41237, 253, 0, 0, 0, 0, 0, 0, 0, 0, 0, 0, 0, 0, 0, 0, 1)
2018-04-06 20:37:34.269879;(11, 0, 33533, 253, 0, 0, 0, 0, 0, 0, 0, 0, 0, 0, 0, 0, 0, 0, 1)
2018-04-06 20:37:37.862781;(16, 0, 15173, 253, 0, 0, 0, 0, 0, 0, 0, 0, 0, 0, 0, 0, 0, 0, 1)
2018-04-06 20:37:42.970233;(18, 0, 57884, 253, 0, 0, 0, 0, 0, 0, 0, 0, 0, 0, 0, 0, 0, 0, 1)
2018-04-06 20:37:44.662593;(6, 0, 58550, 253, 0, 0, 0, 0, 0, 0, 0, 0, 0, 0, 0, 0, 0, 0, 1)
2018-04-06 20:38:25.667489;(6, 0, 58558, 253, 0, 0, 0, 0, 0, 0, 0, 0, 0, 0, 0, 0, 0, 0, 1)
2018-04-06 20:39:49.678326;(6, 0, 58624, 253, 0, 0, 0, 0, 0, 0, 0, 0, 0, 0, 0, 0, 0, 0, 1)
2018-04-06 20:40:25.681759;(6, 0, 58635, 253, 0, 0, 0, 0, 0, 0, 0, 0, 0, 0, 0, 0, 0, 0, 1)
2018-04-06 20:40:59.683742;(6, 0, 58643, 253, 0, 0, 0, 0, 0, 0, 0, 0, 0, 0, 0, 0, 0, 0, 1)
2018-04-06 20:41:39.686853;(6, 0, 58651, 253, 0, 0, 0, 0, 0, 0, 0, 0, 0, 0, 0, 0, 0, 0, 1)
2018-04-06 20:42:12.690372;(6, 0, 58664, 253, 0, 0, 0, 0, 0, 0, 0, 0, 0, 0, 0, 0, 0, 0, 1)
