2018-04-03 14:53:28.908530;(22, (121, 85, 29, 0, 0, 0, 0, 0, 0, 0))
2018-04-03 14:53:28.952331;(20, (88, 53, 0, 0, 0, 0, 0, 0, 0, 0))
2018-04-03 14:53:28.976357;(4, (57, 50, 0, 0, 0, 0, 0, 0, 0, 0))
2018-04-03 14:53:29.034296;(21, (81, 64, 18, 0, 0, 0, 0, 0, 0, 0))
2018-04-03 14:53:29.063617;(5, (106, 79, 16, 0, 0, 0, 0, 0, 0, 0))
2018-04-03 14:53:29.123722;(16, (57, 34, 0, 0, 0, 0, 0, 0, 0, 0))
2018-04-03 14:53:29.177530;(18, (65, 41, 0, 0, 0, 0, 0, 0, 0, 0))
2018-04-03 14:53:29.275440;(11, (78, 59, 0, 0, 0, 0, 0, 0, 0, 0))
2018-04-03 14:53:29.281697;(17, (30, 35, 0, 0, 0, 0, 0, 0, 0, 0))
2018-04-03 14:53:29.355690;(8, (117, 66, 12, 0, 0, 0, 0, 0, 0, 0))
2018-04-03 14:53:29.362187;(6, (86, 66, 14, 0, 0, 0, 0, 0, 0, 0))
2018-04-03 14:53:29.381097;(23, (57, 42, 4, 0, 0, 0, 0, 0, 0, 0))
2018-04-03 14:53:29.411452;(15, (117, 81, 30, 0, 0, 0, 0, 0, 0, 0))
2018-04-03 14:53:29.523340;(7, (109, 72, 0, 0, 0, 0, 0, 0, 0, 0))
2018-04-03 14:53:29.559404;(13, (81, 71, 4, 0, 0, 0, 0, 0, 0, 0))
2018-04-03 14:53:29.573685;(14, (115, 54, 14, 0, 0, 0, 0, 0, 0, 0))
2018-04-03 14:53:29.620075;(3, (91, 39, 0, 0, 0, 0, 0, 0, 0, 0))
2018-04-03 14:53:29.701324;(9, (32, 37, 0, 0, 0, 0, 0, 0, 0, 0))
2018-04-03 14:53:29.738987;(12, (88, 65, 0, 0, 0, 0, 0, 0, 0, 0))
2018-04-03 14:53:29.780123;(1, (249, 101, 76, 38, 0, 0, 0, 0, 0, 0))
2018-04-03 14:53:29.785111;(19, (64, 38, 0, 0, 0, 0, 0, 0, 0, 0))
2018-04-03 14:53:29.834012;(10, (96, 55, 0, 0, 0, 0, 0, 0, 0, 0))
2018-04-03 14:53:58.911980;(22, (272, 242, 98, 1, 0, 0, 0, 0, 0, 0))
2018-04-03 14:53:58.954555;(20, (173, 135, 36, 0, 0, 0, 0, 0, 0, 0))
2018-04-03 14:53:58.980163;(4, (155, 159, 27, 2, 0, 0, 0, 0, 0, 0))
2018-04-03 14:53:59.037388;(21, (185, 180, 64, 0, 0, 0, 0, 0, 0, 0))
2018-04-03 14:53:59.071628;(5, (334, 310, 157, 0, 0, 0, 0, 0, 0, 0))
2018-04-03 14:53:59.129687;(16, (109, 101, 0, 0, 0, 0, 0, 0, 0, 0))
2018-04-03 14:53:59.180205;(18, (157, 134, 35, 0, 0, 0, 0, 0, 0, 0))
2018-04-03 14:53:59.279125;(11, (154, 142, 6, 0, 0, 0, 0, 0, 0, 0))
2018-04-03 14:53:59.287353;(17, (43, 51, 0, 0, 0, 0, 0, 0, 0, 0))
2018-04-03 14:53:59.359309;(8, (218, 170, 35, 0, 0, 0, 0, 0, 0, 0))
2018-04-03 14:53:59.366192;(6, (184, 167, 39, 0, 0, 0, 0, 0, 0, 0))
2018-04-03 14:53:59.382853;(23, (156, 145, 86, 0, 0, 0, 0, 0, 0, 0))
2018-04-03 14:53:59.416242;(15, (303, 274, 137, 0, 0, 0, 0, 0, 0, 0))
2018-04-03 14:53:59.529384;(7, (194, 159, 3, 0, 0, 0, 0, 0, 0, 0))
2018-04-03 14:53:59.577437;(14, (262, 213, 78, 0, 0, 0, 0, 0, 0, 0))
2018-04-03 14:53:59.625793;(3, (259, 220, 69, 0, 0, 0, 0, 0, 0, 0))
2018-04-03 14:53:59.705706;(9, (86, 106, 0, 1, 0, 0, 0, 0, 0, 0))
2018-04-03 14:53:59.744514;(12, (162, 147, 3, 0, 0, 0, 0, 0, 0, 0))
2018-04-03 14:53:59.782067;(1, (836, 629, 593, 297, 0, 0, 0, 0, 0, 0))
2018-04-03 14:53:59.788000;(19, (119, 93, 16, 0, 0, 0, 0, 0, 0, 0))
2018-04-03 14:53:59.838209;(10, (255, 217, 69, 0, 0, 0, 0, 0, 0, 0))
2018-04-03 14:54:28.916033;(22, (378, 353, 112, 2, 0, 0, 0, 0, 0, 0))
2018-04-03 14:54:28.957425;(20, (313, 268, 88, 2, 0, 0, 0, 0, 0, 0))
2018-04-03 14:54:28.985195;(4, (268, 284, 58, 4, 0, 0, 0, 0, 0, 0))
2018-04-03 14:54:29.040572;(21, (372, 377, 165, 0, 0, 0, 0, 0, 0, 0))
2018-04-03 14:54:29.077600;(5, (408, 386, 162, 0, 0, 0, 0, 0, 0, 0))
2018-04-03 14:54:29.133686;(16, (156, 146, 2, 0, 0, 0, 0, 0, 0, 0))
2018-04-03 14:54:29.184728;(18, (336, 320, 121, 1, 0, 0, 0, 0, 0, 0))
2018-04-03 14:54:29.282747;(11, (233, 215, 24, 0, 0, 0, 0, 0, 0, 0))
2018-04-03 14:54:29.290765;(17, (89, 112, 0, 2, 0, 0, 0, 0, 0, 0))
2018-04-03 14:54:29.362510;(8, (292, 230, 38, 0, 0, 0, 0, 0, 0, 0))
2018-04-03 14:54:29.370258;(6, (288, 277, 62, 1, 0, 0, 0, 0, 0, 0))
2018-04-03 14:54:29.387826;(23, (390, 388, 265, 0, 0, 0, 0, 0, 0, 0))
2018-04-03 14:54:29.420389;(15, (471, 441, 220, 0, 0, 0, 0, 0, 0, 0))
2018-04-03 14:54:29.531890;(7, (315, 265, 31, 1, 0, 0, 0, 0, 0, 0))
2018-04-03 14:54:29.566484;(13, (334, 365, 121, 2, 0, 0, 0, 0, 0, 0))
2018-04-03 14:54:29.582370;(14, (400, 335, 112, 1, 0, 0, 0, 0, 0, 0))
2018-04-03 14:54:29.628341;(3, (432, 379, 149, 3, 0, 0, 0, 0, 0, 0))
2018-04-03 14:54:29.710001;(9, (138, 174, 0, 1, 0, 0, 0, 0, 0, 0))
2018-04-03 14:54:29.747611;(12, (219, 203, 3, 0, 0, 0, 0, 0, 0, 0))
2018-04-03 14:54:29.786367;(1, (1365, 1088, 1042, 521, 0, 0, 0, 0, 0, 0))
2018-04-03 14:54:29.791113;(19, (207, 181, 34, 1, 0, 0, 0, 0, 0, 0))
2018-04-03 14:54:29.842526;(10, (337, 305, 75, 0, 0, 0, 0, 0, 0, 0))
2018-04-03 14:54:59.044070;(21, (517, 533, 230, 0, 0, 0, 0, 0, 0, 0))
2018-04-03 14:54:59.389745;(23, (674, 672, 494, 0, 0, 0, 0, 0, 0, 0))
2018-04-03 14:54:59.789294;(1, (1894, 1556, 1500, 750, 0, 0, 0, 0, 0, 0))
2018-04-03 14:54:59.846263;(10, (417, 387, 79, 0, 0, 0, 0, 0, 0, 0))
2018-04-03 14:54:59.919082;(22, (415, 376, 112, 2, 0, 0, 0, 0, 0, 0))
2018-04-03 14:54:59.962111;(20, (436, 398, 118, 2, 0, 0, 0, 0, 0, 0))
2018-04-03 14:54:59.989219;(4, (342, 366, 74, 8, 0, 0, 0, 0, 0, 0))
2018-04-03 14:55:00.084031;(5, (504, 481, 184, 0, 0, 0, 0, 0, 0, 0))
2018-04-03 14:55:00.137530;(16, (208, 206, 3, 0, 0, 0, 0, 0, 0, 0))
2018-04-03 14:55:00.187810;(18, (541, 530, 243, 2, 0, 0, 0, 0, 0, 0))
2018-04-03 14:55:00.286630;(11, (315, 290, 43, 6, 0, 0, 0, 0, 0, 0))
2018-04-03 14:55:00.293724;(17, (137, 172, 0, 2, 0, 0, 0, 0, 0, 0))
2018-04-03 14:55:00.366653;(8, (389, 321, 41, 0, 0, 0, 0, 0, 0, 0))
2018-04-03 14:55:00.374414;(6, (422, 417, 120, 2, 0, 0, 0, 0, 0, 0))
2018-04-03 14:55:00.424091;(15, (835, 805, 478, 0, 0, 0, 0, 0, 0, 0))
2018-04-03 14:55:00.535170;(7, (500, 450, 101, 2, 0, 0, 0, 0, 0, 0))
2018-04-03 14:55:00.570784;(13, (434, 485, 151, 2, 0, 0, 0, 0, 0, 0))
2018-04-03 14:55:00.585749;(14, (595, 511, 195, 1, 0, 0, 0, 0, 0, 0))
2018-04-03 14:55:00.632366;(3, (566, 493, 203, 3, 0, 0, 0, 0, 0, 0))
2018-04-03 14:55:00.713262;(9, (179, 224, 3, 3, 0, 0, 0, 0, 0, 0))
2018-04-03 14:55:00.750747;(12, (303, 287, 19, 1, 0, 0, 0, 0, 0, 0))
2018-04-03 14:55:00.794819;(19, (288, 266, 40, 1, 0, 0, 0, 0, 0, 0))
2018-04-03 14:55:29.791688;(1, (2497, 2100, 2034, 1017, 0, 0, 0, 0, 0, 0))
2018-04-03 14:55:29.923898;(22, (582, 542, 176, 2, 0, 0, 0, 0, 0, 0))
2018-04-03 14:55:29.966473;(20, (572, 533, 154, 2, 0, 0, 0, 0, 0, 0))
2018-04-03 14:55:29.991013;(4, (385, 406, 91, 8, 0, 0, 0, 0, 0, 0))
2018-04-03 14:55:30.048628;(21, (591, 626, 241, 0, 0, 0, 0, 0, 0, 0))
2018-04-03 14:55:30.089900;(5, (567, 551, 184, 0, 0, 0, 0, 0, 0, 0))
2018-04-03 14:55:30.140988;(16, (318, 322, 40, 1, 0, 0, 0, 0, 0, 0))
2018-04-03 14:55:30.191605;(18, (848, 844, 446, 2, 0, 0, 0, 0, 0, 0))
2018-04-03 14:55:30.291156;(11, (527, 504, 159, 6, 0, 0, 0, 0, 0, 0))
2018-04-03 14:55:30.299881;(17, (194, 248, 0, 2, 0, 0, 0, 0, 0, 0))
2018-04-03 14:55:30.369732;(8, (467, 380, 56, 0, 0, 0, 0, 0, 0, 0))
2018-04-03 14:55:30.377889;(6, (506, 514, 137, 2, 0, 0, 0, 0, 0, 0))
2018-04-03 14:55:30.391724;(23, (1007, 997, 780, 0, 0, 0, 0, 0, 0, 0))
2018-04-03 14:55:30.429141;(15, (1288, 1264, 835, 0, 0, 0, 0, 0, 0, 0))
2018-04-03 14:55:30.540100;(7, (718, 684, 163, 2, 0, 0, 0, 0, 0, 0))
2018-04-03 14:55:30.572599;(13, (447, 505, 151, 2, 0, 0, 0, 0, 0, 0))
2018-04-03 14:55:30.590358;(14, (745, 674, 250, 1, 0, 0, 0, 0, 0, 0))
2018-04-03 14:55:30.635761;(3, (709, 629, 214, 3, 0, 0, 0, 0, 0, 0))
2018-04-03 14:55:30.716420;(9, (211, 273, 3, 3, 0, 0, 0, 0, 0, 0))
2018-04-03 14:55:30.754854;(12, (410, 395, 40, 1, 0, 0, 0, 0, 0, 0))
2018-04-03 14:55:30.796489;(19, (374, 340, 43, 1, 0, 0, 0, 0, 0, 0))
2018-04-03 14:55:30.849880;(10, (529, 500, 116, 0, 0, 0, 0, 0, 0, 0))
2018-04-03 14:55:59.794499;(1, (3121, 2690, 2614, 1307, 0, 0, 0, 0, 0, 0))
2018-04-03 14:55:59.927980;(22, (902, 861, 403, 2, 0, 0, 0, 0, 0, 0))
2018-04-03 14:55:59.970770;(20, (655, 622, 161, 2, 0, 0, 0, 0, 0, 0))
2018-04-03 14:55:59.995291;(4, (480, 519, 121, 8, 0, 0, 0, 0, 0, 0))
2018-04-03 14:56:00.051991;(21, (657, 709, 249, 0, 0, 0, 0, 0, 0, 0))
2018-04-03 14:56:00.093549;(5, (627, 621, 184, 0, 0, 0, 0, 0, 0, 0))
2018-04-03 14:56:00.145546;(16, (412, 425, 64, 1, 0, 0, 0, 0, 0, 0))
2018-04-03 14:56:00.195710;(18, (1008, 1012, 532, 2, 0, 0, 0, 0, 0, 0))
2018-04-03 14:56:00.297803;(11, (656, 638, 211, 7, 0, 0, 0, 0, 0, 0))
2018-04-03 14:56:00.305011;(17, (251, 321, 0, 2, 0, 0, 0, 0, 0, 0))
2018-04-03 14:56:00.375586;(8, (542, 455, 62, 1, 0, 0, 0, 0, 0, 0))
2018-04-03 14:56:00.381985;(6, (569, 586, 137, 2, 0, 0, 0, 0, 0, 0))
2018-04-03 14:56:00.394325;(23, (1177, 1163, 927, 0, 0, 0, 0, 0, 0, 0))
2018-04-03 14:56:00.433552;(15, (1509, 1497, 989, 0, 0, 0, 0, 0, 0, 0))
2018-04-03 14:56:00.543221;(7, (849, 826, 207, 2, 0, 0, 0, 0, 0, 0))
2018-04-03 14:56:00.574461;(13, (461, 526, 151, 2, 0, 0, 0, 0, 0, 0))
2018-04-03 14:56:00.593834;(14, (869, 807, 292, 1, 0, 0, 0, 0, 0, 0))
2018-04-03 14:56:00.640092;(3, (906, 821, 317, 3, 0, 0, 0, 0, 0, 0))
2018-04-03 14:56:00.721346;(9, (267, 344, 3, 3, 0, 0, 0, 0, 0, 0))
2018-04-03 14:56:00.759042;(12, (484, 479, 41, 1, 0, 0, 0, 0, 0, 0))
2018-04-03 14:56:00.800007;(19, (447, 415, 44, 1, 0, 0, 0, 0, 0, 0))
2018-04-03 14:56:00.853195;(10, (919, 897, 421, 0, 0, 0, 0, 0, 0, 0))
2018-04-03 14:56:29.796998;(1, (3764, 3270, 3184, 1592, 0, 0, 0, 0, 0, 0))
2018-04-03 14:56:29.934763;(22, (1261, 1218, 649, 2, 0, 0, 0, 0, 0, 0))
2018-04-03 14:56:29.976078;(20, (714, 679, 168, 2, 0, 0, 0, 0, 0, 0))
2018-04-03 14:56:29.998761;(4, (575, 626, 154, 8, 0, 0, 0, 0, 0, 0))
2018-04-03 14:56:30.055804;(21, (748, 815, 278, 0, 0, 0, 0, 0, 0, 0))
2018-04-03 14:56:30.098095;(5, (692, 691, 184, 0, 0, 0, 0, 0, 0, 0))
2018-04-03 14:56:30.151332;(16, (491, 521, 69, 2, 0, 0, 0, 0, 0, 0))
2018-04-03 14:56:30.200163;(18, (1077, 1082, 532, 2, 0, 0, 0, 0, 0, 0))
2018-04-03 14:56:30.302443;(11, (761, 745, 222, 8, 0, 0, 0, 0, 0, 0))
2018-04-03 14:56:30.317560;(17, (313, 403, 0, 2, 0, 0, 0, 0, 0, 0))
2018-04-03 14:56:30.382585;(8, (687, 595, 101, 1, 0, 0, 0, 0, 0, 0))
2018-04-03 14:56:30.385919;(6, (632, 664, 137, 2, 0, 0, 0, 0, 0, 0))
2018-04-03 14:56:30.396050;(23, (1255, 1237, 987, 0, 0, 0, 0, 0, 0, 0))
2018-04-03 14:56:30.438752;(15, (1635, 1635, 1050, 0, 0, 0, 0, 0, 0, 0))
2018-04-03 14:56:30.547703;(7, (968, 946, 246, 3, 0, 0, 0, 0, 0, 0))
2018-04-03 14:56:30.577093;(13, (474, 545, 151, 2, 0, 0, 0, 0, 0, 0))
2018-04-03 14:56:30.598133;(14, (1068, 1013, 381, 3, 0, 0, 0, 0, 0, 0))
2018-04-03 14:56:30.643498;(3, (1070, 984, 382, 3, 0, 0, 0, 0, 0, 0))
2018-04-03 14:56:30.726997;(9, (325, 420, 3, 3, 0, 0, 0, 0, 0, 0))
2018-04-03 14:56:30.762331;(12, (599, 602, 67, 2, 0, 0, 0, 0, 0, 0))
2018-04-03 14:56:30.805592;(19, (527, 497, 44, 1, 0, 0, 0, 0, 0, 0))
2018-04-03 14:56:30.856384;(10, (1422, 1391, 799, 0, 0, 0, 0, 0, 0, 0))
2018-04-03 14:56:59.940876;(22, (1433, 1383, 719, 2, 0, 0, 0, 0, 0, 0))
2018-04-03 14:56:59.980029;(20, (761, 725, 179, 5, 0, 0, 0, 0, 0, 0))
2018-04-03 14:57:00.002924;(4, (673, 741, 187, 8, 0, 0, 0, 0, 0, 0))
2018-04-03 14:57:00.061404;(21, (957, 1031, 403, 0, 0, 0, 0, 0, 0, 0))
2018-04-03 14:57:00.103045;(5, (756, 774, 184, 0, 0, 0, 0, 0, 0, 0))
2018-04-03 14:57:00.306351;(11, (835, 818, 225, 10, 0, 0, 0, 0, 0, 0))
2018-04-03 14:57:00.323062;(17, (358, 465, 1, 3, 0, 0, 0, 0, 0, 0))
2018-04-03 14:57:00.390141;(8, (799, 703, 131, 4, 0, 0, 0, 0, 0, 0))
2018-04-03 14:57:00.391968;(6, (695, 737, 137, 2, 0, 0, 0, 0, 0, 0))
2018-04-03 14:57:00.401342;(23, (1337, 1315, 1051, 0, 0, 0, 0, 0, 0, 0))
2018-04-03 14:57:00.443455;(15, (1819, 1839, 1157, 0, 0, 0, 0, 0, 0, 0))
2018-04-03 14:57:00.550460;(7, (1087, 1054, 279, 7, 0, 0, 0, 0, 0, 0))
2018-04-03 14:57:00.579709;(13, (542, 611, 200, 2, 0, 0, 0, 0, 0, 0))
2018-04-03 14:57:00.605141;(14, (1162, 1111, 417, 4, 0, 0, 0, 0, 0, 0))
2018-04-03 14:57:00.647668;(3, (1309, 1226, 504, 3, 0, 0, 0, 0, 0, 0))
2018-04-03 14:57:00.765652;(12, (681, 691, 83, 3, 0, 0, 0, 0, 0, 0))
2018-04-03 14:57:00.798945;(1, (4284, 3742, 3646, 1823, 0, 0, 0, 0, 0, 0))
2018-04-03 14:57:00.809293;(19, (594, 557, 59, 2, 0, 0, 0, 0, 0, 0))
2018-04-03 14:57:00.860018;(10, (1751, 1711, 1027, 0, 0, 0, 0, 0, 0, 0))
2018-04-03 14:57:01.154872;(16, (553, 595, 72, 3, 0, 0, 0, 0, 0, 0))
2018-04-03 14:57:01.204113;(18, (1147, 1162, 532, 2, 0, 0, 0, 0, 0, 0))
2018-04-03 14:57:01.731508;(9, (387, 499, 3, 3, 0, 0, 0, 0, 0, 0))
2018-04-03 14:57:30.403110;(23, (1460, 1434, 1150, 0, 0, 0, 0, 0, 0, 0))
2018-04-03 14:57:30.802364;(1, (4889, 4298, 4192, 2096, 0, 0, 0, 0, 0, 0))
2018-04-03 14:57:30.864993;(10, (2094, 2053, 1268, 0, 0, 0, 0, 0, 0, 0))
2018-04-03 14:57:31.006529;(4, (737, 810, 216, 8, 0, 0, 0, 0, 0, 0))
2018-04-03 14:57:31.159439;(16, (621, 673, 72, 3, 0, 0, 0, 0, 0, 0))
2018-04-03 14:57:31.207621;(18, (1262, 1277, 570, 2, 0, 0, 0, 0, 0, 0))
2018-04-03 14:57:31.311251;(11, (920, 910, 234, 13, 0, 0, 0, 0, 0, 0))
2018-04-03 14:57:31.327196;(17, (403, 523, 2, 4, 0, 0, 0, 0, 0, 0))
2018-04-03 14:57:31.398181;(8, (996, 894, 211, 5, 0, 0, 0, 0, 0, 0))
2018-04-03 14:57:31.399180;(6, (760, 810, 137, 2, 0, 0, 0, 0, 0, 0))
2018-04-03 14:57:31.447778;(15, (2100, 2121, 1345, 0, 0, 0, 0, 0, 0, 0))
2018-04-03 14:57:31.557593;(7, (1182, 1126, 313, 7, 0, 0, 0, 0, 0, 0))
2018-04-03 14:57:31.610582;(14, (1289, 1249, 451, 4, 0, 0, 0, 0, 0, 0))
2018-04-03 14:57:31.734116;(9, (413, 534, 3, 3, 0, 0, 0, 0, 0, 0))
2018-04-03 14:57:31.769881;(12, (795, 798, 96, 3, 0, 0, 0, 0, 0, 0))
2018-04-03 14:58:00.806840;(1, (5444, 4804, 4688, 2344, 0, 0, 0, 0, 0, 0))
2018-04-03 14:58:00.949145;(22, (1966, 1913, 1044, 3, 0, 0, 0, 0, 0, 0))
2018-04-03 14:58:00.991911;(20, (918, 908, 184, 5, 0, 0, 0, 0, 0, 0))
2018-04-03 14:58:01.009797;(4, (800, 892, 231, 8, 0, 0, 0, 0, 0, 0))
2018-04-03 14:58:01.074272;(21, (1226, 1351, 536, 0, 0, 0, 0, 0, 0, 0))
2018-04-03 14:58:01.111336;(5, (884, 929, 184, 0, 0, 0, 0, 0, 0, 0))
2018-04-03 14:58:01.162895;(16, (690, 738, 78, 4, 0, 0, 0, 0, 0, 0))
2018-04-03 14:58:01.212153;(18, (1359, 1382, 595, 4, 0, 0, 0, 0, 0, 0))
2018-04-03 14:58:01.313912;(11, (967, 947, 236, 14, 0, 0, 0, 0, 0, 0))
2018-04-03 14:58:01.332167;(17, (453, 590, 2, 4, 0, 0, 0, 0, 0, 0))
2018-04-03 14:58:01.402808;(8, (1146, 1040, 255, 6, 0, 0, 0, 0, 0, 0))
2018-04-03 14:58:01.407292;(6, (825, 884, 138, 2, 0, 0, 0, 0, 0, 0))
2018-04-03 14:58:01.408675;(23, (1568, 1535, 1236, 0, 0, 0, 0, 0, 0, 0))
2018-04-03 14:58:01.451591;(15, (2309, 2334, 1480, 0, 0, 0, 0, 0, 0, 0))
2018-04-03 14:58:01.561157;(7, (1338, 1271, 390, 7, 0, 0, 0, 0, 0, 0))
2018-04-03 14:58:01.586617;(13, (713, 805, 259, 2, 0, 0, 0, 0, 0, 0))
2018-04-03 14:58:01.615309;(14, (1422, 1384, 485, 4, 0, 0, 0, 0, 0, 0))
2018-04-03 14:58:01.655860;(3, (1741, 1647, 729, 5, 0, 0, 0, 0, 0, 0))
2018-04-03 14:58:01.737693;(9, (451, 579, 3, 3, 0, 0, 0, 0, 0, 0))
2018-04-03 14:58:01.774390;(12, (913, 917, 119, 3, 0, 0, 0, 0, 0, 0))
2018-04-03 14:58:01.816062;(19, (698, 651, 83, 2, 0, 0, 0, 0, 0, 0))
2018-04-03 14:58:01.868109;(10, (2426, 2383, 1534, 0, 0, 0, 0, 0, 0, 0))
2018-04-03 14:58:30.811319;(1, (6016, 5318, 5192, 2596, 0, 0, 0, 0, 0, 0))
2018-04-03 14:58:30.953382;(22, (2107, 2055, 1088, 3, 0, 0, 0, 0, 0, 0))
2018-04-03 14:58:30.996016;(20, (1044, 1039, 227, 5, 0, 0, 0, 0, 0, 0))
2018-04-03 14:58:31.015139;(4, (893, 1005, 262, 8, 0, 0, 0, 0, 0, 0))
2018-04-03 14:58:31.079599;(21, (1380, 1522, 625, 0, 0, 0, 0, 0, 0, 0))
2018-04-03 14:58:31.115042;(5, (945, 1001, 184, 0, 0, 0, 0, 0, 0, 0))
2018-04-03 14:58:31.165770;(16, (751, 801, 87, 8, 0, 0, 0, 0, 0, 0))
2018-04-03 14:58:31.215942;(18, (1415, 1437, 602, 4, 0, 0, 0, 0, 0, 0))
2018-04-03 14:58:31.318535;(11, (1031, 1010, 238, 16, 0, 0, 0, 0, 0, 0))
2018-04-03 14:58:31.336981;(17, (481, 628, 2, 4, 0, 0, 0, 0, 0, 0))
2018-04-03 14:58:31.406317;(8, (1273, 1167, 298, 10, 0, 0, 0, 0, 0, 0))
2018-04-03 14:58:31.416932;(23, (1640, 1619, 1295, 0, 0, 0, 0, 0, 0, 0))
2018-04-03 14:58:31.418082;(6, (890, 954, 138, 2, 0, 0, 0, 0, 0, 0))
2018-04-03 14:58:31.456499;(15, (2450, 2474, 1542, 0, 0, 0, 0, 0, 0, 0))
2018-04-03 14:58:31.565193;(7, (1452, 1382, 415, 7, 0, 0, 0, 0, 0, 0))
2018-04-03 14:58:31.590437;(13, (838, 940, 316, 2, 0, 0, 0, 0, 0, 0))
2018-04-03 14:58:31.619395;(14, (1518, 1481, 498, 4, 0, 0, 0, 0, 0, 0))
2018-04-03 14:58:31.658770;(3, (1875, 1770, 799, 5, 0, 0, 0, 0, 0, 0))
2018-04-03 14:58:31.742045;(9, (510, 654, 3, 3, 0, 0, 0, 0, 0, 0))
2018-04-03 14:58:31.778117;(12, (1005, 1008, 139, 6, 0, 0, 0, 0, 0, 0))
2018-04-03 14:58:31.819074;(19, (756, 711, 84, 2, 0, 0, 0, 0, 0, 0))
2018-04-03 14:58:31.872130;(10, (2765, 2736, 1763, 0, 0, 0, 0, 0, 0, 0))
2018-04-03 14:59:00.816008;(1, (6600, 5854, 5718, 2859, 0, 0, 0, 0, 0, 0))
2018-04-03 14:59:00.957186;(22, (2178, 2127, 1088, 3, 0, 0, 0, 0, 0, 0))
2018-04-03 14:59:00.999882;(20, (1162, 1164, 267, 5, 0, 0, 0, 0, 0, 0))
2018-04-03 14:59:01.021555;(4, (991, 1118, 294, 9, 0, 0, 0, 0, 0, 0))
2018-04-03 14:59:01.085874;(21, (1534, 1694, 714, 0, 0, 0, 0, 0, 0, 0))
2018-04-03 14:59:01.119513;(5, (1004, 1072, 184, 0, 0, 0, 0, 0, 0, 0))
2018-04-03 14:59:01.169294;(16, (813, 858, 89, 8, 0, 0, 0, 0, 0, 0))
2018-04-03 14:59:01.218451;(18, (1476, 1488, 631, 4, 0, 0, 0, 0, 0, 0))
2018-04-03 14:59:01.325921;(11, (1104, 1084, 240, 17, 0, 0, 0, 0, 0, 0))
2018-04-03 14:59:01.340046;(17, (525, 688, 2, 4, 0, 0, 0, 0, 0, 0))
2018-04-03 14:59:01.412331;(8, (1414, 1305, 345, 10, 0, 0, 0, 0, 0, 0))
2018-04-03 14:59:01.418743;(23, (1723, 1705, 1362, 0, 0, 0, 0, 0, 0, 0))
2018-04-03 14:59:01.423286;(6, (955, 1024, 138, 2, 0, 0, 0, 0, 0, 0))
2018-04-03 14:59:01.460006;(15, (2584, 2615, 1608, 0, 0, 0, 0, 0, 0, 0))
2018-04-03 14:59:01.567615;(7, (1566, 1496, 437, 7, 0, 0, 0, 0, 0, 0))
2018-04-03 14:59:01.594326;(13, (968, 1088, 377, 2, 0, 0, 0, 0, 0, 0))
2018-04-03 14:59:01.626095;(14, (1627, 1603, 523, 4, 0, 0, 0, 0, 0, 0))
2018-04-03 14:59:01.663036;(3, (2104, 1995, 941, 5, 0, 0, 0, 0, 0, 0))
2018-04-03 14:59:01.746784;(9, (560, 718, 3, 3, 0, 0, 0, 0, 0, 0))
2018-04-03 14:59:01.780392;(12, (1040, 1035, 139, 6, 0, 0, 0, 0, 0, 0))
2018-04-03 14:59:01.822102;(19, (829, 783, 86, 2, 0, 0, 0, 0, 0, 0))
2018-04-03 14:59:01.875662;(10, (3103, 3078, 2007, 0, 0, 0, 0, 0, 0, 0))
2018-04-03 14:59:30.818915;(1, (7093, 6312, 6166, 3083, 0, 0, 0, 0, 0, 0))
2018-04-03 14:59:30.961240;(22, (2414, 2360, 1238, 3, 0, 0, 0, 0, 0, 0))
2018-04-03 14:59:31.005802;(20, (1270, 1277, 297, 5, 0, 0, 0, 0, 0, 0))
2018-04-03 14:59:31.023454;(4, (1009, 1140, 296, 9, 0, 0, 0, 0, 0, 0))
2018-04-03 14:59:31.091090;(21, (1616, 1802, 740, 0, 0, 0, 0, 0, 0, 0))
2018-04-03 14:59:31.126634;(5, (1062, 1142, 184, 0, 0, 0, 0, 0, 0, 0))
2018-04-03 14:59:31.220390;(18, (1516, 1521, 650, 4, 0, 0, 0, 0, 0, 0))
2018-04-03 14:59:31.329812;(11, (1190, 1178, 255, 17, 0, 0, 0, 0, 0, 0))
2018-04-03 14:59:31.343525;(17, (578, 760, 4, 6, 0, 0, 0, 0, 0, 0))
2018-04-03 14:59:31.428522;(23, (1789, 1773, 1415, 0, 0, 0, 0, 0, 0, 0))
2018-04-03 14:59:31.465979;(15, (2700, 2742, 1663, 0, 0, 0, 0, 0, 0, 0))
2018-04-03 14:59:31.574486;(7, (1686, 1610, 469, 7, 0, 0, 0, 0, 0, 0))
2018-04-03 14:59:31.598109;(13, (989, 1113, 383, 2, 0, 0, 0, 0, 0, 0))
2018-04-03 14:59:31.630486;(14, (1722, 1706, 545, 4, 0, 0, 0, 0, 0, 0))
2018-04-03 14:59:31.672999;(3, (2370, 2268, 1109, 7, 0, 0, 0, 0, 0, 0))
2018-04-03 14:59:31.782402;(12, (1073, 1059, 141, 7, 0, 0, 0, 0, 0, 0))
2018-04-03 14:59:31.825188;(19, (887, 849, 86, 2, 0, 0, 0, 0, 0, 0))
2018-04-03 14:59:31.880152;(10, (3442, 3427, 2261, 0, 0, 0, 0, 0, 0, 0))
2018-04-03 14:59:32.173960;(16, (884, 932, 93, 9, 0, 0, 0, 0, 0, 0))
2018-04-03 14:59:32.418035;(8, (1556, 1449, 402, 11, 0, 0, 0, 0, 0, 0))
2018-04-03 14:59:32.750680;(9, (571, 732, 3, 3, 0, 0, 0, 0, 0, 0))
2018-04-03 15:00:00.822636;(1, (7622, 6816, 6658, 3329, 0, 0, 0, 0, 0, 0))
2018-04-03 15:00:01.011345;(20, (1429, 1439, 378, 5, 0, 0, 0, 0, 0, 0))
2018-04-03 15:00:01.097529;(21, (1714, 1919, 777, 0, 0, 0, 0, 0, 0, 0))
2018-04-03 15:00:01.431784;(23, (1879, 1867, 1491, 0, 0, 0, 0, 0, 0, 0))
2018-04-03 15:00:01.601790;(13, (1053, 1191, 397, 4, 0, 0, 0, 0, 0, 0))
2018-04-03 15:00:01.676385;(3, (2611, 2554, 1265, 7, 0, 0, 0, 0, 0, 0))
2018-04-03 15:00:01.883415;(10, (3769, 3763, 2516, 0, 0, 0, 0, 0, 0, 0))
2018-04-03 15:00:01.965350;(22, (2642, 2552, 1354, 3, 0, 0, 0, 0, 0, 0))
2018-04-03 15:00:02.026312;(4, (1054, 1191, 316, 9, 0, 0, 0, 0, 0, 0))
2018-04-03 15:00:02.131739;(5, (1120, 1213, 184, 0, 0, 0, 0, 0, 0, 0))
2018-04-03 15:00:02.177630;(16, (963, 1011, 105, 10, 0, 0, 0, 0, 0, 0))
2018-04-03 15:00:02.222930;(18, (1578, 1579, 686, 4, 0, 0, 0, 0, 0, 0))
2018-04-03 15:00:02.335734;(11, (1294, 1285, 292, 17, 0, 0, 0, 0, 0, 0))
2018-04-03 15:00:02.349694;(17, (591, 774, 4, 8, 0, 0, 0, 0, 0, 0))
2018-04-03 15:00:02.423187;(8, (1731, 1626, 490, 11, 0, 0, 0, 0, 0, 0))
2018-04-03 15:00:02.438151;(6, (1077, 1169, 138, 2, 0, 0, 0, 0, 0, 0))
2018-04-03 15:00:02.469798;(15, (2843, 2891, 1739, 0, 0, 0, 0, 0, 0, 0))
2018-04-03 15:00:02.579926;(7, (1754, 1685, 469, 7, 0, 0, 0, 0, 0, 0))
2018-04-03 15:00:02.635282;(14, (1824, 1814, 574, 4, 0, 0, 0, 0, 0, 0))
2018-04-03 15:00:02.755213;(9, (609, 784, 3, 4, 0, 0, 0, 0, 0, 0))
2018-04-03 15:00:02.787251;(12, (1146, 1140, 141, 8, 0, 0, 0, 0, 0, 0))
2018-04-03 15:00:02.830038;(19, (941, 908, 86, 2, 0, 0, 0, 0, 0, 0))
2018-04-03 15:00:30.826813;(1, (8157, 7316, 7148, 3574, 0, 0, 0, 0, 0, 0))
2018-04-03 15:00:31.103594;(21, (1870, 2090, 873, 0, 0, 0, 0, 0, 0, 0))
2018-04-03 15:00:31.887647;(10, (4075, 4071, 2726, 0, 0, 0, 0, 0, 0, 0))
2018-04-03 15:00:31.971200;(22, (2722, 2634, 1359, 3, 0, 0, 0, 0, 0, 0))
2018-04-03 15:00:32.016462;(20, (1624, 1639, 480, 7, 0, 0, 0, 0, 0, 0))
2018-04-03 15:00:32.031249;(4, (1158, 1308, 348, 9, 0, 0, 0, 0, 0, 0))
2018-04-03 15:00:32.136056;(5, (1177, 1283, 184, 0, 0, 0, 0, 0, 0, 0))
2018-04-03 15:00:32.181112;(16, (993, 1033, 105, 11, 0, 0, 0, 0, 0, 0))
2018-04-03 15:00:32.226444;(18, (1683, 1680, 726, 4, 0, 0, 0, 0, 0, 0))
2018-04-03 15:00:32.339958;(11, (1382, 1377, 300, 18, 0, 0, 0, 0, 0, 0))
2018-04-03 15:00:32.351478;(17, (607, 793, 4, 13, 0, 0, 0, 0, 0, 0))
2018-04-03 15:00:32.427532;(8, (1858, 1746, 518, 11, 0, 0, 0, 0, 0, 0))
2018-04-03 15:00:32.435254;(23, (1967, 1956, 1559, 0, 0, 0, 0, 0, 0, 0))
2018-04-03 15:00:32.445634;(6, (1137, 1242, 138, 2, 0, 0, 0, 0, 0, 0))
2018-04-03 15:00:32.584959;(7, (1866, 1793, 484, 8, 0, 0, 0, 0, 0, 0))
2018-04-03 15:00:32.606479;(13, (1178, 1331, 465, 4, 0, 0, 0, 0, 0, 0))
2018-04-03 15:00:32.640193;(14, (1944, 1940, 597, 4, 0, 0, 0, 0, 0, 0))
2018-04-03 15:00:32.680922;(3, (2793, 2738, 1348, 7, 0, 0, 0, 0, 0, 0))
2018-04-03 15:00:32.758776;(9, (666, 855, 3, 4, 0, 0, 0, 0, 0, 0))
2018-04-03 15:00:32.790651;(12, (1194, 1177, 141, 9, 0, 0, 0, 0, 0, 0))
2018-04-03 15:00:32.832075;(19, (990, 946, 94, 4, 0, 0, 0, 0, 0, 0))
2018-04-03 15:01:01.829907;(1, (8740, 7860, 7682, 3841, 0, 0, 0, 0, 0, 0))
2018-04-03 15:01:01.975004;(22, (2794, 2708, 1360, 3, 0, 0, 0, 0, 0, 0))
2018-04-03 15:01:02.021038;(20, (1780, 1808, 555, 7, 0, 0, 0, 0, 0, 0))
2018-04-03 15:01:02.035458;(4, (1243, 1401, 364, 10, 0, 0, 0, 0, 0, 0))
2018-04-03 15:01:02.108067;(21, (2004, 2236, 944, 0, 0, 0, 0, 0, 0, 0))
2018-04-03 15:01:02.139903;(5, (1236, 1353, 184, 0, 0, 0, 0, 0, 0, 0))
2018-04-03 15:01:02.185658;(16, (1059, 1105, 114, 11, 0, 0, 0, 0, 0, 0))
2018-04-03 15:01:02.230206;(18, (1742, 1743, 734, 4, 0, 0, 0, 0, 0, 0))
2018-04-03 15:01:02.343333;(11, (1518, 1512, 353, 18, 0, 0, 0, 0, 0, 0))
2018-04-03 15:01:02.354794;(17, (621, 810, 4, 17, 0, 0, 0, 0, 0, 0))
2018-04-03 15:01:02.430907;(8, (2057, 1942, 632, 12, 0, 0, 0, 0, 0, 0))
2018-04-03 15:01:02.439507;(23, (1982, 1966, 1559, 0, 0, 0, 0, 0, 0, 0))
2018-04-03 15:01:02.450762;(6, (1197, 1320, 138, 2, 0, 0, 0, 0, 0, 0))
2018-04-03 15:01:02.483854;(15, (3034, 3104, 1804, 0, 0, 0, 0, 0, 0, 0))
2018-04-03 15:01:02.589172;(7, (1974, 1900, 508, 8, 0, 0, 0, 0, 0, 0))
2018-04-03 15:01:02.611543;(13, (1281, 1452, 505, 4, 0, 0, 0, 0, 0, 0))
2018-04-03 15:01:02.689751;(3, (3134, 3086, 1579, 7, 0, 0, 0, 0, 0, 0))
2018-04-03 15:01:02.761948;(9, (698, 898, 6, 5, 0, 0, 0, 0, 0, 0))
2018-04-03 15:01:02.795176;(12, (1275, 1267, 144, 10, 0, 0, 0, 0, 0, 0))
2018-04-03 15:01:02.836109;(19, (1065, 1035, 95, 4, 0, 0, 0, 0, 0, 0))
2018-04-03 15:01:02.891355;(10, (4519, 4514, 3071, 0, 0, 0, 0, 0, 0, 0))
2018-04-03 15:01:31.833035;(1, (9304, 8392, 8204, 4102, 0, 0, 0, 0, 0, 0))
2018-04-03 15:01:31.981732;(22, (2874, 2785, 1360, 3, 0, 0, 0, 0, 0, 0))
2018-04-03 15:01:32.025632;(20, (1912, 1955, 605, 7, 0, 0, 0, 0, 0, 0))
2018-04-03 15:01:32.039233;(4, (1335, 1508, 393, 10, 0, 0, 0, 0, 0, 0))
2018-04-03 15:01:32.112161;(21, (2151, 2396, 1030, 0, 0, 0, 0, 0, 0, 0))
2018-04-03 15:01:32.145535;(5, (1293, 1424, 184, 0, 0, 0, 0, 0, 0, 0))
2018-04-03 15:01:32.189471;(16, (1135, 1180, 123, 14, 0, 0, 0, 0, 0, 0))
2018-04-03 15:01:32.235899;(18, (1805, 1812, 737, 5, 0, 0, 0, 0, 0, 0))
2018-04-03 15:01:32.346116;(11, (1561, 1551, 360, 18, 0, 0, 0, 0, 0, 0))
2018-04-03 15:01:32.357593;(17, (635, 827, 4, 20, 0, 0, 0, 0, 0, 0))
2018-04-03 15:01:32.436059;(8, (2196, 2086, 673, 12, 0, 0, 0, 0, 0, 0))
2018-04-03 15:01:32.442872;(23, (1997, 1977, 1560, 0, 0, 0, 0, 0, 0, 0))
2018-04-03 15:01:32.456420;(6, (1257, 1390, 138, 2, 0, 0, 0, 0, 0, 0))
2018-04-03 15:01:32.490392;(15, (3092, 3175, 1805, 0, 0, 0, 0, 0, 0, 0))
2018-04-03 15:01:32.593559;(7, (2184, 2111, 617, 8, 0, 0, 0, 0, 0, 0))
2018-04-03 15:01:32.615982;(13, (1398, 1585, 560, 4, 0, 0, 0, 0, 0, 0))
2018-04-03 15:01:32.646066;(14, (2061, 2067, 599, 4, 0, 0, 0, 0, 0, 0))
2018-04-03 15:01:32.694060;(3, (3454, 3416, 1792, 7, 0, 0, 0, 0, 0, 0))
2018-04-03 15:01:32.768498;(9, (758, 971, 9, 7, 0, 0, 0, 0, 0, 0))
2018-04-03 15:01:32.799514;(12, (1363, 1362, 146, 10, 0, 0, 0, 0, 0, 0))
2018-04-03 15:01:32.840790;(19, (1177, 1149, 125, 6, 0, 0, 0, 0, 0, 0))
2018-04-03 15:01:32.894597;(10, (4938, 4933, 3390, 0, 0, 0, 0, 0, 0, 0))
2018-04-03 15:02:01.834964;(1, (9838, 8886, 8688, 4344, 0, 0, 0, 0, 0, 0))
2018-04-03 15:02:01.986950;(22, (2951, 2870, 1361, 3, 0, 0, 0, 0, 0, 0))
2018-04-03 15:02:02.029777;(20, (2061, 2099, 655, 7, 0, 0, 0, 0, 0, 0))
2018-04-03 15:02:02.042829;(4, (1428, 1610, 419, 10, 0, 0, 0, 0, 0, 0))
2018-04-03 15:02:02.116022;(21, (2298, 2556, 1119, 0, 0, 0, 0, 0, 0, 0))
2018-04-03 15:02:02.148842;(5, (1356, 1494, 184, 0, 0, 0, 0, 0, 0, 0))
2018-04-03 15:02:02.349060;(11, (1620, 1611, 370, 18, 0, 0, 0, 0, 0, 0))
2018-04-03 15:02:02.359418;(17, (651, 840, 4, 23, 0, 0, 0, 0, 0, 0))
2018-04-03 15:02:02.445628;(23, (2009, 1987, 1560, 0, 0, 0, 0, 0, 0, 0))
2018-04-03 15:02:02.460799;(6, (1317, 1461, 138, 2, 0, 0, 0, 0, 0, 0))
2018-04-03 15:02:02.497310;(15, (3152, 3245, 1805, 0, 0, 0, 0, 0, 0, 0))
2018-04-03 15:02:02.597080;(7, (2341, 2286, 684, 8, 0, 0, 0, 0, 0, 0))
2018-04-03 15:02:02.622010;(13, (1513, 1717, 618, 4, 0, 0, 0, 0, 0, 0))
2018-04-03 15:02:02.698222;(3, (3705, 3648, 1912, 7, 0, 0, 0, 0, 0, 0))
2018-04-03 15:02:02.843464;(19, (1255, 1229, 141, 6, 0, 0, 0, 0, 0, 0))
2018-04-03 15:02:02.899299;(10, (5309, 5304, 3657, 0, 0, 0, 0, 0, 0, 0))
2018-04-03 15:02:03.193612;(16, (1200, 1244, 132, 16, 0, 0, 0, 0, 0, 0))
2018-04-03 15:02:03.241093;(18, (1874, 1891, 737, 6, 0, 0, 0, 0, 0, 0))
2018-04-03 15:02:03.440496;(8, (2299, 2183, 693, 12, 0, 0, 0, 0, 0, 0))
2018-04-03 15:02:03.650751;(14, (2150, 2156, 634, 4, 0, 0, 0, 0, 0, 0))
2018-04-03 15:02:03.771793;(9, (811, 1041, 9, 7, 0, 0, 0, 0, 0, 0))
2018-04-03 15:02:03.806945;(12, (1425, 1415, 150, 13, 0, 0, 0, 0, 0, 0))
2018-04-03 15:02:31.837838;(1, (10374, 9378, 9170, 4585, 0, 0, 0, 0, 0, 0))
2018-04-03 15:02:32.120153;(21, (2438, 2708, 1197, 0, 0, 0, 0, 0, 0, 0))
2018-04-03 15:02:32.448113;(23, (2058, 2029, 1588, 0, 0, 0, 0, 0, 0, 0))
2018-04-03 15:02:32.903041;(10, (5674, 5664, 3914, 0, 0, 0, 0, 0, 0, 0))
2018-04-03 15:02:32.994743;(22, (3115, 3035, 1427, 3, 0, 0, 0, 0, 0, 0))
2018-04-03 15:02:33.033791;(20, (2263, 2310, 757, 7, 0, 0, 0, 0, 0, 0))
2018-04-03 15:02:33.047223;(4, (1522, 1718, 442, 10, 0, 0, 0, 0, 0, 0))
2018-04-03 15:02:33.154202;(5, (1418, 1568, 184, 0, 0, 0, 0, 0, 0, 0))
2018-04-03 15:02:33.196128;(16, (1267, 1317, 137, 17, 0, 0, 0, 0, 0, 0))
2018-04-03 15:02:33.245451;(18, (1942, 1968, 742, 6, 0, 0, 0, 0, 0, 0))
2018-04-03 15:02:33.351340;(11, (1685, 1662, 387, 18, 0, 0, 0, 0, 0, 0))
2018-04-03 15:02:33.362152;(17, (667, 858, 4, 28, 0, 0, 0, 0, 0, 0))
2018-04-03 15:02:33.444015;(8, (2386, 2260, 716, 14, 0, 0, 0, 0, 0, 0))
2018-04-03 15:02:33.463999;(6, (1378, 1536, 138, 2, 0, 0, 0, 0, 0, 0))
2018-04-03 15:02:33.505215;(15, (3243, 3346, 1833, 0, 0, 0, 0, 0, 0, 0))
2018-04-03 15:02:33.601714;(7, (2518, 2459, 755, 10, 0, 0, 0, 0, 0, 0))
2018-04-03 15:02:33.626507;(13, (1627, 1850, 669, 4, 0, 0, 0, 0, 0, 0))
2018-04-03 15:02:33.654829;(14, (2274, 2284, 660, 4, 0, 0, 0, 0, 0, 0))
2018-04-03 15:02:33.703481;(3, (3906, 3859, 2005, 7, 0, 0, 0, 0, 0, 0))
2018-04-03 15:02:33.777276;(9, (857, 1092, 12, 9, 0, 0, 0, 0, 0, 0))
2018-04-03 15:02:33.811590;(12, (1496, 1493, 166, 13, 0, 0, 0, 0, 0, 0))
2018-04-03 15:02:33.848649;(19, (1322, 1296, 143, 6, 0, 0, 0, 0, 0, 0))
2018-04-03 15:03:01.839952;(1, (10889, 9862, 9640, 4820, 0, 0, 0, 0, 0, 0))
2018-04-03 15:03:02.124854;(21, (2588, 2869, 1281, 0, 0, 0, 0, 0, 0, 0))
2018-04-03 15:03:02.450520;(23, (2111, 2089, 1629, 0, 0, 0, 0, 0, 0, 0))
2018-04-03 15:03:02.909528;(10, (5974, 5971, 4133, 0, 0, 0, 0, 0, 0, 0))
2018-04-03 15:03:02.998769;(22, (3186, 3107, 1427, 3, 0, 0, 0, 0, 0, 0))
2018-04-03 15:03:03.039171;(20, (2517, 2574, 922, 7, 0, 0, 0, 0, 0, 0))
2018-04-03 15:03:03.051018;(4, (1631, 1838, 479, 10, 0, 0, 0, 0, 0, 0))
2018-04-03 15:03:03.158784;(5, (1479, 1638, 184, 0, 0, 0, 0, 0, 0, 0))
2018-04-03 15:03:03.199269;(16, (1322, 1363, 139, 18, 0, 0, 0, 0, 0, 0))
2018-04-03 15:03:03.250678;(18, (1972, 1991, 742, 6, 0, 0, 0, 0, 0, 0))
2018-04-03 15:03:03.355297;(11, (1755, 1741, 389, 18, 0, 0, 0, 0, 0, 0))
2018-04-03 15:03:03.365606;(17, (682, 875, 4, 32, 0, 0, 0, 0, 0, 0))
2018-04-03 15:03:03.447937;(8, (2539, 2405, 776, 15, 0, 0, 0, 0, 0, 0))
2018-04-03 15:03:03.469053;(6, (1438, 1607, 138, 2, 0, 0, 0, 0, 0, 0))
2018-04-03 15:03:03.509948;(15, (3351, 3462, 1874, 0, 0, 0, 0, 0, 0, 0))
2018-04-03 15:03:03.605946;(7, (2742, 2676, 868, 10, 0, 0, 0, 0, 0, 0))
2018-04-03 15:03:03.630312;(13, (1754, 1999, 732, 4, 0, 0, 0, 0, 0, 0))
2018-04-03 15:03:03.659820;(14, (2346, 2353, 664, 6, 0, 0, 0, 0, 0, 0))
2018-04-03 15:03:03.708489;(3, (3987, 3945, 2006, 8, 0, 0, 0, 0, 0, 0))
2018-04-03 15:03:03.781427;(9, (921, 1170, 14, 9, 0, 0, 0, 0, 0, 0))
2018-04-03 15:03:03.817045;(12, (1584, 1573, 182, 16, 0, 0, 0, 0, 0, 0))
2018-04-03 15:03:03.850647;(19, (1361, 1334, 144, 7, 0, 0, 0, 0, 0, 0))
2018-04-03 15:03:31.843703;(1, (11386, 10324, 10092, 5046, 0, 0, 0, 0, 0, 0))
2018-04-03 15:03:33.002582;(22, (3367, 3282, 1516, 3, 0, 0, 0, 0, 0, 0))
2018-04-03 15:03:33.043053;(20, (2687, 2758, 1004, 8, 0, 0, 0, 0, 0, 0))
2018-04-03 15:03:33.054925;(4, (1727, 1948, 503, 10, 0, 0, 0, 0, 0, 0))
2018-04-03 15:03:33.129521;(21, (2738, 3031, 1367, 0, 0, 0, 0, 0, 0, 0))
2018-04-03 15:03:33.165649;(5, (1539, 1709, 184, 0, 0, 0, 0, 0, 0, 0))
2018-04-03 15:03:33.201863;(16, (1372, 1408, 147, 19, 0, 0, 0, 0, 0, 0))
2018-04-03 15:03:33.254132;(18, (1997, 2009, 742, 6, 0, 0, 0, 0, 0, 0))
2018-04-03 15:03:33.358051;(11, (1817, 1798, 401, 19, 0, 0, 0, 0, 0, 0))
2018-04-03 15:03:33.367587;(17, (699, 893, 4, 36, 0, 0, 0, 0, 0, 0))
2018-04-03 15:03:33.452050;(8, (2724, 2585, 839, 17, 0, 0, 0, 0, 0, 0))
2018-04-03 15:03:33.453361;(23, (2159, 2138, 1665, 0, 0, 0, 0, 0, 0, 0))
2018-04-03 15:03:33.473217;(6, (1497, 1678, 138, 2, 0, 0, 0, 0, 0, 0))
2018-04-03 15:03:33.515033;(15, (3446, 3568, 1910, 0, 0, 0, 0, 0, 0, 0))
2018-04-03 15:03:33.609456;(7, (2928, 2875, 954, 14, 0, 0, 0, 0, 0, 0))
2018-04-03 15:03:33.634821;(13, (1877, 2136, 788, 4, 0, 0, 0, 0, 0, 0))
2018-04-03 15:03:33.663922;(14, (2425, 2442, 669, 7, 0, 0, 0, 0, 0, 0))
2018-04-03 15:03:33.712471;(3, (4153, 4095, 2063, 9, 0, 0, 0, 0, 0, 0))
2018-04-03 15:03:33.784400;(9, (974, 1239, 15, 10, 0, 0, 0, 0, 0, 0))
2018-04-03 15:03:33.820148;(12, (1684, 1680, 191, 16, 0, 0, 0, 0, 0, 0))
2018-04-03 15:03:33.853363;(19, (1391, 1369, 144, 7, 0, 0, 0, 0, 0, 0))
2018-04-03 15:03:33.914603;(10, (6268, 6268, 4338, 0, 0, 0, 0, 0, 0, 0))
2018-04-03 15:04:01.845837;(1, (11892, 10796, 10554, 5277, 0, 0, 0, 0, 0, 0))
2018-04-03 15:04:03.006740;(22, (3569, 3489, 1643, 3, 0, 0, 0, 0, 0, 0))
2018-04-03 15:04:03.046977;(20, (2808, 2879, 1050, 8, 0, 0, 0, 0, 0, 0))
2018-04-03 15:04:03.059030;(4, (1825, 2066, 533, 10, 0, 0, 0, 0, 0, 0))
2018-04-03 15:04:03.133779;(21, (2892, 3197, 1457, 0, 0, 0, 0, 0, 0, 0))
2018-04-03 15:04:03.170281;(5, (1597, 1779, 184, 0, 0, 0, 0, 0, 0, 0))
2018-04-03 15:04:03.257466;(18, (2096, 2101, 803, 6, 0, 0, 0, 0, 0, 0))
2018-04-03 15:04:03.360406;(11, (1867, 1841, 410, 21, 0, 0, 0, 0, 0, 0))
2018-04-03 15:04:03.370344;(17, (713, 905, 4, 38, 0, 0, 0, 0, 0, 0))
2018-04-03 15:04:03.455338;(8, (2897, 2752, 920, 20, 0, 0, 0, 0, 0, 0))
2018-04-03 15:04:03.455917;(23, (2284, 2262, 1760, 0, 0, 0, 0, 0, 0, 0))
2018-04-03 15:04:03.477185;(6, (1554, 1748, 138, 2, 0, 0, 0, 0, 0, 0))
2018-04-03 15:04:03.519694;(15, (3618, 3752, 2004, 0, 0, 0, 0, 0, 0, 0))
2018-04-03 15:04:03.614693;(7, (3057, 3014, 992, 15, 0, 0, 0, 0, 0, 0))
2018-04-03 15:04:03.717969;(3, (4337, 4272, 2161, 9, 0, 0, 0, 0, 0, 0))
2018-04-03 15:04:03.787551;(9, (1041, 1319, 19, 10, 0, 0, 0, 0, 0, 0))
2018-04-03 15:04:03.824214;(12, (1776, 1775, 192, 16, 0, 0, 0, 0, 0, 0))
2018-04-03 15:04:03.857328;(19, (1437, 1422, 144, 7, 0, 0, 0, 0, 0, 0))
2018-04-03 15:04:03.920086;(10, (6511, 6516, 4504, 0, 0, 0, 0, 0, 0, 0))
2018-04-03 15:04:04.205514;(16, (1453, 1491, 155, 22, 0, 0, 0, 0, 0, 0))
2018-04-03 15:04:04.667638;(14, (2539, 2549, 733, 9, 0, 0, 0, 0, 0, 0))
2018-04-03 15:04:32.849339;(1, (12417, 11292, 11040, 5520, 0, 0, 0, 0, 0, 0))
2018-04-03 15:04:33.012372;(22, (3884, 3805, 1868, 3, 0, 0, 0, 0, 0, 0))
2018-04-03 15:04:33.050485;(20, (2884, 2965, 1058, 8, 0, 0, 0, 0, 0, 0))
2018-04-03 15:04:33.063966;(4, (1862, 2117, 536, 13, 0, 0, 0, 0, 0, 0))
2018-04-03 15:04:33.138496;(21, (2995, 3320, 1502, 0, 0, 0, 0, 0, 0, 0))
2018-04-03 15:04:33.174114;(5, (1654, 1850, 184, 0, 0, 0, 0, 0, 0, 0))
2018-04-03 15:04:33.461750;(23, (2356, 2328, 1814, 0, 0, 0, 0, 0, 0, 0))
2018-04-03 15:04:33.482396;(6, (1614, 1823, 138, 2, 0, 0, 0, 0, 0, 0))
2018-04-03 15:04:33.524293;(15, (3731, 3880, 2060, 0, 0, 0, 0, 0, 0, 0))
2018-04-03 15:04:33.623237;(7, (3267, 3229, 1118, 17, 0, 0, 0, 0, 0, 0))
2018-04-03 15:04:33.643215;(13, (2064, 2344, 865, 4, 0, 0, 0, 0, 0, 0))
2018-04-03 15:04:33.722023;(3, (4644, 4575, 2364, 11, 0, 0, 0, 0, 0, 0))
2018-04-03 15:04:33.827997;(12, (1878, 1887, 213, 16, 0, 0, 0, 0, 0, 0))
2018-04-03 15:04:33.859387;(19, (1465, 1449, 146, 7, 0, 0, 0, 0, 0, 0))
2018-04-03 15:04:33.924636;(10, (6842, 6853, 4754, 0, 0, 0, 0, 0, 0, 0))
2018-04-03 15:04:34.207623;(16, (1495, 1530, 156, 22, 0, 0, 0, 0, 0, 0))
2018-04-03 15:04:34.262461;(18, (2184, 2211, 814, 6, 0, 0, 0, 0, 0, 0))
2018-04-03 15:04:34.364029;(11, (1967, 1945, 428, 22, 0, 0, 0, 0, 0, 0))
2018-04-03 15:04:34.372206;(17, (727, 923, 4, 43, 0, 0, 0, 0, 0, 0))
2018-04-03 15:04:34.459856;(8, (3107, 2958, 1010, 22, 0, 0, 0, 0, 0, 0))
2018-04-03 15:04:34.673085;(14, (2639, 2663, 742, 11, 0, 0, 0, 0, 0, 0))
2018-04-03 15:04:34.793059;(9, (1066, 1350, 21, 11, 0, 0, 0, 0, 0, 0))
2018-04-03 15:05:02.851740;(1, (12685, 11529, 11267, 5634, 0, 0, 0, 0, 0, 0))
2018-04-03 15:05:03.142795;(21, (3060, 3401, 1508, 0, 0, 0, 0, 0, 0, 0))
2018-04-03 15:05:03.463675;(23, (2384, 2354, 1830, 0, 0, 0, 0, 0, 0, 0))
2018-04-03 15:05:03.648062;(13, (2080, 2364, 865, 4, 0, 0, 0, 0, 0, 0))
2018-04-03 15:05:03.930258;(10, (6988, 7006, 4832, 0, 0, 0, 0, 0, 0, 0))
2018-04-03 15:05:04.017201;(22, (4005, 3926, 1916, 3, 0, 0, 0, 0, 0, 0))
2018-04-03 15:05:04.053525;(20, (2961, 3050, 1080, 8, 0, 0, 0, 0, 0, 0))
2018-04-03 15:05:04.067351;(4, (1879, 2138, 536, 17, 0, 0, 0, 0, 0, 0))
2018-04-03 15:05:04.178554;(5, (1711, 1920, 184, 0, 0, 0, 0, 0, 0, 0))
2018-04-03 15:05:04.209974;(16, (2110, 2140, 159, 22, 0, 0, 0, 0, 0, 0))
2018-04-03 15:05:04.264435;(18, (2210, 2234, 814, 6, 0, 0, 0, 0, 0, 0))
2018-04-03 15:05:04.366941;(11, (2593, 2561, 436, 25, 0, 0, 0, 0, 0, 0))
2018-04-03 15:05:04.375582;(17, (743, 940, 4, 47, 0, 0, 0, 0, 0, 0))
2018-04-03 15:05:04.461678;(8, (3744, 3576, 1017, 22, 0, 0, 0, 0, 0, 0))
2018-04-03 15:05:04.485367;(6, (1631, 1841, 138, 2, 0, 0, 0, 0, 0, 0))
2018-04-03 15:05:04.528100;(15, (3809, 3993, 2082, 0, 0, 0, 0, 0, 0, 0))
2018-04-03 15:05:04.629277;(7, (3343, 3308, 1126, 17, 0, 0, 0, 0, 0, 0))
2018-04-03 15:05:04.674995;(14, (2675, 2695, 748, 12, 0, 0, 0, 0, 0, 0))
2018-04-03 15:05:04.724407;(3, (4678, 4595, 2368, 14, 0, 0, 0, 0, 0, 0))
2018-04-03 15:05:04.794913;(9, (1080, 1371, 21, 16, 0, 0, 0, 0, 0, 0))
2018-04-03 15:05:04.830614;(12, (1908, 1917, 218, 16, 0, 0, 0, 0, 0, 0))
2018-04-03 15:05:04.862315;(19, (1487, 1469, 146, 7, 0, 0, 0, 0, 0, 0))
2018-04-03 15:05:32.855222;(1, (13200, 12006, 11734, 5867, 0, 0, 0, 0, 0, 0))
2018-04-03 15:05:33.469854;(23, (2404, 2372, 1838, 0, 0, 0, 0, 0, 0, 0))
2018-04-03 15:05:33.937315;(10, (7354, 7379, 5113, 0, 0, 0, 0, 0, 0, 0))
2018-04-03 15:05:34.021985;(22, (4126, 4050, 1960, 3, 0, 0, 0, 0, 0, 0))
2018-04-03 15:05:34.062283;(20, (3099, 3202, 1137, 9, 0, 0, 0, 0, 0, 0))
2018-04-03 15:05:34.074528;(4, (1977, 2254, 567, 17, 0, 0, 0, 0, 0, 0))
2018-04-03 15:05:34.183643;(5, (1767, 1990, 184, 0, 0, 0, 0, 0, 0, 0))
2018-04-03 15:05:34.212182;(16, (2150, 2188, 161, 26, 0, 0, 0, 0, 0, 0))
2018-04-03 15:05:34.266508;(18, (2235, 2252, 814, 6, 0, 0, 0, 0, 0, 0))
2018-04-03 15:05:34.378464;(17, (758, 958, 4, 52, 0, 0, 0, 0, 0, 0))
2018-04-03 15:05:34.466410;(8, (3847, 3682, 1026, 22, 0, 0, 0, 0, 0, 0))
2018-04-03 15:05:34.489722;(6, (1649, 1858, 138, 2, 0, 0, 0, 0, 0, 0))
2018-04-03 15:05:34.533077;(15, (3884, 4092, 2098, 0, 0, 0, 0, 0, 0, 0))
2018-04-03 15:05:34.635008;(7, (3464, 3428, 1151, 17, 0, 0, 0, 0, 0, 0))
2018-04-03 15:05:34.656670;(13, (2161, 2444, 932, 4, 0, 0, 0, 0, 0, 0))
2018-04-03 15:05:34.680107;(14, (2889, 2922, 858, 14, 0, 0, 0, 0, 0, 0))
2018-04-03 15:05:34.727312;(3, (4955, 4871, 2553, 14, 0, 0, 0, 0, 0, 0))
2018-04-03 15:05:34.798020;(9, (1137, 1444, 21, 16, 0, 0, 0, 0, 0, 0))
2018-04-03 15:05:34.836761;(12, (2034, 2050, 244, 17, 0, 0, 0, 0, 0, 0))
2018-04-03 15:05:34.864269;(19, (1514, 1493, 146, 8, 0, 0, 0, 0, 0, 0))
2018-04-03 15:06:02.858366;(1, (13706, 12468, 12186, 6093, 0, 0, 0, 0, 0, 0))
2018-04-03 15:06:03.156717;(21, (3316, 3698, 1649, 0, 0, 0, 0, 0, 0, 0))
2018-04-03 15:06:03.473397;(23, (2428, 2392, 1848, 0, 0, 0, 0, 0, 0, 0))
2018-04-03 15:06:04.026506;(22, (4235, 4160, 1987, 4, 0, 0, 0, 0, 0, 0))
2018-04-03 15:06:04.069893;(20, (3224, 3332, 1183, 9, 0, 0, 0, 0, 0, 0))
2018-04-03 15:06:04.079515;(4, (2068, 2356, 597, 17, 0, 0, 0, 0, 0, 0))
2018-04-03 15:06:04.187765;(5, (1824, 2061, 184, 0, 0, 0, 0, 0, 0, 0))
2018-04-03 15:06:04.214153;(16, (2211, 2250, 179, 26, 0, 0, 0, 0, 0, 0))
2018-04-03 15:06:04.269596;(18, (2261, 2271, 814, 6, 0, 0, 0, 0, 0, 0))
2018-04-03 15:06:04.375918;(11, (2857, 2841, 486, 27, 0, 0, 0, 0, 0, 0))
2018-04-03 15:06:04.381208;(17, (773, 975, 4, 56, 0, 0, 0, 0, 0, 0))
2018-04-03 15:06:04.469168;(8, (3903, 3719, 1031, 22, 0, 0, 0, 0, 0, 0))
2018-04-03 15:06:04.494771;(6, (1665, 1877, 138, 2, 0, 0, 0, 0, 0, 0))
2018-04-03 15:06:04.540244;(15, (3963, 4192, 2118, 0, 0, 0, 0, 0, 0, 0))
2018-04-03 15:06:04.642182;(7, (3579, 3536, 1172, 17, 0, 0, 0, 0, 0, 0))
2018-04-03 15:06:04.661838;(13, (2238, 2523, 992, 4, 0, 0, 0, 0, 0, 0))
2018-04-03 15:06:04.685317;(14, (3099, 3143, 956, 16, 0, 0, 0, 0, 0, 0))
2018-04-03 15:06:04.730795;(3, (5248, 5179, 2739, 14, 0, 0, 0, 0, 0, 0))
2018-04-03 15:06:04.801167;(9, (1194, 1516, 21, 16, 0, 0, 0, 0, 0, 0))
2018-04-03 15:06:04.840190;(12, (2152, 2172, 263, 17, 0, 0, 0, 0, 0, 0))
2018-04-03 15:06:04.867238;(19, (1561, 1546, 146, 8, 0, 0, 0, 0, 0, 0))
2018-04-03 15:06:04.941735;(10, (7697, 7725, 5358, 0, 0, 0, 0, 0, 0, 0))
2018-04-03 15:06:32.860286;(1, (14291, 13016, 12724, 6362, 0, 0, 0, 0, 0, 0))
2018-04-03 15:06:34.032182;(22, (4303, 4246, 1987, 4, 0, 0, 0, 0, 0, 0))
2018-04-03 15:06:34.075217;(20, (3310, 3427, 1203, 9, 0, 0, 0, 0, 0, 0))
2018-04-03 15:06:34.085237;(4, (2156, 2457, 627, 17, 0, 0, 0, 0, 0, 0))
2018-04-03 15:06:34.163201;(21, (3436, 3838, 1720, 0, 0, 0, 0, 0, 0, 0))
2018-04-03 15:06:34.191389;(5, (1881, 2132, 184, 0, 0, 0, 0, 0, 0, 0))
2018-04-03 15:06:34.271586;(18, (2287, 2288, 814, 6, 0, 0, 0, 0, 0, 0))
2018-04-03 15:06:34.383140;(11, (2964, 2960, 512, 27, 0, 0, 0, 0, 0, 0))
2018-04-03 15:06:34.383753;(17, (787, 988, 4, 58, 0, 0, 0, 0, 0, 0))
2018-04-03 15:06:34.475177;(23, (2446, 2408, 1853, 0, 0, 0, 0, 0, 0, 0))
2018-04-03 15:06:34.499086;(6, (1705, 1928, 138, 2, 0, 0, 0, 0, 0, 0))
2018-04-03 15:06:34.544614;(15, (4033, 4277, 2128, 0, 0, 0, 0, 0, 0, 0))
2018-04-03 15:06:34.648043;(7, (3734, 3691, 1238, 17, 0, 0, 0, 0, 0, 0))
2018-04-03 15:06:34.663874;(13, (2312, 2601, 1052, 4, 0, 0, 0, 0, 0, 0))
2018-04-03 15:06:34.734655;(3, (5625, 5553, 3011, 14, 0, 0, 0, 0, 0, 0))
2018-04-03 15:06:34.805365;(9, (1253, 1590, 21, 16, 0, 0, 0, 0, 0, 0))
2018-04-03 15:06:34.844603;(12, (2282, 2311, 317, 17, 0, 0, 0, 0, 0, 0))
2018-04-03 15:06:34.872128;(19, (1637, 1634, 146, 8, 0, 0, 0, 0, 0, 0))
2018-04-03 15:06:34.946898;(10, (8118, 8154, 5688, 0, 0, 0, 0, 0, 0, 0))
2018-04-03 15:06:35.217853;(16, (2317, 2370, 215, 26, 0, 0, 0, 0, 0, 0))
2018-04-03 15:06:35.473340;(8, (4033, 3845, 1069, 22, 0, 0, 0, 0, 0, 0))
2018-04-03 15:06:35.694278;(14, (3296, 3340, 1059, 16, 0, 0, 0, 0, 0, 0))
2018-04-03 15:07:02.862444;(1, (14585, 13290, 12988, 6494, 0, 0, 0, 0, 0, 0))
2018-04-03 15:07:04.078630;(20, (3340, 3456, 1203, 12, 0, 0, 0, 0, 0, 0))
2018-04-03 15:07:04.169568;(21, (3594, 4020, 1811, 0, 0, 0, 0, 0, 0, 0))
2018-04-03 15:07:04.195360;(5, (1993, 2255, 232, 0, 0, 0, 0, 0, 0, 0))
2018-04-03 15:07:04.476789;(23, (2463, 2420, 1855, 0, 0, 0, 0, 0, 0, 0))
2018-04-03 15:07:04.502356;(6, (1766, 2000, 138, 2, 0, 0, 0, 0, 0, 0))
2018-04-03 15:07:04.550325;(15, (4147, 4403, 2178, 0, 0, 0, 0, 0, 0, 0))
2018-04-03 15:07:04.669100;(13, (2435, 2741, 1112, 4, 0, 0, 0, 0, 0, 0))
2018-04-03 15:07:04.874541;(19, (1667, 1653, 148, 11, 0, 0, 0, 0, 0, 0))
2018-04-03 15:07:04.950509;(10, (8222, 8265, 5718, 0, 0, 0, 0, 0, 0, 0))
2018-04-03 15:07:05.035916;(22, (4334, 4270, 1987, 7, 0, 0, 0, 0, 0, 0))
2018-04-03 15:07:05.090082;(4, (2248, 2560, 657, 17, 0, 0, 0, 0, 0, 0))
2018-04-03 15:07:05.219741;(16, (2351, 2394, 217, 27, 0, 0, 0, 0, 0, 0))
2018-04-03 15:07:05.273716;(18, (2312, 2300, 814, 6, 0, 0, 0, 0, 0, 0))
2018-04-03 15:07:05.386206;(11, (2994, 2989, 514, 30, 0, 0, 0, 0, 0, 0))
2018-04-03 15:07:05.387271;(17, (802, 1006, 4, 63, 0, 0, 0, 0, 0, 0))
2018-04-03 15:07:05.475076;(8, (4076, 3870, 1072, 23, 0, 0, 0, 0, 0, 0))
2018-04-03 15:07:05.654025;(7, (3764, 3710, 1238, 20, 0, 0, 0, 0, 0, 0))
2018-04-03 15:07:05.697712;(14, (3344, 3374, 1066, 20, 0, 0, 0, 0, 0, 0))
2018-04-03 15:07:05.737406;(3, (5667, 5583, 3015, 19, 0, 0, 0, 0, 0, 0))
2018-04-03 15:07:05.809228;(9, (1308, 1661, 21, 16, 0, 0, 0, 0, 0, 0))
2018-04-03 15:07:05.846503;(12, (2320, 2340, 322, 20, 0, 0, 0, 0, 0, 0))
2018-04-03 15:07:32.864430;(1, (15151, 13824, 13512, 6756, 0, 0, 0, 0, 0, 0))
2018-04-03 15:07:34.174005;(21, (3757, 4213, 1915, 0, 0, 0, 0, 0, 0, 0))
2018-04-03 15:07:34.479511;(23, (2510, 2461, 1881, 0, 0, 0, 0, 0, 0, 0))
2018-04-03 15:07:34.675511;(13, (2558, 2880, 1175, 4, 0, 0, 0, 0, 0, 0))
2018-04-03 15:07:34.955192;(10, (8592, 8639, 6002, 0, 0, 0, 0, 0, 0, 0))
2018-04-03 15:07:35.041210;(22, (4419, 4368, 2007, 9, 0, 0, 0, 0, 0, 0))
2018-04-03 15:07:35.084027;(20, (3427, 3550, 1206, 12, 0, 0, 0, 0, 0, 0))
2018-04-03 15:07:35.094864;(4, (2338, 2663, 689, 17, 0, 0, 0, 0, 0, 0))
2018-04-03 15:07:35.199850;(5, (2136, 2401, 302, 0, 0, 0, 0, 0, 0, 0))
2018-04-03 15:07:35.223179;(16, (2451, 2502, 236, 27, 0, 0, 0, 0, 0, 0))
2018-04-03 15:07:35.276285;(18, (2352, 2341, 814, 6, 0, 0, 0, 0, 0, 0))
2018-04-03 15:07:35.390215;(11, (3062, 3064, 518, 31, 0, 0, 0, 0, 0, 0))
2018-04-03 15:07:35.392069;(17, (816, 1024, 4, 68, 0, 0, 0, 0, 0, 0))
2018-04-03 15:07:35.478757;(8, (4157, 3955, 1074, 23, 0, 0, 0, 0, 0, 0))
2018-04-03 15:07:35.506703;(6, (1829, 2075, 138, 2, 0, 0, 0, 0, 0, 0))
2018-04-03 15:07:35.558603;(15, (4241, 4512, 2210, 0, 0, 0, 0, 0, 0, 0))
2018-04-03 15:07:35.660071;(7, (3839, 3776, 1239, 20, 0, 0, 0, 0, 0, 0))
2018-04-03 15:07:35.702052;(14, (3581, 3614, 1202, 21, 0, 0, 0, 0, 0, 0))
2018-04-03 15:07:35.741832;(3, (5986, 5910, 3233, 21, 0, 0, 0, 0, 0, 0))
2018-04-03 15:07:35.814692;(9, (1363, 1733, 21, 16, 0, 0, 0, 0, 0, 0))
2018-04-03 15:07:35.877847;(19, (1713, 1699, 148, 11, 0, 0, 0, 0, 0, 0))
2018-04-03 15:08:02.867138;(1, (15745, 14382, 14060, 7030, 0, 0, 0, 0, 0, 0))
2018-04-03 15:08:04.179363;(21, (3985, 4469, 2078, 0, 0, 0, 0, 0, 0, 0))
2018-04-03 15:08:04.482535;(23, (2591, 2538, 1945, 0, 0, 0, 0, 0, 0, 0))
2018-04-03 15:08:04.959465;(10, (8969, 9011, 6275, 0, 0, 0, 0, 0, 0, 0))
2018-04-03 15:08:05.045637;(22, (4658, 4604, 2142, 9, 0, 0, 0, 0, 0, 0))
2018-04-03 15:08:05.089768;(20, (3505, 3633, 1210, 12, 0, 0, 0, 0, 0, 0))
2018-04-03 15:08:05.099407;(4, (2429, 2767, 719, 17, 0, 0, 0, 0, 0, 0))
2018-04-03 15:08:05.204163;(5, (2226, 2494, 317, 0, 0, 0, 0, 0, 0, 0))
2018-04-03 15:08:05.227548;(16, (2567, 2631, 274, 27, 0, 0, 0, 0, 0, 0))
2018-04-03 15:08:05.279573;(18, (2422, 2415, 814, 6, 0, 0, 0, 0, 0, 0))
2018-04-03 15:08:05.394111;(11, (3202, 3202, 567, 31, 0, 0, 0, 0, 0, 0))
2018-04-03 15:08:05.394883;(17, (832, 1041, 4, 72, 0, 0, 0, 0, 0, 0))
2018-04-03 15:08:05.482284;(8, (4374, 4171, 1184, 23, 0, 0, 0, 0, 0, 0))
2018-04-03 15:08:05.510979;(6, (1890, 2146, 138, 2, 0, 0, 0, 0, 0, 0))
2018-04-03 15:08:05.566313;(15, (4368, 4651, 2272, 0, 0, 0, 0, 0, 0, 0))
2018-04-03 15:08:05.665448;(7, (4056, 3990, 1372, 20, 0, 0, 0, 0, 0, 0))
2018-04-03 15:08:05.681666;(13, (2679, 3014, 1235, 4, 0, 0, 0, 0, 0, 0))
2018-04-03 15:08:05.705465;(14, (3671, 3701, 1228, 21, 0, 0, 0, 0, 0, 0))
2018-04-03 15:08:05.746642;(3, (6326, 6267, 3448, 21, 0, 0, 0, 0, 0, 0))
2018-04-03 15:08:05.819511;(9, (1418, 1801, 21, 16, 0, 0, 0, 0, 0, 0))
2018-04-03 15:08:05.853800;(12, (2538, 2561, 404, 21, 0, 0, 0, 0, 0, 0))
2018-04-03 15:08:05.881363;(19, (1782, 1778, 148, 12, 0, 0, 0, 0, 0, 0))
2018-04-03 15:08:33.870461;(1, (16314, 14883, 14550, 7275, 0, 0, 0, 0, 0, 0))
2018-04-03 15:08:34.184183;(21, (4288, 4780, 2292, 0, 0, 0, 0, 0, 0, 0))
2018-04-03 15:08:34.487272;(23, (2674, 2621, 2006, 0, 0, 0, 0, 0, 0, 0))
2018-04-03 15:08:34.963216;(10, (9206, 9242, 6416, 0, 0, 0, 0, 0, 0, 0))
2018-04-03 15:08:35.050272;(22, (4834, 4772, 2214, 9, 0, 0, 0, 0, 0, 0))
2018-04-03 15:08:35.094073;(20, (3556, 3687, 1211, 15, 0, 0, 0, 0, 0, 0))
2018-04-03 15:08:35.105072;(4, (2610, 2972, 822, 19, 0, 0, 0, 0, 0, 0))
2018-04-03 15:08:35.208013;(5, (2294, 2575, 319, 0, 0, 0, 0, 0, 0, 0))
2018-04-03 15:08:35.233420;(16, (2665, 2738, 294, 27, 0, 0, 0, 0, 0, 0))
2018-04-03 15:08:35.283087;(18, (2494, 2488, 814, 6, 0, 0, 0, 0, 0, 0))
2018-04-03 15:08:35.396462;(11, (3268, 3262, 588, 31, 0, 0, 0, 0, 0, 0))
2018-04-03 15:08:35.398040;(17, (847, 1057, 4, 75, 0, 0, 0, 0, 0, 0))
2018-04-03 15:08:35.486589;(8, (4529, 4318, 1218, 23, 0, 0, 0, 0, 0, 0))
2018-04-03 15:08:35.515636;(6, (1953, 2222, 138, 2, 0, 0, 0, 0, 0, 0))
2018-04-03 15:08:35.573889;(15, (4488, 4788, 2328, 0, 0, 0, 0, 0, 0, 0))
2018-04-03 15:08:35.673316;(7, (4216, 4155, 1434, 20, 0, 0, 0, 0, 0, 0))
2018-04-03 15:08:35.689778;(13, (2899, 3247, 1370, 4, 0, 0, 0, 0, 0, 0))
2018-04-03 15:08:35.707776;(14, (3764, 3783, 1255, 21, 0, 0, 0, 0, 0, 0))
2018-04-03 15:08:35.754649;(3, (6615, 6574, 3621, 23, 0, 0, 0, 0, 0, 0))
2018-04-03 15:08:35.824289;(9, (1476, 1877, 21, 17, 0, 0, 0, 0, 0, 0))
2018-04-03 15:08:35.855944;(12, (2597, 2616, 420, 21, 0, 0, 0, 0, 0, 0))
2018-04-03 15:08:35.883929;(19, (1827, 1823, 148, 12, 0, 0, 0, 0, 0, 0))
2018-04-03 15:09:03.872136;(1, (16838, 15375, 15032, 7516, 0, 0, 0, 0, 0, 0))
2018-04-03 15:09:04.187779;(21, (4469, 4971, 2403, 0, 0, 0, 0, 0, 0, 0))
2018-04-03 15:09:05.054560;(22, (4908, 4845, 2214, 9, 0, 0, 0, 0, 0, 0))
2018-04-03 15:09:05.101804;(20, (3636, 3775, 1213, 15, 0, 0, 0, 0, 0, 0))
2018-04-03 15:09:05.109104;(4, (2706, 3085, 852, 19, 0, 0, 0, 0, 0, 0))
2018-04-03 15:09:05.212047;(5, (2356, 2661, 319, 0, 0, 0, 0, 0, 0, 0))
2018-04-03 15:09:05.399976;(11, (3389, 3379, 618, 32, 0, 0, 0, 0, 0, 0))
2018-04-03 15:09:05.401517;(17, (858, 1070, 4, 78, 0, 0, 0, 0, 0, 0))
2018-04-03 15:09:05.491622;(23, (2749, 2698, 2068, 0, 0, 0, 0, 0, 0, 0))
2018-04-03 15:09:05.520529;(6, (2021, 2299, 140, 2, 0, 0, 0, 0, 0, 0))
2018-04-03 15:09:05.582037;(15, (4626, 4933, 2399, 0, 0, 0, 0, 0, 0, 0))
2018-04-03 15:09:05.678477;(7, (4395, 4323, 1519, 20, 0, 0, 0, 0, 0, 0))
2018-04-03 15:09:05.694441;(13, (3034, 3398, 1430, 4, 0, 0, 0, 0, 0, 0))
2018-04-03 15:09:05.759977;(3, (6901, 6864, 3814, 23, 0, 0, 0, 0, 0, 0))
2018-04-03 15:09:05.827427;(9, (1534, 1943, 24, 18, 0, 0, 0, 0, 0, 0))
2018-04-03 15:09:05.859369;(12, (2648, 2667, 422, 21, 0, 0, 0, 0, 0, 0))
2018-04-03 15:09:05.886215;(19, (1858, 1846, 148, 15, 0, 0, 0, 0, 0, 0))
2018-04-03 15:09:05.967462;(10, (9513, 9551, 6643, 0, 0, 0, 0, 0, 0, 0))
2018-04-03 15:09:06.237919;(16, (2761, 2837, 307, 28, 0, 0, 0, 0, 0, 0))
2018-04-03 15:09:06.286735;(18, (2566, 2558, 814, 6, 0, 0, 0, 0, 0, 0))
2018-04-03 15:09:06.489888;(8, (4679, 4461, 1288, 24, 0, 0, 0, 0, 0, 0))
2018-04-03 15:09:06.714295;(14, (3824, 3842, 1261, 22, 0, 0, 0, 0, 0, 0))
2018-04-03 15:09:33.874969;(1, (17420, 15938, 15585, 7793, 0, 0, 0, 0, 0, 0))
2018-04-03 15:09:35.107704;(20, (3699, 3846, 1213, 15, 0, 0, 0, 0, 0, 0))
2018-04-03 15:09:35.114523;(4, (2818, 3208, 897, 19, 0, 0, 0, 0, 0, 0))
2018-04-03 15:09:35.193145;(21, (4634, 5146, 2507, 0, 0, 0, 0, 0, 0, 0))
2018-04-03 15:09:35.497728;(23, (2811, 2757, 2116, 0, 0, 0, 0, 0, 0, 0))
2018-04-03 15:09:35.699377;(13, (3174, 3551, 1509, 4, 0, 0, 0, 0, 0, 0))
2018-04-03 15:09:35.888066;(19, (1873, 1860, 148, 17, 0, 0, 0, 0, 0, 0))
2018-04-03 15:09:35.972855;(10, (9857, 9899, 6912, 0, 0, 0, 0, 0, 0, 0))
2018-04-03 15:09:36.060225;(22, (4971, 4929, 2214, 9, 0, 0, 0, 0, 0, 0))
2018-04-03 15:09:36.215343;(5, (2414, 2737, 319, 1, 0, 0, 0, 0, 0, 0))
2018-04-03 15:09:36.242708;(16, (2818, 2910, 307, 28, 0, 0, 0, 0, 0, 0))
2018-04-03 15:09:36.290290;(18, (2613, 2615, 814, 6, 0, 0, 0, 0, 0, 0))
2018-04-03 15:09:36.403534;(11, (3468, 3467, 634, 32, 0, 0, 0, 0, 0, 0))
2018-04-03 15:09:36.404124;(17, (870, 1088, 4, 83, 0, 0, 0, 0, 0, 0))
2018-04-03 15:09:36.497348;(8, (4812, 4601, 1350, 24, 0, 0, 0, 0, 0, 0))
2018-04-03 15:09:36.523443;(6, (2068, 2355, 140, 2, 0, 0, 0, 0, 0, 0))
2018-04-03 15:09:36.587789;(15, (4742, 5068, 2455, 0, 0, 0, 0, 0, 0, 0))
2018-04-03 15:09:36.682921;(7, (4558, 4490, 1613, 20, 0, 0, 0, 0, 0, 0))
2018-04-03 15:09:36.718500;(14, (3917, 3944, 1291, 22, 0, 0, 0, 0, 0, 0))
2018-04-03 15:09:36.764790;(3, (7208, 7182, 4051, 23, 0, 0, 0, 0, 0, 0))
2018-04-03 15:09:36.832537;(9, (1601, 2028, 24, 18, 0, 0, 0, 0, 0, 0))
2018-04-03 15:09:36.862662;(12, (2708, 2739, 422, 21, 0, 0, 0, 0, 0, 0))
