2018-04-15 13:10:23.654224;(5, 0, 2837, 253, 0, 0, 0, 0, 0, 0, 0, 0, 0, 0, 0, 0, 0, 0, 1, 0, 0)
2018-04-15 13:10:25.934257;(11, 0, 14273, 253, 0, 0, 0, 0, 0, 0, 0, 0, 0, 0, 0, 0, 0, 0, 1, 0, 0)
2018-04-15 13:10:34.737556;(6, 0, 61781, 253, 0, 0, 0, 0, 0, 0, 0, 0, 0, 0, 0, 0, 0, 0, 1, 0, 0)
2018-04-15 13:10:34.966458;(10, 0, 11202, 253, 0, 0, 0, 0, 0, 0, 0, 0, 0, 0, 0, 0, 0, 0, 1, 0, 0)
2018-04-15 13:10:36.082966;(14, 0, 43294, 253, 0, 0, 0, 0, 0, 0, 0, 0, 0, 0, 0, 0, 0, 0, 1, 0, 0)
2018-04-15 13:10:52.577340;(18, 0, 36952, 253, 0, 0, 0, 0, 0, 0, 0, 0, 0, 0, 0, 0, 0, 0, 1, 0, 0)
2018-04-15 13:10:57.384810;(24, 0, 4685, 253, 0, 0, 0, 0, 0, 0, 0, 0, 0, 0, 0, 0, 0, 0, 1, 0, 0)
2018-04-15 13:20:22.249546;(14, 0, 43486, 253, 0, 0, 0, 0, 0, 0, 0, 0, 0, 0, 0, 0, 0, 0, 1, 0, 0)
2018-04-15 13:20:22.822963;(5, 0, 3002, 253, 0, 0, 0, 0, 0, 0, 0, 0, 0, 0, 0, 0, 0, 0, 1, 0, 0)
2018-04-15 13:20:30.011370;(13, 0, 52301, 253, 0, 0, 0, 0, 0, 0, 0, 0, 0, 0, 0, 0, 0, 0, 1, 0, 0)
2018-04-15 13:20:30.405689;(12, 0, 26612, 253, 0, 0, 0, 0, 0, 0, 0, 0, 0, 0, 0, 0, 0, 0, 1, 0, 0)
2018-04-15 13:20:30.441254;(26, 0, 31543, 253, 0, 0, 0, 0, 0, 0, 0, 0, 0, 0, 0, 0, 0, 0, 1, 0, 0)
2018-04-15 13:20:30.747952;(18, 0, 37078, 253, 0, 0, 0, 0, 0, 0, 0, 0, 0, 0, 0, 0, 0, 0, 1, 0, 0)
2018-04-15 13:20:35.546626;(24, 0, 4859, 253, 0, 0, 0, 0, 0, 0, 0, 0, 0, 0, 0, 0, 0, 0, 1, 0, 0)
2018-04-15 13:20:37.512684;(25, 0, 60332, 253, 0, 0, 0, 0, 0, 0, 0, 0, 0, 0, 0, 0, 0, 0, 1, 0, 0)
2018-04-15 13:20:44.136904;(10, 0, 11442, 253, 0, 0, 0, 0, 0, 0, 0, 0, 0, 0, 0, 0, 0, 0, 1, 0, 0)
2018-04-15 13:21:02.835281;(5, 0, 3006, 253, 0, 0, 0, 0, 0, 0, 0, 0, 0, 0, 0, 0, 0, 0, 1, 0, 0)
2018-04-15 13:21:05.259229;(14, 0, 43492, 253, 0, 0, 0, 0, 0, 0, 0, 0, 0, 0, 0, 0, 0, 0, 1, 0, 0)
2018-04-15 13:21:06.832120;(4, 0, 25350, 253, 0, 0, 0, 0, 0, 0, 0, 0, 0, 0, 0, 0, 0, 0, 1, 0, 0)
2018-04-15 13:21:10.450705;(26, 0, 31546, 253, 0, 0, 0, 0, 0, 0, 0, 0, 0, 0, 0, 0, 0, 0, 1, 0, 0)
2018-04-15 13:21:14.521864;(25, 0, 60338, 253, 0, 0, 0, 0, 0, 0, 0, 0, 0, 0, 0, 0, 0, 0, 1, 0, 0)
2018-04-15 13:21:43.566925;(24, 0, 4964, 253, 0, 0, 0, 0, 0, 0, 0, 0, 0, 0, 0, 0, 0, 0, 1, 0, 0)
2018-04-15 13:21:47.849555;(5, 0, 3060, 253, 0, 0, 0, 0, 0, 0, 0, 0, 0, 0, 0, 0, 0, 0, 1, 0, 0)
2018-04-15 13:21:49.844717;(4, 0, 25368, 253, 0, 0, 0, 0, 0, 0, 0, 0, 0, 0, 0, 0, 0, 0, 1, 0, 0)
2018-04-15 13:21:54.465107;(26, 0, 31634, 253, 0, 0, 0, 0, 0, 0, 0, 0, 0, 0, 0, 0, 0, 0, 1, 0, 0)
2018-04-15 13:21:58.274028;(14, 0, 43511, 253, 0, 0, 0, 0, 0, 0, 0, 0, 0, 0, 0, 0, 0, 0, 1, 0, 0)
2018-04-15 13:22:07.537373;(25, 0, 60354, 253, 0, 0, 0, 0, 0, 0, 0, 0, 0, 0, 0, 0, 0, 0, 1, 0, 0)
2018-04-15 13:22:25.854013;(4, 0, 25378, 253, 0, 0, 0, 0, 0, 0, 0, 0, 0, 0, 0, 0, 0, 0, 1, 0, 0)
2018-04-15 13:30:19.992480;(4, 0, 25517, 253, 0, 0, 0, 0, 0, 0, 0, 0, 0, 0, 0, 0, 0, 0, 1, 0, 0)
2018-04-15 13:30:19.998072;(5, 0, 3195, 253, 0, 0, 0, 0, 0, 0, 0, 0, 0, 0, 0, 0, 0, 0, 1, 0, 0)
2018-04-15 13:30:23.173846;(13, 0, 52491, 253, 0, 0, 0, 0, 0, 0, 0, 0, 0, 0, 0, 0, 0, 0, 1, 0, 0)
2018-04-15 13:30:23.201557;(16, 0, 17178, 253, 0, 0, 0, 0, 0, 0, 0, 0, 0, 0, 0, 0, 0, 0, 1, 0, 0)
2018-04-15 13:30:24.917078;(18, 0, 37270, 253, 0, 0, 0, 0, 0, 0, 0, 0, 0, 0, 0, 0, 0, 0, 1, 0, 0)
2018-04-15 13:30:27.103958;(15, 0, 37673, 253, 0, 0, 0, 0, 0, 0, 0, 0, 0, 0, 0, 0, 0, 0, 1, 0, 0)
2018-04-15 13:30:29.291210;(10, 0, 11569, 253, 0, 0, 0, 0, 0, 0, 0, 0, 0, 0, 0, 0, 0, 0, 1, 0, 0)
2018-04-15 13:30:30.268029;(11, 0, 14606, 253, 0, 0, 0, 0, 0, 0, 0, 0, 0, 0, 0, 0, 0, 0, 1, 0, 0)
2018-04-15 13:30:30.424996;(14, 0, 43678, 253, 0, 0, 0, 0, 0, 0, 0, 0, 0, 0, 0, 0, 0, 0, 1, 0, 0)
2018-04-15 13:30:31.190103;(9, 0, 15525, 253, 0, 0, 0, 0, 0, 0, 0, 0, 0, 0, 0, 0, 0, 0, 1, 0, 0)
2018-04-15 13:30:34.092254;(2, 0, 24586, 253, 0, 0, 0, 0, 0, 0, 0, 0, 0, 0, 0, 0, 0, 0, 1, 0, 0)
2018-04-15 13:30:34.888286;(8, 0, 3069, 253, 0, 0, 0, 0, 0, 0, 0, 0, 0, 0, 0, 0, 0, 0, 1, 0, 0)
2018-04-15 13:30:37.721199;(24, 0, 5051, 253, 0, 0, 0, 0, 0, 0, 0, 0, 0, 0, 0, 0, 0, 0, 1, 0, 0)
2018-04-15 13:30:41.617483;(26, 0, 31735, 253, 0, 0, 0, 0, 0, 0, 0, 0, 0, 0, 0, 0, 0, 0, 1, 0, 0)
2018-04-15 13:30:42.690302;(25, 0, 60524, 253, 0, 0, 0, 0, 0, 0, 0, 0, 0, 0, 0, 0, 0, 0, 1, 0, 0)
2018-04-15 13:30:54.001756;(4, 0, 25524, 253, 0, 0, 0, 0, 0, 0, 0, 0, 0, 0, 0, 0, 0, 0, 1, 0, 0)
2018-04-15 13:31:03.213118;(16, 0, 17217, 253, 0, 0, 0, 0, 0, 0, 0, 0, 0, 0, 0, 0, 0, 0, 1, 0, 0)
2018-04-15 13:31:11.279050;(11, 0, 14628, 253, 0, 0, 0, 0, 0, 0, 0, 0, 0, 0, 0, 0, 0, 0, 1, 0, 0)
2018-04-15 13:31:11.433141;(14, 0, 43696, 253, 0, 0, 0, 0, 0, 0, 0, 0, 0, 0, 0, 0, 0, 0, 1, 0, 0)
2018-04-15 13:31:11.730439;(24, 0, 5054, 253, 0, 0, 0, 0, 0, 0, 0, 0, 0, 0, 0, 0, 0, 0, 1, 0, 0)
2018-04-15 13:31:12.014391;(5, 0, 3255, 253, 0, 0, 0, 0, 0, 0, 0, 0, 0, 0, 0, 0, 0, 0, 1, 0, 0)
2018-04-15 13:31:12.301588;(10, 0, 11581, 253, 0, 0, 0, 0, 0, 0, 0, 0, 0, 0, 0, 0, 0, 0, 1, 0, 0)
2018-04-15 13:31:14.932545;(18, 0, 37366, 253, 0, 0, 0, 0, 0, 0, 0, 0, 0, 0, 0, 0, 0, 0, 1, 0, 0)
2018-04-15 13:31:16.627418;(26, 0, 31738, 253, 0, 0, 0, 0, 0, 0, 0, 0, 0, 0, 0, 0, 0, 0, 1, 0, 0)
2018-04-15 13:31:17.119256;(15, 0, 37698, 253, 0, 0, 0, 0, 0, 0, 0, 0, 0, 0, 0, 0, 0, 0, 1, 0, 0)
2018-04-15 13:31:21.701048;(25, 0, 60527, 253, 0, 0, 0, 0, 0, 0, 0, 0, 0, 0, 0, 0, 0, 0, 1, 0, 0)
2018-04-15 13:31:28.010691;(4, 0, 25533, 253, 0, 0, 0, 0, 0, 0, 0, 0, 0, 0, 0, 0, 0, 0, 1, 0, 0)
2018-04-15 13:31:43.287164;(11, 0, 14637, 253, 0, 0, 0, 0, 0, 0, 0, 0, 0, 0, 0, 0, 0, 0, 1, 0, 0)
2018-04-15 13:31:44.022332;(5, 0, 3264, 253, 0, 0, 0, 0, 0, 0, 0, 0, 0, 0, 0, 0, 0, 0, 1, 0, 0)
2018-04-15 13:31:44.309801;(10, 0, 11590, 253, 0, 0, 0, 0, 0, 0, 0, 0, 0, 0, 0, 0, 0, 0, 1, 0, 0)
2018-04-15 13:31:44.739568;(24, 0, 5063, 253, 0, 0, 0, 0, 0, 0, 0, 0, 0, 0, 0, 0, 0, 0, 1, 0, 0)
2018-04-15 13:31:50.636799;(26, 0, 31748, 253, 0, 0, 0, 0, 0, 0, 0, 0, 0, 0, 0, 0, 0, 0, 1, 0, 0)
2018-04-15 13:31:52.444622;(14, 0, 43705, 253, 0, 0, 0, 0, 0, 0, 0, 0, 0, 0, 0, 0, 0, 0, 1, 0, 0)
2018-04-15 13:31:53.710552;(25, 0, 60537, 253, 0, 0, 0, 0, 0, 0, 0, 0, 0, 0, 0, 0, 0, 0, 1, 0, 0)
2018-04-15 13:31:59.945035;(18, 0, 37375, 253, 0, 0, 0, 0, 0, 0, 0, 0, 0, 0, 0, 0, 0, 0, 1, 0, 0)
2018-04-15 13:32:03.020759;(4, 0, 25537, 253, 0, 0, 0, 0, 0, 0, 0, 0, 0, 0, 0, 0, 0, 0, 1, 0, 0)
2018-04-15 13:32:19.296943;(11, 0, 14641, 253, 0, 0, 0, 0, 0, 0, 0, 0, 0, 0, 0, 0, 0, 0, 1, 0, 0)
2018-04-15 13:32:20.749450;(24, 0, 5069, 253, 0, 0, 0, 0, 0, 0, 0, 0, 0, 0, 0, 0, 0, 0, 1, 0, 0)
2018-04-15 13:32:21.032730;(5, 0, 3269, 253, 0, 0, 0, 0, 0, 0, 0, 0, 0, 0, 0, 0, 0, 0, 1, 0, 0)
2018-04-15 13:32:23.452975;(14, 0, 43715, 253, 0, 0, 0, 0, 0, 0, 0, 0, 0, 0, 0, 0, 0, 0, 1, 0, 0)
2018-04-15 13:32:24.719402;(25, 0, 60546, 253, 0, 0, 0, 0, 0, 0, 0, 0, 0, 0, 0, 0, 0, 0, 1, 0, 0)
2018-04-15 13:32:26.321609;(10, 0, 11595, 253, 0, 0, 0, 0, 0, 0, 0, 0, 0, 0, 0, 0, 0, 0, 1, 0, 0)
2018-04-15 13:32:32.648716;(26, 0, 31757, 253, 0, 0, 0, 0, 0, 0, 0, 0, 0, 0, 0, 0, 0, 0, 1, 0, 0)
2018-04-15 13:32:38.955654;(18, 0, 37385, 253, 0, 0, 0, 0, 0, 0, 0, 0, 0, 0, 0, 0, 0, 0, 1, 0, 0)
2018-04-15 13:32:41.031909;(4, 0, 25546, 253, 0, 0, 0, 0, 0, 0, 0, 0, 0, 0, 0, 0, 0, 0, 1, 0, 0)
2018-04-15 13:32:58.308250;(11, 0, 14651, 253, 0, 0, 0, 0, 0, 0, 0, 0, 0, 0, 0, 0, 0, 0, 1, 0, 0)
2018-04-15 13:32:58.760743;(24, 0, 5077, 253, 0, 0, 0, 0, 0, 0, 0, 0, 0, 0, 0, 0, 0, 0, 1, 0, 0)
2018-04-15 13:32:59.730141;(25, 0, 60550, 253, 0, 0, 0, 0, 0, 0, 0, 0, 0, 0, 0, 0, 0, 0, 1, 0, 0)
2018-04-15 13:33:02.464985;(14, 0, 43719, 253, 0, 0, 0, 0, 0, 0, 0, 0, 0, 0, 0, 0, 0, 0, 1, 0, 0)
2018-04-15 13:33:02.657087;(26, 0, 31761, 253, 0, 0, 0, 0, 0, 0, 0, 0, 0, 0, 0, 0, 0, 0, 1, 0, 0)
2018-04-15 13:33:03.045018;(5, 0, 3278, 253, 0, 0, 0, 0, 0, 0, 0, 0, 0, 0, 0, 0, 0, 0, 1, 0, 0)
2018-04-15 13:33:03.332155;(10, 0, 11604, 253, 0, 0, 0, 0, 0, 0, 0, 0, 0, 0, 0, 0, 0, 0, 1, 0, 0)
2018-04-15 13:33:16.967589;(18, 0, 37389, 253, 0, 0, 0, 0, 0, 0, 0, 0, 0, 0, 0, 0, 0, 0, 1, 0, 0)
2018-04-15 13:33:17.043092;(4, 0, 25550, 253, 0, 0, 0, 0, 0, 0, 0, 0, 0, 0, 0, 0, 0, 0, 1, 0, 0)
2018-04-15 13:33:29.316220;(11, 0, 14660, 253, 0, 0, 0, 0, 0, 0, 0, 0, 0, 0, 0, 0, 0, 0, 1, 0, 0)
2018-04-15 13:33:32.739243;(25, 0, 60559, 253, 0, 0, 0, 0, 0, 0, 0, 0, 0, 0, 0, 0, 0, 0, 1, 0, 0)
2018-04-15 13:33:38.474823;(14, 0, 43728, 253, 0, 0, 0, 0, 0, 0, 0, 0, 0, 0, 0, 0, 0, 0, 1, 0, 0)
2018-04-15 13:33:42.772903;(24, 0, 5086, 253, 0, 0, 0, 0, 0, 0, 0, 0, 0, 0, 0, 0, 0, 0, 1, 0, 0)
2018-04-15 13:33:44.344120;(10, 0, 11613, 253, 0, 0, 0, 0, 0, 0, 0, 0, 0, 0, 0, 0, 0, 0, 1, 0, 0)
2018-04-15 13:33:46.057659;(5, 0, 3287, 253, 0, 0, 0, 0, 0, 0, 0, 0, 0, 0, 0, 0, 0, 0, 1, 0, 0)
2018-04-15 13:33:46.669869;(26, 0, 31770, 253, 0, 0, 0, 0, 0, 0, 0, 0, 0, 0, 0, 0, 0, 0, 1, 0, 0)
2018-04-15 13:33:48.977295;(18, 0, 37399, 253, 0, 0, 0, 0, 0, 0, 0, 0, 0, 0, 0, 0, 0, 0, 1, 0, 0)
2018-04-15 13:33:59.057667;(4, 0, 25560, 253, 0, 0, 0, 0, 0, 0, 0, 0, 0, 0, 0, 0, 0, 0, 1, 0, 0)
2018-04-15 13:34:01.325818;(11, 0, 14664, 253, 0, 0, 0, 0, 0, 0, 0, 0, 0, 0, 0, 0, 0, 0, 1, 0, 0)
2018-04-15 13:34:10.483776;(14, 0, 43732, 253, 0, 0, 0, 0, 0, 0, 0, 0, 0, 0, 0, 0, 0, 0, 1, 0, 0)
2018-04-15 13:34:14.751692;(25, 0, 60563, 253, 0, 0, 0, 0, 0, 0, 0, 0, 0, 0, 0, 0, 0, 0, 1, 0, 0)
2018-04-15 13:34:21.069899;(5, 0, 3297, 253, 0, 0, 0, 0, 0, 0, 0, 0, 0, 0, 0, 0, 0, 0, 1, 0, 0)
2018-04-15 13:34:24.785952;(24, 0, 5090, 253, 0, 0, 0, 0, 0, 0, 0, 0, 0, 0, 0, 0, 0, 0, 1, 0, 0)
2018-04-15 13:34:25.680186;(26, 0, 31780, 253, 0, 0, 0, 0, 0, 0, 0, 0, 0, 0, 0, 0, 0, 0, 1, 0, 0)
2018-04-15 13:34:29.357239;(10, 0, 11618, 253, 0, 0, 0, 0, 0, 0, 0, 0, 0, 0, 0, 0, 0, 0, 1, 0, 0)
2018-04-15 13:34:30.067272;(4, 0, 25569, 253, 0, 0, 0, 0, 0, 0, 0, 0, 0, 0, 0, 0, 0, 0, 1, 0, 0)
2018-04-15 13:34:31.989211;(18, 0, 37408, 253, 0, 0, 0, 0, 0, 0, 0, 0, 0, 0, 0, 0, 0, 0, 1, 0, 0)
2018-04-15 13:34:36.335282;(11, 0, 14673, 253, 0, 0, 0, 0, 0, 0, 0, 0, 0, 0, 0, 0, 0, 0, 1, 0, 0)
2018-04-15 13:34:43.492351;(14, 0, 43741, 253, 0, 0, 0, 0, 0, 0, 0, 0, 0, 0, 0, 0, 0, 0, 1, 0, 0)
2018-04-15 13:34:45.760831;(25, 0, 60572, 253, 0, 0, 0, 0, 0, 0, 0, 0, 0, 0, 0, 0, 0, 0, 1, 0, 0)
2018-04-15 13:34:56.796128;(24, 0, 5100, 253, 0, 0, 0, 0, 0, 0, 0, 0, 0, 0, 0, 0, 0, 0, 1, 0, 0)
2018-04-15 13:34:59.689856;(26, 0, 31784, 253, 0, 0, 0, 0, 0, 0, 0, 0, 0, 0, 0, 0, 0, 0, 1, 0, 0)
2018-04-15 13:35:00.082340;(5, 0, 3301, 253, 0, 0, 0, 0, 0, 0, 0, 0, 0, 0, 0, 0, 0, 0, 1, 0, 0)
2018-04-15 13:35:04.367711;(10, 0, 11627, 253, 0, 0, 0, 0, 0, 0, 0, 0, 0, 0, 0, 0, 0, 0, 1, 0, 0)
2018-04-15 13:35:06.079416;(4, 0, 25573, 253, 0, 0, 0, 0, 0, 0, 0, 0, 0, 0, 0, 0, 0, 0, 1, 0, 0)
2018-04-15 13:35:08.000331;(18, 0, 37412, 253, 0, 0, 0, 0, 0, 0, 0, 0, 0, 0, 0, 0, 0, 0, 1, 0, 0)
2018-04-15 13:35:09.345076;(11, 0, 14677, 253, 0, 0, 0, 0, 0, 0, 0, 0, 0, 0, 0, 0, 0, 0, 1, 0, 0)
2018-04-15 13:35:20.504865;(14, 0, 43745, 253, 0, 0, 0, 0, 0, 0, 0, 0, 0, 0, 0, 0, 0, 0, 1, 0, 0)
2018-04-15 13:35:23.771881;(25, 0, 60582, 253, 0, 0, 0, 0, 0, 0, 0, 0, 0, 0, 0, 0, 0, 0, 1, 0, 0)
2018-04-15 13:35:30.597781;(22, 0, 33292, 253, 0, 0, 12, 0, 1, 0, 0, 0, 0, 0, 0, 0, 0, 0, 1, 0, 0)
2018-04-15 13:35:32.806635;(24, 0, 5109, 253, 0, 0, 0, 0, 0, 0, 0, 0, 0, 0, 0, 0, 0, 0, 1, 0, 0)
2018-04-15 13:35:34.699505;(26, 0, 31793, 253, 0, 0, 0, 0, 0, 0, 0, 0, 0, 0, 0, 0, 0, 0, 1, 0, 0)
2018-04-15 13:35:38.094363;(5, 0, 3310, 253, 0, 0, 0, 0, 0, 0, 0, 0, 0, 0, 0, 0, 0, 0, 1, 0, 0)
2018-04-15 13:35:41.378395;(10, 0, 11636, 253, 0, 0, 0, 0, 0, 0, 0, 0, 0, 0, 0, 0, 0, 0, 1, 0, 0)
2018-04-15 13:35:44.011657;(18, 0, 37421, 253, 0, 0, 0, 0, 0, 0, 0, 0, 0, 0, 0, 0, 0, 0, 1, 0, 0)
2018-04-15 13:35:47.096162;(4, 0, 25582, 253, 0, 0, 0, 0, 0, 0, 0, 0, 0, 0, 0, 0, 0, 0, 1, 0, 0)
2018-04-15 13:35:49.357487;(11, 0, 14686, 253, 0, 0, 0, 0, 0, 0, 0, 0, 0, 0, 0, 0, 0, 0, 1, 0, 0)
2018-04-15 13:36:01.516442;(14, 0, 43755, 253, 0, 0, 0, 0, 0, 0, 0, 0, 0, 0, 0, 0, 0, 0, 1, 0, 0)
2018-04-15 13:36:05.783687;(25, 0, 60586, 253, 0, 0, 0, 0, 0, 0, 0, 0, 0, 0, 0, 0, 0, 0, 1, 0, 0)
2018-04-15 13:36:08.709222;(26, 0, 31797, 253, 0, 0, 0, 0, 0, 0, 0, 0, 0, 0, 0, 0, 0, 0, 1, 0, 0)
2018-04-15 13:36:08.817480;(24, 0, 5113, 253, 0, 0, 0, 0, 0, 0, 0, 0, 0, 0, 0, 0, 0, 0, 1, 0, 0)
2018-04-15 13:36:15.389263;(10, 0, 11640, 253, 0, 0, 0, 0, 0, 0, 0, 0, 0, 0, 0, 0, 0, 0, 1, 0, 0)
2018-04-15 13:36:17.107259;(5, 0, 3314, 253, 0, 0, 0, 0, 0, 0, 0, 0, 0, 0, 0, 0, 0, 0, 1, 0, 0)
2018-04-15 13:36:25.108796;(4, 0, 25592, 253, 0, 0, 0, 0, 0, 0, 0, 0, 0, 0, 0, 0, 0, 0, 1, 0, 0)
2018-04-15 13:36:29.369693;(11, 0, 14696, 253, 0, 0, 0, 0, 0, 0, 0, 0, 0, 0, 0, 0, 0, 0, 1, 0, 0)
2018-04-15 13:36:34.525742;(14, 0, 43764, 253, 0, 0, 0, 0, 0, 0, 0, 0, 0, 0, 0, 0, 0, 0, 1, 0, 0)
2018-04-15 13:36:40.718416;(26, 0, 31806, 253, 0, 0, 0, 0, 0, 0, 0, 0, 0, 0, 0, 0, 0, 0, 1, 0, 0)
2018-04-15 13:36:40.826272;(24, 0, 5122, 253, 0, 0, 0, 0, 0, 0, 0, 0, 0, 0, 0, 0, 0, 0, 1, 0, 0)
2018-04-15 13:36:41.793601;(25, 0, 60595, 253, 0, 0, 0, 0, 0, 0, 0, 0, 0, 0, 0, 0, 0, 0, 1, 0, 0)
2018-04-15 13:36:55.401466;(10, 0, 11649, 253, 0, 0, 0, 0, 0, 0, 0, 0, 0, 0, 0, 0, 0, 0, 1, 0, 0)
2018-04-15 13:37:02.120980;(5, 0, 3324, 253, 0, 0, 0, 0, 0, 0, 0, 0, 0, 0, 0, 0, 0, 0, 1, 0, 0)
2018-04-15 13:37:05.123668;(4, 0, 25596, 253, 0, 0, 0, 0, 0, 0, 0, 0, 0, 0, 0, 0, 0, 0, 1, 0, 0)
2018-04-15 13:37:08.535818;(14, 0, 43768, 253, 0, 0, 0, 0, 0, 0, 0, 0, 0, 0, 0, 0, 0, 0, 1, 0, 0)
2018-04-15 13:37:11.382597;(11, 0, 14700, 253, 0, 0, 0, 0, 0, 0, 0, 0, 0, 0, 0, 0, 0, 0, 1, 0, 0)
2018-04-15 13:37:18.837556;(24, 0, 5126, 253, 0, 0, 0, 0, 0, 0, 0, 0, 0, 0, 0, 0, 0, 0, 1, 0, 0)
2018-04-15 13:37:22.730121;(26, 0, 31810, 253, 0, 0, 0, 0, 0, 0, 0, 0, 0, 0, 0, 0, 0, 0, 1, 0, 0)
2018-04-15 13:37:24.806044;(25, 0, 60599, 253, 0, 0, 0, 0, 0, 0, 0, 0, 0, 0, 0, 0, 0, 0, 1, 0, 0)
2018-04-15 13:37:34.129852;(5, 0, 3333, 253, 0, 0, 0, 0, 0, 0, 0, 0, 0, 0, 0, 0, 0, 0, 1, 0, 0)
2018-04-15 13:37:37.135567;(4, 0, 25605, 253, 0, 0, 0, 0, 0, 0, 0, 0, 0, 0, 0, 0, 0, 0, 1, 0, 0)
2018-04-15 13:37:38.413599;(10, 0, 11659, 253, 0, 0, 0, 0, 0, 0, 0, 0, 0, 0, 0, 0, 0, 0, 1, 0, 0)
2018-04-15 13:37:46.394581;(11, 0, 14709, 253, 0, 0, 0, 0, 0, 0, 0, 0, 0, 0, 0, 0, 0, 0, 1, 0, 0)
2018-04-15 13:37:47.546741;(14, 0, 43777, 253, 0, 0, 0, 0, 0, 0, 0, 0, 0, 0, 0, 0, 0, 0, 1, 0, 0)
2018-04-15 13:37:59.816940;(25, 0, 60609, 253, 0, 0, 0, 0, 0, 0, 0, 0, 0, 0, 0, 0, 0, 0, 1, 0, 0)
2018-04-15 13:38:01.850231;(24, 0, 5136, 253, 0, 0, 0, 0, 0, 0, 0, 0, 0, 0, 0, 0, 0, 0, 1, 0, 0)
2018-04-15 13:38:04.741657;(26, 0, 31820, 253, 0, 0, 0, 0, 0, 0, 0, 0, 0, 0, 0, 0, 0, 0, 1, 0, 0)
2018-04-15 13:38:09.147656;(4, 0, 25609, 253, 0, 0, 0, 0, 0, 0, 0, 0, 0, 0, 0, 0, 0, 0, 1, 0, 0)
2018-04-15 13:38:11.143466;(5, 0, 3337, 253, 0, 0, 0, 0, 0, 0, 0, 0, 0, 0, 0, 0, 0, 0, 1, 0, 0)
2018-04-15 13:38:12.423909;(10, 0, 11663, 253, 0, 0, 0, 0, 0, 0, 0, 0, 0, 0, 0, 0, 0, 0, 1, 0, 0)
2018-04-15 13:38:29.407444;(11, 0, 14719, 253, 0, 0, 0, 0, 0, 0, 0, 0, 0, 0, 0, 0, 0, 0, 1, 0, 0)
2018-04-15 13:38:29.558328;(14, 0, 43787, 253, 0, 0, 0, 0, 0, 0, 0, 0, 0, 0, 0, 0, 0, 0, 1, 0, 0)
2018-04-15 13:38:32.859172;(24, 0, 5145, 253, 0, 0, 0, 0, 0, 0, 0, 0, 0, 0, 0, 0, 0, 0, 1, 0, 0)
2018-04-15 13:38:33.826808;(25, 0, 60618, 253, 0, 0, 0, 0, 0, 0, 0, 0, 0, 0, 0, 0, 0, 0, 1, 0, 0)
2018-04-15 13:38:38.750745;(26, 0, 31829, 253, 0, 0, 0, 0, 0, 0, 0, 0, 0, 0, 0, 0, 0, 0, 1, 0, 0)
2018-04-15 13:38:51.163620;(4, 0, 25618, 253, 0, 0, 0, 0, 0, 0, 0, 0, 0, 0, 0, 0, 0, 0, 1, 0, 0)
2018-04-15 13:38:52.436039;(10, 0, 11672, 253, 0, 0, 0, 0, 0, 0, 0, 0, 0, 0, 0, 0, 0, 0, 1, 0, 0)
2018-04-15 13:38:53.160365;(5, 0, 3346, 253, 0, 0, 0, 0, 0, 0, 0, 0, 0, 0, 0, 0, 0, 0, 1, 0, 0)
2018-04-15 13:39:00.567235;(14, 0, 43791, 253, 0, 0, 0, 0, 0, 0, 0, 0, 0, 0, 0, 0, 0, 0, 1, 0, 0)
2018-04-15 13:39:01.416859;(11, 0, 14723, 253, 0, 0, 0, 0, 0, 0, 0, 0, 0, 0, 0, 0, 0, 0, 1, 0, 0)
2018-04-15 13:39:10.759791;(26, 0, 31833, 253, 0, 0, 0, 0, 0, 0, 0, 0, 0, 0, 0, 0, 0, 0, 1, 0, 0)
2018-04-15 13:39:15.840828;(25, 0, 60622, 253, 0, 0, 0, 0, 0, 0, 0, 0, 0, 0, 0, 0, 0, 0, 1, 0, 0)
2018-04-15 13:39:15.872597;(24, 0, 5149, 253, 0, 0, 0, 0, 0, 0, 0, 0, 0, 0, 0, 0, 0, 0, 1, 0, 0)
2018-04-15 13:39:24.445330;(10, 0, 11682, 253, 0, 0, 0, 0, 0, 0, 0, 0, 0, 0, 0, 0, 0, 0, 1, 0, 0)
2018-04-15 13:39:27.174215;(4, 0, 25628, 253, 0, 0, 0, 0, 0, 0, 0, 0, 0, 0, 0, 0, 0, 0, 1, 0, 0)
2018-04-15 13:39:36.174218;(5, 0, 3356, 253, 0, 0, 0, 0, 0, 0, 0, 0, 0, 0, 0, 0, 0, 0, 1, 0, 0)
2018-04-15 13:39:38.428995;(11, 0, 14732, 253, 0, 0, 0, 0, 0, 0, 0, 0, 0, 0, 0, 0, 0, 0, 1, 0, 0)
2018-04-15 13:39:40.578312;(14, 0, 43800, 253, 0, 0, 0, 0, 0, 0, 0, 0, 0, 0, 0, 0, 0, 0, 1, 0, 0)
2018-04-15 13:39:47.769781;(26, 0, 31842, 253, 0, 0, 0, 0, 0, 0, 0, 0, 0, 0, 0, 0, 0, 0, 1, 0, 0)
2018-04-15 13:39:58.852282;(25, 0, 60632, 253, 0, 0, 0, 0, 0, 0, 0, 0, 0, 0, 0, 0, 0, 0, 1, 0, 0)
2018-04-15 13:39:58.883954;(24, 0, 5159, 253, 0, 0, 0, 0, 0, 0, 0, 0, 0, 0, 0, 0, 0, 0, 1, 0, 0)
2018-04-15 13:39:59.454979;(10, 0, 11686, 253, 0, 0, 0, 0, 0, 0, 0, 0, 0, 0, 0, 0, 0, 0, 1, 0, 0)
2018-04-15 13:40:10.184713;(4, 0, 25632, 253, 0, 0, 0, 0, 0, 0, 0, 0, 0, 0, 0, 0, 0, 0, 1, 0, 0)
2018-04-15 13:40:14.436361;(11, 0, 14736, 253, 0, 0, 0, 0, 0, 0, 0, 0, 0, 0, 0, 0, 0, 0, 1, 0, 0)
2018-04-15 13:40:17.186252;(5, 0, 3360, 253, 0, 0, 0, 0, 0, 0, 0, 0, 0, 0, 0, 0, 0, 0, 1, 0, 0)
2018-04-15 13:40:24.364993;(9, 0, 15610, 253, 0, 0, 0, 0, 0, 0, 0, 0, 0, 0, 0, 0, 0, 0, 1, 0, 0)
2018-04-15 13:40:24.586055;(14, 0, 43804, 253, 0, 0, 0, 0, 0, 0, 0, 0, 0, 0, 0, 0, 0, 0, 1, 0, 0)
2018-04-15 13:40:24.776628;(26, 0, 31852, 253, 0, 0, 0, 0, 0, 0, 0, 0, 0, 0, 0, 0, 0, 0, 1, 0, 0)
2018-04-15 13:40:28.251133;(6, 0, 62237, 253, 0, 0, 0, 0, 0, 0, 0, 0, 0, 0, 0, 0, 0, 0, 1, 0, 0)
2018-04-15 13:40:28.279944;(15, 0, 37842, 253, 0, 0, 0, 0, 0, 0, 0, 0, 0, 0, 0, 0, 0, 0, 1, 0, 0)
2018-04-15 13:40:29.890093;(24, 0, 5168, 253, 0, 0, 0, 0, 0, 0, 0, 0, 0, 0, 0, 0, 0, 0, 1, 0, 0)
2018-04-15 13:40:35.077854;(17, 0, 18450, 253, 0, 0, 0, 0, 0, 0, 0, 0, 0, 0, 0, 0, 0, 0, 1, 0, 0)
2018-04-15 13:40:35.381102;(16, 0, 17370, 253, 0, 0, 0, 0, 0, 0, 0, 0, 0, 0, 0, 0, 0, 0, 1, 0, 0)
2018-04-15 13:40:37.091665;(18, 0, 37462, 253, 0, 0, 0, 0, 0, 0, 0, 0, 0, 0, 0, 0, 0, 0, 1, 0, 0)
2018-04-15 13:40:39.464101;(10, 0, 11695, 253, 0, 0, 0, 0, 0, 0, 0, 0, 0, 0, 0, 0, 0, 0, 1, 0, 0)
2018-04-15 13:40:41.863017;(25, 0, 60641, 253, 0, 0, 0, 0, 0, 0, 0, 0, 0, 0, 0, 0, 0, 0, 1, 0, 0)
2018-04-15 13:40:50.194284;(5, 0, 3370, 253, 0, 0, 0, 0, 0, 0, 0, 0, 0, 0, 0, 0, 0, 0, 1, 0, 0)
2018-04-15 13:40:53.195545;(4, 0, 25641, 253, 0, 0, 0, 0, 0, 0, 0, 0, 0, 0, 0, 0, 0, 0, 1, 0, 0)
2018-04-15 13:40:54.444833;(11, 0, 14745, 253, 0, 0, 0, 0, 0, 0, 0, 0, 0, 0, 0, 0, 0, 0, 1, 0, 0)
2018-04-15 13:40:57.594796;(14, 0, 43814, 253, 0, 0, 0, 0, 0, 0, 0, 0, 0, 0, 0, 0, 0, 0, 1, 0, 0)
2018-04-15 13:40:59.289086;(15, 0, 37845, 253, 0, 0, 0, 0, 0, 0, 0, 0, 0, 0, 0, 0, 0, 0, 1, 0, 0)
2018-04-15 13:41:00.377798;(9, 0, 15673, 253, 0, 0, 0, 0, 0, 0, 0, 0, 0, 0, 0, 0, 0, 0, 1, 0, 0)
2018-04-15 13:41:02.898079;(24, 0, 5172, 253, 0, 0, 0, 0, 0, 0, 0, 0, 0, 0, 0, 0, 0, 0, 1, 0, 0)
2018-04-15 13:41:08.787488;(26, 0, 31856, 253, 0, 0, 0, 0, 0, 0, 0, 0, 0, 0, 0, 0, 0, 0, 1, 0, 0)
2018-04-15 13:41:15.100715;(18, 0, 37465, 253, 0, 0, 0, 0, 0, 0, 0, 0, 0, 0, 0, 0, 0, 0, 1, 0, 0)
2018-04-15 13:41:17.474458;(10, 0, 11699, 253, 0, 0, 0, 0, 0, 0, 0, 0, 0, 0, 0, 0, 0, 0, 1, 0, 0)
2018-04-15 13:41:22.202709;(5, 0, 3379, 253, 0, 0, 0, 0, 0, 0, 0, 0, 0, 0, 0, 0, 0, 0, 1, 0, 0)
2018-04-15 13:41:23.874051;(25, 0, 60645, 253, 0, 0, 0, 0, 0, 0, 0, 0, 0, 0, 0, 0, 0, 0, 1, 0, 0)
2018-04-15 13:41:26.453784;(11, 0, 14755, 253, 0, 0, 0, 0, 0, 0, 0, 0, 0, 0, 0, 0, 0, 0, 1, 0, 0)
2018-04-15 13:41:32.205563;(4, 0, 25651, 253, 0, 0, 0, 0, 0, 0, 0, 0, 0, 0, 0, 0, 0, 0, 1, 0, 0)
2018-04-15 13:41:34.905808;(24, 0, 5181, 253, 0, 0, 0, 0, 0, 0, 0, 0, 0, 0, 0, 0, 0, 0, 1, 0, 0)
2018-04-15 13:41:35.605900;(14, 0, 43823, 253, 0, 0, 0, 0, 0, 0, 0, 0, 0, 0, 0, 0, 0, 0, 1, 0, 0)
2018-04-15 13:41:41.796096;(26, 0, 31865, 253, 0, 0, 0, 0, 0, 0, 0, 0, 0, 0, 0, 0, 0, 0, 1, 0, 0)
2018-04-15 13:41:47.110359;(18, 0, 37474, 253, 0, 0, 0, 0, 0, 0, 0, 0, 0, 0, 0, 0, 0, 0, 1, 0, 0)
2018-04-15 13:41:55.484957;(10, 0, 11709, 253, 0, 0, 0, 0, 0, 0, 0, 0, 0, 0, 0, 0, 0, 0, 1, 0, 0)
2018-04-15 13:42:00.216733;(5, 0, 3383, 253, 0, 0, 0, 0, 0, 0, 0, 0, 0, 0, 0, 0, 0, 0, 1, 0, 0)
2018-04-15 13:42:02.885771;(25, 0, 60655, 253, 0, 0, 0, 0, 0, 0, 0, 0, 0, 0, 0, 0, 0, 0, 1, 0, 0)
2018-04-15 13:42:07.466974;(11, 0, 14759, 253, 0, 0, 0, 0, 0, 0, 0, 0, 0, 0, 0, 0, 0, 0, 1, 0, 0)
2018-04-15 13:42:10.616851;(14, 0, 43827, 253, 0, 0, 0, 0, 0, 0, 0, 0, 0, 0, 0, 0, 0, 0, 1, 0, 0)
2018-04-15 13:42:12.917073;(24, 0, 5185, 253, 0, 0, 0, 0, 0, 0, 0, 0, 0, 0, 0, 0, 0, 0, 1, 0, 0)
2018-04-15 13:42:15.218924;(4, 0, 25655, 253, 0, 0, 0, 0, 0, 0, 0, 0, 0, 0, 0, 0, 0, 0, 1, 0, 0)
2018-04-15 13:42:20.119911;(18, 0, 37484, 253, 0, 0, 0, 0, 0, 0, 0, 0, 0, 0, 0, 0, 0, 0, 1, 0, 0)
2018-04-15 13:42:23.808081;(26, 0, 31869, 253, 0, 0, 0, 0, 0, 0, 0, 0, 0, 0, 0, 0, 0, 0, 1, 0, 0)
2018-04-15 13:42:36.496949;(10, 0, 11718, 253, 0, 0, 0, 0, 0, 0, 0, 0, 0, 0, 0, 0, 0, 0, 1, 0, 0)
2018-04-15 13:42:39.477208;(11, 0, 14768, 253, 0, 0, 0, 0, 0, 0, 0, 0, 0, 0, 0, 0, 0, 0, 1, 0, 0)
2018-04-15 13:42:40.896590;(25, 0, 60664, 253, 0, 0, 0, 0, 0, 0, 0, 0, 0, 0, 0, 0, 0, 0, 1, 0, 0)
2018-04-15 13:42:44.232663;(5, 0, 3392, 253, 0, 0, 0, 0, 0, 0, 0, 0, 0, 0, 0, 0, 0, 0, 1, 0, 0)
2018-04-15 13:42:45.627927;(14, 0, 43836, 253, 0, 0, 0, 0, 0, 0, 0, 0, 0, 0, 0, 0, 0, 0, 1, 0, 0)
2018-04-15 13:42:49.229461;(4, 0, 25664, 253, 0, 0, 0, 0, 0, 0, 0, 0, 0, 0, 0, 0, 0, 0, 1, 0, 0)
2018-04-15 13:42:50.928260;(24, 0, 5194, 253, 0, 0, 0, 0, 0, 0, 0, 0, 0, 0, 0, 0, 0, 0, 1, 0, 0)
2018-04-15 13:42:59.818304;(26, 0, 31879, 253, 0, 0, 0, 0, 0, 0, 0, 0, 0, 0, 0, 0, 0, 0, 1, 0, 0)
2018-04-15 13:43:02.132603;(18, 0, 37488, 253, 0, 0, 0, 0, 0, 0, 0, 0, 0, 0, 0, 0, 0, 0, 1, 0, 0)
2018-04-15 13:43:13.487917;(11, 0, 14772, 253, 0, 0, 0, 0, 0, 0, 0, 0, 0, 0, 0, 0, 0, 0, 1, 0, 0)
2018-04-15 13:43:15.638267;(14, 0, 43841, 253, 0, 0, 0, 0, 0, 0, 0, 0, 0, 0, 0, 0, 0, 0, 1, 0, 0)
2018-04-15 13:43:16.906831;(25, 0, 60668, 253, 0, 0, 0, 0, 0, 0, 0, 0, 0, 0, 0, 0, 0, 0, 1, 0, 0)
2018-04-15 13:43:18.510377;(10, 0, 11722, 253, 0, 0, 0, 0, 0, 0, 0, 0, 0, 0, 0, 0, 0, 0, 1, 0, 0)
2018-04-15 13:43:22.937015;(24, 0, 5204, 253, 0, 0, 0, 0, 0, 0, 0, 0, 0, 0, 0, 0, 0, 0, 1, 0, 0)
2018-04-15 13:43:24.246151;(5, 0, 3396, 253, 0, 0, 0, 0, 0, 0, 0, 0, 0, 0, 0, 0, 0, 0, 1, 0, 0)
2018-04-15 13:43:25.240505;(4, 0, 25674, 253, 0, 0, 0, 0, 0, 0, 0, 0, 0, 0, 0, 0, 0, 0, 1, 0, 0)
2018-04-15 13:43:39.828862;(26, 0, 31888, 253, 0, 0, 0, 0, 0, 0, 0, 0, 0, 0, 0, 0, 0, 0, 1, 0, 0)
2018-04-15 13:43:45.145153;(18, 0, 37497, 253, 0, 0, 0, 0, 0, 0, 0, 0, 0, 0, 0, 0, 0, 0, 1, 0, 0)
2018-04-15 13:43:47.648562;(14, 0, 43849, 253, 0, 0, 0, 0, 0, 0, 0, 0, 0, 0, 0, 0, 0, 0, 1, 0, 0)
2018-04-15 13:43:47.915619;(25, 0, 60678, 253, 0, 0, 0, 0, 0, 0, 0, 0, 0, 0, 0, 0, 0, 0, 1, 0, 0)
2018-04-15 13:43:51.501713;(11, 0, 14781, 253, 0, 0, 0, 0, 0, 0, 0, 0, 0, 0, 0, 0, 0, 0, 1, 0, 0)
2018-04-15 13:43:51.521542;(10, 0, 11732, 253, 0, 0, 0, 0, 0, 0, 0, 0, 0, 0, 0, 0, 0, 0, 1, 0, 0)
2018-04-15 13:44:00.947881;(24, 0, 5208, 253, 0, 0, 0, 0, 0, 0, 0, 0, 0, 0, 0, 0, 0, 0, 1, 0, 0)
2018-04-15 13:44:01.251328;(4, 0, 25678, 253, 0, 0, 0, 0, 0, 0, 0, 0, 0, 0, 0, 0, 0, 0, 1, 0, 0)
2018-04-15 13:44:18.839521;(26, 0, 31892, 253, 0, 0, 0, 0, 0, 0, 0, 0, 0, 0, 0, 0, 0, 0, 1, 0, 0)
2018-04-15 13:44:20.155553;(18, 0, 37502, 253, 0, 0, 0, 0, 0, 0, 0, 0, 0, 0, 0, 0, 0, 0, 1, 0, 0)
2018-04-15 13:44:20.658184;(14, 0, 43859, 253, 0, 0, 0, 0, 0, 0, 0, 0, 0, 0, 0, 0, 0, 0, 1, 0, 0)
2018-04-15 13:44:25.533755;(10, 0, 11741, 253, 0, 0, 0, 0, 0, 0, 0, 0, 0, 0, 0, 0, 0, 0, 1, 0, 0)
2018-04-15 13:44:31.927920;(25, 0, 60687, 253, 0, 0, 0, 0, 0, 0, 0, 0, 0, 0, 0, 0, 0, 0, 1, 0, 0)
2018-04-15 13:44:34.261016;(4, 0, 25687, 253, 0, 0, 0, 0, 0, 0, 0, 0, 0, 0, 0, 0, 0, 0, 1, 0, 0)
2018-04-15 13:44:35.957409;(24, 0, 5217, 253, 0, 0, 0, 0, 0, 0, 0, 0, 0, 0, 0, 0, 0, 0, 1, 0, 0)
2018-04-15 13:44:52.667969;(14, 0, 43863, 253, 0, 0, 0, 0, 0, 0, 0, 0, 0, 0, 0, 0, 0, 0, 1, 0, 0)
2018-04-15 13:45:00.545841;(10, 0, 11745, 253, 0, 0, 0, 0, 0, 0, 0, 0, 0, 0, 0, 0, 0, 0, 1, 0, 0)
2018-04-15 13:45:01.168346;(18, 0, 37511, 253, 0, 0, 0, 0, 0, 0, 0, 0, 0, 0, 0, 0, 0, 0, 1, 0, 0)
2018-04-15 13:45:03.852327;(26, 0, 31902, 253, 0, 0, 0, 0, 0, 0, 0, 0, 0, 0, 0, 0, 0, 0, 1, 0, 0)
2018-04-15 13:45:08.938451;(25, 0, 60691, 253, 0, 0, 0, 0, 0, 0, 0, 0, 0, 0, 0, 0, 0, 0, 1, 0, 0)
2018-04-15 13:45:16.969507;(24, 0, 5221, 253, 0, 0, 0, 0, 0, 0, 0, 0, 0, 0, 0, 0, 0, 0, 1, 0, 0)
2018-04-15 13:45:17.276860;(4, 0, 25691, 253, 0, 0, 0, 0, 0, 0, 0, 0, 0, 0, 0, 0, 0, 0, 1, 0, 0)
2018-04-15 13:45:30.679385;(14, 0, 43872, 253, 0, 0, 0, 0, 0, 0, 0, 0, 0, 0, 0, 0, 0, 0, 1, 0, 0)
2018-04-15 13:45:35.555816;(10, 0, 11754, 253, 0, 0, 0, 0, 0, 0, 0, 0, 0, 0, 0, 0, 0, 0, 1, 0, 0)
2018-04-15 13:45:43.180486;(18, 0, 37520, 253, 0, 0, 0, 0, 0, 0, 0, 0, 0, 0, 0, 0, 0, 0, 1, 0, 0)
2018-04-15 13:45:44.863584;(26, 0, 31911, 253, 0, 0, 0, 0, 0, 0, 0, 0, 0, 0, 0, 0, 0, 0, 1, 0, 0)
2018-04-15 13:45:48.949722;(25, 0, 60700, 253, 0, 0, 0, 0, 0, 0, 0, 0, 0, 0, 0, 0, 0, 0, 1, 0, 0)
2018-04-15 13:45:53.979624;(24, 0, 5231, 253, 0, 0, 0, 0, 0, 0, 0, 0, 0, 0, 0, 0, 0, 0, 1, 0, 0)
2018-04-15 13:45:55.288017;(4, 0, 25701, 253, 0, 0, 0, 0, 0, 0, 0, 0, 0, 0, 0, 0, 0, 0, 1, 0, 0)
2018-04-15 13:46:02.689209;(14, 0, 43876, 253, 0, 0, 0, 0, 0, 0, 0, 0, 0, 0, 0, 0, 0, 0, 1, 0, 0)
2018-04-15 13:46:07.565306;(10, 0, 11758, 253, 0, 0, 0, 0, 0, 0, 0, 0, 0, 0, 0, 0, 0, 0, 1, 0, 0)
2018-04-15 13:46:21.191751;(18, 0, 37524, 253, 0, 0, 0, 0, 0, 0, 0, 0, 0, 0, 0, 0, 0, 0, 1, 0, 0)
2018-04-15 13:46:21.959042;(25, 0, 60710, 253, 0, 0, 0, 0, 0, 0, 0, 0, 0, 0, 0, 0, 0, 0, 1, 0, 0)
2018-04-15 13:46:26.989853;(24, 0, 5240, 253, 0, 0, 0, 0, 0, 0, 0, 0, 0, 0, 0, 0, 0, 0, 1, 0, 0)
2018-04-15 13:46:28.875659;(26, 0, 31916, 253, 0, 0, 0, 0, 0, 0, 0, 0, 0, 0, 0, 0, 0, 0, 1, 0, 0)
2018-04-15 13:46:34.299563;(4, 0, 25710, 253, 0, 0, 0, 0, 0, 0, 0, 0, 0, 0, 0, 0, 0, 0, 1, 0, 0)
2018-04-15 13:46:42.700095;(14, 0, 43885, 253, 0, 0, 0, 0, 0, 0, 0, 0, 0, 0, 0, 0, 0, 0, 1, 0, 0)
2018-04-15 13:46:50.578663;(10, 0, 11767, 253, 0, 0, 0, 0, 0, 0, 0, 0, 0, 0, 0, 0, 0, 0, 1, 0, 0)
2018-04-15 13:46:52.968178;(25, 0, 60714, 253, 0, 0, 0, 0, 0, 0, 0, 0, 0, 0, 0, 0, 0, 0, 1, 0, 0)
2018-04-15 13:47:02.204952;(18, 0, 37534, 253, 0, 0, 0, 0, 0, 0, 0, 0, 0, 0, 0, 0, 0, 0, 1, 0, 0)
2018-04-15 13:47:07.001797;(24, 0, 5244, 253, 0, 0, 0, 0, 0, 0, 0, 0, 0, 0, 0, 0, 0, 0, 1, 0, 0)
2018-04-15 13:47:10.311226;(4, 0, 25714, 253, 0, 0, 0, 0, 0, 0, 0, 0, 0, 0, 0, 0, 0, 0, 1, 0, 0)
2018-04-15 13:47:12.888963;(26, 0, 31925, 253, 0, 0, 0, 0, 0, 0, 0, 0, 0, 0, 0, 0, 0, 0, 1, 0, 0)
2018-04-15 13:47:14.712744;(14, 0, 43889, 253, 0, 0, 0, 0, 0, 0, 0, 0, 0, 0, 0, 0, 0, 0, 1, 0, 0)
2018-04-15 13:47:21.587471;(10, 0, 11777, 253, 0, 0, 0, 0, 0, 0, 0, 0, 0, 0, 0, 0, 0, 0, 1, 0, 0)
2018-04-15 13:47:31.979286;(25, 0, 60723, 253, 0, 0, 0, 0, 0, 0, 0, 0, 0, 0, 0, 0, 0, 0, 1, 0, 0)
2018-04-15 13:47:43.897601;(26, 0, 31934, 253, 0, 0, 0, 0, 0, 0, 0, 0, 0, 0, 0, 0, 0, 0, 1, 0, 0)
2018-04-15 13:47:45.217252;(18, 0, 37543, 253, 0, 0, 0, 0, 0, 0, 0, 0, 0, 0, 0, 0, 0, 0, 1, 0, 0)
2018-04-15 13:47:50.013635;(24, 0, 5253, 253, 0, 0, 0, 0, 0, 0, 0, 0, 0, 0, 0, 0, 0, 0, 1, 0, 0)
2018-04-15 13:47:52.323563;(4, 0, 25723, 253, 0, 0, 0, 0, 0, 0, 0, 0, 0, 0, 0, 0, 0, 0, 1, 0, 0)
2018-04-15 13:47:54.725213;(14, 0, 43898, 253, 0, 0, 0, 0, 0, 0, 0, 0, 0, 0, 0, 0, 0, 0, 1, 0, 0)
2018-04-15 13:47:56.597607;(10, 0, 11781, 253, 0, 0, 0, 0, 0, 0, 0, 0, 0, 0, 0, 0, 0, 0, 1, 0, 0)
2018-04-15 13:48:13.991310;(25, 0, 60727, 253, 0, 0, 0, 0, 0, 0, 0, 0, 0, 0, 0, 0, 0, 0, 1, 0, 0)
2018-04-15 13:48:19.227056;(18, 0, 37548, 253, 0, 0, 0, 0, 0, 0, 0, 0, 0, 0, 0, 0, 0, 0, 1, 0, 0)
2018-04-15 13:48:21.907780;(26, 0, 31939, 253, 0, 0, 0, 0, 0, 0, 0, 0, 0, 0, 0, 0, 0, 0, 1, 0, 0)
2018-04-15 13:48:27.333915;(4, 0, 25733, 253, 0, 0, 0, 0, 0, 0, 0, 0, 0, 0, 0, 0, 0, 0, 1, 0, 0)
2018-04-15 13:48:31.608847;(10, 0, 11790, 253, 0, 0, 0, 0, 0, 0, 0, 0, 0, 0, 0, 0, 0, 0, 1, 0, 0)
2018-04-15 13:48:33.025764;(24, 0, 5263, 253, 0, 0, 0, 0, 0, 0, 0, 0, 0, 0, 0, 0, 0, 0, 1, 0, 0)
2018-04-15 13:48:33.737331;(14, 0, 43908, 253, 0, 0, 0, 0, 0, 0, 0, 0, 0, 0, 0, 0, 0, 0, 1, 0, 0)
2018-04-15 13:48:51.002022;(25, 0, 60736, 253, 0, 0, 0, 0, 0, 0, 0, 0, 0, 0, 0, 0, 0, 0, 1, 0, 0)
2018-04-15 13:48:52.236878;(18, 0, 37557, 253, 0, 0, 0, 0, 0, 0, 0, 0, 0, 0, 0, 0, 0, 0, 1, 0, 0)
2018-04-15 13:48:52.341586;(4, 0, 25728, 253, 0, 0, 12, 0, 1, 0, 0, 0, 0, 0, 0, 0, 0, 0, 1, 0, 0)
2018-04-15 13:48:58.918744;(26, 0, 31948, 253, 0, 0, 0, 0, 0, 0, 0, 0, 0, 0, 0, 0, 0, 0, 1, 0, 0)
2018-04-15 13:49:08.346461;(4, 0, 25737, 253, 0, 0, 0, 0, 0, 0, 0, 0, 0, 0, 0, 0, 0, 0, 1, 0, 0)
2018-04-15 13:49:12.620964;(10, 0, 11794, 253, 0, 0, 0, 0, 0, 0, 0, 0, 0, 0, 0, 0, 0, 0, 1, 0, 0)
2018-04-15 13:49:12.751370;(14, 0, 43912, 253, 0, 0, 0, 0, 0, 0, 0, 0, 0, 0, 0, 0, 0, 0, 1, 0, 0)
2018-04-15 13:49:17.038174;(24, 0, 5267, 253, 0, 0, 0, 0, 0, 0, 0, 0, 0, 0, 0, 0, 0, 0, 1, 0, 0)
2018-04-15 13:49:23.245478;(18, 0, 37566, 253, 0, 0, 0, 0, 0, 0, 0, 0, 0, 0, 0, 0, 0, 0, 1, 0, 0)
2018-04-15 13:49:34.014281;(25, 0, 60746, 253, 0, 0, 0, 0, 0, 0, 0, 0, 0, 0, 0, 0, 0, 0, 1, 0, 0)
2018-04-15 13:49:39.930006;(26, 0, 31957, 253, 0, 0, 0, 0, 0, 0, 0, 0, 0, 0, 0, 0, 0, 0, 1, 0, 0)
2018-04-15 13:49:46.357028;(4, 0, 25748, 253, 0, 0, 0, 0, 0, 0, 0, 0, 0, 0, 0, 0, 0, 0, 1, 0, 0)
2018-04-15 13:49:50.046998;(24, 0, 5276, 253, 0, 0, 0, 0, 0, 0, 0, 0, 0, 0, 0, 0, 0, 0, 1, 0, 0)
2018-04-15 13:49:50.631703;(10, 0, 11803, 253, 0, 0, 0, 0, 0, 0, 0, 0, 0, 0, 0, 0, 0, 0, 1, 0, 0)
2018-04-15 13:49:53.763492;(14, 0, 43921, 253, 0, 0, 0, 0, 0, 0, 0, 0, 0, 0, 0, 0, 0, 0, 1, 0, 0)
2018-04-15 13:49:57.254000;(18, 0, 37570, 253, 0, 0, 0, 0, 0, 0, 0, 0, 0, 0, 0, 0, 0, 0, 1, 0, 0)
2018-04-15 13:50:13.023297;(25, 0, 60750, 253, 0, 0, 0, 0, 0, 0, 0, 0, 0, 0, 0, 0, 0, 0, 1, 0, 0)
2018-04-15 13:50:19.939611;(26, 0, 31961, 253, 0, 0, 0, 0, 0, 0, 0, 0, 0, 0, 0, 0, 0, 0, 1, 0, 0)
2018-04-15 13:50:22.227920;(8, 0, 3340, 253, 0, 0, 0, 0, 0, 0, 0, 0, 0, 0, 0, 0, 0, 0, 1, 0, 0)
2018-04-15 13:50:23.052617;(24, 0, 5286, 253, 0, 0, 0, 0, 0, 0, 0, 0, 0, 0, 0, 0, 0, 0, 1, 0, 0)
2018-04-15 13:50:24.368212;(4, 0, 25753, 253, 0, 0, 0, 0, 0, 0, 0, 0, 0, 0, 0, 0, 0, 0, 1, 0, 0)
2018-04-15 13:50:24.559514;(9, 0, 15802, 253, 0, 0, 0, 0, 0, 0, 0, 0, 0, 0, 0, 0, 0, 0, 1, 0, 0)
2018-04-15 13:50:26.254332;(17, 0, 18656, 253, 0, 0, 0, 0, 0, 0, 0, 0, 0, 0, 0, 0, 0, 0, 1, 0, 0)
2018-04-15 13:50:27.458986;(15, 0, 38034, 253, 0, 0, 0, 0, 0, 0, 0, 0, 0, 0, 0, 0, 0, 0, 1, 0, 0)
2018-04-15 13:50:28.530812;(13, 0, 52877, 253, 0, 0, 0, 0, 0, 0, 0, 0, 0, 0, 0, 0, 0, 0, 1, 0, 0)
2018-04-15 13:50:31.559089;(16, 0, 17562, 253, 0, 0, 0, 0, 0, 0, 0, 0, 0, 0, 0, 0, 0, 0, 1, 0, 0)
2018-04-15 13:50:32.641728;(10, 0, 11813, 253, 0, 0, 0, 0, 0, 0, 0, 0, 0, 0, 0, 0, 0, 0, 1, 0, 0)
2018-04-15 13:50:32.770286;(14, 0, 43931, 253, 0, 0, 0, 0, 0, 0, 0, 0, 0, 0, 0, 0, 0, 0, 1, 0, 0)
2018-04-15 13:50:33.264213;(18, 0, 37579, 253, 0, 0, 0, 0, 0, 0, 0, 0, 0, 0, 0, 0, 0, 0, 1, 0, 0)
2018-04-15 13:50:48.030468;(25, 0, 60759, 253, 0, 0, 0, 0, 0, 0, 0, 0, 0, 0, 0, 0, 0, 0, 1, 0, 0)
2018-04-15 13:50:59.948715;(26, 0, 31971, 253, 0, 0, 0, 0, 0, 0, 0, 0, 0, 0, 0, 0, 0, 0, 1, 0, 0)
2018-04-15 13:51:01.060825;(24, 0, 5290, 253, 0, 0, 0, 0, 0, 0, 0, 0, 0, 0, 0, 0, 0, 0, 1, 0, 0)
2018-04-15 13:51:06.378136;(4, 0, 25762, 253, 0, 0, 0, 0, 0, 0, 0, 0, 0, 0, 0, 0, 0, 0, 1, 0, 0)
2018-04-15 13:51:10.779535;(14, 0, 43935, 253, 0, 0, 0, 0, 0, 0, 0, 0, 0, 0, 0, 0, 0, 0, 1, 0, 0)
2018-04-15 13:51:11.272299;(18, 0, 37583, 253, 0, 0, 0, 0, 0, 0, 0, 0, 0, 0, 0, 0, 0, 0, 1, 0, 0)
2018-04-15 13:51:15.651610;(10, 0, 11817, 253, 0, 0, 0, 0, 0, 0, 0, 0, 0, 0, 0, 0, 0, 0, 1, 0, 0)
2018-04-15 13:51:30.041153;(25, 0, 60769, 253, 0, 0, 0, 0, 0, 0, 0, 0, 0, 0, 0, 0, 0, 0, 1, 0, 0)
2018-04-15 13:51:35.958267;(26, 0, 31980, 253, 0, 0, 0, 0, 0, 0, 0, 0, 0, 0, 0, 0, 0, 0, 1, 0, 0)
2018-04-15 13:51:38.388268;(4, 0, 25771, 253, 0, 0, 0, 0, 0, 0, 0, 0, 0, 0, 0, 0, 0, 0, 1, 0, 0)
2018-04-15 13:51:43.281173;(18, 0, 37592, 253, 0, 0, 0, 0, 0, 0, 0, 0, 0, 0, 0, 0, 0, 0, 1, 0, 0)
2018-04-15 13:51:44.073860;(24, 0, 5299, 253, 0, 0, 0, 0, 0, 0, 0, 0, 0, 0, 0, 0, 0, 0, 1, 0, 0)
2018-04-15 13:51:51.661969;(10, 0, 11826, 253, 0, 0, 0, 0, 0, 0, 0, 0, 0, 0, 0, 0, 0, 0, 1, 0, 0)
2018-04-15 13:52:07.967491;(26, 0, 31984, 253, 0, 0, 0, 0, 0, 0, 0, 0, 0, 0, 0, 0, 0, 0, 1, 0, 0)
2018-04-15 13:52:14.053694;(25, 0, 60773, 253, 0, 0, 0, 0, 0, 0, 0, 0, 0, 0, 0, 0, 0, 0, 1, 0, 0)
2018-04-15 13:52:15.292304;(18, 0, 37596, 253, 0, 0, 0, 0, 0, 0, 0, 0, 0, 0, 0, 0, 0, 0, 1, 0, 0)
2018-04-15 13:52:18.400592;(4, 0, 25775, 253, 0, 0, 0, 0, 0, 0, 0, 0, 0, 0, 0, 0, 0, 0, 1, 0, 0)
2018-04-15 13:52:24.085316;(24, 0, 5303, 253, 0, 0, 0, 0, 0, 0, 0, 0, 0, 0, 0, 0, 0, 0, 1, 0, 0)
2018-04-15 13:52:24.670981;(10, 0, 11836, 253, 0, 0, 0, 0, 0, 0, 0, 0, 0, 0, 0, 0, 0, 0, 1, 0, 0)
2018-04-15 13:52:47.978306;(26, 0, 31993, 253, 0, 0, 0, 0, 0, 0, 0, 0, 0, 0, 0, 0, 0, 0, 1, 0, 0)
2018-04-15 13:52:52.304096;(18, 0, 37605, 253, 0, 0, 0, 0, 0, 0, 0, 0, 0, 0, 0, 0, 0, 0, 1, 0, 0)
2018-04-15 13:52:53.411336;(4, 0, 25785, 253, 0, 0, 0, 0, 0, 0, 0, 0, 0, 0, 0, 0, 0, 0, 1, 0, 0)
2018-04-15 13:52:57.066530;(25, 0, 60782, 253, 0, 0, 0, 0, 0, 0, 0, 0, 0, 0, 0, 0, 0, 0, 1, 0, 0)
2018-04-15 13:53:04.683722;(10, 0, 11840, 253, 0, 0, 0, 0, 0, 0, 0, 0, 0, 0, 0, 0, 0, 0, 1, 0, 0)
2018-04-15 13:53:07.096939;(24, 0, 5313, 253, 0, 0, 0, 0, 0, 0, 0, 0, 0, 0, 0, 0, 0, 0, 1, 0, 0)
