2018-04-19 05:14:15.472393;(15, (60, 33, 0, 0, 0, 0, 0, 0, 0, 0))
2018-04-19 05:14:15.570586;(21, (54, 36, 0, 0, 0, 0, 0, 0, 0, 0))
2018-04-19 05:14:15.582410;(12, (58, 36, 0, 0, 0, 0, 0, 0, 0, 0))
2018-04-19 05:14:15.591372;(19, (44, 34, 0, 0, 0, 0, 0, 0, 0, 0))
2018-04-19 05:14:15.675455;(14, (66, 34, 0, 0, 0, 0, 0, 0, 0, 0))
2018-04-19 05:14:15.703693;(17, (29, 36, 0, 0, 0, 0, 0, 0, 0, 0))
2018-04-19 05:14:15.711325;(4, (36, 35, 0, 0, 0, 0, 0, 0, 0, 0))
2018-04-19 05:14:15.724776;(10, (384, 348, 249, 0, 0, 0, 0, 0, 0, 0))
2018-04-19 05:14:15.856706;(22, (91, 39, 0, 0, 0, 0, 0, 0, 0, 0))
2018-04-19 05:14:15.868014;(6, (123, 143, 0, 0, 0, 0, 0, 0, 0, 0))
2018-04-19 05:14:15.909536;(11, (60, 36, 0, 0, 0, 0, 0, 0, 0, 0))
2018-04-19 05:14:16.053888;(20, (81, 63, 0, 0, 0, 0, 0, 0, 0, 0))
2018-04-19 05:14:16.055372;(8, (85, 44, 0, 0, 0, 0, 0, 0, 0, 0))
2018-04-19 05:14:16.088804;(5, (243, 249, 4, 0, 0, 0, 0, 0, 0, 0))
2018-04-19 05:14:16.147043;(13, (53, 45, 0, 0, 0, 0, 0, 0, 0, 0))
2018-04-19 05:14:16.152356;(7, (200, 207, 0, 0, 0, 0, 0, 0, 0, 0))
2018-04-19 05:14:16.191268;(23, (98, 61, 15, 0, 0, 0, 0, 0, 0, 0))
2018-04-19 05:14:16.230795;(9, (27, 32, 0, 0, 0, 0, 0, 0, 0, 0))
2018-04-19 05:14:16.286841;(16, (58, 31, 0, 0, 0, 0, 0, 0, 0, 0))
2018-04-19 05:14:16.308544;(1, (552, 410, 378, 189, 0, 0, 0, 0, 0, 0))
2018-04-19 05:14:16.420781;(18, (82, 74, 0, 0, 0, 0, 0, 0, 0, 0))
2018-04-19 05:14:45.484226;(15, (368, 418, 9, 0, 0, 0, 0, 0, 0, 0))
2018-04-19 05:14:45.587101;(12, (114, 82, 2, 0, 0, 0, 0, 0, 0, 0))
2018-04-19 05:14:45.597502;(19, (93, 91, 1, 0, 0, 0, 0, 0, 0, 0))
2018-04-19 05:14:45.679430;(14, (104, 62, 1, 1, 0, 0, 0, 0, 0, 0))
2018-04-19 05:14:45.706543;(17, (66, 84, 0, 0, 0, 0, 0, 0, 0, 0))
2018-04-19 05:14:45.717819;(4, (220, 276, 23, 2, 0, 0, 0, 0, 0, 0))
2018-04-19 05:14:45.733767;(10, (948, 978, 568, 0, 0, 0, 0, 0, 0, 0))
2018-04-19 05:14:45.862806;(22, (351, 322, 114, 1, 0, 0, 0, 0, 0, 0))
2018-04-19 05:14:45.874701;(6, (217, 269, 3, 1, 0, 0, 0, 0, 0, 0))
2018-04-19 05:14:45.912431;(11, (120, 104, 2, 1, 0, 0, 0, 0, 0, 0))
2018-04-19 05:14:46.059079;(20, (142, 136, 2, 0, 0, 0, 0, 0, 0, 0))
2018-04-19 05:14:46.061485;(8, (226, 194, 11, 1, 0, 0, 0, 0, 0, 0))
2018-04-19 05:14:46.101651;(5, (697, 783, 136, 0, 0, 0, 0, 0, 0, 0))
2018-04-19 05:14:46.152770;(13, (315, 353, 114, 0, 0, 0, 0, 0, 0, 0))
2018-04-19 05:14:46.157459;(7, (296, 303, 34, 2, 0, 0, 0, 0, 0, 0))
2018-04-19 05:14:46.194248;(23, (198, 168, 75, 1, 0, 0, 0, 0, 0, 0))
2018-04-19 05:14:46.233785;(9, (66, 85, 0, 0, 0, 0, 0, 0, 0, 0))
2018-04-19 05:14:46.272668;(3, (646, 696, 199, 1, 0, 0, 0, 0, 0, 0))
2018-04-19 05:14:46.290408;(16, (111, 74, 13, 0, 0, 0, 0, 0, 0, 0))
2018-04-19 05:14:46.311702;(1, (1883, 1673, 1631, 816, 0, 0, 0, 0, 0, 0))
2018-04-19 05:14:46.426034;(18, (165, 157, 23, 1, 0, 0, 0, 0, 0, 0))
2018-04-19 05:15:15.598539;(21, (848, 1011, 90, 0, 0, 0, 0, 0, 0, 0))
2018-04-19 05:15:15.601679;(12, (143, 97, 2, 0, 0, 0, 0, 0, 0, 0))
2018-04-19 05:15:15.602871;(19, (205, 224, 6, 0, 0, 0, 0, 0, 0, 0))
2018-04-19 05:15:15.683081;(14, (139, 87, 1, 1, 0, 0, 0, 0, 0, 0))
2018-04-19 05:15:15.709937;(17, (105, 138, 1, 1, 0, 0, 0, 0, 0, 0))
2018-04-19 05:15:15.727793;(4, (503, 629, 80, 4, 0, 0, 0, 0, 0, 0))
2018-04-19 05:15:15.744039;(10, (1608, 1738, 927, 0, 0, 0, 0, 0, 0, 0))
2018-04-19 05:15:15.871259;(22, (554, 534, 136, 3, 0, 0, 0, 0, 0, 0))
2018-04-19 05:15:15.921502;(11, (174, 153, 3, 1, 0, 0, 0, 0, 0, 0))
2018-04-19 05:15:16.063773;(20, (175, 160, 4, 0, 0, 0, 0, 0, 0, 0))
2018-04-19 05:15:16.065442;(8, (289, 244, 27, 1, 0, 0, 0, 0, 0, 0))
2018-04-19 05:15:16.111627;(5, (1025, 1179, 222, 0, 0, 0, 0, 0, 0, 0))
2018-04-19 05:15:16.161285;(13, (739, 857, 304, 0, 0, 0, 0, 0, 0, 0))
2018-04-19 05:15:16.162233;(7, (410, 418, 55, 4, 0, 0, 0, 0, 0, 0))
2018-04-19 05:15:16.197975;(23, (264, 235, 105, 1, 0, 0, 0, 0, 0, 0))
2018-04-19 05:15:16.238634;(9, (151, 204, 1, 0, 0, 0, 0, 0, 0, 0))
2018-04-19 05:15:16.278134;(3, (1003, 1099, 376, 7, 0, 0, 0, 0, 0, 0))
2018-04-19 05:15:16.293684;(16, (159, 110, 23, 0, 0, 0, 0, 0, 0, 0))
2018-04-19 05:15:16.315247;(1, (3451, 3155, 3103, 1552, 0, 0, 0, 0, 0, 0))
2018-04-19 05:15:16.433899;(18, (245, 246, 38, 1, 0, 0, 0, 0, 0, 0))
2018-04-19 05:15:45.610001;(21, (1215, 1472, 132, 0, 0, 0, 0, 0, 0, 0))
2018-04-19 05:15:45.686978;(14, (200, 139, 1, 1, 0, 0, 0, 0, 0, 0))
2018-04-19 05:15:45.927359;(11, (404, 396, 93, 1, 0, 0, 0, 0, 0, 0))
2018-04-19 05:15:46.199976;(23, (610, 568, 387, 2, 0, 0, 0, 0, 0, 0))
2018-04-19 05:15:46.319835;(1, (4727, 4354, 4292, 2146, 0, 0, 0, 0, 0, 0))
2018-04-19 05:15:46.510752;(15, (1467, 1676, 515, 0, 0, 0, 0, 0, 0, 0))
2018-04-19 05:15:46.611274;(19, (245, 256, 11, 0, 0, 0, 0, 0, 0, 0))
2018-04-19 05:15:46.612234;(12, (269, 245, 11, 1, 0, 0, 0, 0, 0, 0))
2018-04-19 05:15:46.712550;(17, (121, 163, 1, 1, 0, 0, 0, 0, 0, 0))
2018-04-19 05:15:46.734049;(4, (691, 862, 112, 7, 0, 0, 0, 0, 0, 0))
2018-04-19 05:15:46.751548;(10, (1885, 2065, 1005, 0, 0, 0, 0, 0, 0, 0))
2018-04-19 05:15:46.877881;(22, (793, 795, 209, 5, 0, 0, 0, 0, 0, 0))
2018-04-19 05:15:46.890195;(6, (518, 658, 7, 2, 0, 0, 0, 0, 0, 0))
2018-04-19 05:15:47.068713;(20, (249, 245, 18, 4, 0, 0, 0, 0, 0, 0))
2018-04-19 05:15:47.070994;(8, (406, 367, 27, 1, 0, 0, 0, 0, 0, 0))
2018-04-19 05:15:47.118825;(5, (1178, 1366, 239, 2, 0, 0, 0, 0, 0, 0))
2018-04-19 05:15:47.166777;(13, (919, 1055, 424, 2, 0, 0, 0, 0, 0, 0))
2018-04-19 05:15:47.172820;(7, (580, 637, 61, 5, 0, 0, 0, 0, 0, 0))
2018-04-19 05:15:47.243802;(9, (206, 282, 1, 2, 0, 0, 0, 0, 0, 0))
2018-04-19 05:15:47.280395;(3, (1114, 1187, 420, 7, 0, 0, 0, 0, 0, 0))
2018-04-19 05:15:47.297933;(16, (259, 194, 66, 1, 0, 0, 0, 0, 0, 0))
2018-04-19 05:15:47.438825;(18, (550, 566, 228, 4, 0, 0, 0, 0, 0, 0))
2018-04-19 05:16:16.323374;(1, (5843, 5414, 5342, 2671, 0, 0, 0, 0, 0, 0))
2018-04-19 05:16:16.522209;(15, (2306, 2605, 1046, 0, 0, 0, 0, 0, 0, 0))
2018-04-19 05:16:16.619055;(21, (1444, 1766, 134, 0, 0, 0, 0, 0, 0, 0))
2018-04-19 05:16:16.620265;(19, (292, 304, 18, 1, 0, 0, 0, 0, 0, 0))
2018-04-19 05:16:16.620621;(12, (459, 466, 31, 1, 0, 0, 0, 0, 0, 0))
2018-04-19 05:16:16.715096;(17, (149, 201, 1, 1, 0, 0, 0, 0, 0, 0))
2018-04-19 05:16:16.736110;(4, (705, 881, 112, 12, 0, 0, 0, 0, 0, 0))
2018-04-19 05:16:16.758107;(10, (2140, 2365, 1109, 0, 0, 0, 0, 0, 0, 0))
2018-04-19 05:16:16.883772;(22, (1031, 1048, 336, 5, 0, 0, 0, 0, 0, 0))
2018-04-19 05:16:16.897955;(6, (642, 812, 16, 2, 0, 0, 0, 0, 0, 0))
2018-04-19 05:16:16.933054;(11, (596, 615, 153, 1, 0, 0, 0, 0, 0, 0))
2018-04-19 05:16:17.080446;(20, (282, 275, 20, 4, 0, 0, 0, 0, 0, 0))
2018-04-19 05:16:17.081465;(8, (511, 491, 28, 1, 0, 0, 0, 0, 0, 0))
2018-04-19 05:16:17.125600;(5, (1324, 1555, 239, 2, 0, 0, 0, 0, 0, 0))
2018-04-19 05:16:17.169554;(13, (935, 1073, 424, 6, 0, 0, 0, 0, 0, 0))
2018-04-19 05:16:17.175359;(7, (660, 720, 75, 5, 0, 0, 0, 0, 0, 0))
2018-04-19 05:16:17.205822;(23, (1009, 963, 741, 2, 0, 0, 0, 0, 0, 0))
2018-04-19 05:16:17.247244;(9, (219, 300, 1, 6, 0, 0, 0, 0, 0, 0))
2018-04-19 05:16:17.286082;(3, (1267, 1341, 472, 11, 0, 0, 0, 0, 0, 0))
2018-04-19 05:16:17.300833;(16, (329, 244, 92, 1, 0, 0, 0, 0, 0, 0))
2018-04-19 05:16:17.449536;(18, (937, 1010, 412, 4, 0, 0, 0, 0, 0, 0))
2018-04-19 05:16:46.329857;(1, (7301, 6818, 6736, 3368, 0, 0, 0, 0, 0, 0))
2018-04-19 05:16:46.536740;(15, (2966, 3365, 1345, 0, 0, 0, 0, 0, 0, 0))
2018-04-19 05:16:46.631660;(21, (1745, 2159, 134, 0, 0, 0, 0, 0, 0, 0))
2018-04-19 05:16:46.634169;(19, (358, 388, 21, 1, 0, 0, 0, 0, 0, 0))
2018-04-19 05:16:46.634524;(12, (606, 646, 32, 1, 0, 0, 0, 0, 0, 0))
2018-04-19 05:16:46.698038;(14, (594, 568, 185, 1, 0, 0, 0, 0, 0, 0))
2018-04-19 05:16:46.719807;(17, (167, 225, 1, 1, 0, 0, 0, 0, 0, 0))
2018-04-19 05:16:46.739169;(4, (717, 892, 112, 13, 0, 0, 0, 0, 0, 0))
2018-04-19 05:16:46.763914;(10, (2697, 2962, 1507, 0, 0, 0, 0, 0, 0, 0))
2018-04-19 05:16:46.890258;(22, (1459, 1497, 614, 6, 0, 0, 0, 0, 0, 0))
2018-04-19 05:16:46.907499;(6, (840, 1076, 16, 2, 0, 0, 0, 0, 0, 0))
2018-04-19 05:16:46.936393;(11, (699, 729, 169, 1, 0, 0, 0, 0, 0, 0))
2018-04-19 05:16:47.091025;(20, (440, 460, 58, 4, 0, 0, 0, 0, 0, 0))
2018-04-19 05:16:47.094017;(8, (698, 721, 69, 3, 0, 0, 0, 0, 0, 0))
2018-04-19 05:16:47.173931;(13, (948, 1086, 424, 8, 0, 0, 0, 0, 0, 0))
2018-04-19 05:16:47.178183;(7, (700, 760, 81, 8, 0, 0, 0, 0, 0, 0))
2018-04-19 05:16:47.210537;(23, (1286, 1239, 988, 2, 0, 0, 0, 0, 0, 0))
2018-04-19 05:16:47.251106;(9, (231, 318, 1, 10, 0, 0, 0, 0, 0, 0))
2018-04-19 05:16:47.290052;(3, (1482, 1541, 601, 12, 0, 0, 0, 0, 0, 0))
2018-04-19 05:16:47.303084;(16, (361, 267, 92, 1, 0, 0, 0, 0, 0, 0))
2018-04-19 05:16:47.460982;(18, (1302, 1427, 512, 4, 0, 0, 0, 0, 0, 0))
2018-04-19 05:17:16.544677;(15, (3505, 3985, 1674, 0, 0, 0, 0, 0, 0, 0))
2018-04-19 05:17:16.640350;(19, (437, 481, 21, 1, 0, 0, 0, 0, 0, 0))
2018-04-19 05:17:16.643877;(21, (2011, 2504, 136, 0, 0, 0, 0, 0, 0, 0))
2018-04-19 05:17:16.644764;(12, (659, 686, 37, 1, 0, 0, 0, 0, 0, 0))
2018-04-19 05:17:16.704572;(14, (740, 727, 207, 1, 0, 0, 0, 0, 0, 0))
2018-04-19 05:17:16.722599;(17, (182, 247, 1, 1, 0, 0, 0, 0, 0, 0))
2018-04-19 05:17:16.742285;(4, (741, 926, 113, 20, 0, 0, 0, 0, 0, 0))
2018-04-19 05:17:16.768725;(10, (3030, 3311, 1692, 0, 0, 0, 0, 0, 0, 0))
2018-04-19 05:17:16.897182;(22, (1826, 1898, 852, 6, 0, 0, 0, 0, 0, 0))
2018-04-19 05:17:16.915562;(6, (986, 1266, 16, 2, 0, 0, 0, 0, 0, 0))
2018-04-19 05:17:16.938887;(11, (743, 768, 170, 1, 0, 0, 0, 0, 0, 0))
2018-04-19 05:17:17.097552;(20, (494, 528, 68, 4, 0, 0, 0, 0, 0, 0))
2018-04-19 05:17:17.100460;(8, (846, 869, 83, 3, 0, 0, 0, 0, 0, 0))
2018-04-19 05:17:17.152077;(5, (2028, 2405, 349, 2, 0, 0, 0, 0, 0, 0))
2018-04-19 05:17:17.178042;(13, (968, 1109, 426, 12, 0, 0, 0, 0, 0, 0))
2018-04-19 05:17:17.180674;(7, (784, 841, 101, 8, 0, 0, 0, 0, 0, 0))
2018-04-19 05:17:17.219407;(23, (1494, 1440, 1161, 2, 0, 0, 0, 0, 0, 0))
2018-04-19 05:17:17.253866;(9, (244, 337, 1, 15, 0, 0, 0, 0, 0, 0))
2018-04-19 05:17:17.298947;(3, (1822, 1925, 688, 12, 0, 0, 0, 0, 0, 0))
2018-04-19 05:17:17.306936;(16, (394, 291, 92, 1, 0, 0, 0, 0, 0, 0))
2018-04-19 05:17:17.334194;(1, (8452, 7900, 7808, 3904, 0, 0, 0, 0, 0, 0))
2018-04-19 05:17:17.469286;(18, (1564, 1737, 567, 4, 0, 0, 0, 0, 0, 0))
2018-04-19 05:17:46.559523;(15, (4081, 4686, 1859, 0, 0, 0, 0, 0, 0, 0))
2018-04-19 05:17:46.646792;(19, (488, 541, 23, 3, 0, 0, 0, 0, 0, 0))
2018-04-19 05:17:46.647859;(12, (830, 852, 82, 2, 0, 0, 0, 0, 0, 0))
2018-04-19 05:17:46.712443;(14, (932, 917, 279, 1, 0, 0, 0, 0, 0, 0))
2018-04-19 05:17:46.748040;(4, (754, 943, 113, 23, 0, 0, 0, 0, 0, 0))
2018-04-19 05:17:46.779434;(10, (3626, 3966, 2077, 1, 0, 0, 0, 0, 0, 0))
2018-04-19 05:17:46.903298;(22, (2159, 2249, 1037, 8, 0, 0, 0, 0, 0, 0))
2018-04-19 05:17:46.925825;(6, (1200, 1549, 16, 2, 0, 0, 0, 0, 0, 0))
2018-04-19 05:17:46.944170;(11, (835, 856, 177, 1, 0, 0, 0, 0, 0, 0))
2018-04-19 05:17:47.104222;(20, (626, 674, 79, 4, 0, 0, 0, 0, 0, 0))
2018-04-19 05:17:47.181649;(13, (984, 1127, 426, 16, 0, 0, 0, 0, 0, 0))
2018-04-19 05:17:47.185531;(7, (900, 969, 131, 9, 0, 0, 0, 0, 0, 0))
2018-04-19 05:17:47.222854;(23, (1697, 1637, 1333, 2, 0, 0, 0, 0, 0, 0))
2018-04-19 05:17:47.311027;(16, (434, 315, 92, 1, 0, 0, 0, 0, 0, 0))
2018-04-19 05:17:47.336323;(1, (9796, 9196, 9094, 4547, 0, 0, 0, 0, 0, 0))
2018-04-19 05:17:47.475010;(18, (1817, 2020, 633, 4, 0, 0, 0, 0, 0, 0))
2018-04-19 05:17:47.726719;(17, (229, 314, 1, 1, 0, 0, 0, 0, 0, 0))
2018-04-19 05:17:48.106579;(8, (1002, 1036, 87, 3, 0, 0, 0, 0, 0, 0))
2018-04-19 05:17:48.161968;(5, (2228, 2672, 349, 2, 0, 0, 0, 0, 0, 0))
2018-04-19 05:17:48.257817;(9, (257, 351, 1, 17, 0, 0, 0, 0, 0, 0))
2018-04-19 05:17:48.302413;(3, (2025, 2125, 759, 14, 0, 0, 0, 0, 0, 0))
2018-04-19 05:18:16.718574;(14, (1107, 1102, 305, 1, 0, 0, 0, 0, 0, 0))
2018-04-19 05:18:16.791289;(10, (4375, 4801, 2488, 1, 0, 0, 0, 0, 0, 0))
2018-04-19 05:18:16.947507;(11, (888, 907, 178, 1, 0, 0, 0, 0, 0, 0))
2018-04-19 05:18:17.339307;(1, (11085, 10433, 10321, 5161, 0, 0, 0, 0, 0, 0))
2018-04-19 05:18:17.650233;(19, (520, 569, 23, 3, 0, 0, 0, 0, 0, 0))
2018-04-19 05:18:17.651606;(12, (923, 920, 108, 3, 0, 0, 0, 0, 0, 0))
2018-04-19 05:18:17.731362;(17, (270, 366, 1, 4, 0, 0, 0, 0, 0, 0))
2018-04-19 05:18:17.750852;(4, (765, 957, 113, 26, 0, 0, 0, 0, 0, 0))
2018-04-19 05:18:17.914924;(22, (2554, 2685, 1202, 9, 0, 0, 0, 0, 0, 0))
2018-04-19 05:18:17.936014;(6, (1437, 1848, 21, 2, 0, 0, 0, 0, 0, 0))
2018-04-19 05:18:18.115749;(20, (878, 971, 96, 4, 0, 0, 0, 0, 0, 0))
2018-04-19 05:18:18.117446;(8, (1078, 1105, 91, 3, 0, 0, 0, 0, 0, 0))
2018-04-19 05:18:18.173794;(5, (2481, 3007, 349, 2, 0, 0, 0, 0, 0, 0))
2018-04-19 05:18:18.185917;(13, (1003, 1148, 426, 21, 0, 0, 0, 0, 0, 0))
2018-04-19 05:18:18.187946;(7, (978, 1038, 152, 12, 0, 0, 0, 0, 0, 0))
2018-04-19 05:18:18.259893;(9, (269, 369, 1, 22, 0, 0, 0, 0, 0, 0))
2018-04-19 05:18:18.306251;(3, (2107, 2199, 780, 16, 0, 0, 0, 0, 0, 0))
2018-04-19 05:18:18.315323;(16, (483, 349, 95, 2, 0, 0, 0, 0, 0, 0))
2018-04-19 05:18:18.480693;(18, (1963, 2158, 725, 4, 0, 0, 0, 0, 0, 0))
2018-04-19 05:18:46.690339;(21, (3056, 3859, 167, 0, 0, 0, 0, 0, 0, 0))
2018-04-19 05:18:46.723609;(14, (1184, 1173, 324, 1, 0, 0, 0, 0, 0, 0))
2018-04-19 05:18:47.342269;(1, (12412, 11701, 11579, 5790, 0, 0, 0, 0, 0, 0))
2018-04-19 05:18:47.587274;(15, (5003, 5810, 2133, 0, 0, 0, 0, 0, 0, 0))
2018-04-19 05:18:47.656013;(19, (588, 652, 23, 3, 0, 0, 0, 0, 0, 0))
2018-04-19 05:18:47.658390;(12, (994, 990, 117, 3, 0, 0, 0, 0, 0, 0))
2018-04-19 05:18:47.735595;(17, (333, 455, 1, 6, 0, 0, 0, 0, 0, 0))
2018-04-19 05:18:47.755341;(4, (775, 973, 113, 31, 0, 0, 0, 0, 0, 0))
2018-04-19 05:18:47.799562;(10, (5074, 5555, 2944, 1, 0, 0, 0, 0, 0, 0))
2018-04-19 05:18:47.922641;(22, (2939, 3109, 1434, 11, 0, 0, 0, 0, 0, 0))
2018-04-19 05:18:47.944503;(6, (1628, 2103, 23, 2, 0, 0, 0, 0, 0, 0))
2018-04-19 05:18:48.119801;(20, (984, 1075, 150, 4, 0, 0, 0, 0, 0, 0))
2018-04-19 05:18:48.125920;(8, (1189, 1224, 102, 3, 0, 0, 0, 0, 0, 0))
2018-04-19 05:18:48.186526;(5, (2780, 3407, 349, 4, 0, 0, 0, 0, 0, 0))
2018-04-19 05:18:48.188447;(13, (1016, 1159, 426, 22, 0, 0, 0, 0, 0, 0))
2018-04-19 05:18:48.195125;(7, (1185, 1286, 188, 13, 0, 0, 0, 0, 0, 0))
2018-04-19 05:18:48.228203;(23, (1924, 1853, 1484, 2, 0, 0, 0, 0, 0, 0))
2018-04-19 05:18:48.262407;(9, (281, 386, 1, 26, 0, 0, 0, 0, 0, 0))
2018-04-19 05:18:48.310956;(3, (2319, 2407, 925, 17, 0, 0, 0, 0, 0, 0))
2018-04-19 05:18:48.318784;(16, (511, 366, 95, 2, 0, 0, 0, 0, 0, 0))
2018-04-19 05:18:48.485877;(18, (2072, 2272, 757, 4, 0, 0, 0, 0, 0, 0))
2018-04-19 05:19:17.345974;(1, (13640, 12893, 12761, 6381, 0, 0, 0, 0, 0, 0))
2018-04-19 05:19:17.598189;(15, (5356, 6248, 2205, 0, 0, 0, 0, 0, 0, 0))
2018-04-19 05:19:17.663483;(12, (1093, 1085, 179, 6, 0, 0, 0, 0, 0, 0))
2018-04-19 05:19:17.666984;(19, (684, 774, 26, 3, 0, 0, 0, 0, 0, 0))
2018-04-19 05:19:17.706554;(21, (3415, 4326, 167, 0, 0, 0, 0, 0, 0, 0))
2018-04-19 05:19:17.727615;(14, (1287, 1261, 386, 2, 0, 0, 0, 0, 0, 0))
2018-04-19 05:19:17.738435;(17, (347, 470, 1, 6, 0, 0, 0, 0, 0, 0))
2018-04-19 05:19:17.762225;(4, (786, 990, 113, 36, 0, 0, 0, 0, 0, 0))
2018-04-19 05:19:17.811645;(10, (5733, 6250, 3403, 2, 0, 0, 0, 0, 0, 0))
2018-04-19 05:19:17.927190;(22, (3367, 3542, 1788, 14, 0, 0, 0, 0, 0, 0))
2018-04-19 05:19:17.961919;(11, (947, 955, 178, 2, 0, 0, 0, 0, 0, 0))
2018-04-19 05:19:18.123300;(20, (1059, 1146, 194, 4, 0, 0, 0, 0, 0, 0))
2018-04-19 05:19:18.131276;(8, (1263, 1294, 105, 4, 0, 0, 0, 0, 0, 0))
2018-04-19 05:19:18.196159;(5, (3068, 3780, 386, 4, 0, 0, 0, 0, 0, 0))
2018-04-19 05:19:18.197694;(13, (1033, 1178, 426, 27, 0, 0, 0, 0, 0, 0))
2018-04-19 05:19:18.206795;(7, (1448, 1615, 190, 13, 0, 0, 0, 0, 0, 0))
2018-04-19 05:19:18.231171;(23, (2016, 1945, 1553, 2, 0, 0, 0, 0, 0, 0))
2018-04-19 05:19:18.265607;(9, (294, 405, 1, 31, 0, 0, 0, 0, 0, 0))
2018-04-19 05:19:18.322858;(3, (2734, 2891, 1075, 19, 0, 0, 0, 0, 0, 0))
2018-04-19 05:19:18.324261;(16, (541, 383, 95, 2, 0, 0, 0, 0, 0, 0))
2018-04-19 05:19:18.488300;(18, (2171, 2362, 823, 4, 0, 0, 0, 0, 0, 0))
2018-04-19 05:19:47.349186;(1, (14592, 13806, 13662, 6831, 0, 0, 0, 0, 0, 0))
2018-04-19 05:19:47.612234;(15, (5762, 6784, 2245, 0, 0, 0, 0, 0, 0, 0))
2018-04-19 05:19:47.666998;(12, (1165, 1149, 184, 10, 0, 0, 0, 0, 0, 0))
2018-04-19 05:19:47.677604;(19, (719, 804, 26, 4, 0, 0, 0, 0, 0, 0))
2018-04-19 05:19:47.730506;(14, (1358, 1321, 406, 4, 0, 0, 0, 0, 0, 0))
2018-04-19 05:19:47.742226;(17, (365, 497, 1, 7, 0, 0, 0, 0, 0, 0))
2018-04-19 05:19:47.764046;(4, (796, 1006, 113, 41, 0, 0, 0, 0, 0, 0))
2018-04-19 05:19:47.816300;(10, (5841, 6339, 3435, 2, 0, 0, 0, 0, 0, 0))
2018-04-19 05:19:47.936757;(22, (3744, 3957, 2009, 15, 0, 0, 0, 0, 0, 0))
2018-04-19 05:19:47.965993;(11, (997, 992, 179, 3, 0, 0, 0, 0, 0, 0))
2018-04-19 05:19:48.129650;(20, (1136, 1222, 210, 5, 0, 0, 0, 0, 0, 0))
2018-04-19 05:19:48.135343;(8, (1325, 1343, 106, 4, 0, 0, 0, 0, 0, 0))
2018-04-19 05:19:48.209727;(5, (3734, 4501, 734, 4, 0, 0, 0, 0, 0, 0))
2018-04-19 05:19:48.210246;(13, (1046, 1196, 426, 32, 0, 0, 0, 0, 0, 0))
2018-04-19 05:19:48.211274;(7, (1567, 1735, 201, 20, 0, 0, 0, 0, 0, 0))
2018-04-19 05:19:48.233730;(23, (2044, 1976, 1557, 2, 0, 0, 0, 0, 0, 0))
2018-04-19 05:19:48.268151;(9, (306, 421, 1, 34, 0, 0, 0, 0, 0, 0))
2018-04-19 05:19:48.330917;(16, (577, 406, 95, 2, 0, 0, 0, 0, 0, 0))
2018-04-19 05:19:48.332924;(3, (2990, 3171, 1137, 22, 0, 0, 0, 0, 0, 0))
2018-04-19 05:19:48.492420;(18, (2209, 2395, 826, 7, 0, 0, 0, 0, 0, 0))
2018-04-19 05:20:17.351197;(1, (15818, 14964, 14810, 7405, 0, 0, 0, 0, 0, 0))
2018-04-19 05:20:17.630401;(15, (6240, 7374, 2354, 0, 0, 0, 0, 0, 0, 0))
2018-04-19 05:20:17.734693;(21, (4129, 5252, 167, 0, 0, 0, 0, 0, 0, 0))
2018-04-19 05:20:17.735744;(14, (1416, 1359, 410, 4, 0, 0, 0, 0, 0, 0))
2018-04-19 05:20:17.829050;(10, (6362, 6936, 3659, 2, 0, 0, 0, 0, 0, 0))
2018-04-19 05:20:17.970742;(11, (1081, 1083, 179, 3, 0, 0, 0, 0, 0, 0))
2018-04-19 05:20:18.226904;(7, (1702, 1864, 254, 24, 0, 0, 0, 0, 0, 0))
2018-04-19 05:20:18.236015;(23, (2220, 2145, 1688, 2, 0, 0, 0, 0, 0, 0))
2018-04-19 05:20:18.334507;(16, (613, 429, 95, 2, 0, 0, 0, 0, 0, 0))
2018-04-19 05:20:18.500366;(18, (2384, 2603, 836, 7, 0, 0, 0, 0, 0, 0))
2018-04-19 05:20:18.674701;(12, (1227, 1204, 192, 10, 0, 0, 0, 0, 0, 0))
2018-04-19 05:20:18.683372;(19, (829, 920, 57, 6, 0, 0, 0, 0, 0, 0))
2018-04-19 05:20:18.746067;(17, (396, 541, 1, 8, 0, 0, 0, 0, 0, 0))
2018-04-19 05:20:18.767669;(4, (807, 1021, 113, 45, 0, 0, 0, 0, 0, 0))
2018-04-19 05:20:18.940214;(22, (4095, 4296, 2221, 18, 0, 0, 0, 0, 0, 0))
2018-04-19 05:20:19.134214;(20, (1265, 1346, 248, 7, 0, 0, 0, 0, 0, 0))
2018-04-19 05:20:19.142343;(8, (1443, 1460, 113, 6, 0, 0, 0, 0, 0, 0))
2018-04-19 05:20:19.222387;(13, (1060, 1213, 426, 36, 0, 0, 0, 0, 0, 0))
2018-04-19 05:20:19.225589;(5, (4099, 4951, 762, 4, 0, 0, 0, 0, 0, 0))
2018-04-19 05:20:19.271508;(9, (316, 434, 1, 37, 0, 0, 0, 0, 0, 0))
2018-04-19 05:20:19.336350;(3, (3213, 3393, 1233, 27, 0, 0, 0, 0, 0, 0))
2018-04-19 05:20:47.738464;(14, (1537, 1472, 479, 5, 0, 0, 0, 0, 0, 0))
2018-04-19 05:20:47.748363;(21, (4490, 5719, 167, 0, 0, 0, 0, 0, 0, 0))
2018-04-19 05:20:47.840286;(10, (6878, 7511, 3923, 2, 0, 0, 0, 0, 0, 0))
2018-04-19 05:20:47.977072;(11, (1186, 1203, 182, 3, 0, 0, 0, 0, 0, 0))
2018-04-19 05:20:48.240291;(23, (2395, 2306, 1821, 2, 0, 0, 0, 0, 0, 0))
2018-04-19 05:20:48.353310;(1, (17030, 16140, 15976, 7988, 0, 0, 0, 0, 0, 0))
2018-04-19 05:20:48.680538;(12, (1337, 1318, 195, 13, 0, 0, 0, 0, 0, 0))
2018-04-19 05:20:48.689509;(19, (972, 1097, 72, 8, 0, 0, 0, 0, 0, 0))
2018-04-19 05:20:48.751570;(17, (425, 580, 2, 8, 0, 0, 0, 0, 0, 0))
2018-04-19 05:20:48.771970;(4, (817, 1037, 113, 50, 0, 0, 0, 0, 0, 0))
2018-04-19 05:20:48.946449;(22, (4403, 4624, 2373, 20, 0, 0, 0, 0, 0, 0))
2018-04-19 05:20:49.138369;(20, (1366, 1452, 286, 9, 0, 0, 0, 0, 0, 0))
2018-04-19 05:20:49.146283;(8, (1504, 1501, 114, 7, 0, 0, 0, 0, 0, 0))
2018-04-19 05:20:49.227576;(13, (1074, 1230, 426, 40, 0, 0, 0, 0, 0, 0))
2018-04-19 05:20:49.237047;(5, (4417, 5357, 762, 4, 0, 0, 0, 0, 0, 0))
2018-04-19 05:20:49.238620;(7, (1788, 1942, 288, 25, 0, 0, 0, 0, 0, 0))
2018-04-19 05:20:49.275490;(9, (328, 452, 1, 42, 0, 0, 0, 0, 0, 0))
2018-04-19 05:20:49.342141;(16, (651, 448, 95, 2, 0, 0, 0, 0, 0, 0))
2018-04-19 05:20:49.342719;(3, (3372, 3547, 1306, 27, 0, 0, 0, 0, 0, 0))
2018-04-19 05:20:49.508034;(18, (2573, 2813, 904, 8, 0, 0, 0, 0, 0, 0))
2018-04-19 05:21:17.743698;(14, (1630, 1560, 486, 5, 0, 0, 0, 0, 0, 0))
2018-04-19 05:21:17.980637;(11, (1241, 1253, 183, 3, 0, 0, 0, 0, 0, 0))
2018-04-19 05:21:18.248311;(23, (2505, 2405, 1893, 3, 0, 0, 0, 0, 0, 0))
2018-04-19 05:21:18.356722;(1, (18075, 17141, 16967, 8484, 0, 0, 0, 0, 0, 0))
2018-04-19 05:21:18.659942;(15, (7458, 8796, 2809, 0, 0, 0, 0, 0, 0, 0))
2018-04-19 05:21:18.683359;(12, (1426, 1387, 223, 14, 0, 0, 0, 0, 0, 0))
2018-04-19 05:21:18.694285;(19, (1042, 1165, 102, 9, 0, 0, 0, 0, 0, 0))
2018-04-19 05:21:18.762377;(17, (492, 670, 2, 8, 0, 0, 0, 0, 0, 0))
2018-04-19 05:21:18.775267;(4, (827, 1053, 113, 54, 0, 0, 0, 0, 0, 0))
2018-04-19 05:21:18.950592;(22, (4615, 4825, 2512, 21, 0, 0, 0, 0, 0, 0))
2018-04-19 05:21:19.145531;(20, (1528, 1634, 317, 10, 0, 0, 0, 0, 0, 0))
2018-04-19 05:21:19.149024;(8, (1611, 1578, 144, 11, 0, 0, 0, 0, 0, 0))
2018-04-19 05:21:19.232170;(13, (1090, 1242, 426, 42, 0, 0, 0, 0, 0, 0))
2018-04-19 05:21:19.248159;(5, (4716, 5744, 762, 4, 0, 0, 0, 0, 0, 0))
2018-04-19 05:21:19.248218;(7, (1898, 2041, 340, 26, 0, 0, 0, 0, 0, 0))
2018-04-19 05:21:19.278742;(9, (341, 469, 1, 46, 0, 0, 0, 0, 0, 0))
2018-04-19 05:21:19.344621;(16, (696, 474, 96, 2, 0, 0, 0, 0, 0, 0))
2018-04-19 05:21:19.346558;(3, (3513, 3676, 1370, 28, 0, 0, 0, 0, 0, 0))
2018-04-19 05:21:19.511860;(18, (2639, 2880, 907, 8, 0, 0, 0, 0, 0, 0))
2018-04-19 05:21:47.772680;(21, (5142, 6578, 167, 0, 0, 0, 0, 0, 0, 0))
2018-04-19 05:21:48.360542;(1, (19147, 18179, 17995, 8998, 0, 0, 0, 0, 0, 0))
2018-04-19 05:21:48.674658;(15, (8047, 9484, 3057, 0, 0, 0, 0, 0, 0, 0))
2018-04-19 05:21:48.686252;(12, (1519, 1463, 234, 17, 0, 0, 0, 0, 0, 0))
2018-04-19 05:21:48.697827;(19, (1142, 1283, 105, 10, 0, 0, 0, 0, 0, 0))
2018-04-19 05:21:48.750067;(14, (1718, 1652, 489, 8, 0, 0, 0, 0, 0, 0))
2018-04-19 05:21:48.774601;(17, (509, 687, 2, 11, 0, 0, 0, 0, 0, 0))
2018-04-19 05:21:48.778652;(4, (839, 1068, 113, 58, 0, 0, 0, 0, 0, 0))
2018-04-19 05:21:48.862423;(10, (7750, 8526, 4228, 2, 0, 0, 0, 0, 0, 0))
2018-04-19 05:21:48.955573;(22, (4745, 4951, 2566, 22, 0, 0, 0, 0, 0, 0))
2018-04-19 05:21:48.984016;(11, (1333, 1331, 188, 4, 0, 0, 0, 0, 0, 0))
2018-04-19 05:21:49.149526;(20, (1571, 1672, 320, 11, 0, 0, 0, 0, 0, 0))
2018-04-19 05:21:49.153417;(8, (1707, 1643, 150, 11, 0, 0, 0, 0, 0, 0))
2018-04-19 05:21:49.236021;(13, (1104, 1261, 426, 47, 0, 0, 0, 0, 0, 0))
2018-04-19 05:21:49.250914;(7, (1963, 2095, 353, 28, 0, 0, 0, 0, 0, 0))
2018-04-19 05:21:49.261434;(5, (5022, 6140, 762, 4, 0, 0, 0, 0, 0, 0))
2018-04-19 05:21:49.262120;(23, (2776, 2671, 2117, 3, 0, 0, 0, 0, 0, 0))
2018-04-19 05:21:49.280963;(9, (353, 485, 1, 49, 0, 0, 0, 0, 0, 0))
2018-04-19 05:21:49.350686;(16, (749, 510, 103, 2, 0, 0, 0, 0, 0, 0))
2018-04-19 05:21:49.352536;(3, (3628, 3775, 1426, 28, 0, 0, 0, 0, 0, 0))
2018-04-19 05:21:49.520086;(18, (2817, 3082, 940, 10, 0, 0, 0, 0, 0, 0))
2018-04-19 05:22:18.363735;(1, (20274, 19262, 19068, 9534, 0, 0, 0, 0, 0, 0))
2018-04-19 05:22:18.689230;(15, (8489, 10029, 3138, 0, 0, 0, 0, 0, 0, 0))
2018-04-19 05:22:18.691173;(12, (1579, 1513, 245, 21, 0, 0, 0, 0, 0, 0))
2018-04-19 05:22:18.705453;(19, (1181, 1322, 115, 12, 0, 0, 0, 0, 0, 0))
2018-04-19 05:22:18.757434;(14, (1838, 1767, 520, 12, 0, 0, 0, 0, 0, 0))
2018-04-19 05:22:18.778880;(17, (524, 704, 2, 13, 0, 0, 0, 0, 0, 0))
2018-04-19 05:22:18.787081;(21, (5507, 7055, 167, 0, 0, 0, 0, 0, 0, 0))
2018-04-19 05:22:18.788999;(4, (847, 1079, 113, 61, 0, 0, 0, 0, 0, 0))
2018-04-19 05:22:18.875679;(10, (8276, 9157, 4401, 2, 0, 0, 0, 0, 0, 0))
2018-04-19 05:22:18.959857;(22, (4828, 5031, 2597, 23, 0, 0, 0, 0, 0, 0))
2018-04-19 05:22:18.987978;(11, (1389, 1371, 200, 4, 0, 0, 0, 0, 0, 0))
2018-04-19 05:22:19.153080;(20, (1613, 1717, 321, 13, 0, 0, 0, 0, 0, 0))
2018-04-19 05:22:19.239701;(13, (1121, 1279, 426, 52, 0, 0, 0, 0, 0, 0))
2018-04-19 05:22:19.254875;(7, (2030, 2152, 368, 31, 0, 0, 0, 0, 0, 0))
2018-04-19 05:22:19.267672;(23, (3001, 2888, 2293, 3, 0, 0, 0, 0, 0, 0))
2018-04-19 05:22:19.284533;(9, (363, 498, 1, 52, 0, 0, 0, 0, 0, 0))
2018-04-19 05:22:19.355225;(16, (788, 536, 103, 2, 0, 0, 0, 0, 0, 0))
2018-04-19 05:22:19.526134;(18, (3062, 3352, 1015, 11, 0, 0, 0, 0, 0, 0))
2018-04-19 05:22:20.156613;(8, (1789, 1710, 153, 12, 0, 0, 0, 0, 0, 0))
2018-04-19 05:22:48.366670;(1, (21466, 20376, 20172, 10086, 0, 0, 0, 0, 0, 0))
2018-04-19 05:22:48.705098;(15, (8849, 10492, 3138, 0, 0, 0, 0, 0, 0, 0))
2018-04-19 05:22:48.761921;(14, (2058, 1976, 646, 15, 0, 0, 0, 0, 0, 0))
2018-04-19 05:22:48.799817;(21, (5837, 7488, 167, 0, 0, 0, 0, 0, 0, 0))
2018-04-19 05:22:48.890992;(10, (8897, 9914, 4639, 2, 0, 0, 0, 0, 0, 0))
2018-04-19 05:22:48.994698;(11, (1575, 1576, 223, 4, 0, 0, 0, 0, 0, 0))
2018-04-19 05:22:49.258379;(7, (2116, 2233, 377, 32, 0, 0, 0, 0, 0, 0))
2018-04-19 05:22:49.271484;(23, (3277, 3162, 2517, 4, 0, 0, 0, 0, 0, 0))
2018-04-19 05:22:49.358779;(16, (865, 593, 129, 2, 0, 0, 0, 0, 0, 0))
2018-04-19 05:22:49.706369;(12, (1646, 1574, 248, 22, 0, 0, 0, 0, 0, 0))
2018-04-19 05:22:49.711108;(19, (1232, 1385, 116, 12, 0, 0, 0, 0, 0, 0))
2018-04-19 05:22:49.786369;(17, (542, 732, 2, 13, 0, 0, 0, 0, 0, 0))
2018-04-19 05:22:49.801364;(4, (857, 1095, 113, 66, 0, 0, 0, 0, 0, 0))
2018-04-19 05:22:49.966257;(22, (4868, 5073, 2598, 23, 0, 0, 0, 0, 0, 0))
2018-04-19 05:22:50.158659;(20, (1647, 1745, 323, 13, 0, 0, 0, 0, 0, 0))
2018-04-19 05:22:50.159556;(8, (1841, 1742, 154, 12, 0, 0, 0, 0, 0, 0))
2018-04-19 05:22:50.246465;(13, (1136, 1297, 426, 57, 0, 0, 0, 0, 0, 0))
2018-04-19 05:22:50.286573;(9, (375, 516, 1, 57, 0, 0, 0, 0, 0, 0))
2018-04-19 05:22:50.360647;(3, (3846, 3975, 1494, 36, 0, 0, 0, 0, 0, 0))
2018-04-19 05:22:50.533322;(18, (3374, 3697, 1143, 13, 0, 0, 0, 0, 0, 0))
2018-04-19 05:23:18.370315;(1, (22624, 21512, 21298, 10649, 0, 0, 0, 0, 0, 0))
2018-04-19 05:23:18.720270;(15, (9214, 10965, 3138, 0, 0, 0, 0, 0, 0, 0))
2018-04-19 05:23:18.765113;(14, (2311, 2220, 830, 20, 0, 0, 0, 0, 0, 0))
2018-04-19 05:23:18.908076;(10, (9470, 10599, 4837, 2, 0, 0, 0, 0, 0, 0))
2018-04-19 05:23:18.998195;(11, (1696, 1691, 302, 8, 0, 0, 0, 0, 0, 0))
2018-04-19 05:23:19.275492;(23, (3503, 3384, 2704, 4, 0, 0, 0, 0, 0, 0))
2018-04-19 05:23:19.721528;(12, (1741, 1677, 260, 24, 0, 0, 0, 0, 0, 0))
2018-04-19 05:23:19.721881;(19, (1290, 1448, 116, 14, 0, 0, 0, 0, 0, 0))
2018-04-19 05:23:19.791372;(17, (573, 775, 2, 14, 0, 0, 0, 0, 0, 0))
2018-04-19 05:23:19.814018;(4, (867, 1109, 113, 69, 0, 0, 0, 0, 0, 0))
2018-04-19 05:23:19.969983;(22, (4911, 5104, 2607, 23, 0, 0, 0, 0, 0, 0))
2018-04-19 05:23:20.164560;(8, (1910, 1797, 167, 12, 0, 0, 0, 0, 0, 0))
2018-04-19 05:23:20.165627;(20, (1699, 1789, 329, 13, 0, 0, 0, 0, 0, 0))
2018-04-19 05:23:20.249991;(13, (1150, 1314, 426, 61, 0, 0, 0, 0, 0, 0))
2018-04-19 05:23:20.270830;(7, (2223, 2358, 393, 32, 0, 0, 0, 0, 0, 0))
2018-04-19 05:23:20.290944;(9, (387, 533, 1, 61, 0, 0, 0, 0, 0, 0))
2018-04-19 05:23:20.362010;(16, (927, 634, 147, 3, 0, 0, 0, 0, 0, 0))
2018-04-19 05:23:20.366670;(3, (4027, 4168, 1552, 36, 0, 0, 0, 0, 0, 0))
2018-04-19 05:23:20.538183;(18, (3600, 3913, 1324, 14, 0, 0, 0, 0, 0, 0))
2018-04-19 05:23:48.372189;(1, (23712, 22558, 22330, 11165, 0, 0, 0, 0, 0, 0))
2018-04-19 05:23:48.768676;(14, (2474, 2369, 932, 22, 0, 0, 0, 0, 0, 0))
2018-04-19 05:23:48.828082;(21, (6549, 8416, 167, 0, 0, 0, 0, 0, 0, 0))
2018-04-19 05:23:48.923845;(10, (10004, 11260, 4974, 2, 0, 0, 0, 0, 0, 0))
2018-04-19 05:23:49.002004;(11, (1748, 1736, 313, 10, 0, 0, 0, 0, 0, 0))
2018-04-19 05:23:49.279312;(23, (3673, 3542, 2835, 4, 0, 0, 0, 0, 0, 0))
2018-04-19 05:23:49.730931;(19, (1324, 1479, 117, 15, 0, 0, 0, 0, 0, 0))
2018-04-19 05:23:49.731726;(15, (9509, 11349, 3138, 0, 0, 0, 0, 0, 0, 0))
2018-04-19 05:23:49.732820;(12, (1783, 1708, 260, 25, 0, 0, 0, 0, 0, 0))
2018-04-19 05:23:49.800074;(17, (596, 807, 2, 15, 0, 0, 0, 0, 0, 0))
2018-04-19 05:23:49.816406;(4, (875, 1120, 113, 71, 0, 0, 0, 0, 0, 0))
2018-04-19 05:23:49.976417;(22, (4955, 5134, 2609, 24, 0, 0, 0, 0, 0, 0))
2018-04-19 05:23:50.166846;(8, (1966, 1833, 173, 12, 0, 0, 0, 0, 0, 0))
2018-04-19 05:23:50.167995;(20, (1750, 1833, 331, 14, 0, 0, 0, 0, 0, 0))
2018-04-19 05:23:50.255692;(13, (1164, 1330, 426, 64, 0, 0, 0, 0, 0, 0))
2018-04-19 05:23:50.273707;(7, (2278, 2404, 402, 33, 0, 0, 0, 0, 0, 0))
2018-04-19 05:23:50.293888;(9, (400, 550, 1, 64, 0, 0, 0, 0, 0, 0))
2018-04-19 05:23:50.364192;(16, (969, 657, 151, 5, 0, 0, 0, 0, 0, 0))
2018-04-19 05:23:50.371506;(3, (4209, 4362, 1595, 41, 0, 0, 0, 0, 0, 0))
2018-04-19 05:23:50.543379;(18, (3798, 4120, 1435, 18, 0, 0, 0, 0, 0, 0))
2018-04-19 05:24:18.777800;(14, (2720, 2624, 1064, 26, 0, 0, 0, 0, 0, 0))
2018-04-19 05:24:18.845421;(21, (6910, 8887, 167, 0, 0, 0, 0, 0, 0, 0))
2018-04-19 05:24:19.005835;(11, (1797, 1786, 322, 11, 0, 0, 0, 0, 0, 0))
2018-04-19 05:24:19.375100;(1, (24859, 23672, 23434, 11717, 0, 0, 0, 0, 0, 0))
2018-04-19 05:24:19.735430;(19, (1393, 1552, 118, 15, 0, 0, 0, 0, 0, 0))
2018-04-19 05:24:19.741355;(15, (9738, 11653, 3138, 0, 0, 0, 0, 0, 0, 0))
2018-04-19 05:24:19.748976;(12, (1951, 1901, 269, 27, 0, 0, 0, 0, 0, 0))
2018-04-19 05:24:19.805910;(17, (622, 842, 2, 15, 0, 0, 0, 0, 0, 0))
2018-04-19 05:24:19.822561;(4, (885, 1136, 113, 76, 0, 0, 0, 0, 0, 0))
2018-04-19 05:24:19.935591;(10, (10633, 11974, 5275, 2, 0, 0, 0, 0, 0, 0))
2018-04-19 05:24:19.979593;(22, (4991, 5160, 2609, 24, 0, 0, 0, 0, 0, 0))
2018-04-19 05:24:20.173118;(8, (2030, 1896, 175, 12, 0, 0, 0, 0, 0, 0))
2018-04-19 05:24:20.173684;(20, (1784, 1870, 335, 16, 0, 0, 0, 0, 0, 0))
2018-04-19 05:24:20.259769;(13, (1174, 1343, 426, 67, 0, 0, 0, 0, 0, 0))
2018-04-19 05:24:20.277013;(7, (2338, 2449, 419, 35, 0, 0, 0, 0, 0, 0))
2018-04-19 05:24:20.281918;(23, (4025, 3888, 3141, 5, 0, 0, 0, 0, 0, 0))
2018-04-19 05:24:20.296506;(9, (410, 563, 1, 67, 0, 0, 0, 0, 0, 0))
2018-04-19 05:24:20.372606;(16, (1000, 677, 151, 5, 0, 0, 0, 0, 0, 0))
2018-04-19 05:24:20.373983;(3, (4338, 4490, 1650, 46, 0, 0, 0, 0, 0, 0))
2018-04-19 05:24:20.551034;(18, (4209, 4584, 1633, 20, 0, 0, 0, 0, 0, 0))
2018-04-19 05:24:49.382826;(1, (25754, 24542, 24294, 12147, 0, 0, 0, 0, 0, 0))
2018-04-19 05:24:49.754072;(12, (2193, 2130, 289, 28, 0, 0, 0, 0, 0, 0))
2018-04-19 05:24:49.782157;(14, (2971, 2871, 1108, 27, 0, 0, 0, 0, 0, 0))
2018-04-19 05:24:49.807964;(17, (638, 863, 2, 15, 0, 0, 0, 0, 0, 0))
2018-04-19 05:24:49.830833;(4, (896, 1151, 113, 80, 0, 0, 0, 0, 0, 0))
2018-04-19 05:24:49.862391;(21, (7267, 9350, 167, 0, 0, 0, 0, 0, 0, 0))
2018-04-19 05:24:49.948284;(10, (11001, 12418, 5370, 2, 0, 0, 0, 0, 0, 0))
2018-04-19 05:24:49.984030;(22, (5032, 5190, 2609, 24, 0, 0, 0, 0, 0, 0))
2018-04-19 05:24:50.012259;(11, (1998, 1964, 332, 11, 0, 0, 0, 0, 0, 0))
2018-04-19 05:24:50.176269;(20, (1828, 1907, 339, 17, 0, 0, 0, 0, 0, 0))
2018-04-19 05:24:50.262954;(13, (1187, 1362, 426, 72, 0, 0, 0, 0, 0, 0))
2018-04-19 05:24:50.279010;(7, (2407, 2497, 426, 37, 0, 0, 0, 0, 0, 0))
2018-04-19 05:24:50.283586;(23, (4154, 4007, 3232, 6, 0, 0, 0, 0, 0, 0))
2018-04-19 05:24:50.298975;(9, (422, 581, 1, 72, 0, 0, 0, 0, 0, 0))
2018-04-19 05:24:50.378060;(16, (1056, 715, 153, 5, 0, 0, 0, 0, 0, 0))
2018-04-19 05:24:50.381681;(3, (4399, 4526, 1653, 46, 0, 0, 0, 0, 0, 0))
2018-04-19 05:24:50.741760;(19, (1426, 1578, 119, 16, 0, 0, 0, 0, 0, 0))
2018-04-19 05:24:51.175624;(8, (2238, 2074, 186, 13, 0, 0, 0, 0, 0, 0))
2018-04-19 05:24:51.554610;(18, (4315, 4686, 1661, 23, 0, 0, 0, 0, 0, 0))
2018-04-19 05:25:19.386038;(1, (26583, 25314, 25056, 12528, 0, 0, 0, 0, 0, 0))
2018-04-19 05:25:19.758268;(15, (10368, 12386, 3379, 0, 0, 0, 0, 0, 0, 0))
2018-04-19 05:25:19.788095;(14, (3190, 3085, 1230, 27, 0, 0, 0, 0, 0, 0))
2018-04-19 05:25:19.874469;(21, (7540, 9705, 167, 0, 0, 0, 0, 0, 0, 0))
2018-04-19 05:25:19.958092;(10, (11252, 12752, 5375, 3, 0, 0, 0, 0, 0, 0))
2018-04-19 05:25:20.017602;(11, (2039, 1994, 334, 12, 0, 0, 0, 0, 0, 0))
2018-04-19 05:25:20.286459;(23, (4456, 4303, 3474, 6, 0, 0, 0, 0, 0, 0))
2018-04-19 05:25:20.380154;(16, (1090, 736, 155, 5, 0, 0, 0, 0, 0, 0))
2018-04-19 05:25:20.747240;(19, (1516, 1693, 119, 16, 0, 0, 0, 0, 0, 0))
2018-04-19 05:25:20.760238;(12, (2317, 2255, 334, 29, 0, 0, 0, 0, 0, 0))
2018-04-19 05:25:20.811766;(17, (655, 887, 2, 19, 0, 0, 0, 0, 0, 0))
2018-04-19 05:25:20.835284;(4, (906, 1165, 113, 83, 0, 0, 0, 0, 0, 0))
2018-04-19 05:25:20.987277;(22, (5064, 5207, 2609, 24, 0, 0, 0, 0, 0, 0))
2018-04-19 05:25:21.181506;(8, (2331, 2165, 189, 15, 0, 0, 0, 0, 0, 0))
2018-04-19 05:25:21.182694;(20, (1855, 1937, 339, 17, 0, 0, 0, 0, 0, 0))
2018-04-19 05:25:21.270204;(13, (1200, 1379, 426, 76, 0, 0, 0, 0, 0, 0))
2018-04-19 05:25:21.281933;(7, (2436, 2518, 427, 39, 0, 0, 0, 0, 0, 0))
2018-04-19 05:25:21.301079;(9, (434, 599, 1, 77, 0, 0, 0, 0, 0, 0))
2018-04-19 05:25:21.384254;(3, (4499, 4614, 1706, 46, 0, 0, 0, 0, 0, 0))
2018-04-19 05:25:21.559103;(18, (4517, 4894, 1798, 23, 0, 0, 0, 0, 0, 0))
2018-04-19 05:25:49.389572;(1, (27356, 26056, 25788, 12894, 0, 0, 0, 0, 0, 0))
2018-04-19 05:25:49.795890;(14, (3393, 3297, 1282, 33, 0, 0, 0, 0, 0, 0))
2018-04-19 05:25:49.888437;(21, (7801, 10042, 167, 0, 0, 0, 0, 0, 0, 0))
2018-04-19 05:25:49.965666;(10, (11437, 13001, 5375, 3, 0, 0, 0, 0, 0, 0))
2018-04-19 05:25:50.021823;(11, (2079, 2024, 335, 12, 0, 0, 0, 0, 0, 0))
2018-04-19 05:25:50.288469;(23, (4756, 4593, 3733, 6, 0, 0, 0, 0, 0, 0))
2018-04-19 05:25:50.750538;(19, (1563, 1732, 122, 17, 0, 0, 0, 0, 0, 0))
2018-04-19 05:25:50.765770;(15, (10960, 13051, 3790, 0, 0, 0, 0, 0, 0, 0))
2018-04-19 05:25:50.767205;(12, (2396, 2323, 339, 32, 0, 0, 0, 0, 0, 0))
2018-04-19 05:25:50.815184;(17, (675, 913, 2, 20, 0, 0, 0, 0, 0, 0))
2018-04-19 05:25:50.840099;(4, (914, 1176, 113, 86, 0, 0, 0, 0, 0, 0))
2018-04-19 05:25:50.991490;(22, (5130, 5267, 2609, 25, 0, 0, 0, 0, 0, 0))
2018-04-19 05:25:51.184262;(8, (2398, 2208, 193, 15, 0, 0, 0, 0, 0, 0))
2018-04-19 05:25:51.186695;(20, (1895, 1966, 340, 19, 0, 0, 0, 0, 0, 0))
2018-04-19 05:25:51.273537;(13, (1216, 1395, 426, 79, 0, 0, 0, 0, 0, 0))
2018-04-19 05:25:51.283978;(7, (2495, 2561, 433, 43, 0, 0, 0, 0, 0, 0))
2018-04-19 05:25:51.303045;(9, (446, 616, 1, 81, 0, 0, 0, 0, 0, 0))
2018-04-19 05:25:51.383450;(16, (1137, 767, 157, 5, 0, 0, 0, 0, 0, 0))
2018-04-19 05:25:51.391677;(3, (4601, 4686, 1725, 50, 0, 0, 0, 0, 0, 0))
2018-04-19 05:25:51.565631;(18, (4797, 5207, 1898, 24, 0, 0, 0, 0, 0, 0))
2018-04-19 05:26:19.392052;(1, (28384, 27056, 26778, 13389, 0, 0, 0, 0, 0, 0))
2018-04-19 05:26:19.803328;(14, (3573, 3458, 1393, 41, 0, 0, 0, 0, 0, 0))
2018-04-19 05:26:19.976669;(10, (11686, 13316, 5377, 3, 0, 0, 0, 0, 0, 0))
2018-04-19 05:26:20.027043;(11, (2196, 2146, 359, 14, 0, 0, 0, 0, 0, 0))
2018-04-19 05:26:20.291135;(23, (5008, 4839, 3946, 6, 0, 0, 0, 0, 0, 0))
2018-04-19 05:26:20.754955;(19, (1603, 1771, 125, 18, 0, 0, 0, 0, 0, 0))
2018-04-19 05:26:20.778864;(15, (11862, 14062, 4343, 0, 0, 0, 0, 0, 0, 0))
2018-04-19 05:26:20.780081;(12, (2514, 2421, 397, 40, 0, 0, 0, 0, 0, 0))
2018-04-19 05:26:20.817822;(17, (692, 937, 2, 21, 0, 0, 0, 0, 0, 0))
2018-04-19 05:26:20.849703;(4, (924, 1191, 113, 90, 0, 0, 0, 0, 0, 0))
2018-04-19 05:26:20.996450;(22, (5202, 5353, 2609, 28, 0, 0, 0, 0, 0, 0))
2018-04-19 05:26:21.188461;(8, (2492, 2293, 203, 16, 0, 0, 0, 0, 0, 0))
2018-04-19 05:26:21.189918;(20, (1977, 2039, 349, 22, 0, 0, 0, 0, 0, 0))
2018-04-19 05:26:21.278017;(13, (1227, 1408, 426, 82, 0, 0, 0, 0, 0, 0))
2018-04-19 05:26:21.289945;(7, (2587, 2655, 439, 47, 0, 0, 0, 0, 0, 0))
2018-04-19 05:26:21.305772;(9, (458, 633, 1, 85, 0, 0, 0, 0, 0, 0))
2018-04-19 05:26:21.388048;(16, (1193, 809, 165, 5, 0, 0, 0, 0, 0, 0))
2018-04-19 05:26:21.394489;(3, (4738, 4811, 1757, 50, 0, 0, 0, 0, 0, 0))
2018-04-19 05:26:21.572322;(18, (5077, 5527, 2005, 26, 0, 0, 0, 0, 0, 0))
2018-04-19 05:26:49.403413;(1, (29278, 27916, 27628, 13814, 0, 0, 0, 0, 0, 0))
2018-04-19 05:26:49.806884;(14, (3780, 3651, 1458, 41, 0, 0, 0, 0, 0, 0))
2018-04-19 05:26:49.917088;(21, (8519, 10972, 167, 0, 0, 0, 0, 0, 0, 0))
2018-04-19 05:26:50.033559;(11, (2326, 2268, 370, 15, 0, 0, 0, 0, 0, 0))
2018-04-19 05:26:50.293955;(23, (5292, 5114, 4179, 8, 0, 0, 0, 0, 0, 0))
2018-04-19 05:26:50.759991;(19, (1637, 1800, 126, 18, 0, 0, 0, 0, 0, 0))
2018-04-19 05:26:50.783956;(12, (2690, 2588, 445, 40, 0, 0, 0, 0, 0, 0))
2018-04-19 05:26:50.790961;(15, (12488, 14777, 4647, 2, 0, 0, 0, 0, 0, 0))
2018-04-19 05:26:50.820279;(17, (712, 962, 3, 22, 0, 0, 0, 0, 0, 0))
2018-04-19 05:26:50.855194;(4, (934, 1207, 113, 95, 0, 0, 0, 0, 0, 0))
2018-04-19 05:26:50.983423;(10, (11851, 13525, 5377, 4, 0, 0, 0, 0, 0, 0))
2018-04-19 05:26:50.999859;(22, (5248, 5388, 2610, 28, 0, 0, 0, 0, 0, 0))
2018-04-19 05:26:51.195321;(20, (2054, 2107, 356, 22, 0, 0, 0, 0, 0, 0))
2018-04-19 05:26:51.282409;(13, (1243, 1426, 426, 87, 0, 0, 0, 0, 0, 0))
2018-04-19 05:26:51.292070;(7, (2645, 2695, 448, 50, 0, 0, 0, 0, 0, 0))
2018-04-19 05:26:51.308300;(9, (468, 645, 1, 87, 0, 0, 0, 0, 0, 0))
2018-04-19 05:26:51.397743;(16, (1251, 841, 172, 6, 0, 0, 0, 0, 0, 0))
2018-04-19 05:26:51.403181;(3, (4818, 4876, 1779, 50, 0, 0, 0, 0, 0, 0))
2018-04-19 05:26:51.579270;(18, (5308, 5786, 2062, 30, 0, 0, 0, 0, 0, 0))
2018-04-19 05:26:52.194241;(8, (2619, 2420, 211, 19, 0, 0, 0, 0, 0, 0))
2018-04-19 05:27:19.407838;(1, (30313, 28902, 28604, 14302, 0, 0, 0, 0, 0, 0))
2018-04-19 05:27:19.932877;(21, (8850, 11399, 167, 0, 0, 0, 0, 0, 0, 0))
2018-04-19 05:27:20.035680;(11, (2372, 2303, 371, 15, 0, 0, 0, 0, 0, 0))
2018-04-19 05:27:20.787638;(12, (2778, 2667, 451, 40, 0, 0, 0, 0, 0, 0))
2018-04-19 05:27:20.802766;(15, (12971, 15382, 4813, 2, 0, 0, 0, 0, 0, 0))
2018-04-19 05:27:20.810842;(14, (4001, 3854, 1608, 47, 0, 0, 0, 0, 0, 0))
2018-04-19 05:27:20.859532;(4, (942, 1216, 113, 96, 0, 0, 0, 0, 0, 0))
2018-04-19 05:27:20.997975;(10, (12180, 13948, 5379, 5, 0, 0, 0, 0, 0, 0))
2018-04-19 05:27:21.006111;(22, (5332, 5477, 2613, 30, 0, 0, 0, 0, 0, 0))
2018-04-19 05:27:21.199307;(20, (2137, 2199, 356, 22, 0, 0, 0, 0, 0, 0))
2018-04-19 05:27:21.285803;(13, (1255, 1444, 426, 92, 0, 0, 0, 0, 0, 0))
2018-04-19 05:27:21.296646;(23, (5512, 5326, 4348, 8, 0, 0, 0, 0, 0, 0))
2018-04-19 05:27:21.402007;(16, (1312, 879, 179, 6, 0, 0, 0, 0, 0, 0))
2018-04-19 05:27:21.406706;(3, (5009, 5061, 1871, 52, 0, 0, 0, 0, 0, 0))
2018-04-19 05:27:21.765769;(19, (1669, 1823, 126, 19, 0, 0, 0, 0, 0, 0))
2018-04-19 05:27:21.825418;(17, (744, 1003, 5, 23, 0, 0, 0, 0, 0, 0))
2018-04-19 05:27:22.197797;(8, (2666, 2454, 212, 19, 0, 0, 0, 0, 0, 0))
2018-04-19 05:27:22.295503;(7, (2716, 2766, 461, 50, 0, 0, 0, 0, 0, 0))
2018-04-19 05:27:22.311014;(9, (480, 663, 1, 92, 0, 0, 0, 0, 0, 0))
2018-04-19 05:27:22.584372;(18, (5543, 6019, 2214, 33, 0, 0, 0, 0, 0, 0))
2018-04-19 05:27:49.411315;(1, (31108, 29678, 29370, 14685, 0, 0, 0, 0, 0, 0))
2018-04-19 05:27:50.817529;(14, (4053, 3887, 1611, 51, 0, 0, 0, 0, 0, 0))
2018-04-19 05:27:51.009670;(10, (12271, 14058, 5381, 7, 0, 0, 0, 0, 0, 0))
2018-04-19 05:27:51.039190;(11, (2428, 2345, 375, 17, 0, 0, 0, 0, 0, 0))
2018-04-19 05:27:51.299597;(23, (5541, 5351, 4351, 8, 0, 0, 0, 0, 0, 0))
2018-04-19 05:27:51.769334;(19, (1706, 1852, 127, 21, 0, 0, 0, 0, 0, 0))
2018-04-19 05:27:51.791581;(12, (2851, 2719, 457, 43, 0, 0, 0, 0, 0, 0))
2018-04-19 05:27:51.827992;(17, (767, 1032, 7, 26, 0, 0, 0, 0, 0, 0))
2018-04-19 05:27:51.862259;(4, (952, 1232, 113, 101, 0, 0, 0, 0, 0, 0))
2018-04-19 05:27:52.011060;(22, (5394, 5510, 2615, 34, 0, 0, 0, 0, 0, 0))
2018-04-19 05:27:52.202989;(8, (2716, 2484, 212, 19, 0, 0, 0, 0, 0, 0))
2018-04-19 05:27:52.204028;(20, (2177, 2232, 357, 26, 0, 0, 0, 0, 0, 0))
2018-04-19 05:27:52.289789;(13, (1269, 1461, 426, 96, 0, 0, 0, 0, 0, 0))
2018-04-19 05:27:52.298332;(7, (2781, 2805, 469, 53, 0, 0, 0, 0, 0, 0))
2018-04-19 05:27:52.313975;(9, (492, 680, 1, 96, 0, 0, 0, 0, 0, 0))
2018-04-19 05:27:52.406408;(16, (1366, 913, 183, 6, 0, 0, 0, 0, 0, 0))
2018-04-19 05:27:52.410035;(3, (5079, 5105, 1875, 55, 0, 0, 0, 0, 0, 0))
2018-04-19 05:27:52.590617;(18, (5581, 6049, 2218, 39, 0, 0, 0, 0, 0, 0))
2018-04-19 05:28:20.414317;(1, (31845, 30412, 30094, 15047, 0, 0, 0, 0, 0, 0))
2018-04-19 05:28:20.830601;(14, (4082, 3905, 1611, 55, 0, 0, 0, 0, 0, 0))
2018-04-19 05:28:20.961663;(21, (9599, 12377, 167, 0, 0, 0, 0, 0, 0, 0))
2018-04-19 05:28:21.012101;(10, (12286, 14075, 5381, 12, 0, 0, 0, 0, 0, 0))
2018-04-19 05:28:21.041685;(11, (2454, 2366, 375, 20, 0, 0, 0, 0, 0, 0))
2018-04-19 05:28:21.301950;(23, (5553, 5360, 4351, 8, 0, 0, 0, 0, 0, 0))
2018-04-19 05:28:21.772681;(19, (1724, 1869, 127, 26, 0, 0, 0, 0, 0, 0))
2018-04-19 05:28:21.794373;(12, (2878, 2740, 457, 47, 0, 0, 0, 0, 0, 0))
2018-04-19 05:28:21.829964;(15, (13725, 16364, 4813, 2, 0, 0, 0, 0, 0, 0))
2018-04-19 05:28:21.834722;(17, (780, 1050, 7, 30, 0, 0, 0, 0, 0, 0))
2018-04-19 05:28:21.864728;(4, (962, 1248, 113, 106, 0, 0, 0, 0, 0, 0))
2018-04-19 05:28:22.015672;(22, (5415, 5529, 2615, 38, 0, 0, 0, 0, 0, 0))
2018-04-19 05:28:22.206220;(8, (2747, 2502, 212, 24, 0, 0, 0, 0, 0, 0))
2018-04-19 05:28:22.207328;(20, (2195, 2254, 357, 30, 0, 0, 0, 0, 0, 0))
2018-04-19 05:28:22.292952;(13, (1281, 1478, 426, 100, 0, 0, 0, 0, 0, 0))
2018-04-19 05:28:22.299901;(7, (2802, 2816, 469, 55, 0, 0, 0, 0, 0, 0))
2018-04-19 05:28:22.315794;(9, (502, 691, 1, 97, 0, 0, 0, 0, 0, 0))
2018-04-19 05:28:22.409589;(16, (1388, 930, 183, 6, 0, 0, 0, 0, 0, 0))
2018-04-19 05:28:22.411820;(3, (5100, 5121, 1875, 59, 0, 0, 0, 0, 0, 0))
2018-04-19 05:28:22.595847;(18, (5602, 6067, 2218, 43, 0, 0, 0, 0, 0, 0))
2018-04-19 05:28:50.416620;(1, (32583, 31146, 30818, 15409, 0, 0, 0, 0, 0, 0))
2018-04-19 05:28:50.848715;(14, (4098, 3923, 1611, 60, 0, 0, 0, 0, 0, 0))
2018-04-19 05:28:50.976201;(21, (9974, 12872, 167, 0, 0, 0, 0, 0, 0, 0))
2018-04-19 05:28:51.016173;(10, (12299, 14091, 5381, 16, 0, 0, 0, 0, 0, 0))
2018-04-19 05:28:51.044917;(11, (2466, 2379, 375, 22, 0, 0, 0, 0, 0, 0))
2018-04-19 05:28:51.303460;(23, (5563, 5369, 4351, 8, 0, 0, 0, 0, 0, 0))
2018-04-19 05:28:51.775033;(19, (1738, 1886, 127, 31, 0, 0, 0, 0, 0, 0))
2018-04-19 05:28:51.796475;(12, (2893, 2754, 457, 50, 0, 0, 0, 0, 0, 0))
2018-04-19 05:28:51.847359;(15, (14101, 16858, 4813, 2, 0, 0, 0, 0, 0, 0))
2018-04-19 05:28:51.848211;(17, (793, 1069, 7, 35, 0, 0, 0, 0, 0, 0))
2018-04-19 05:28:51.869139;(4, (973, 1264, 113, 111, 0, 0, 0, 0, 0, 0))
2018-04-19 05:28:52.019792;(22, (5431, 5541, 2615, 40, 0, 0, 0, 0, 0, 0))
2018-04-19 05:28:52.210063;(20, (2208, 2268, 357, 32, 0, 0, 0, 0, 0, 0))
2018-04-19 05:28:52.296306;(13, (1293, 1495, 426, 104, 0, 0, 0, 0, 0, 0))
2018-04-19 05:28:52.301582;(7, (2817, 2833, 469, 60, 0, 0, 0, 0, 0, 0))
2018-04-19 05:28:52.318679;(9, (514, 709, 1, 102, 0, 0, 0, 0, 0, 0))
2018-04-19 05:28:52.412222;(16, (1402, 941, 183, 6, 0, 0, 0, 0, 0, 0))
2018-04-19 05:28:52.414287;(3, (5116, 5138, 1875, 64, 0, 0, 0, 0, 0, 0))
2018-04-19 05:28:52.599522;(18, (5617, 6084, 2218, 47, 0, 0, 0, 0, 0, 0))
2018-04-19 05:28:53.208769;(8, (2764, 2518, 212, 28, 0, 0, 0, 0, 0, 0))
2018-04-19 05:29:20.418815;(1, (33318, 31880, 31542, 15771, 0, 0, 0, 0, 0, 0))
2018-04-19 05:29:20.863533;(14, (4114, 3941, 1611, 64, 0, 0, 0, 0, 0, 0))
2018-04-19 05:29:20.992874;(21, (10349, 13366, 167, 0, 0, 0, 0, 0, 0, 0))
2018-04-19 05:29:21.020433;(10, (12311, 14107, 5381, 20, 0, 0, 0, 0, 0, 0))
2018-04-19 05:29:21.049601;(11, (2482, 2397, 375, 27, 0, 0, 0, 0, 0, 0))
2018-04-19 05:29:21.305674;(23, (5575, 5377, 4351, 8, 0, 0, 0, 0, 0, 0))
2018-04-19 05:29:21.777795;(19, (1750, 1902, 127, 35, 0, 0, 0, 0, 0, 0))
2018-04-19 05:29:21.798987;(12, (2907, 2773, 457, 55, 0, 0, 0, 0, 0, 0))
2018-04-19 05:29:21.862824;(15, (14476, 17353, 4813, 2, 0, 0, 0, 0, 0, 0))
2018-04-19 05:29:21.864171;(17, (805, 1086, 7, 38, 0, 0, 0, 0, 0, 0))
2018-04-19 05:29:21.871477;(4, (983, 1279, 113, 115, 0, 0, 0, 0, 0, 0))
2018-04-19 05:29:22.023256;(22, (5447, 5560, 2615, 45, 0, 0, 0, 0, 0, 0))
2018-04-19 05:29:22.212104;(20, (2222, 2286, 357, 37, 0, 0, 0, 0, 0, 0))
2018-04-19 05:29:22.298617;(13, (1303, 1508, 426, 107, 0, 0, 0, 0, 0, 0))
2018-04-19 05:29:22.303316;(7, (2831, 2849, 469, 65, 0, 0, 0, 0, 0, 0))
2018-04-19 05:29:22.415459;(16, (1416, 951, 183, 6, 0, 0, 0, 0, 0, 0))
2018-04-19 05:29:22.416299;(3, (5128, 5149, 1875, 66, 0, 0, 0, 0, 0, 0))
2018-04-19 05:29:23.211314;(8, (2778, 2532, 212, 31, 0, 0, 0, 0, 0, 0))
2018-04-19 05:29:23.321632;(9, (525, 728, 1, 106, 0, 0, 0, 0, 0, 0))
2018-04-19 05:29:23.603895;(18, (5628, 6097, 2218, 49, 0, 0, 0, 0, 0, 0))
2018-04-19 05:29:50.422045;(1, (34052, 32612, 32264, 16132, 0, 0, 0, 0, 0, 0))
2018-04-19 05:29:50.877707;(14, (4129, 3953, 1611, 66, 0, 0, 0, 0, 0, 0))
2018-04-19 05:29:51.009114;(21, (10721, 13857, 167, 0, 0, 0, 0, 0, 0, 0))
2018-04-19 05:29:51.052702;(11, (2498, 2416, 375, 32, 0, 0, 0, 0, 0, 0))
2018-04-19 05:29:51.877678;(15, (14851, 17847, 4813, 2, 0, 0, 0, 0, 0, 0))
2018-04-19 05:29:52.023984;(10, (12322, 14117, 5381, 22, 0, 0, 0, 0, 0, 0))
2018-04-19 05:29:52.026075;(22, (5462, 5578, 2615, 50, 0, 0, 0, 0, 0, 0))
2018-04-19 05:29:52.301189;(13, (1316, 1526, 426, 112, 0, 0, 0, 0, 0, 0))
2018-04-19 05:29:52.307220;(23, (5583, 5386, 4351, 8, 0, 0, 0, 0, 0, 0))
2018-04-19 05:29:52.419232;(16, (1429, 962, 183, 6, 0, 0, 0, 0, 0, 0))
2018-04-19 05:29:52.780644;(19, (1762, 1916, 127, 38, 0, 0, 0, 0, 0, 0))
2018-04-19 05:29:52.801150;(12, (2923, 2792, 457, 60, 0, 0, 0, 0, 0, 0))
2018-04-19 05:29:52.879261;(17, (816, 1099, 7, 41, 0, 0, 0, 0, 0, 0))
2018-04-19 05:29:52.879662;(4, (993, 1293, 113, 118, 0, 0, 0, 0, 0, 0))
2018-04-19 05:29:53.213967;(8, (2789, 2544, 212, 34, 0, 0, 0, 0, 0, 0))
2018-04-19 05:29:53.214973;(20, (2237, 2304, 357, 42, 0, 0, 0, 0, 0, 0))
2018-04-19 05:29:53.306124;(7, (2843, 2865, 469, 69, 0, 0, 0, 0, 0, 0))
2018-04-19 05:29:53.323646;(9, (537, 746, 1, 110, 0, 0, 0, 0, 0, 0))
2018-04-19 05:29:53.419252;(3, (5140, 5165, 1875, 71, 0, 0, 0, 0, 0, 0))
2018-04-19 05:29:53.608428;(18, (5643, 6115, 2218, 54, 0, 0, 0, 0, 0, 0))
2018-04-19 05:30:20.424195;(1, (34786, 33345, 32987, 16494, 0, 0, 0, 0, 0, 0))
2018-04-19 05:30:21.023810;(21, (11094, 14351, 167, 0, 0, 0, 0, 0, 0, 0))
2018-04-19 05:30:21.892262;(15, (15224, 18341, 4813, 2, 0, 0, 0, 0, 0, 0))
2018-04-19 05:30:21.894050;(14, (4141, 3971, 1611, 71, 0, 0, 0, 0, 0, 0))
2018-04-19 05:30:22.026935;(10, (12332, 14133, 5381, 27, 0, 0, 0, 0, 0, 0))
2018-04-19 05:30:22.056420;(11, (2510, 2434, 375, 37, 0, 0, 0, 0, 0, 0))
2018-04-19 05:30:22.309458;(23, (5591, 5394, 4351, 8, 0, 0, 0, 0, 0, 0))
2018-04-19 05:30:22.783019;(19, (1772, 1932, 127, 43, 0, 0, 0, 0, 0, 0))
2018-04-19 05:30:22.803216;(12, (2935, 2810, 457, 65, 0, 0, 0, 0, 0, 0))
2018-04-19 05:30:22.893930;(4, (1001, 1304, 113, 121, 0, 0, 0, 0, 0, 0))
2018-04-19 05:30:22.895447;(17, (828, 1117, 7, 46, 0, 0, 0, 0, 0, 0))
2018-04-19 05:30:23.028030;(22, (5475, 5595, 2615, 54, 0, 0, 0, 0, 0, 0))
2018-04-19 05:30:23.217788;(8, (2800, 2560, 212, 39, 0, 0, 0, 0, 0, 0))
2018-04-19 05:30:23.222663;(20, (2249, 2322, 357, 46, 0, 0, 0, 0, 0, 0))
2018-04-19 05:30:23.303813;(13, (1328, 1543, 426, 116, 0, 0, 0, 0, 0, 0))
2018-04-19 05:30:23.307872;(7, (2854, 2879, 469, 72, 0, 0, 0, 0, 0, 0))
2018-04-19 05:30:23.326550;(9, (551, 767, 1, 114, 0, 0, 0, 0, 0, 0))
2018-04-19 05:30:23.423357;(3, (5151, 5180, 1875, 75, 0, 0, 0, 0, 0, 0))
2018-04-19 05:30:23.423486;(16, (1439, 972, 183, 6, 0, 0, 0, 0, 0, 0))
2018-04-19 05:30:23.611681;(18, (5655, 6133, 2218, 59, 0, 0, 0, 0, 0, 0))
