2018-04-18 06:42:09.498638;(23, (0, 0, 0, 0))
2018-04-18 06:42:09.600428;(10, (106, 4, 110, 0))
2018-04-18 06:42:09.613530;(12, (34, 11, 46, 0))
2018-04-18 06:42:09.644009;(22, (26, 7, 34, 0))
2018-04-18 06:42:09.671218;(1, (0, 0, 0, 0))
2018-04-18 06:42:09.731736;(19, (17, 5, 23, 0))
2018-04-18 06:42:09.760708;(6, (120, 8, 129, 0))
2018-04-18 06:42:09.762721;(17, (43, 6, 50, 0))
2018-04-18 06:42:09.764472;(11, (0, 3, 4, 0))
2018-04-18 06:42:09.859050;(16, (33, 11, 45, 0))
2018-04-18 06:42:09.888717;(15, (116, 1, 118, 0))
2018-04-18 06:42:10.034255;(5, (82, 4, 87, 0))
2018-04-18 06:42:10.076221;(7, (62, 12, 75, 0))
2018-04-18 06:42:10.081369;(20, (14, 4, 19, 0))
2018-04-18 06:42:10.130651;(3, (68, 9, 78, 0))
2018-04-18 06:42:10.160353;(14, (10, 4, 15, 0))
2018-04-18 06:42:10.209164;(13, (101, 9, 111, 0))
2018-04-18 06:42:10.213787;(21, (52, 0, 52, 0))
2018-04-18 06:42:10.287004;(8, (0, 4, 5, 1))
2018-04-18 06:42:10.317516;(4, (65, 11, 77, 0))
2018-04-18 06:42:10.353406;(9, (119, 10, 130, 0))
2018-04-18 06:42:10.447986;(18, (25, 4, 30, 0))
2018-04-18 06:43:09.509561;(23, (0, 0, 0, 0))
2018-04-18 06:43:09.623060;(10, (270, 15, 286, 0))
2018-04-18 06:43:09.625843;(12, (116, 29, 146, 0))
2018-04-18 06:43:09.656034;(22, (55, 23, 79, 1))
2018-04-18 06:43:09.679475;(1, (0, 0, 0, 0))
2018-04-18 06:43:09.745987;(19, (95, 23, 119, 0))
2018-04-18 06:43:09.776421;(6, (188, 26, 215, 0))
2018-04-18 06:43:09.778942;(11, (6, 15, 22, 1))
2018-04-18 06:43:09.779875;(17, (75, 24, 100, 0))
2018-04-18 06:43:09.871086;(16, (68, 29, 98, 0))
2018-04-18 06:43:10.087174;(7, (110, 30, 141, 0))
2018-04-18 06:43:10.094972;(20, (68, 23, 92, 0))
2018-04-18 06:43:10.150874;(3, (160, 27, 188, 1))
2018-04-18 06:43:10.171530;(14, (33, 21, 55, 0))
2018-04-18 06:43:10.228886;(13, (221, 23, 245, 0))
2018-04-18 06:43:10.237811;(21, (236, 8, 244, 0))
2018-04-18 06:43:10.301866;(8, (1, 16, 18, 3))
2018-04-18 06:43:10.336704;(4, (186, 24, 211, 0))
2018-04-18 06:43:10.370642;(9, (207, 28, 236, 0))
2018-04-18 06:43:10.468320;(18, (123, 21, 145, 0))
2018-04-18 06:44:09.515814;(23, (0, 0, 0, 0))
2018-04-18 06:44:09.645411;(12, (183, 46, 230, 0))
2018-04-18 06:44:09.648549;(10, (423, 27, 451, 0))
2018-04-18 06:44:09.669583;(22, (97, 40, 138, 1))
2018-04-18 06:44:09.688027;(1, (0, 0, 0, 0))
2018-04-18 06:44:09.756788;(19, (140, 41, 182, 1))
2018-04-18 06:44:09.794170;(11, (8, 28, 37, 4))
2018-04-18 06:44:09.795613;(6, (267, 43, 311, 0))
2018-04-18 06:44:09.797160;(17, (103, 40, 144, 2))
2018-04-18 06:44:09.883308;(16, (106, 45, 152, 0))
2018-04-18 06:44:10.099973;(7, (163, 46, 210, 0))
2018-04-18 06:44:10.106254;(20, (96, 41, 138, 0))
2018-04-18 06:44:10.167795;(3, (231, 46, 278, 1))
2018-04-18 06:44:10.187729;(14, (103, 39, 142, 0))
2018-04-18 06:44:10.250459;(13, (334, 40, 375, 0))
2018-04-18 06:44:10.265390;(21, (422, 15, 437, 0))
2018-04-18 06:44:10.317702;(8, (1, 28, 30, 6))
2018-04-18 06:44:10.358735;(4, (320, 38, 358, 0))
2018-04-18 06:44:10.390671;(9, (345, 43, 388, 0))
2018-04-18 06:44:10.485404;(18, (224, 37, 262, 0))
2018-04-18 06:45:09.522814;(23, (0, 0, 0, 0))
2018-04-18 06:45:09.658877;(12, (235, 65, 301, 0))
2018-04-18 06:45:09.668620;(10, (576, 38, 615, 0))
2018-04-18 06:45:09.683534;(22, (128, 57, 186, 2))
2018-04-18 06:45:09.698624;(1, (0, 0, 0, 0))
2018-04-18 06:45:09.808383;(11, (11, 41, 53, 6))
2018-04-18 06:45:09.810452;(17, (128, 57, 186, 3))
2018-04-18 06:45:09.826184;(6, (359, 61, 421, 0))
2018-04-18 06:45:09.898562;(16, (150, 62, 213, 0))
2018-04-18 06:45:10.112522;(7, (180, 60, 241, 2))
2018-04-18 06:45:10.119631;(20, (160, 60, 221, 0))
2018-04-18 06:45:10.184257;(3, (297, 64, 362, 1))
2018-04-18 06:45:10.205565;(14, (176, 55, 231, 1))
2018-04-18 06:45:10.270874;(13, (461, 55, 516, 0))
2018-04-18 06:45:10.288590;(21, (570, 28, 599, 0))
2018-04-18 06:45:10.331001;(8, (3, 41, 45, 9))
2018-04-18 06:45:10.378019;(4, (435, 49, 485, 0))
2018-04-18 06:45:10.410129;(9, (478, 56, 535, 0))
2018-04-18 06:45:10.501995;(18, (315, 52, 368, 0))
2018-04-18 06:45:10.770769;(19, (193, 54, 248, 2))
2018-04-18 06:46:09.531159;(23, (0, 0, 0, 0))
2018-04-18 06:46:09.707169;(1, (0, 0, 0, 0))
2018-04-18 06:46:09.820085;(11, (15, 55, 71, 8))
2018-04-18 06:46:10.220439;(14, (255, 73, 329, 1))
2018-04-18 06:46:10.312007;(21, (739, 38, 777, 0))
2018-04-18 06:46:10.672201;(12, (281, 83, 365, 0))
2018-04-18 06:46:10.692327;(10, (731, 50, 781, 0))
2018-04-18 06:46:10.697372;(22, (167, 76, 244, 2))
2018-04-18 06:46:10.788468;(19, (251, 74, 326, 2))
2018-04-18 06:46:10.827233;(17, (173, 75, 249, 3))
2018-04-18 06:46:10.842381;(6, (442, 79, 522, 0))
2018-04-18 06:46:10.911113;(16, (171, 78, 250, 1))
2018-04-18 06:46:11.127286;(7, (252, 77, 329, 2))
2018-04-18 06:46:11.134179;(20, (209, 77, 287, 0))
2018-04-18 06:46:11.285723;(13, (548, 71, 619, 0))
2018-04-18 06:46:11.343004;(8, (6, 55, 62, 11))
2018-04-18 06:46:11.399051;(4, (546, 64, 611, 0))
2018-04-18 06:46:11.428461;(9, (604, 68, 673, 0))
2018-04-18 06:46:11.519889;(18, (426, 65, 492, 0))
2018-04-18 06:47:09.720013;(1, (0, 0, 0, 0))
2018-04-18 06:47:10.539291;(23, (0, 0, 0, 0))
2018-04-18 06:47:10.691311;(12, (373, 101, 475, 0))
2018-04-18 06:47:10.718925;(10, (921, 55, 977, 0))
2018-04-18 06:47:10.721622;(22, (222, 95, 318, 2))
2018-04-18 06:47:10.800366;(19, (316, 91, 408, 2))
2018-04-18 06:47:10.830407;(11, (16, 67, 84, 10))
2018-04-18 06:47:10.840876;(17, (206, 89, 296, 5))
2018-04-18 06:47:10.855463;(6, (471, 93, 565, 2))
2018-04-18 06:47:10.924313;(16, (207, 94, 302, 2))
2018-04-18 06:47:11.141643;(7, (331, 95, 427, 2))
2018-04-18 06:47:11.234739;(14, (319, 92, 412, 1))
2018-04-18 06:47:11.303687;(13, (669, 83, 753, 0))
2018-04-18 06:47:11.335640;(21, (896, 48, 944, 0))
2018-04-18 06:47:11.359566;(8, (13, 70, 84, 13))
2018-04-18 06:47:11.416852;(4, (634, 79, 714, 0))
2018-04-18 06:47:11.453438;(9, (742, 80, 823, 0))
2018-04-18 06:47:11.534902;(18, (513, 82, 596, 0))
2018-04-18 06:48:09.742566;(1, (0, 0, 0, 0))
2018-04-18 06:48:10.552035;(23, (0, 0, 0, 0))
2018-04-18 06:48:10.707855;(12, (411, 119, 531, 1))
2018-04-18 06:48:10.741726;(10, (1101, 64, 1166, 0))
2018-04-18 06:48:10.743651;(22, (271, 113, 385, 2))
2018-04-18 06:48:10.815613;(19, (386, 109, 496, 2))
2018-04-18 06:48:10.839950;(11, (23, 81, 105, 13))
2018-04-18 06:48:10.853804;(17, (227, 105, 333, 6))
2018-04-18 06:48:10.872093;(6, (542, 113, 656, 2))
2018-04-18 06:48:10.940254;(16, (256, 112, 369, 2))
2018-04-18 06:48:11.246103;(14, (386, 110, 497, 1))
2018-04-18 06:48:11.365611;(21, (1119, 51, 1171, 0))
2018-04-18 06:48:11.374554;(8, (18, 84, 103, 15))
2018-04-18 06:48:11.433033;(4, (743, 94, 837, 0))
2018-04-18 06:48:11.474751;(9, (836, 94, 931, 0))
2018-04-18 06:48:11.549946;(18, (583, 95, 679, 1))
2018-04-18 06:49:10.573549;(23, (0, 0, 0, 0))
2018-04-18 06:49:10.726905;(12, (489, 135, 625, 1))
2018-04-18 06:49:10.767666;(1, (0, 0, 0, 0))
2018-04-18 06:49:10.769977;(22, (301, 131, 433, 2))
2018-04-18 06:49:10.774076;(10, (1294, 71, 1366, 0))
2018-04-18 06:49:10.855136;(11, (23, 92, 116, 15))
2018-04-18 06:49:10.866410;(17, (259, 120, 380, 7))
2018-04-18 06:49:10.893572;(6, (611, 130, 742, 2))
2018-04-18 06:49:10.963165;(16, (315, 130, 446, 2))
2018-04-18 06:49:11.263267;(14, (436, 128, 565, 1))
2018-04-18 06:49:11.393715;(8, (20, 97, 118, 17))
2018-04-18 06:49:11.394783;(21, (1313, 58, 1371, 0))
2018-04-18 06:49:11.455441;(4, (852, 109, 962, 0))
2018-04-18 06:49:11.498508;(9, (964, 108, 1073, 0))
2018-04-18 06:49:11.574621;(18, (679, 109, 789, 1))
2018-04-18 06:50:10.593473;(23, (0, 0, 0, 0))
2018-04-18 06:50:10.750969;(12, (573, 154, 728, 1))
2018-04-18 06:50:10.779421;(1, (0, 0, 0, 0))
2018-04-18 06:50:10.787287;(22, (340, 148, 489, 2))
2018-04-18 06:50:10.797838;(10, (1424, 85, 1510, 0))
2018-04-18 06:50:10.856264;(19, (508, 146, 655, 3))
2018-04-18 06:50:10.867348;(11, (24, 105, 130, 19))
2018-04-18 06:50:10.882508;(17, (285, 135, 421, 9))
2018-04-18 06:50:10.913697;(6, (677, 146, 824, 2))
2018-04-18 06:50:10.982612;(16, (360, 148, 509, 2))
2018-04-18 06:50:11.408013;(8, (22, 109, 132, 19))
2018-04-18 06:50:11.426006;(21, (1492, 66, 1558, 0))
2018-04-18 06:50:11.485639;(4, (967, 119, 1087, 1))
2018-04-18 06:50:11.523985;(9, (1076, 121, 1197, 0))
2018-04-18 06:50:11.595497;(18, (739, 127, 867, 1))
2018-04-18 06:51:10.617978;(23, (0, 0, 0, 0))
2018-04-18 06:51:10.768435;(12, (635, 173, 809, 1))
2018-04-18 06:51:10.795750;(1, (0, 0, 0, 0))
2018-04-18 06:51:10.809946;(22, (394, 166, 561, 2))
2018-04-18 06:51:10.822163;(10, (1548, 95, 1644, 0))
2018-04-18 06:51:10.880212;(11, (28, 119, 148, 20))
2018-04-18 06:51:10.904038;(17, (320, 152, 473, 10))
2018-04-18 06:51:10.936288;(6, (789, 162, 952, 2))
2018-04-18 06:51:10.998270;(16, (388, 164, 553, 3))
2018-04-18 06:51:11.421652;(8, (27, 122, 150, 22))
2018-04-18 06:51:11.460692;(21, (1704, 69, 1774, 0))
2018-04-18 06:51:11.547731;(9, (1201, 134, 1336, 0))
2018-04-18 06:51:11.631131;(18, (817, 141, 959, 2))
2018-04-18 06:51:11.878546;(19, (568, 164, 733, 3))
2018-04-18 06:51:12.510987;(4, (1080, 133, 1214, 1))
2018-04-18 06:52:10.634316;(23, (0, 0, 0, 0))
2018-04-18 06:52:10.805669;(1, (0, 0, 0, 0))
2018-04-18 06:52:10.846931;(10, (1723, 104, 1828, 0))
2018-04-18 06:52:10.893996;(11, (29, 131, 161, 23))
2018-04-18 06:52:11.490193;(21, (1892, 76, 1968, 0))
2018-04-18 06:52:11.777979;(12, (657, 188, 846, 2))
2018-04-18 06:52:11.815855;(22, (400, 178, 579, 4))
2018-04-18 06:52:11.893996;(19, (628, 177, 806, 4))
2018-04-18 06:52:11.915724;(17, (331, 163, 495, 12))
2018-04-18 06:52:11.956630;(6, (910, 175, 1086, 2))
2018-04-18 06:52:12.009770;(16, (409, 178, 588, 4))
2018-04-18 06:52:12.431462;(8, (27, 134, 162, 25))
2018-04-18 06:52:12.533521;(4, (1229, 145, 1375, 1))
2018-04-18 06:52:12.569295;(9, (1330, 145, 1476, 0))
2018-04-18 06:52:12.654047;(18, (921, 157, 1079, 2))
2018-04-18 06:53:10.647198;(23, (0, 0, 0, 0))
2018-04-18 06:53:10.813368;(1, (0, 0, 0, 0))
2018-04-18 06:53:10.901831;(11, (29, 143, 173, 26))
2018-04-18 06:53:11.788254;(12, (679, 203, 883, 4))
2018-04-18 06:53:11.827782;(22, (417, 194, 612, 6))
2018-04-18 06:53:11.870133;(10, (1864, 118, 1983, 0))
2018-04-18 06:53:11.907688;(19, (681, 190, 872, 6))
2018-04-18 06:53:11.928019;(17, (366, 179, 545, 14))
2018-04-18 06:53:11.976633;(6, (994, 189, 1183, 3))
2018-04-18 06:53:12.022896;(16, (447, 193, 641, 6))
2018-04-18 06:53:12.440296;(8, (32, 147, 180, 27))
2018-04-18 06:53:12.553443;(4, (1336, 161, 1497, 1))
2018-04-18 06:53:12.591063;(9, (1462, 158, 1621, 0))
2018-04-18 06:53:12.672378;(18, (1012, 176, 1189, 2))
2018-04-18 06:54:10.823156;(1, (0, 0, 0, 0))
2018-04-18 06:54:11.662192;(23, (0, 0, 0, 0))
2018-04-18 06:54:11.804209;(12, (757, 217, 975, 4))
2018-04-18 06:54:11.841999;(22, (447, 212, 660, 6))
2018-04-18 06:54:11.899336;(10, (2050, 126, 2176, 0))
2018-04-18 06:54:11.914884;(11, (31, 157, 189, 29))
2018-04-18 06:54:11.922882;(19, (721, 206, 928, 7))
2018-04-18 06:54:11.946223;(17, (441, 196, 638, 14))
2018-04-18 06:54:11.998161;(6, (1078, 205, 1284, 3))
2018-04-18 06:54:12.035496;(16, (505, 212, 718, 6))
2018-04-18 06:54:12.451454;(8, (34, 161, 196, 29))
2018-04-18 06:54:12.571477;(4, (1441, 177, 1618, 1))
2018-04-18 06:54:12.617420;(9, (1601, 171, 1773, 0))
2018-04-18 06:54:12.686117;(18, (1077, 192, 1270, 2))
2018-04-18 06:55:10.837963;(1, (0, 0, 0, 0))
2018-04-18 06:55:11.677648;(23, (0, 0, 0, 0))
2018-04-18 06:55:11.821801;(12, (842, 234, 1077, 4))
2018-04-18 06:55:11.856682;(22, (481, 230, 712, 6))
2018-04-18 06:55:11.922029;(10, (2168, 142, 2311, 0))
2018-04-18 06:55:11.922923;(11, (33, 171, 205, 31))
2018-04-18 06:55:11.938285;(19, (755, 223, 979, 8))
2018-04-18 06:55:11.957536;(17, (451, 208, 660, 15))
2018-04-18 06:55:12.019411;(6, (1179, 220, 1400, 3))
2018-04-18 06:55:12.050767;(16, (565, 230, 796, 6))
2018-04-18 06:55:12.463739;(8, (37, 174, 212, 32))
2018-04-18 06:55:12.595878;(4, (1582, 190, 1773, 1))
2018-04-18 06:55:12.645773;(9, (1690, 187, 1878, 0))
2018-04-18 06:55:12.700374;(18, (1152, 210, 1363, 2))
2018-04-18 06:56:10.846828;(1, (0, 0, 0, 0))
2018-04-18 06:56:11.687319;(23, (0, 0, 0, 0))
2018-04-18 06:56:11.834842;(12, (902, 254, 1157, 4))
2018-04-18 06:56:11.868921;(22, (514, 248, 763, 6))
2018-04-18 06:56:11.946515;(10, (2345, 151, 2497, 0))
2018-04-18 06:56:11.947168;(11, (35, 184, 220, 33))
2018-04-18 06:56:11.953979;(19, (813, 243, 1057, 8))
2018-04-18 06:56:11.977687;(17, (482, 223, 706, 17))
2018-04-18 06:56:12.035659;(6, (1263, 238, 1501, 3))
2018-04-18 06:56:12.069713;(16, (653, 248, 902, 6))
2018-04-18 06:56:12.472605;(8, (42, 186, 229, 34))
2018-04-18 06:56:12.618542;(4, (1714, 204, 1919, 1))
2018-04-18 06:56:12.664531;(9, (1772, 204, 1977, 0))
2018-04-18 06:56:12.718665;(18, (1215, 230, 1446, 2))
2018-04-18 06:57:11.694711;(23, (0, 0, 0, 0))
2018-04-18 06:57:11.846562;(12, (925, 268, 1194, 5))
2018-04-18 06:57:11.856059;(1, (0, 0, 0, 0))
2018-04-18 06:57:11.880050;(22, (544, 265, 810, 6))
2018-04-18 06:57:11.972287;(10, (2492, 164, 2657, 0))
2018-04-18 06:57:11.973467;(11, (38, 197, 236, 35))
2018-04-18 06:57:11.975101;(19, (904, 261, 1166, 8))
2018-04-18 06:57:11.994681;(17, (523, 238, 762, 18))
2018-04-18 06:57:12.055004;(6, (1358, 255, 1614, 3))
2018-04-18 06:57:12.084580;(16, (706, 264, 971, 6))
2018-04-18 06:57:12.640475;(4, (1843, 218, 2062, 1))
2018-04-18 06:57:12.690506;(9, (1867, 221, 2088, 0))
2018-04-18 06:57:12.735700;(18, (1303, 247, 1551, 2))
2018-04-18 06:57:13.487136;(8, (47, 201, 249, 37))
