2018-04-17 02:17:24.473753;(23, (0, 0, 0, 0))
2018-04-17 02:17:24.489648;(11, (41, 8, 49, 0))
2018-04-17 02:17:24.510669;(18, (37, 2, 40, 0))
2018-04-17 02:17:24.554706;(4, (40, 4, 45, 0))
2018-04-17 02:17:24.604423;(7, (80, 5, 85, 0))
2018-04-17 02:17:24.669425;(13, (58, 3, 61, 0))
2018-04-17 02:17:24.726022;(22, (11, 2, 13, 0))
2018-04-17 02:17:24.752188;(16, (15, 2, 18, 0))
2018-04-17 02:17:24.811904;(17, (20, 7, 28, 0))
2018-04-17 02:17:24.899100;(21, (56, 0, 56, 0))
2018-04-17 02:17:24.904290;(10, (60, 3, 63, 0))
2018-04-17 02:17:24.935966;(3, (93, 5, 99, 0))
2018-04-17 02:17:24.982010;(1, (0, 0, 0, 0))
2018-04-17 02:17:24.999262;(14, (27, 4, 32, 0))
2018-04-17 02:17:25.030066;(9, (70, 3, 73, 0))
2018-04-17 02:17:25.056157;(6, (62, 6, 68, 0))
2018-04-17 02:17:25.080554;(5, (81, 5, 86, 0))
2018-04-17 02:17:25.163543;(15, (74, 3, 77, 0))
2018-04-17 02:17:25.212541;(19, (2, 2, 5, 0))
2018-04-17 02:17:25.294560;(12, (31, 8, 40, 0))
2018-04-17 02:17:25.341618;(20, (27, 0, 27, 0))
2018-04-17 02:17:25.388178;(8, (60, 8, 68, 0))
2018-04-17 02:18:24.479009;(23, (0, 0, 0, 0))
2018-04-17 02:18:24.503274;(11, (95, 23, 118, 0))
2018-04-17 02:18:24.571753;(4, (129, 18, 148, 0))
2018-04-17 02:18:24.618170;(7, (152, 20, 173, 0))
2018-04-17 02:18:24.684332;(13, (159, 8, 168, 0))
2018-04-17 02:18:24.741411;(22, (107, 10, 118, 0))
2018-04-17 02:18:24.767427;(16, (92, 15, 107, 0))
2018-04-17 02:18:24.823803;(17, (58, 24, 83, 0))
2018-04-17 02:18:24.919777;(21, (176, 0, 176, 0))
2018-04-17 02:18:24.921506;(10, (164, 8, 173, 0))
2018-04-17 02:18:24.948249;(3, (140, 22, 163, 0))
2018-04-17 02:18:24.987447;(1, (0, 0, 0, 0))
2018-04-17 02:18:25.011016;(14, (57, 17, 75, 1))
2018-04-17 02:18:25.046676;(9, (155, 13, 169, 0))
2018-04-17 02:18:25.070736;(6, (158, 16, 175, 0))
2018-04-17 02:18:25.097447;(5, (196, 8, 204, 0))
2018-04-17 02:18:25.179995;(15, (191, 5, 196, 0))
2018-04-17 02:18:25.231877;(19, (52, 19, 72, 0))
2018-04-17 02:18:25.307723;(12, (92, 25, 118, 0))
2018-04-17 02:18:25.359368;(20, (124, 11, 136, 0))
2018-04-17 02:18:25.397359;(8, (111, 24, 136, 0))
2018-04-17 02:19:24.484337;(23, (0, 0, 0, 0))
2018-04-17 02:19:24.520125;(11, (143, 40, 184, 0))
2018-04-17 02:19:24.539684;(18, (187, 26, 214, 0))
2018-04-17 02:19:24.584810;(4, (192, 30, 222, 1))
2018-04-17 02:19:24.704492;(13, (267, 15, 282, 0))
2018-04-17 02:19:24.759943;(22, (172, 28, 201, 0))
2018-04-17 02:19:24.779595;(16, (141, 29, 171, 0))
2018-04-17 02:19:24.834413;(17, (114, 39, 154, 0))
2018-04-17 02:19:24.936631;(21, (282, 5, 288, 0))
2018-04-17 02:19:24.940328;(10, (285, 10, 295, 0))
2018-04-17 02:19:24.961432;(3, (178, 36, 215, 1))
2018-04-17 02:19:24.997351;(1, (0, 0, 0, 0))
2018-04-17 02:19:25.023248;(14, (117, 30, 148, 1))
2018-04-17 02:19:25.084642;(6, (264, 23, 288, 0))
2018-04-17 02:19:25.118079;(5, (305, 15, 320, 0))
2018-04-17 02:19:25.243703;(19, (107, 36, 144, 0))
2018-04-17 02:19:25.320442;(12, (150, 40, 191, 0))
2018-04-17 02:19:25.370019;(20, (177, 27, 205, 0))
2018-04-17 02:19:25.406184;(8, (135, 40, 176, 1))
2018-04-17 02:20:24.490029;(23, (0, 0, 0, 0))
2018-04-17 02:20:24.527487;(11, (158, 56, 215, 1))
2018-04-17 02:20:24.553714;(18, (273, 39, 312, 0))
2018-04-17 02:20:24.602442;(4, (288, 40, 329, 1))
2018-04-17 02:20:24.720256;(13, (361, 21, 382, 0))
2018-04-17 02:20:24.775575;(22, (181, 41, 223, 2))
2018-04-17 02:20:24.792479;(16, (171, 44, 215, 1))
2018-04-17 02:20:24.842373;(17, (142, 56, 199, 0))
2018-04-17 02:20:24.954930;(21, (403, 6, 409, 0))
2018-04-17 02:20:24.955981;(10, (401, 13, 414, 0))
2018-04-17 02:20:24.967998;(3, (199, 52, 252, 2))
2018-04-17 02:20:25.003177;(1, (0, 0, 0, 0))
2018-04-17 02:20:25.033403;(14, (135, 46, 182, 2))
2018-04-17 02:20:25.077860;(9, (345, 36, 382, 0))
2018-04-17 02:20:25.101454;(6, (348, 37, 385, 0))
2018-04-17 02:20:25.134157;(5, (410, 21, 431, 0))
2018-04-17 02:20:25.211868;(15, (423, 10, 433, 0))
2018-04-17 02:20:25.251398;(19, (129, 50, 180, 1))
2018-04-17 02:20:25.377986;(20, (213, 44, 258, 0))
2018-04-17 02:20:25.417919;(8, (161, 56, 218, 3))
2018-04-17 02:20:26.336332;(12, (160, 54, 215, 3))
2018-04-17 02:21:24.498077;(23, (0, 0, 0, 0))
2018-04-17 02:21:24.542829;(11, (205, 72, 278, 1))
2018-04-17 02:21:24.737712;(13, (457, 28, 486, 0))
2018-04-17 02:21:24.969988;(21, (515, 7, 523, 0))
2018-04-17 02:21:24.972404;(10, (506, 18, 525, 0))
2018-04-17 02:21:25.009582;(1, (0, 0, 0, 0))
2018-04-17 02:21:25.050344;(14, (226, 56, 283, 2))
2018-04-17 02:21:25.571968;(18, (371, 47, 418, 0))
2018-04-17 02:21:25.623974;(4, (379, 49, 429, 1))
2018-04-17 02:21:25.793359;(22, (247, 54, 302, 2))
2018-04-17 02:21:25.810372;(16, (247, 58, 305, 1))
2018-04-17 02:21:25.858907;(17, (209, 71, 281, 0))
2018-04-17 02:21:25.978967;(3, (245, 72, 317, 2))
2018-04-17 02:21:26.090062;(9, (414, 48, 463, 0))
2018-04-17 02:21:26.119760;(6, (442, 45, 488, 0))
2018-04-17 02:21:26.157220;(5, (517, 26, 543, 0))
2018-04-17 02:21:26.231851;(15, (519, 18, 537, 0))
2018-04-17 02:21:26.264498;(19, (195, 65, 261, 1))
2018-04-17 02:21:26.353439;(12, (228, 69, 298, 3))
2018-04-17 02:21:26.390603;(20, (287, 55, 343, 0))
2018-04-17 02:21:26.433801;(8, (194, 73, 268, 3))
2018-04-17 02:22:25.017808;(1, (0, 0, 0, 0))
2018-04-17 02:22:25.505606;(23, (0, 0, 0, 0))
2018-04-17 02:22:25.557475;(11, (267, 89, 357, 1))
2018-04-17 02:22:25.590818;(18, (462, 56, 519, 0))
2018-04-17 02:22:25.643516;(4, (465, 63, 528, 1))
2018-04-17 02:22:25.757935;(13, (561, 36, 597, 0))
2018-04-17 02:22:25.810602;(22, (309, 70, 379, 2))
2018-04-17 02:22:25.825744;(16, (328, 69, 397, 1))
2018-04-17 02:22:25.874398;(17, (270, 87, 358, 0))
2018-04-17 02:22:25.990958;(21, (625, 12, 637, 0))
2018-04-17 02:22:25.993838;(10, (607, 23, 630, 0))
2018-04-17 02:22:25.994820;(3, (292, 87, 380, 3))
2018-04-17 02:22:26.065643;(14, (274, 74, 349, 2))
2018-04-17 02:22:26.109927;(9, (513, 55, 569, 0))
2018-04-17 02:22:26.137446;(6, (540, 54, 594, 0))
2018-04-17 02:22:26.174490;(5, (618, 37, 655, 0))
2018-04-17 02:22:26.251955;(15, (634, 21, 655, 0))
2018-04-17 02:22:26.281554;(19, (254, 79, 334, 1))
2018-04-17 02:22:26.370186;(12, (301, 84, 386, 3))
2018-04-17 02:22:26.403215;(20, (360, 71, 432, 0))
2018-04-17 02:22:26.446338;(8, (232, 87, 320, 4))
2018-04-17 02:23:25.031225;(1, (0, 0, 0, 0))
2018-04-17 02:23:25.511094;(23, (0, 0, 0, 0))
2018-04-17 02:23:25.567895;(11, (290, 101, 392, 3))
2018-04-17 02:23:25.608771;(18, (565, 67, 633, 0))
2018-04-17 02:23:25.660789;(4, (543, 75, 619, 1))
2018-04-17 02:23:25.777473;(13, (657, 44, 702, 0))
2018-04-17 02:23:25.829467;(22, (411, 77, 488, 2))
2018-04-17 02:23:25.838628;(16, (393, 79, 472, 2))
2018-04-17 02:23:25.890036;(17, (352, 99, 452, 0))
2018-04-17 02:23:26.009981;(21, (745, 12, 757, 0))
2018-04-17 02:23:26.011287;(10, (710, 29, 740, 0))
2018-04-17 02:23:26.015011;(3, (365, 101, 467, 3))
2018-04-17 02:23:26.079596;(14, (339, 86, 426, 2))
2018-04-17 02:23:26.126787;(9, (593, 66, 660, 0))
2018-04-17 02:23:26.155655;(6, (634, 62, 696, 0))
2018-04-17 02:23:26.191496;(5, (731, 41, 772, 0))
2018-04-17 02:23:26.268286;(15, (742, 28, 770, 0))
2018-04-17 02:23:26.294441;(19, (302, 95, 398, 1))
2018-04-17 02:23:26.388434;(12, (378, 98, 476, 3))
2018-04-17 02:23:26.423362;(20, (421, 83, 505, 0))
2018-04-17 02:23:26.459023;(8, (271, 104, 375, 4))
2018-04-17 02:24:25.045676;(1, (0, 0, 0, 0))
2018-04-17 02:24:25.518296;(23, (0, 0, 0, 0))
2018-04-17 02:24:25.582234;(11, (340, 117, 458, 3))
2018-04-17 02:24:25.678238;(4, (635, 85, 721, 1))
2018-04-17 02:24:25.796160;(13, (768, 48, 816, 0))
2018-04-17 02:24:25.842619;(22, (479, 88, 568, 2))
2018-04-17 02:24:25.906925;(17, (381, 113, 495, 1))
2018-04-17 02:24:26.025696;(21, (865, 12, 877, 0))
2018-04-17 02:24:26.029391;(10, (826, 34, 860, 0))
2018-04-17 02:24:26.029720;(3, (432, 114, 547, 3))
2018-04-17 02:24:26.093708;(14, (404, 99, 504, 2))
2018-04-17 02:24:26.143640;(9, (664, 83, 748, 0))
2018-04-17 02:24:26.169791;(6, (703, 73, 777, 0))
2018-04-17 02:24:26.210411;(5, (832, 53, 885, 0))
2018-04-17 02:24:26.288094;(15, (853, 34, 887, 0))
2018-04-17 02:24:26.308243;(19, (344, 110, 455, 2))
2018-04-17 02:24:26.399517;(12, (428, 115, 544, 3))
2018-04-17 02:25:25.527465;(23, (0, 0, 0, 0))
2018-04-17 02:25:25.594186;(11, (364, 134, 499, 4))
2018-04-17 02:25:25.652427;(18, (769, 84, 853, 0))
2018-04-17 02:25:25.693204;(4, (716, 97, 814, 1))
2018-04-17 02:25:25.821386;(13, (878, 54, 933, 0))
2018-04-17 02:25:25.922844;(17, (407, 128, 536, 2))
2018-04-17 02:25:26.047914;(21, (966, 17, 984, 0))
2018-04-17 02:25:26.050391;(3, (497, 129, 627, 3))
2018-04-17 02:25:26.052955;(10, (929, 40, 970, 0))
2018-04-17 02:25:26.054654;(1, (0, 0, 0, 0))
2018-04-17 02:25:26.106334;(14, (476, 112, 589, 2))
2018-04-17 02:25:26.162978;(9, (759, 91, 851, 0))
2018-04-17 02:25:26.183980;(6, (787, 87, 875, 0))
2018-04-17 02:25:26.230836;(5, (941, 57, 998, 0))
2018-04-17 02:25:26.310570;(15, (957, 41, 998, 0))
2018-04-17 02:25:26.326659;(19, (430, 124, 554, 2))
2018-04-17 02:25:26.414110;(12, (496, 130, 627, 3))
2018-04-17 02:25:26.484469;(8, (340, 139, 480, 4))
2018-04-17 02:26:25.537696;(23, (0, 0, 0, 0))
2018-04-17 02:26:25.605424;(11, (419, 152, 571, 4))
2018-04-17 02:26:25.708957;(4, (808, 108, 917, 1))
2018-04-17 02:26:25.838589;(13, (969, 65, 1034, 0))
2018-04-17 02:26:25.873839;(22, (621, 111, 732, 3))
2018-04-17 02:26:25.890549;(16, (666, 113, 779, 2))
2018-04-17 02:26:25.937260;(17, (461, 144, 606, 3))
2018-04-17 02:26:26.077609;(3, (550, 146, 697, 3))
2018-04-17 02:26:26.079032;(10, (1040, 48, 1088, 0))
2018-04-17 02:26:26.080205;(1, (0, 0, 0, 0))
2018-04-17 02:26:26.082026;(21, (1082, 20, 1102, 0))
2018-04-17 02:26:26.121628;(14, (554, 124, 679, 2))
2018-04-17 02:26:26.181855;(9, (826, 102, 928, 0))
2018-04-17 02:26:26.198661;(6, (875, 101, 976, 0))
2018-04-17 02:26:26.331592;(15, (1067, 46, 1113, 0))
2018-04-17 02:26:26.339454;(19, (494, 139, 634, 2))
2018-04-17 02:26:26.497755;(8, (384, 157, 542, 4))
2018-04-17 02:26:26.671379;(18, (868, 93, 962, 0))
2018-04-17 02:26:27.248111;(5, (1049, 64, 1114, 0))
2018-04-17 02:26:27.435275;(12, (537, 141, 679, 4))
2018-04-17 02:27:25.546594;(23, (0, 0, 0, 0))
2018-04-17 02:27:25.616444;(11, (472, 166, 639, 4))
2018-04-17 02:27:25.854272;(13, (1070, 71, 1142, 0))
2018-04-17 02:27:25.899994;(22, (684, 126, 811, 3))
2018-04-17 02:27:26.098133;(1, (0, 0, 0, 0))
2018-04-17 02:27:26.102394;(10, (1148, 53, 1201, 0))
2018-04-17 02:27:26.104532;(21, (1201, 21, 1222, 0))
2018-04-17 02:27:26.138167;(14, (614, 138, 753, 2))
2018-04-17 02:27:26.688957;(18, (950, 103, 1053, 0))
2018-04-17 02:27:26.722522;(4, (903, 119, 1022, 1))
2018-04-17 02:27:26.907168;(16, (744, 125, 869, 2))
2018-04-17 02:27:26.954536;(17, (529, 162, 692, 3))
2018-04-17 02:27:27.096903;(3, (632, 159, 791, 3))
2018-04-17 02:27:27.195396;(9, (911, 109, 1021, 0))
2018-04-17 02:27:27.213661;(6, (975, 109, 1084, 0))
2018-04-17 02:27:27.267275;(5, (1167, 68, 1235, 0))
2018-04-17 02:27:27.350898;(15, (1182, 50, 1232, 0))
2018-04-17 02:27:27.354980;(19, (528, 154, 683, 3))
2018-04-17 02:27:27.450351;(12, (583, 160, 744, 5))
2018-04-17 02:27:27.508433;(8, (433, 175, 609, 4))
2018-04-17 02:28:25.558117;(23, (0, 0, 0, 0))
2018-04-17 02:28:25.628686;(11, (503, 181, 685, 5))
2018-04-17 02:28:26.107842;(1, (0, 0, 0, 0))
2018-04-17 02:28:26.121294;(10, (1254, 57, 1312, 0))
2018-04-17 02:28:26.122689;(21, (1315, 24, 1339, 0))
2018-04-17 02:28:26.158363;(14, (686, 155, 841, 2))
2018-04-17 02:28:26.710363;(18, (1037, 114, 1151, 0))
2018-04-17 02:28:26.741552;(4, (1000, 126, 1126, 1))
2018-04-17 02:28:26.871552;(13, (1176, 80, 1256, 0))
2018-04-17 02:28:26.912055;(22, (738, 141, 879, 3))
2018-04-17 02:28:26.922618;(16, (798, 141, 940, 2))
2018-04-17 02:28:26.970180;(17, (602, 175, 778, 3))
2018-04-17 02:28:27.116274;(3, (682, 174, 857, 3))
2018-04-17 02:28:27.209848;(9, (988, 123, 1112, 0))
2018-04-17 02:28:27.227991;(6, (1062, 120, 1183, 0))
2018-04-17 02:28:27.287920;(5, (1271, 77, 1348, 0))
2018-04-17 02:28:27.367649;(19, (571, 171, 743, 4))
2018-04-17 02:28:27.369878;(15, (1292, 55, 1348, 0))
2018-04-17 02:28:27.463748;(12, (624, 176, 801, 6))
2018-04-17 02:28:27.522843;(8, (496, 193, 690, 4))
2018-04-17 02:29:26.119653;(1, (0, 0, 0, 0))
2018-04-17 02:29:26.141946;(10, (1359, 63, 1423, 0))
2018-04-17 02:29:26.571340;(23, (0, 0, 0, 0))
2018-04-17 02:29:26.646314;(11, (560, 195, 756, 6))
2018-04-17 02:29:26.725443;(18, (1134, 121, 1256, 0))
2018-04-17 02:29:26.755756;(4, (1085, 137, 1222, 1))
2018-04-17 02:29:26.889995;(13, (1277, 86, 1363, 0))
2018-04-17 02:29:26.930569;(22, (808, 156, 964, 3))
2018-04-17 02:29:26.936395;(16, (858, 154, 1013, 2))
2018-04-17 02:29:26.987482;(17, (657, 191, 849, 3))
2018-04-17 02:29:27.134194;(3, (776, 185, 962, 3))
2018-04-17 02:29:27.144460;(21, (1432, 26, 1458, 0))
2018-04-17 02:29:27.174088;(14, (740, 169, 910, 2))
2018-04-17 02:29:27.231356;(9, (1082, 130, 1213, 0))
2018-04-17 02:29:27.244690;(6, (1165, 128, 1294, 0))
2018-04-17 02:29:27.307579;(5, (1384, 83, 1467, 0))
2018-04-17 02:29:27.383103;(19, (618, 188, 807, 4))
2018-04-17 02:29:27.386295;(15, (1397, 64, 1462, 0))
2018-04-17 02:29:27.478530;(12, (695, 192, 888, 6))
2018-04-17 02:29:27.534315;(8, (548, 209, 758, 4))
2018-04-17 02:30:26.127295;(1, (0, 0, 0, 0))
2018-04-17 02:30:26.582977;(23, (0, 0, 0, 0))
2018-04-17 02:30:26.663320;(11, (617, 214, 832, 6))
2018-04-17 02:30:26.744189;(18, (1237, 128, 1365, 0))
2018-04-17 02:30:26.773395;(4, (1146, 150, 1297, 1))
2018-04-17 02:30:26.904929;(13, (1360, 95, 1456, 0))
2018-04-17 02:30:26.946115;(22, (878, 167, 1046, 3))
2018-04-17 02:30:26.955588;(16, (934, 169, 1104, 2))
2018-04-17 02:30:27.003034;(17, (704, 204, 909, 4))
2018-04-17 02:30:27.152348;(3, (839, 201, 1041, 3))
2018-04-17 02:30:27.162833;(10, (1460, 70, 1530, 0))
2018-04-17 02:30:27.165353;(21, (1538, 33, 1571, 0))
2018-04-17 02:30:27.189790;(14, (836, 179, 1016, 2))
2018-04-17 02:30:27.248303;(9, (1169, 140, 1310, 0))
2018-04-17 02:30:27.260597;(6, (1243, 142, 1386, 0))
2018-04-17 02:30:27.327320;(5, (1492, 87, 1579, 0))
2018-04-17 02:30:27.402764;(19, (691, 202, 894, 4))
2018-04-17 02:30:27.405866;(15, (1506, 69, 1576, 0))
2018-04-17 02:30:27.488351;(12, (738, 206, 944, 6))
2018-04-17 02:30:27.548032;(8, (594, 227, 822, 4))
2018-04-17 02:31:26.135344;(1, (0, 0, 0, 0))
2018-04-17 02:31:26.594809;(23, (0, 0, 0, 0))
2018-04-17 02:31:26.675445;(11, (639, 228, 868, 7))
2018-04-17 02:31:26.761273;(18, (1336, 135, 1472, 0))
2018-04-17 02:31:26.796043;(4, (1258, 155, 1413, 1))
2018-04-17 02:31:26.919148;(13, (1440, 108, 1549, 0))
2018-04-17 02:31:26.966848;(22, (971, 180, 1151, 3))
2018-04-17 02:31:26.971839;(16, (996, 187, 1184, 2))
2018-04-17 02:31:27.018372;(17, (770, 220, 991, 4))
2018-04-17 02:31:27.169631;(3, (902, 218, 1121, 3))
2018-04-17 02:31:27.189500;(10, (1567, 74, 1641, 0))
2018-04-17 02:31:27.194318;(21, (1655, 36, 1692, 0))
2018-04-17 02:31:27.266899;(9, (1238, 157, 1396, 0))
2018-04-17 02:31:27.275241;(6, (1304, 160, 1465, 0))
2018-04-17 02:31:27.416392;(19, (747, 222, 970, 4))
2018-04-17 02:31:27.430416;(15, (1616, 74, 1690, 0))
2018-04-17 02:31:27.506347;(12, (837, 215, 1052, 6))
2018-04-17 02:31:27.559610;(8, (626, 244, 871, 4))
2018-04-17 02:32:26.149886;(1, (0, 0, 0, 0))
2018-04-17 02:32:26.607271;(23, (0, 0, 0, 0))
2018-04-17 02:32:26.693484;(11, (682, 243, 926, 7))
2018-04-17 02:32:26.793546;(18, (1452, 139, 1591, 0))
2018-04-17 02:32:26.822718;(4, (1349, 167, 1517, 1))
2018-04-17 02:32:26.943689;(13, (1535, 115, 1651, 0))
2018-04-17 02:32:26.988315;(22, (1053, 190, 1244, 3))
2018-04-17 02:32:27.037433;(17, (810, 237, 1048, 4))
2018-04-17 02:32:27.210367;(10, (1665, 83, 1748, 0))
2018-04-17 02:32:27.220512;(21, (1771, 38, 1809, 0))
2018-04-17 02:32:27.295528;(9, (1340, 168, 1508, 0))
2018-04-17 02:32:27.302999;(6, (1374, 176, 1551, 0))
2018-04-17 02:32:27.434418;(19, (788, 238, 1027, 4))
2018-04-17 02:32:27.463022;(15, (1724, 80, 1804, 0))
2018-04-17 02:32:27.580357;(8, (673, 261, 935, 4))
2018-04-17 02:32:27.990481;(16, (1070, 201, 1272, 2))
2018-04-17 02:32:28.192632;(3, (983, 234, 1217, 3))
2018-04-17 02:32:28.531386;(12, (907, 229, 1137, 6))
