2018-04-17 21:17:47.093863;(17, (123, 164, 0, 0, 0, 0, 0, 0, 0, 0))
2018-04-17 21:17:47.215521;(16, (79, 105, 0, 0, 0, 0, 0, 0, 0, 0))
2018-04-17 21:17:47.285474;(3, (905, 1122, 243, 0, 0, 0, 0, 0, 0, 0))
2018-04-17 21:17:47.353959;(9, (502, 668, 0, 0, 0, 0, 0, 0, 0, 0))
2018-04-17 21:17:47.373087;(11, (35, 41, 0, 0, 0, 0, 0, 0, 0, 0))
2018-04-17 21:17:47.406033;(8, (87, 111, 8, 0, 0, 0, 0, 0, 0, 0))
2018-04-17 21:17:47.458508;(19, (122, 161, 0, 0, 0, 0, 0, 0, 0, 0))
2018-04-17 21:17:47.528325;(13, (782, 849, 565, 0, 0, 0, 0, 0, 0, 0))
2018-04-17 21:17:47.578743;(5, (1174, 1252, 914, 0, 0, 0, 0, 0, 0, 0))
2018-04-17 21:17:47.599908;(20, (1081, 1094, 996, 0, 0, 0, 0, 0, 0, 0))
2018-04-17 21:17:47.644154;(22, (78, 99, 0, 0, 0, 0, 0, 0, 0, 0))
2018-04-17 21:17:47.736264;(23, (86, 86, 61, 0, 0, 0, 0, 0, 0, 0))
2018-04-17 21:17:47.783753;(7, (414, 485, 188, 0, 0, 0, 0, 0, 0, 0))
2018-04-17 21:17:47.792128;(18, (108, 142, 0, 0, 0, 0, 0, 0, 0, 0))
2018-04-17 21:17:47.871970;(14, (251, 260, 203, 0, 0, 0, 0, 0, 0, 0))
2018-04-17 21:17:47.909543;(4, (705, 831, 324, 0, 0, 0, 0, 0, 0, 0))
2018-04-17 21:17:47.937001;(12, (298, 380, 48, 0, 0, 0, 0, 0, 0, 0))
2018-04-17 21:17:47.959077;(10, (590, 788, 0, 0, 0, 0, 0, 0, 0, 0))
2018-04-17 21:17:47.961553;(1, (2928, 2928, 2827, 1414, 0, 0, 0, 0, 0, 0))
2018-04-17 21:17:48.021521;(6, (351, 447, 61, 0, 0, 0, 0, 0, 0, 0))
2018-04-17 21:17:48.052240;(21, (84, 105, 0, 0, 0, 0, 0, 0, 0, 0))
2018-04-17 21:18:47.109419;(17, (307, 421, 0, 0, 0, 0, 0, 0, 0, 0))
2018-04-17 21:18:47.235346;(16, (332, 452, 0, 0, 0, 0, 0, 0, 0, 0))
2018-04-17 21:18:47.301813;(3, (1740, 2019, 930, 0, 0, 0, 0, 0, 0, 0))
2018-04-17 21:18:47.368311;(9, (695, 931, 0, 0, 0, 0, 0, 0, 0, 0))
2018-04-17 21:18:47.391888;(11, (59, 78, 0, 0, 0, 0, 0, 0, 0, 0))
2018-04-17 21:18:47.417825;(8, (169, 225, 24, 0, 0, 0, 0, 0, 0, 0))
2018-04-17 21:18:47.470392;(19, (246, 338, 0, 0, 0, 0, 0, 0, 0, 0))
2018-04-17 21:18:47.546838;(13, (1714, 1933, 1070, 0, 0, 0, 0, 0, 0, 0))
2018-04-17 21:18:47.611668;(20, (2309, 2364, 2131, 0, 0, 0, 0, 0, 0, 0))
2018-04-17 21:18:47.657876;(22, (268, 365, 0, 0, 0, 0, 0, 0, 0, 0))
2018-04-17 21:18:47.743861;(23, (302, 302, 267, 0, 0, 0, 0, 0, 0, 0))
2018-04-17 21:18:47.884353;(14, (856, 943, 612, 0, 0, 0, 0, 0, 0, 0))
2018-04-17 21:18:47.933795;(4, (1382, 1702, 454, 0, 0, 0, 0, 0, 0, 0))
2018-04-17 21:18:47.955152;(12, (815, 1026, 222, 0, 0, 0, 0, 0, 0, 0))
2018-04-17 21:18:47.971463;(1, (7227, 7227, 7116, 3558, 0, 0, 0, 0, 0, 0))
2018-04-17 21:18:48.035407;(6, (794, 976, 278, 0, 0, 0, 0, 0, 0, 0))
2018-04-17 21:18:48.081698;(21, (763, 1024, 0, 0, 0, 0, 0, 0, 0, 0))
2018-04-17 21:19:47.122268;(17, (440, 608, 0, 0, 0, 0, 0, 0, 0, 0))
2018-04-17 21:19:47.265699;(16, (600, 823, 0, 0, 0, 0, 0, 0, 0, 0))
2018-04-17 21:19:47.313634;(3, (2377, 2684, 1497, 0, 0, 0, 0, 0, 0, 0))
2018-04-17 21:19:47.390073;(9, (1128, 1520, 0, 0, 0, 0, 0, 0, 0, 0))
2018-04-17 21:19:47.401893;(11, (121, 171, 0, 0, 0, 0, 0, 0, 0, 0))
2018-04-17 21:19:47.432480;(8, (292, 385, 68, 0, 0, 0, 0, 0, 0, 0))
2018-04-17 21:19:47.490122;(19, (559, 770, 0, 0, 0, 0, 0, 0, 0, 0))
2018-04-17 21:19:47.566752;(13, (2561, 2836, 1770, 0, 0, 0, 0, 0, 0, 0))
2018-04-17 21:19:47.631143;(20, (3647, 3781, 3282, 0, 0, 0, 0, 0, 0, 0))
2018-04-17 21:19:47.671103;(22, (344, 473, 0, 0, 0, 0, 0, 0, 0, 0))
2018-04-17 21:19:47.751500;(23, (510, 510, 465, 0, 0, 0, 0, 0, 0, 0))
2018-04-17 21:19:47.826020;(18, (691, 940, 0, 0, 0, 0, 0, 0, 0, 0))
2018-04-17 21:19:47.899563;(14, (1431, 1592, 994, 0, 0, 0, 0, 0, 0, 0))
2018-04-17 21:19:47.962718;(4, (2280, 2814, 750, 0, 0, 0, 0, 0, 0, 0))
2018-04-17 21:19:47.971103;(12, (1275, 1591, 408, 0, 0, 0, 0, 0, 0, 0))
2018-04-17 21:19:47.978572;(1, (11346, 11346, 11225, 5613, 0, 0, 0, 0, 0, 0))
2018-04-17 21:19:48.051276;(6, (1161, 1412, 467, 0, 0, 0, 0, 0, 0, 0))
2018-04-17 21:19:48.109114;(21, (1373, 1851, 0, 0, 0, 0, 0, 0, 0, 0))
2018-04-17 21:20:47.280651;(16, (754, 1040, 0, 0, 0, 0, 0, 0, 0, 0))
2018-04-17 21:20:47.330517;(3, (3006, 3384, 1951, 0, 0, 0, 0, 0, 0, 0))
2018-04-17 21:20:47.415001;(9, (1720, 2320, 0, 0, 0, 0, 0, 0, 0, 0))
2018-04-17 21:20:47.418156;(11, (139, 198, 0, 0, 0, 0, 0, 0, 0, 0))
2018-04-17 21:20:47.443941;(8, (411, 552, 78, 0, 0, 0, 0, 0, 0, 0))
2018-04-17 21:20:47.590594;(13, (3681, 4116, 2439, 0, 0, 0, 0, 0, 0, 0))
2018-04-17 21:20:47.644465;(20, (4762, 4963, 4240, 0, 0, 0, 0, 0, 0, 0))
2018-04-17 21:20:47.681618;(22, (446, 619, 0, 0, 0, 0, 0, 0, 0, 0))
2018-04-17 21:20:47.760462;(23, (790, 790, 735, 0, 0, 0, 0, 0, 0, 0))
2018-04-17 21:20:47.849848;(18, (1084, 1481, 0, 0, 0, 0, 0, 0, 0, 0))
2018-04-17 21:20:47.918400;(14, (1914, 2177, 1206, 0, 0, 0, 0, 0, 0, 0))
2018-04-17 21:20:47.979149;(4, (3065, 3735, 1154, 0, 0, 0, 0, 0, 0, 0))
2018-04-17 21:20:47.983941;(12, (1533, 1906, 524, 0, 0, 0, 0, 0, 0, 0))
2018-04-17 21:20:47.985241;(1, (15551, 15551, 15420, 7710, 0, 0, 0, 0, 0, 0))
2018-04-17 21:20:48.073932;(6, (1574, 1883, 741, 0, 0, 0, 0, 0, 0, 0))
2018-04-17 21:20:48.140305;(21, (2268, 3055, 0, 0, 0, 0, 0, 0, 0, 0))
2018-04-17 21:20:48.142732;(17, (600, 832, 0, 0, 0, 0, 0, 0, 0, 0))
2018-04-17 21:20:48.504468;(19, (677, 936, 0, 0, 0, 0, 0, 0, 0, 0))
2018-04-17 21:21:47.446124;(11, (168, 244, 0, 0, 0, 0, 0, 0, 0, 0))
2018-04-17 21:21:47.769768;(23, (885, 885, 820, 0, 0, 0, 0, 0, 0, 0))
2018-04-17 21:21:47.937058;(14, (2355, 2741, 1325, 0, 0, 0, 0, 0, 0, 0))
2018-04-17 21:21:48.000240;(1, (19623, 19623, 19482, 9741, 0, 0, 0, 0, 0, 0))
2018-04-17 21:21:48.170768;(21, (2890, 3898, 0, 0, 0, 0, 0, 0, 0, 0))
2018-04-17 21:21:48.171975;(17, (633, 883, 0, 0, 0, 0, 0, 0, 0, 0))
2018-04-17 21:21:48.295515;(16, (775, 1073, 0, 0, 0, 0, 0, 0, 0, 0))
2018-04-17 21:21:48.350986;(3, (3799, 4272, 2500, 0, 0, 0, 0, 0, 0, 0))
2018-04-17 21:21:48.443942;(9, (2312, 3120, 0, 0, 0, 0, 0, 0, 0, 0))
2018-04-17 21:21:48.454268;(8, (516, 699, 98, 0, 0, 0, 0, 0, 0, 0))
2018-04-17 21:21:48.520343;(19, (849, 1176, 0, 0, 0, 0, 0, 0, 0, 0))
2018-04-17 21:21:48.657859;(20, (5893, 6147, 5253, 0, 0, 0, 0, 0, 0, 0))
2018-04-17 21:21:48.701458;(22, (711, 988, 0, 0, 0, 0, 0, 0, 0, 0))
2018-04-17 21:21:48.862953;(18, (1200, 1641, 0, 0, 0, 0, 0, 0, 0, 0))
2018-04-17 21:21:48.998621;(4, (3832, 4633, 1555, 0, 0, 0, 0, 0, 0, 0))
2018-04-17 21:21:48.999709;(12, (1687, 2120, 533, 0, 0, 0, 0, 0, 0, 0))
2018-04-17 21:21:49.093647;(6, (1964, 2391, 821, 0, 0, 0, 0, 0, 0, 0))
2018-04-17 21:22:48.020540;(1, (23855, 23855, 23704, 11852, 0, 0, 0, 0, 0, 0))
2018-04-17 21:22:48.203481;(17, (838, 1172, 0, 0, 0, 0, 0, 0, 0, 0))
2018-04-17 21:22:48.309568;(16, (929, 1287, 0, 0, 0, 0, 0, 0, 0, 0))
2018-04-17 21:22:48.370125;(3, (4256, 4799, 2791, 0, 0, 0, 0, 0, 0, 0))
2018-04-17 21:22:48.470763;(11, (244, 356, 0, 0, 0, 0, 0, 0, 0, 0))
2018-04-17 21:22:48.471675;(8, (616, 820, 156, 0, 0, 0, 0, 0, 0, 0))
2018-04-17 21:22:48.534937;(19, (1075, 1491, 0, 0, 0, 0, 0, 0, 0, 0))
2018-04-17 21:22:48.667861;(20, (6968, 7276, 6193, 0, 0, 0, 0, 0, 0, 0))
2018-04-17 21:22:48.711514;(22, (781, 1086, 0, 0, 0, 0, 0, 0, 0, 0))
2018-04-17 21:22:48.778609;(23, (965, 965, 890, 0, 0, 0, 0, 0, 0, 0))
2018-04-17 21:22:48.879304;(18, (1299, 1782, 0, 0, 0, 0, 0, 0, 0, 0))
2018-04-17 21:22:48.953617;(14, (2618, 3039, 1515, 0, 0, 0, 0, 0, 0, 0))
2018-04-17 21:22:49.020033;(4, (4607, 5543, 1963, 0, 0, 0, 0, 0, 0, 0))
2018-04-17 21:22:49.022582;(12, (1914, 2393, 646, 0, 0, 0, 0, 0, 0, 0))
2018-04-17 21:22:49.114233;(6, (2404, 2970, 891, 0, 0, 0, 0, 0, 0, 0))
2018-04-17 21:22:49.202689;(21, (3650, 4922, 0, 0, 0, 0, 0, 0, 0, 0))
2018-04-17 21:23:48.040260;(1, (28054, 28054, 27893, 13947, 0, 0, 0, 0, 0, 0))
2018-04-17 21:23:48.229986;(17, (974, 1364, 0, 0, 0, 0, 0, 0, 0, 0))
2018-04-17 21:23:48.327662;(16, (1164, 1617, 0, 0, 0, 0, 0, 0, 0, 0))
2018-04-17 21:23:48.483069;(11, (296, 434, 0, 0, 0, 0, 0, 0, 0, 0))
2018-04-17 21:23:48.487396;(8, (729, 967, 196, 0, 0, 0, 0, 0, 0, 0))
2018-04-17 21:23:48.552658;(19, (1302, 1805, 0, 0, 0, 0, 0, 0, 0, 0))
2018-04-17 21:23:48.677630;(20, (8014, 8342, 7195, 0, 0, 0, 0, 0, 0, 0))
2018-04-17 21:23:48.743347;(22, (963, 1347, 0, 0, 0, 0, 0, 0, 0, 0))
2018-04-17 21:23:48.787501;(23, (1228, 1228, 1143, 0, 0, 0, 0, 0, 0, 0))
2018-04-17 21:23:48.910524;(18, (1665, 2285, 0, 0, 0, 0, 0, 0, 0, 0))
2018-04-17 21:23:48.964541;(14, (3044, 3506, 1851, 0, 0, 0, 0, 0, 0, 0))
2018-04-17 21:23:49.044655;(12, (2332, 2906, 811, 0, 0, 0, 0, 0, 0, 0))
2018-04-17 21:23:49.132847;(6, (2965, 3646, 1145, 0, 0, 0, 0, 0, 0, 0))
2018-04-17 21:23:49.228795;(21, (4197, 5666, 0, 0, 0, 0, 0, 0, 0, 0))
2018-04-17 21:24:48.265852;(17, (1148, 1608, 0, 0, 0, 0, 0, 0, 0, 0))
2018-04-17 21:24:48.344540;(16, (1443, 2001, 0, 0, 0, 0, 0, 0, 0, 0))
2018-04-17 21:24:48.409656;(3, (5609, 6265, 3879, 0, 0, 0, 0, 0, 0, 0))
2018-04-17 21:24:48.494312;(11, (329, 486, 0, 0, 0, 0, 0, 0, 0, 0))
2018-04-17 21:24:48.561761;(19, (1322, 1834, 0, 0, 0, 0, 0, 0, 0, 0))
2018-04-17 21:24:48.688584;(20, (9101, 9486, 8145, 0, 0, 0, 0, 0, 0, 0))
2018-04-17 21:24:48.759360;(22, (1117, 1563, 0, 0, 0, 0, 0, 0, 0, 0))
2018-04-17 21:24:48.802830;(23, (1388, 1388, 1293, 0, 0, 0, 0, 0, 0, 0))
2018-04-17 21:24:48.928075;(18, (1880, 2583, 0, 0, 0, 0, 0, 0, 0, 0))
2018-04-17 21:24:48.978860;(14, (3550, 4095, 2152, 0, 0, 0, 0, 0, 0, 0))
2018-04-17 21:24:49.047963;(1, (32239, 32239, 32068, 16035, 0, 0, 0, 0, 0, 0))
2018-04-17 21:24:49.055600;(12, (2674, 3307, 1015, 0, 0, 0, 0, 0, 0, 0))
2018-04-17 21:24:49.149630;(6, (3380, 4161, 1296, 0, 0, 0, 0, 0, 0, 0))
2018-04-17 21:24:49.264451;(21, (5029, 6786, 0, 0, 0, 0, 0, 0, 0, 0))
2018-04-17 21:25:48.305177;(17, (1218, 1709, 0, 0, 0, 0, 0, 0, 0, 0))
2018-04-17 21:25:48.360243;(16, (1588, 2205, 0, 0, 0, 0, 0, 0, 0, 0))
2018-04-17 21:25:48.424858;(3, (6104, 6833, 4193, 0, 0, 0, 0, 0, 0, 0))
2018-04-17 21:25:48.511204;(11, (445, 653, 0, 0, 0, 0, 0, 0, 0, 0))
2018-04-17 21:25:48.511792;(8, (917, 1198, 305, 0, 0, 0, 0, 0, 0, 0))
2018-04-17 21:25:48.580541;(19, (1489, 2067, 0, 0, 0, 0, 0, 0, 0, 0))
2018-04-17 21:25:48.776739;(22, (1303, 1820, 0, 0, 0, 0, 0, 0, 0, 0))
2018-04-17 21:25:48.819754;(23, (1499, 1499, 1394, 0, 0, 0, 0, 0, 0, 0))
2018-04-17 21:25:48.943543;(18, (2025, 2785, 0, 0, 0, 0, 0, 0, 0, 0))
2018-04-17 21:25:48.989530;(14, (3755, 4325, 2308, 0, 0, 0, 0, 0, 0, 0))
2018-04-17 21:25:49.056527;(1, (36644, 36644, 36463, 18232, 0, 0, 0, 0, 0, 0))
2018-04-17 21:25:49.067808;(12, (2841, 3505, 1109, 0, 0, 0, 0, 0, 0, 0))
2018-04-17 21:25:49.304030;(21, (6069, 8181, 0, 0, 0, 0, 0, 0, 0, 0))
2018-04-17 21:25:49.702795;(20, (9976, 10395, 8944, 0, 0, 0, 0, 0, 0, 0))
2018-04-17 21:25:50.167429;(6, (3785, 4679, 1397, 0, 0, 0, 0, 0, 0, 0))
2018-04-17 21:26:48.528869;(11, (540, 788, 0, 0, 0, 0, 0, 0, 0, 0))
2018-04-17 21:26:48.530966;(8, (1074, 1393, 374, 0, 0, 0, 0, 0, 0, 0))
2018-04-17 21:26:48.829798;(23, (1674, 1674, 1559, 0, 0, 0, 0, 0, 0, 0))
2018-04-17 21:26:48.961727;(18, (2266, 3114, 0, 0, 0, 0, 0, 0, 0, 0))
2018-04-17 21:26:49.008322;(14, (4133, 4768, 2528, 0, 0, 0, 0, 0, 0, 0))
2018-04-17 21:26:49.066668;(1, (40933, 40933, 40742, 20372, 0, 0, 0, 0, 0, 0))
2018-04-17 21:26:49.331424;(17, (1365, 1915, 0, 0, 0, 0, 0, 0, 0, 0))
2018-04-17 21:26:49.376092;(16, (1763, 2449, 0, 0, 0, 0, 0, 0, 0, 0))
2018-04-17 21:26:49.440272;(3, (6624, 7406, 4580, 0, 0, 0, 0, 0, 0, 0))
2018-04-17 21:26:49.601871;(19, (1773, 2461, 0, 0, 0, 0, 0, 0, 0, 0))
2018-04-17 21:26:49.719746;(20, (11031, 11501, 9884, 0, 0, 0, 0, 0, 0, 0))
2018-04-17 21:26:49.788100;(22, (1371, 1915, 0, 0, 0, 0, 0, 0, 0, 0))
2018-04-17 21:26:50.083651;(12, (3101, 3818, 1233, 0, 0, 0, 0, 0, 0, 0))
2018-04-17 21:26:50.185540;(6, (4161, 5134, 1565, 0, 0, 0, 0, 0, 0, 0))
2018-04-17 21:27:48.543939;(11, (615, 898, 0, 0, 0, 0, 0, 0, 0, 0))
2018-04-17 21:27:48.840652;(23, (1787, 1787, 1660, 0, 0, 0, 0, 0, 0, 0))
2018-04-17 21:27:49.032655;(14, (4723, 5485, 2781, 0, 0, 0, 0, 0, 0, 0))
2018-04-17 21:27:49.082338;(1, (45146, 45146, 44945, 22475, 0, 0, 0, 0, 0, 0))
2018-04-17 21:27:49.349745;(17, (1543, 2165, 0, 0, 0, 0, 0, 0, 0, 0))
2018-04-17 21:27:49.392053;(16, (1923, 2676, 0, 0, 0, 0, 0, 0, 0, 0))
2018-04-17 21:27:49.454825;(3, (7357, 8199, 5171, 0, 0, 0, 0, 0, 0, 0))
2018-04-17 21:27:49.545551;(8, (1183, 1528, 429, 0, 0, 0, 0, 0, 0, 0))
2018-04-17 21:27:49.613426;(19, (1816, 2523, 0, 0, 0, 0, 0, 0, 0, 0))
2018-04-17 21:27:49.734693;(20, (12043, 12529, 10869, 0, 0, 0, 0, 0, 0, 0))
2018-04-17 21:27:49.804755;(22, (1528, 2133, 0, 0, 0, 0, 0, 0, 0, 0))
2018-04-17 21:27:49.977735;(18, (2407, 3314, 0, 0, 0, 0, 0, 0, 0, 0))
2018-04-17 21:27:50.099004;(12, (3411, 4204, 1351, 0, 0, 0, 0, 0, 0, 0))
2018-04-17 21:28:48.563161;(11, (670, 980, 0, 0, 0, 0, 0, 0, 0, 0))
2018-04-17 21:28:48.850823;(23, (2061, 2061, 1924, 0, 0, 0, 0, 0, 0, 0))
2018-04-17 21:28:49.049663;(14, (5062, 5874, 3008, 0, 0, 0, 0, 0, 0, 0))
2018-04-17 21:28:49.092206;(1, (49433, 49433, 49220, 24613, 0, 0, 0, 0, 0, 0))
2018-04-17 21:28:49.363617;(17, (1691, 2370, 0, 0, 0, 0, 0, 0, 0, 0))
2018-04-17 21:28:49.410838;(16, (1954, 2722, 0, 0, 0, 0, 0, 0, 0, 0))
2018-04-17 21:28:49.474241;(3, (8099, 9028, 5687, 0, 0, 0, 0, 0, 0, 0))
2018-04-17 21:28:49.564641;(8, (1298, 1676, 471, 0, 0, 0, 0, 0, 0, 0))
2018-04-17 21:28:49.631445;(19, (1965, 2728, 0, 0, 0, 0, 0, 0, 0, 0))
2018-04-17 21:28:49.758424;(20, (13181, 13702, 11934, 0, 0, 0, 0, 0, 0, 0))
2018-04-17 21:28:49.826590;(22, (1832, 2552, 0, 0, 0, 0, 0, 0, 0, 0))
2018-04-17 21:28:50.004409;(18, (2792, 3838, 0, 0, 0, 0, 0, 0, 0, 0))
2018-04-17 21:28:50.118996;(12, (3724, 4629, 1372, 0, 0, 0, 0, 0, 0, 0))
2018-04-17 21:29:49.110169;(1, (53404, 53404, 53181, 26593, 0, 0, 0, 0, 0, 0))
2018-04-17 21:29:49.384643;(17, (1821, 2556, 0, 0, 0, 0, 0, 0, 0, 0))
2018-04-17 21:29:49.431799;(16, (2045, 2852, 0, 0, 0, 0, 0, 0, 0, 0))
2018-04-17 21:29:49.497842;(3, (8701, 9696, 6121, 0, 0, 0, 0, 0, 0, 0))
2018-04-17 21:29:49.582784;(11, (730, 1068, 0, 0, 0, 0, 0, 0, 0, 0))
2018-04-17 21:29:49.584209;(8, (1398, 1802, 514, 0, 0, 0, 0, 0, 0, 0))
2018-04-17 21:29:49.649520;(19, (2030, 2820, 0, 0, 0, 0, 0, 0, 0, 0))
2018-04-17 21:29:49.785580;(20, (14199, 14792, 12777, 0, 0, 0, 0, 0, 0, 0))
2018-04-17 21:29:49.849962;(22, (1970, 2746, 0, 0, 0, 0, 0, 0, 0, 0))
2018-04-17 21:29:49.864099;(23, (2206, 2206, 2059, 0, 0, 0, 0, 0, 0, 0))
2018-04-17 21:29:50.067368;(14, (5461, 6341, 3226, 0, 0, 0, 0, 0, 0, 0))
2018-04-17 21:29:50.143269;(12, (4004, 4993, 1438, 0, 0, 0, 0, 0, 0, 0))
2018-04-17 21:30:49.124503;(1, (57829, 57829, 57596, 28801, 0, 0, 0, 0, 0, 0))
2018-04-17 21:30:49.406496;(17, (1996, 2796, 0, 0, 0, 0, 0, 0, 0, 0))
2018-04-17 21:30:49.449665;(16, (2205, 3077, 0, 0, 0, 0, 0, 0, 0, 0))
2018-04-17 21:30:49.525918;(3, (9326, 10413, 6517, 0, 0, 0, 0, 0, 0, 0))
2018-04-17 21:30:49.598831;(11, (751, 1101, 0, 0, 0, 0, 0, 0, 0, 0))
2018-04-17 21:30:49.599914;(8, (1464, 1892, 528, 0, 0, 0, 0, 0, 0, 0))
2018-04-17 21:30:49.670899;(19, (2163, 3005, 0, 0, 0, 0, 0, 0, 0, 0))
2018-04-17 21:30:49.804566;(20, (15222, 15870, 13676, 0, 0, 0, 0, 0, 0, 0))
2018-04-17 21:30:49.868393;(22, (2140, 2982, 0, 0, 0, 0, 0, 0, 0, 0))
2018-04-17 21:30:49.882008;(23, (2471, 2471, 2314, 0, 0, 0, 0, 0, 0, 0))
2018-04-17 21:30:50.047697;(18, (3352, 4608, 0, 0, 0, 0, 0, 0, 0, 0))
2018-04-17 21:30:50.092616;(14, (5783, 6720, 3403, 0, 0, 0, 0, 0, 0, 0))
2018-04-17 21:30:50.159709;(12, (4210, 5235, 1556, 0, 0, 0, 0, 0, 0, 0))
2018-04-17 21:31:49.419989;(17, (2075, 2911, 0, 0, 0, 0, 0, 0, 0, 0))
2018-04-17 21:31:49.469035;(16, (2431, 3391, 0, 0, 0, 0, 0, 0, 0, 0))
2018-04-17 21:31:49.614445;(8, (1500, 1948, 535, 0, 0, 0, 0, 0, 0, 0))
2018-04-17 21:31:49.614979;(11, (764, 1120, 0, 0, 0, 0, 0, 0, 0, 0))
2018-04-17 21:31:49.694888;(19, (2489, 3454, 0, 0, 0, 0, 0, 0, 0, 0))
2018-04-17 21:31:49.821890;(20, (16194, 16880, 14566, 0, 0, 0, 0, 0, 0, 0))
2018-04-17 21:31:49.891036;(23, (2654, 2654, 2487, 0, 0, 0, 0, 0, 0, 0))
2018-04-17 21:31:50.066929;(18, (3602, 4951, 0, 0, 0, 0, 0, 0, 0, 0))
2018-04-17 21:31:50.111716;(14, (6231, 7265, 3598, 0, 0, 0, 0, 0, 0, 0))
2018-04-17 21:31:50.136152;(1, (62141, 62141, 61898, 30953, 0, 0, 0, 0, 0, 0))
2018-04-17 21:31:50.174886;(12, (4418, 5466, 1713, 0, 0, 0, 0, 0, 0, 0))
2018-04-17 21:31:50.545507;(3, (9909, 11057, 6958, 0, 0, 0, 0, 0, 0, 0))
2018-04-17 21:31:50.882947;(22, (2243, 3129, 0, 0, 0, 0, 0, 0, 0, 0))
2018-04-17 21:32:49.628249;(11, (778, 1146, 0, 0, 0, 0, 0, 0, 0, 0))
2018-04-17 21:32:49.902254;(23, (2822, 2822, 2645, 0, 0, 0, 0, 0, 0, 0))
2018-04-17 21:32:50.088492;(18, (3834, 5274, 0, 0, 0, 0, 0, 0, 0, 0))
2018-04-17 21:32:50.151016;(1, (66516, 66516, 66263, 33136, 0, 0, 0, 0, 0, 0))
2018-04-17 21:32:50.439117;(17, (2271, 3187, 0, 0, 0, 0, 0, 0, 0, 0))
2018-04-17 21:32:50.486653;(16, (2630, 3670, 0, 0, 0, 0, 0, 0, 0, 0))
2018-04-17 21:32:50.560683;(3, (10638, 11856, 7512, 0, 0, 0, 0, 0, 0, 0))
2018-04-17 21:32:50.626369;(8, (1549, 2019, 545, 0, 0, 0, 0, 0, 0, 0))
2018-04-17 21:32:50.718151;(19, (2731, 3789, 0, 0, 0, 0, 0, 0, 0, 0))
2018-04-17 21:32:50.844165;(20, (17421, 18171, 15646, 0, 0, 0, 0, 0, 0, 0))
2018-04-17 21:32:50.897935;(22, (2381, 3322, 0, 0, 0, 0, 0, 0, 0, 0))
2018-04-17 21:32:51.189428;(12, (4688, 5790, 1856, 0, 0, 0, 0, 0, 0, 0))
