2018-04-19 03:56:28.657053;(3, (4, 37, 0, 37, 35, 0, 0, 6, 57, 0, 74, 98, 0))
2018-04-19 03:56:28.723899;(16, (5, 18, 0, 18, 17, 0, 0, 9, 33, 0, 43, 59, 0))
2018-04-19 03:56:28.768222;(8, (4, 26, 0, 26, 24, 0, 0, 8, 32, 0, 67, 64, 0))
2018-04-19 03:56:28.814392;(22, (4, 112, 0, 112, 111, 0, 0, 14, 34, 0, 162, 159, 0))
2018-04-19 03:56:28.901814;(11, (4, 38, 0, 38, 35, 0, 0, 12, 64, 0, 52, 111, 0))
2018-04-19 03:56:28.906373;(4, (4, 54, 0, 54, 53, 0, 0, 8, 18, 0, 56, 79, 0))
2018-04-19 03:56:28.937673;(19, (4, 14, 0, 14, 14, 0, 0, 2, 0, 0, 25, 16, 0))
2018-04-19 03:56:28.990700;(10, (4, 25, 0, 25, 25, 0, 0, 4, 0, 0, 61, 29, 0))
2018-04-19 03:56:29.018948;(6, (4, 15, 0, 15, 14, 0, 0, 5, 20, 0, 30, 39, 0))
2018-04-19 03:56:29.042947;(5, (4, 129, 0, 129, 129, 0, 0, 4, 15, 0, 172, 148, 0))
2018-04-19 03:56:29.113861;(15, (4, 21, 0, 21, 20, 0, 0, 3, 15, 0, 48, 38, 0))
2018-04-19 03:56:29.179223;(20, (6, 33, 0, 33, 29, 0, 0, 33, 74, 0, 56, 136, 0))
2018-04-19 03:56:29.197474;(21, (4, 11, 0, 11, 11, 0, 0, 2, 11, 0, 34, 24, 0))
2018-04-19 03:56:29.243207;(13, (5, 86, 0, 86, 86, 0, 0, 12, 16, 0, 93, 114, 0))
2018-04-19 03:56:29.302422;(23, (4, 54, 0, 54, 54, 0, 0, 6, 17, 0, 92, 77, 0))
2018-04-19 03:56:29.358902;(12, (4, 13, 0, 13, 12, 0, 0, 3, 30, 0, 33, 45, 0))
2018-04-19 03:56:29.382385;(1, (4, 104, 0, 104, 104, 0, 0, 0, 9, 0, 255, 113, 0))
2018-04-19 03:56:29.420959;(14, (5, 15, 0, 15, 15, 0, 0, 4, 12, 0, 49, 31, 0))
2018-04-19 03:56:29.463361;(9, (4, 18, 0, 18, 18, 0, 0, 1, 0, 0, 14, 19, 0))
2018-04-19 03:56:29.493787;(18, (4, 52, 0, 52, 51, 0, 0, 1, 27, 0, 67, 79, 0))
2018-04-19 03:56:29.537977;(17, (5, 19, 0, 19, 19, 0, 0, 6, 0, 0, 14, 25, 0))
2018-04-19 03:56:29.621119;(7, (5, 48, 0, 48, 47, 0, 0, 20, 49, 0, 86, 116, 0))
2018-04-19 03:56:58.662714;(3, (4, 180, 0, 180, 177, 0, 0, 13, 155, 0, 240, 345, 0))
2018-04-19 03:56:58.730021;(16, (5, 74, 0, 74, 72, 0, 0, 20, 129, 0, 104, 221, 0))
2018-04-19 03:56:58.775631;(8, (6, 99, 0, 99, 93, 0, 0, 53, 145, 0, 156, 291, 0))
2018-04-19 03:56:58.821651;(22, (6, 457, 0, 457, 443, 0, 0, 175, 430, 0, 513, 1048, 0))
2018-04-19 03:56:58.905974;(11, (4, 97, 0, 97, 89, 0, 0, 27, 173, 0, 123, 289, 0))
2018-04-19 03:56:58.910461;(4, (5, 126, 0, 126, 125, 0, 0, 17, 61, 0, 126, 203, 0))
2018-04-19 03:56:58.944857;(19, (6, 51, 0, 51, 49, 0, 0, 37, 0, 0, 59, 86, 0))
2018-04-19 03:56:58.994705;(10, (5, 116, 0, 116, 113, 0, 0, 27, 196, 0, 153, 336, 0))
2018-04-19 03:56:59.024625;(6, (6, 65, 0, 65, 60, 0, 0, 48, 113, 0, 73, 221, 0))
2018-04-19 03:56:59.050680;(5, (5, 436, 0, 436, 421, 0, 0, 96, 320, 0, 494, 837, 0))
2018-04-19 03:56:59.119808;(15, (5, 85, 0, 85, 83, 0, 0, 14, 48, 0, 117, 145, 0))
2018-04-19 03:56:59.182645;(20, (5, 64, 0, 64, 52, 0, 0, 61, 224, 0, 81, 337, 0))
2018-04-19 03:56:59.202969;(21, (4, 41, 0, 41, 41, 0, 0, 3, 42, 0, 67, 86, 0))
2018-04-19 03:56:59.247994;(13, (6, 199, 0, 199, 193, 0, 0, 76, 105, 0, 197, 374, 0))
2018-04-19 03:56:59.304510;(23, (5, 303, 0, 303, 294, 0, 0, 101, 176, 0, 347, 571, 0))
2018-04-19 03:56:59.363993;(12, (5, 68, 0, 68, 66, 0, 0, 8, 141, 0, 98, 215, 0))
2018-04-19 03:56:59.385595;(1, (5, 530, 1, 529, 516, 0, 0, 91, 686, 1, 741, 1293, 0))
2018-04-19 03:56:59.424766;(14, (5, 94, 0, 94, 91, 0, 0, 31, 133, 0, 136, 255, 0))
2018-04-19 03:56:59.471321;(9, (5, 42, 0, 42, 42, 0, 0, 5, 4, 0, 36, 51, 0))
2018-04-19 03:56:59.497302;(18, (4, 214, 0, 214, 204, 0, 0, 38, 201, 0, 233, 443, 0))
2018-04-19 03:56:59.544889;(17, (6, 40, 0, 40, 38, 0, 0, 26, 15, 0, 29, 79, 0))
2018-04-19 03:56:59.624535;(7, (7, 109, 0, 109, 102, 0, 0, 97, 159, 0, 138, 358, 0))
2018-04-19 03:57:28.667699;(3, (6, 354, 1, 353, 330, 0, 0, 94, 885, 1, 424, 1309, 0))
2018-04-19 03:57:28.734342;(16, (6, 196, 0, 196, 191, 0, 0, 73, 270, 0, 243, 534, 0))
2018-04-19 03:57:28.780644;(8, (6, 182, 0, 182, 171, 0, 0, 106, 239, 0, 246, 516, 0))
2018-04-19 03:57:28.825740;(22, (6, 671, 1, 670, 639, 0, 0, 289, 1025, 1, 723, 1953, 0))
2018-04-19 03:57:28.911143;(11, (5, 159, 0, 159, 148, 0, 0, 40, 363, 0, 198, 551, 0))
2018-04-19 03:57:28.913790;(4, (9, 181, 0, 181, 175, 0, 0, 91, 195, 0, 173, 461, 0))
2018-04-19 03:57:28.950280;(19, (5, 88, 0, 88, 83, 0, 0, 56, 66, 0, 94, 205, 0))
2018-04-19 03:57:29.000865;(10, (5, 332, 0, 332, 313, 0, 0, 121, 704, 0, 374, 1138, 0))
2018-04-19 03:57:29.028120;(6, (7, 100, 0, 100, 90, 0, 0, 106, 134, 0, 111, 330, 0))
2018-04-19 03:57:29.055900;(5, (5, 549, 0, 549, 525, 0, 0, 142, 588, 0, 627, 1255, 0))
2018-04-19 03:57:29.124799;(15, (5, 218, 0, 218, 207, 0, 0, 77, 250, 0, 257, 534, 0))
2018-04-19 03:57:29.192156;(20, (6, 95, 0, 95, 81, 0, 0, 79, 269, 0, 120, 429, 0))
2018-04-19 03:57:29.207605;(21, (5, 178, 0, 178, 171, 0, 0, 52, 236, 0, 224, 459, 0))
2018-04-19 03:57:29.254703;(13, (8, 245, 0, 245, 229, 0, 0, 152, 231, 0, 231, 612, 0))
2018-04-19 03:57:29.307912;(23, (5, 721, 0, 721, 699, 0, 0, 251, 534, 0, 771, 1484, 0))
2018-04-19 03:57:29.368396;(12, (4, 117, 0, 117, 112, 0, 0, 21, 213, 0, 155, 346, 0))
2018-04-19 03:57:29.387888;(1, (5, 904, 1, 903, 856, 0, 0, 246, 1581, 1, 1213, 2683, 0))
2018-04-19 03:57:29.428528;(14, (5, 154, 0, 154, 149, 0, 0, 51, 232, 0, 224, 432, 0))
2018-04-19 03:57:29.476568;(9, (5, 69, 0, 69, 69, 0, 0, 10, 17, 0, 60, 96, 0))
2018-04-19 03:57:29.505833;(18, (5, 511, 0, 511, 490, 0, 0, 109, 548, 0, 529, 1147, 0))
2018-04-19 03:57:29.548557;(17, (5, 64, 0, 64, 62, 0, 0, 32, 15, 0, 44, 109, 0))
2018-04-19 03:57:29.629656;(7, (6, 169, 0, 169, 154, 0, 0, 150, 307, 0, 206, 611, 0))
2018-04-19 03:57:58.673785;(3, (5, 459, 1, 458, 434, 0, 0, 116, 1034, 1, 553, 1584, 0))
2018-04-19 03:57:58.739111;(16, (6, 377, 0, 377, 362, 0, 0, 164, 609, 0, 415, 1135, 0))
2018-04-19 03:57:58.783225;(8, (5, 299, 0, 299, 282, 0, 0, 141, 442, 0, 389, 866, 0))
2018-04-19 03:57:58.832238;(22, (6, 758, 1, 757, 721, 0, 0, 322, 1209, 1, 821, 2252, 0))
2018-04-19 03:57:58.915815;(11, (5, 202, 0, 202, 186, 0, 0, 60, 502, 0, 251, 748, 0))
2018-04-19 03:57:58.920705;(4, (5, 278, 0, 278, 269, 0, 0, 115, 239, 0, 273, 623, 0))
2018-04-19 03:57:58.958303;(19, (6, 149, 0, 149, 142, 0, 0, 80, 223, 0, 153, 445, 0))
2018-04-19 03:57:59.008674;(10, (5, 475, 0, 475, 451, 0, 0, 172, 898, 0, 525, 1521, 0))
2018-04-19 03:57:59.033625;(6, (6, 158, 0, 158, 143, 0, 0, 155, 250, 0, 166, 548, 0))
2018-04-19 03:57:59.064484;(5, (5, 860, 0, 860, 821, 0, 0, 223, 940, 0, 951, 1984, 0))
2018-04-19 03:57:59.130334;(15, (5, 505, 2, 503, 476, 0, 0, 161, 908, 2, 518, 1545, 0))
2018-04-19 03:57:59.195649;(20, (6, 143, 0, 143, 127, 0, 0, 102, 339, 0, 165, 568, 0))
2018-04-19 03:57:59.215523;(21, (5, 302, 0, 302, 288, 0, 0, 90, 457, 0, 378, 835, 0))
2018-04-19 03:57:59.262488;(13, (6, 412, 0, 412, 390, 0, 0, 222, 415, 0, 389, 1027, 0))
2018-04-19 03:57:59.310814;(23, (6, 1067, 0, 1067, 1031, 0, 0, 423, 936, 0, 1118, 2390, 0))
2018-04-19 03:57:59.374098;(12, (5, 178, 0, 178, 169, 0, 0, 30, 376, 0, 233, 575, 0))
2018-04-19 03:57:59.391170;(1, (5, 1340, 1, 1339, 1255, 0, 0, 352, 2868, 1, 1714, 4475, 0))
2018-04-19 03:57:59.432687;(14, (5, 323, 0, 323, 306, 0, 0, 121, 560, 0, 411, 987, 0))
2018-04-19 03:57:59.485037;(9, (4, 101, 0, 101, 101, 0, 0, 12, 17, 0, 88, 130, 0))
2018-04-19 03:57:59.511340;(18, (5, 825, 0, 825, 795, 0, 0, 186, 798, 0, 857, 1779, 0))
2018-04-19 03:57:59.558019;(17, (5, 80, 0, 80, 77, 0, 0, 43, 19, 0, 53, 139, 0))
2018-04-19 03:57:59.633650;(7, (6, 213, 0, 213, 190, 0, 0, 213, 412, 0, 254, 815, 0))
2018-04-19 03:58:28.677202;(3, (5, 502, 1, 501, 475, 0, 0, 124, 1085, 1, 618, 1684, 0))
2018-04-19 03:58:28.742324;(16, (6, 438, 0, 438, 418, 0, 0, 199, 719, 0, 497, 1336, 0))
2018-04-19 03:58:28.785145;(8, (5, 347, 0, 347, 327, 0, 0, 157, 542, 0, 459, 1026, 0))
2018-04-19 03:58:28.836604;(22, (5, 777, 1, 776, 740, 0, 0, 327, 1213, 1, 857, 2280, 0))
2018-04-19 03:58:28.918040;(11, (5, 242, 0, 242, 223, 0, 0, 69, 646, 0, 300, 938, 0))
2018-04-19 03:58:28.926035;(4, (4, 375, 0, 375, 364, 0, 0, 120, 275, 0, 371, 759, 0))
2018-04-19 03:58:28.963694;(19, (7, 169, 0, 169, 159, 0, 0, 110, 255, 0, 178, 524, 0))
2018-04-19 03:58:29.013842;(10, (6, 585, 0, 585, 559, 0, 0, 189, 995, 0, 637, 1743, 0))
2018-04-19 03:58:29.038528;(6, (11, 198, 0, 198, 181, 0, 0, 228, 253, 0, 210, 662, 0))
2018-04-19 03:58:29.070954;(5, (4, 1216, 0, 1216, 1172, 0, 0, 264, 1067, 0, 1328, 2503, 0))
2018-04-19 03:58:29.136695;(15, (5, 620, 2, 618, 588, 0, 0, 178, 1044, 2, 638, 1810, 0))
2018-04-19 03:58:29.199029;(20, (4, 157, 0, 157, 141, 0, 0, 102, 341, 0, 184, 584, 0))
2018-04-19 03:58:29.222211;(21, (4, 335, 0, 335, 321, 0, 0, 91, 457, 0, 417, 869, 0))
2018-04-19 03:58:29.268422;(13, (5, 569, 0, 569, 547, 0, 0, 254, 466, 0, 544, 1267, 0))
2018-04-19 03:58:29.313935;(23, (5, 1191, 0, 1191, 1149, 0, 0, 471, 1077, 0, 1245, 2697, 0))
2018-04-19 03:58:29.376326;(12, (4, 220, 0, 220, 207, 0, 0, 41, 461, 0, 289, 709, 0))
2018-04-19 03:58:29.393835;(1, (5, 1642, 1, 1641, 1551, 0, 0, 389, 3279, 1, 2046, 5219, 0))
2018-04-19 03:58:29.435302;(14, (4, 361, 0, 361, 342, 0, 0, 131, 586, 0, 465, 1059, 0))
2018-04-19 03:58:29.490742;(9, (5, 135, 0, 135, 135, 0, 0, 19, 17, 0, 122, 171, 0))
2018-04-19 03:58:29.517922;(18, (5, 928, 0, 928, 894, 0, 0, 214, 897, 0, 970, 2005, 0))
2018-04-19 03:58:29.560790;(17, (4, 88, 0, 88, 85, 0, 0, 43, 19, 0, 58, 147, 0))
2018-04-19 03:58:29.638402;(7, (7, 231, 0, 231, 208, 0, 0, 225, 441, 0, 284, 874, 0))
2018-04-19 03:58:58.682092;(3, (5, 550, 1, 549, 521, 0, 0, 143, 1180, 1, 685, 1844, 0))
2018-04-19 03:58:58.750355;(16, (5, 559, 0, 559, 534, 0, 0, 252, 819, 0, 635, 1605, 0))
2018-04-19 03:58:58.787305;(8, (5, 434, 0, 434, 401, 0, 0, 211, 828, 0, 561, 1440, 0))
2018-04-19 03:58:58.839719;(22, (4, 802, 1, 801, 761, 0, 0, 338, 1299, 1, 890, 2398, 0))
2018-04-19 03:58:58.922181;(11, (5, 405, 0, 405, 380, 0, 0, 127, 863, 0, 467, 1370, 0))
2018-04-19 03:58:58.931922;(4, (5, 458, 0, 458, 442, 0, 0, 143, 411, 0, 457, 996, 0))
2018-04-19 03:58:58.969625;(19, (5, 186, 0, 186, 174, 0, 0, 127, 271, 0, 197, 572, 0))
2018-04-19 03:58:59.023569;(10, (5, 876, 1, 875, 839, 0, 0, 257, 1317, 1, 924, 2413, 0))
2018-04-19 03:58:59.045894;(6, (7, 411, 0, 411, 386, 0, 0, 368, 496, 0, 418, 1250, 0))
2018-04-19 03:58:59.078463;(5, (5, 1466, 0, 1466, 1413, 0, 0, 313, 1347, 0, 1618, 3073, 0))
2018-04-19 03:58:59.142876;(15, (5, 754, 2, 752, 716, 0, 0, 208, 1272, 2, 769, 2196, 0))
2018-04-19 03:58:59.203130;(20, (5, 172, 0, 172, 155, 0, 0, 111, 363, 0, 205, 629, 0))
2018-04-19 03:58:59.226201;(21, (5, 375, 0, 375, 359, 0, 0, 106, 533, 0, 460, 998, 0))
2018-04-19 03:58:59.275560;(13, (6, 705, 0, 705, 682, 0, 0, 317, 642, 0, 668, 1641, 0))
2018-04-19 03:58:59.315957;(23, (5, 1446, 0, 1446, 1395, 0, 0, 557, 1306, 0, 1511, 3258, 0))
2018-04-19 03:58:59.379873;(12, (5, 314, 0, 314, 297, 0, 0, 60, 629, 0, 393, 986, 0))
2018-04-19 03:58:59.395787;(1, (5, 1975, 1, 1974, 1863, 0, 0, 465, 4034, 1, 2456, 6362, 0))
2018-04-19 03:58:59.438517;(14, (5, 440, 0, 440, 412, 0, 0, 173, 765, 0, 550, 1350, 0))
2018-04-19 03:58:59.494170;(9, (5, 164, 0, 164, 163, 0, 0, 26, 56, 0, 146, 245, 0))
2018-04-19 03:58:59.520516;(18, (4, 1185, 0, 1185, 1146, 0, 0, 259, 987, 0, 1237, 2392, 0))
2018-04-19 03:58:59.566480;(17, (4, 105, 0, 105, 102, 0, 0, 43, 19, 0, 70, 164, 0))
2018-04-19 03:58:59.643831;(7, (7, 298, 0, 298, 273, 0, 0, 276, 514, 0, 361, 1063, 0))
2018-04-19 03:59:28.692070;(3, (6, 641, 1, 640, 601, 0, 0, 180, 1508, 1, 790, 2289, 0))
2018-04-19 03:59:28.754097;(16, (5, 597, 0, 597, 570, 0, 0, 260, 873, 0, 688, 1703, 0))
2018-04-19 03:59:28.842915;(22, (7, 832, 1, 831, 791, 0, 0, 358, 1344, 1, 932, 2493, 0))
2018-04-19 03:59:28.926369;(11, (6, 609, 0, 609, 573, 0, 0, 231, 1231, 0, 682, 2035, 0))
2018-04-19 03:59:28.939173;(4, (5, 555, 0, 555, 538, 0, 0, 159, 435, 0, 558, 1132, 0))
2018-04-19 03:59:28.971786;(19, (7, 221, 0, 221, 204, 0, 0, 160, 389, 0, 235, 753, 0))
2018-04-19 03:59:29.030129;(10, (6, 1020, 1, 1019, 976, 0, 0, 323, 1500, 1, 1073, 2799, 0))
2018-04-19 03:59:29.050781;(6, (6, 501, 0, 501, 469, 0, 0, 450, 586, 0, 530, 1505, 0))
2018-04-19 03:59:29.084276;(5, (5, 1685, 0, 1685, 1629, 0, 0, 345, 1492, 0, 1856, 3466, 0))
2018-04-19 03:59:29.147957;(15, (4, 789, 2, 787, 751, 0, 0, 210, 1280, 2, 814, 2241, 0))
2018-04-19 03:59:29.205191;(20, (5, 197, 0, 197, 180, 0, 0, 116, 402, 0, 239, 698, 0))
2018-04-19 03:59:29.232968;(21, (5, 608, 0, 608, 575, 0, 0, 183, 988, 0, 703, 1746, 0))
2018-04-19 03:59:29.283169;(13, (5, 866, 0, 866, 843, 0, 0, 338, 686, 0, 827, 1867, 0))
2018-04-19 03:59:29.319973;(23, (6, 1724, 0, 1724, 1650, 0, 0, 695, 2043, 0, 1767, 4388, 0))
2018-04-19 03:59:29.383072;(12, (5, 421, 0, 421, 399, 0, 0, 77, 902, 0, 529, 1378, 0))
2018-04-19 03:59:29.398528;(1, (5, 2321, 1, 2320, 2202, 0, 0, 511, 4797, 1, 2841, 7510, 0))
2018-04-19 03:59:29.442440;(14, (5, 498, 0, 498, 465, 0, 0, 200, 873, 0, 630, 1538, 0))
2018-04-19 03:59:29.499600;(9, (6, 199, 0, 199, 198, 0, 0, 43, 56, 0, 177, 297, 0))
2018-04-19 03:59:29.526948;(18, (5, 1412, 0, 1412, 1356, 0, 0, 317, 1463, 0, 1484, 3136, 0))
2018-04-19 03:59:29.571452;(17, (5, 132, 0, 132, 129, 0, 0, 51, 48, 0, 97, 228, 0))
2018-04-19 03:59:29.650591;(7, (7, 390, 0, 390, 355, 0, 0, 359, 810, 0, 470, 1524, 0))
2018-04-19 03:59:58.757496;(16, (6, 763, 0, 763, 730, 0, 0, 314, 1197, 0, 877, 2241, 0))
2018-04-19 03:59:58.844936;(22, (7, 871, 1, 870, 822, 0, 0, 413, 1487, 1, 984, 2722, 0))
2018-04-19 03:59:58.931153;(11, (5, 714, 0, 714, 671, 0, 0, 262, 1531, 0, 793, 2465, 0))
2018-04-19 03:59:58.945543;(4, (4, 649, 0, 649, 632, 0, 0, 159, 451, 0, 653, 1242, 0))
2018-04-19 03:59:58.980019;(19, (7, 256, 0, 256, 235, 0, 0, 206, 448, 0, 267, 889, 0))
2018-04-19 03:59:59.034383;(10, (5, 1123, 1, 1122, 1073, 0, 0, 360, 1645, 1, 1177, 3078, 0))
2018-04-19 03:59:59.058393;(6, (6, 540, 0, 540, 507, 0, 0, 470, 636, 0, 577, 1613, 0))
2018-04-19 03:59:59.089837;(5, (5, 1898, 0, 1898, 1841, 0, 0, 367, 1592, 0, 2088, 3800, 0))
2018-04-19 03:59:59.207565;(20, (6, 228, 0, 228, 209, 0, 0, 138, 453, 0, 278, 800, 0))
2018-04-19 03:59:59.237509;(21, (5, 869, 0, 869, 816, 0, 0, 293, 1412, 0, 965, 2521, 0))
2018-04-19 03:59:59.289444;(13, (5, 1022, 0, 1022, 999, 0, 0, 374, 713, 0, 983, 2086, 0))
2018-04-19 03:59:59.322931;(23, (5, 1948, 0, 1948, 1866, 0, 0, 786, 2345, 0, 2000, 4997, 0))
2018-04-19 03:59:59.400328;(1, (5, 2659, 1, 2658, 2524, 0, 0, 554, 5704, 1, 3235, 8782, 0))
2018-04-19 03:59:59.446037;(14, (5, 553, 0, 553, 518, 0, 0, 207, 1015, 0, 710, 1740, 0))
2018-04-19 03:59:59.505672;(9, (5, 232, 0, 232, 231, 0, 0, 46, 56, 0, 209, 333, 0))
2018-04-19 03:59:59.574972;(17, (5, 150, 0, 150, 145, 0, 0, 68, 63, 0, 104, 276, 0))
2018-04-19 03:59:59.655482;(7, (5, 450, 0, 450, 411, 0, 0, 397, 901, 0, 539, 1709, 0))
2018-04-19 04:00:28.762835;(16, (6, 949, 0, 949, 911, 0, 0, 390, 1375, 0, 1079, 2676, 0))
2018-04-19 04:00:28.847898;(22, (5, 904, 1, 903, 853, 0, 0, 415, 1601, 1, 1025, 2869, 0))
2018-04-19 04:00:28.936805;(11, (6, 807, 0, 807, 763, 0, 0, 290, 1642, 0, 900, 2695, 0))
2018-04-19 04:00:28.954273;(4, (4, 719, 0, 719, 699, 0, 0, 173, 502, 0, 725, 1374, 0))
2018-04-19 04:00:28.987946;(19, (7, 332, 0, 332, 308, 0, 0, 262, 554, 0, 340, 1124, 0))
2018-04-19 04:00:29.041821;(10, (6, 1223, 1, 1222, 1164, 0, 0, 411, 1925, 1, 1273, 3500, 0))
2018-04-19 04:00:29.063750;(6, (5, 572, 0, 572, 539, 0, 0, 474, 667, 0, 619, 1680, 0))
2018-04-19 04:00:29.102118;(5, (5, 2069, 0, 2069, 2011, 0, 0, 404, 1714, 0, 2266, 4129, 0))
2018-04-19 04:00:29.210447;(20, (5, 260, 0, 260, 239, 0, 0, 143, 544, 0, 311, 926, 0))
2018-04-19 04:00:29.242630;(21, (5, 912, 0, 912, 856, 0, 0, 306, 1507, 0, 1014, 2669, 0))
2018-04-19 04:00:29.295390;(13, (5, 1137, 0, 1137, 1112, 0, 0, 413, 783, 0, 1092, 2308, 0))
2018-04-19 04:00:29.327576;(23, (5, 2283, 0, 2283, 2194, 0, 0, 876, 2580, 0, 2337, 5650, 0))
2018-04-19 04:00:29.404468;(1, (5, 3030, 1, 3029, 2871, 0, 0, 612, 6945, 1, 3659, 10428, 0))
2018-04-19 04:00:29.451362;(14, (6, 639, 0, 639, 597, 0, 0, 262, 1223, 0, 807, 2082, 0))
2018-04-19 04:00:29.511789;(9, (5, 259, 0, 259, 258, 0, 0, 52, 78, 0, 234, 388, 0))
2018-04-19 04:00:29.581418;(17, (4, 164, 0, 164, 159, 0, 0, 69, 63, 0, 114, 291, 0))
2018-04-19 04:00:29.658731;(7, (4, 514, 0, 514, 471, 0, 0, 419, 1003, 0, 623, 1893, 0))
2018-04-19 04:00:58.939941;(11, (5, 952, 0, 952, 902, 0, 0, 339, 1869, 0, 1058, 3110, 0))
2018-04-19 04:00:58.991200;(19, (5, 352, 0, 352, 328, 0, 0, 269, 568, 0, 366, 1165, 0))
2018-04-19 04:00:59.045611;(10, (6, 1285, 1, 1284, 1223, 0, 0, 441, 2005, 1, 1333, 3669, 0))
2018-04-19 04:00:59.069330;(6, (5, 599, 0, 599, 564, 0, 0, 489, 711, 0, 649, 1764, 0))
2018-04-19 04:00:59.107588;(5, (5, 2280, 0, 2280, 2221, 0, 0, 426, 1772, 0, 2492, 4419, 0))
2018-04-19 04:00:59.246981;(21, (5, 951, 0, 951, 894, 0, 0, 315, 1540, 0, 1051, 2749, 0))
2018-04-19 04:00:59.300565;(13, (5, 1292, 0, 1292, 1266, 0, 0, 443, 885, 0, 1247, 2594, 0))
2018-04-19 04:00:59.330494;(23, (5, 2539, 0, 2539, 2442, 0, 0, 932, 2860, 0, 2606, 6234, 0))
2018-04-19 04:00:59.407652;(1, (5, 3360, 1, 3359, 3188, 0, 0, 649, 7690, 1, 4035, 11527, 0))
2018-04-19 04:00:59.458594;(14, (5, 745, 0, 745, 697, 0, 0, 292, 1371, 0, 943, 2360, 0))
2018-04-19 04:00:59.773574;(16, (6, 1030, 0, 1030, 987, 0, 0, 451, 1473, 0, 1178, 2911, 0))
2018-04-19 04:00:59.851060;(22, (5, 940, 1, 939, 888, 0, 0, 428, 1628, 1, 1077, 2944, 0))
2018-04-19 04:00:59.963604;(4, (4, 808, 0, 808, 788, 0, 0, 175, 502, 0, 815, 1465, 0))
2018-04-19 04:01:00.212564;(20, (5, 284, 0, 284, 260, 0, 0, 156, 605, 0, 341, 1021, 0))
2018-04-19 04:01:00.520704;(9, (5, 290, 0, 290, 288, 0, 0, 55, 93, 0, 262, 436, 0))
2018-04-19 04:01:00.586539;(17, (5, 181, 0, 181, 175, 0, 0, 76, 78, 0, 122, 329, 0))
2018-04-19 04:01:00.665359;(7, (5, 552, 0, 552, 508, 0, 0, 428, 1060, 0, 683, 1996, 0))
2018-04-19 04:01:28.945552;(11, (5, 1287, 0, 1287, 1219, 0, 0, 494, 2343, 0, 1406, 4056, 0))
2018-04-19 04:01:29.254555;(21, (5, 1182, 0, 1182, 1118, 0, 0, 386, 1739, 0, 1289, 3243, 0))
2018-04-19 04:01:29.334057;(23, (5, 2914, 0, 2914, 2800, 0, 0, 1083, 3270, 0, 2984, 7153, 0))
2018-04-19 04:01:29.410072;(1, (5, 3753, 1, 3752, 3564, 0, 0, 691, 8598, 1, 4481, 12853, 0))
2018-04-19 04:01:29.463401;(14, (5, 912, 0, 912, 850, 0, 0, 374, 1692, 0, 1119, 2916, 0))
2018-04-19 04:01:29.777991;(16, (4, 1073, 0, 1073, 1029, 0, 0, 454, 1516, 0, 1240, 2999, 0))
2018-04-19 04:01:29.854816;(22, (6, 986, 1, 985, 929, 0, 0, 454, 1789, 1, 1134, 3172, 0))
2018-04-19 04:01:29.971298;(4, (5, 877, 0, 877, 856, 0, 0, 188, 565, 0, 885, 1609, 0))
2018-04-19 04:01:29.996509;(19, (6, 394, 0, 394, 370, 0, 0, 283, 654, 0, 411, 1307, 0))
2018-04-19 04:01:30.051724;(10, (5, 1376, 1, 1375, 1311, 0, 0, 457, 2147, 1, 1435, 3915, 0))
2018-04-19 04:01:30.078080;(6, (8, 629, 0, 629, 594, 0, 0, 509, 765, 0, 686, 1868, 0))
2018-04-19 04:01:30.116031;(5, (5, 2469, 0, 2469, 2408, 0, 0, 462, 1872, 0, 2687, 4742, 0))
2018-04-19 04:01:30.216339;(20, (5, 309, 0, 309, 285, 0, 0, 164, 630, 0, 375, 1079, 0))
2018-04-19 04:01:30.308183;(13, (5, 1420, 0, 1420, 1392, 0, 0, 480, 961, 0, 1373, 2833, 0))
2018-04-19 04:01:30.527070;(9, (4, 311, 0, 311, 309, 0, 0, 56, 93, 0, 278, 458, 0))
2018-04-19 04:01:30.593345;(17, (6, 206, 0, 206, 200, 0, 0, 92, 84, 0, 142, 376, 0))
2018-04-19 04:01:30.670017;(7, (6, 617, 0, 617, 565, 0, 0, 498, 1169, 0, 753, 2232, 0))
2018-04-19 04:01:59.411999;(1, (5, 4152, 1, 4151, 3937, 0, 0, 742, 9704, 1, 4943, 14383, 0))
2018-04-19 04:01:59.781579;(16, (5, 1104, 0, 1104, 1058, 0, 0, 463, 1583, 0, 1278, 3104, 0))
2018-04-19 04:01:59.858773;(22, (5, 1023, 1, 1022, 965, 0, 0, 463, 1868, 1, 1179, 3296, 0))
2018-04-19 04:01:59.952024;(11, (5, 1603, 0, 1603, 1523, 0, 0, 618, 2656, 0, 1728, 4797, 0))
2018-04-19 04:01:59.977594;(4, (5, 960, 0, 960, 939, 0, 0, 207, 578, 0, 965, 1724, 0))
2018-04-19 04:01:59.999718;(19, (8, 441, 0, 441, 410, 0, 0, 366, 750, 0, 444, 1526, 0))
2018-04-19 04:02:00.058929;(10, (5, 1496, 1, 1495, 1428, 0, 0, 478, 2257, 1, 1567, 4163, 0))
2018-04-19 04:02:00.084197;(6, (7, 659, 0, 659, 624, 0, 0, 533, 770, 0, 723, 1927, 0))
2018-04-19 04:02:00.121913;(5, (5, 2672, 0, 2672, 2605, 0, 0, 503, 2171, 0, 2880, 5279, 0))
2018-04-19 04:02:00.218418;(20, (4, 345, 0, 345, 319, 0, 0, 171, 682, 0, 424, 1172, 0))
2018-04-19 04:02:00.262277;(21, (5, 1241, 0, 1241, 1172, 0, 0, 409, 1835, 0, 1341, 3416, 0))
2018-04-19 04:02:00.313817;(13, (5, 1551, 0, 1551, 1521, 0, 0, 522, 979, 0, 1507, 3022, 0))
2018-04-19 04:02:00.336305;(23, (5, 3305, 0, 3305, 3183, 0, 0, 1158, 3547, 0, 3382, 7888, 0))
2018-04-19 04:02:00.468376;(14, (6, 939, 0, 939, 876, 0, 0, 382, 1766, 0, 1165, 3024, 0))
2018-04-19 04:02:00.533408;(9, (5, 346, 0, 346, 342, 0, 0, 77, 109, 0, 309, 528, 0))
2018-04-19 04:02:00.596367;(17, (4, 224, 0, 224, 218, 0, 0, 93, 84, 0, 154, 395, 0))
2018-04-19 04:02:00.673974;(7, (5, 731, 0, 731, 672, 0, 0, 544, 1333, 0, 878, 2549, 0))
2018-04-19 04:02:29.416176;(1, (5, 4505, 1, 4504, 4272, 0, 0, 798, 10489, 1, 5327, 15559, 0))
2018-04-19 04:02:29.788189;(16, (6, 1165, 0, 1165, 1114, 0, 0, 492, 1702, 0, 1351, 3308, 0))
2018-04-19 04:02:29.871080;(22, (5, 1050, 1, 1049, 991, 0, 0, 469, 1923, 1, 1231, 3383, 0))
2018-04-19 04:02:29.960386;(11, (5, 1773, 0, 1773, 1681, 0, 0, 676, 3036, 0, 1909, 5393, 0))
2018-04-19 04:02:29.987032;(4, (5, 1054, 0, 1054, 1033, 0, 0, 215, 589, 0, 1062, 1837, 0))
2018-04-19 04:02:30.006642;(19, (5, 456, 0, 456, 425, 0, 0, 371, 764, 0, 465, 1560, 0))
2018-04-19 04:02:30.071879;(10, (5, 1594, 1, 1593, 1524, 0, 0, 499, 2345, 1, 1673, 4368, 0))
2018-04-19 04:02:30.094555;(6, (9, 697, 0, 697, 662, 0, 0, 580, 795, 0, 762, 2037, 0))
2018-04-19 04:02:30.132434;(5, (5, 2898, 0, 2898, 2829, 0, 0, 527, 2311, 0, 3109, 5667, 0))
2018-04-19 04:02:30.225489;(20, (5, 374, 0, 374, 345, 0, 0, 188, 762, 0, 453, 1295, 0))
2018-04-19 04:02:30.273531;(21, (5, 1272, 0, 1272, 1203, 0, 0, 410, 1848, 0, 1377, 3461, 0))
2018-04-19 04:02:30.324160;(13, (5, 1708, 0, 1708, 1677, 0, 0, 550, 1067, 0, 1663, 3294, 0))
2018-04-19 04:02:30.343020;(23, (5, 3531, 0, 3531, 3407, 0, 0, 1223, 3657, 0, 3620, 8287, 0))
2018-04-19 04:02:30.478095;(14, (5, 968, 0, 968, 903, 0, 0, 396, 1813, 0, 1202, 3112, 0))
2018-04-19 04:02:30.544758;(9, (5, 382, 0, 382, 378, 0, 0, 83, 109, 0, 341, 570, 0))
2018-04-19 04:02:30.602175;(17, (6, 231, 0, 231, 225, 0, 0, 97, 84, 0, 161, 406, 0))
2018-04-19 04:02:30.682110;(7, (5, 814, 0, 814, 748, 0, 0, 587, 1553, 0, 977, 2888, 0))
2018-04-19 04:02:59.420014;(1, (4, 4855, 1, 4854, 4606, 0, 0, 837, 11148, 1, 5745, 16591, 0))
2018-04-19 04:02:59.795509;(16, (5, 1341, 0, 1341, 1287, 0, 0, 543, 1856, 0, 1542, 3686, 0))
2018-04-19 04:02:59.879252;(22, (4, 1083, 1, 1082, 1022, 0, 0, 474, 2007, 1, 1282, 3503, 0))
2018-04-19 04:02:59.969893;(11, (5, 1946, 0, 1946, 1850, 0, 0, 698, 3233, 0, 2099, 5781, 0))
2018-04-19 04:02:59.996623;(4, (5, 1147, 0, 1147, 1125, 0, 0, 225, 636, 0, 1155, 1986, 0))
2018-04-19 04:03:00.012030;(19, (9, 475, 0, 475, 441, 0, 0, 402, 826, 0, 484, 1669, 0))
2018-04-19 04:03:00.087542;(10, (5, 1688, 1, 1687, 1618, 0, 0, 518, 2446, 1, 1775, 4582, 0))
2018-04-19 04:03:00.104228;(6, (9, 731, 0, 731, 696, 0, 0, 620, 837, 0, 802, 2153, 0))
2018-04-19 04:03:00.143167;(5, (5, 3223, 0, 3223, 3151, 0, 0, 568, 2383, 0, 3446, 6102, 0))
2018-04-19 04:03:00.233462;(20, (5, 394, 0, 394, 365, 0, 0, 195, 762, 0, 478, 1322, 0))
2018-04-19 04:03:00.284233;(21, (5, 1302, 0, 1302, 1233, 0, 0, 414, 1875, 0, 1416, 3522, 0))
2018-04-19 04:03:00.335972;(13, (5, 1861, 0, 1861, 1829, 0, 0, 579, 1094, 0, 1818, 3502, 0))
2018-04-19 04:03:00.348181;(23, (5, 3757, 0, 3757, 3629, 0, 0, 1294, 3815, 0, 3851, 8738, 0))
2018-04-19 04:03:00.485701;(14, (4, 999, 0, 999, 933, 0, 0, 398, 1881, 0, 1250, 3212, 0))
2018-04-19 04:03:00.554896;(9, (4, 413, 0, 413, 409, 0, 0, 86, 109, 0, 372, 604, 0))
2018-04-19 04:03:00.609471;(17, (4, 232, 0, 232, 226, 0, 0, 97, 84, 0, 164, 407, 0))
2018-04-19 04:03:00.691046;(7, (5, 849, 0, 849, 783, 0, 0, 593, 1565, 0, 1030, 2941, 0))
2018-04-19 04:03:29.423488;(1, (4, 5179, 1, 5178, 4915, 0, 0, 876, 11847, 1, 6089, 17638, 0))
2018-04-19 04:03:29.804716;(16, (5, 1435, 0, 1435, 1378, 0, 0, 568, 1929, 0, 1649, 3875, 0))
2018-04-19 04:03:29.886177;(22, (5, 1095, 1, 1094, 1034, 0, 0, 477, 2035, 1, 1313, 3546, 0))
2018-04-19 04:03:29.980442;(11, (4, 1991, 0, 1991, 1894, 0, 0, 700, 3283, 0, 2158, 5877, 0))
2018-04-19 04:03:30.006955;(4, (4, 1238, 0, 1238, 1212, 0, 0, 244, 706, 0, 1242, 2162, 0))
2018-04-19 04:03:30.019056;(19, (4, 495, 0, 495, 460, 0, 0, 408, 851, 0, 515, 1719, 0))
2018-04-19 04:03:30.102730;(10, (5, 1783, 1, 1782, 1711, 0, 0, 532, 2539, 1, 1887, 4782, 0))
2018-04-19 04:03:30.115545;(6, (8, 777, 0, 777, 740, 0, 0, 665, 944, 0, 842, 2349, 0))
2018-04-19 04:03:30.154102;(5, (5, 3550, 0, 3550, 3473, 0, 0, 615, 2605, 0, 3781, 6693, 0))
2018-04-19 04:03:30.239633;(20, (6, 422, 0, 422, 391, 0, 0, 210, 837, 0, 521, 1438, 0))
2018-04-19 04:03:30.300342;(21, (4, 1332, 0, 1332, 1263, 0, 0, 415, 1881, 0, 1451, 3559, 0))
2018-04-19 04:03:30.346310;(13, (5, 2004, 0, 2004, 1971, 0, 0, 609, 1156, 0, 1966, 3736, 0))
2018-04-19 04:03:30.354313;(23, (5, 3936, 0, 3936, 3808, 0, 0, 1317, 3857, 0, 4043, 8982, 0))
2018-04-19 04:03:30.494143;(14, (7, 1011, 0, 1011, 945, 0, 0, 407, 1893, 0, 1277, 3245, 0))
2018-04-19 04:03:30.566076;(9, (4, 445, 0, 445, 441, 0, 0, 87, 109, 0, 403, 637, 0))
2018-04-19 04:03:30.620946;(17, (4, 233, 0, 233, 227, 0, 0, 97, 84, 0, 169, 408, 0))
2018-04-19 04:03:30.701426;(7, (6, 873, 0, 873, 805, 0, 0, 607, 1632, 0, 1059, 3044, 0))
2018-04-19 04:03:59.429748;(1, (5, 5545, 1, 5544, 5271, 0, 0, 916, 12544, 1, 6498, 18731, 0))
2018-04-19 04:03:59.812168;(16, (5, 1631, 0, 1631, 1566, 0, 0, 637, 2083, 0, 1855, 4286, 0))
2018-04-19 04:03:59.893840;(22, (4, 1117, 1, 1116, 1054, 0, 0, 484, 2085, 1, 1346, 3623, 0))
2018-04-19 04:03:59.990210;(11, (4, 2141, 0, 2141, 2039, 0, 0, 722, 3420, 0, 2330, 6181, 0))
2018-04-19 04:04:00.018067;(4, (4, 1331, 0, 1331, 1305, 0, 0, 247, 706, 0, 1335, 2258, 0))
2018-04-19 04:04:00.025432;(19, (5, 514, 0, 514, 479, 0, 0, 410, 872, 0, 540, 1761, 0))
2018-04-19 04:04:00.113643;(10, (5, 1876, 1, 1875, 1801, 0, 0, 557, 2628, 1, 1988, 4986, 0))
2018-04-19 04:04:00.135191;(6, (7, 829, 0, 829, 791, 0, 0, 696, 1048, 0, 877, 2535, 0))
2018-04-19 04:04:00.165495;(5, (5, 3817, 0, 3817, 3738, 0, 0, 665, 2758, 0, 4058, 7161, 0))
2018-04-19 04:04:00.251002;(20, (6, 457, 0, 457, 422, 0, 0, 231, 923, 0, 553, 1576, 0))
2018-04-19 04:04:00.312124;(21, (4, 1362, 0, 1362, 1293, 0, 0, 416, 1881, 0, 1487, 3590, 0))
2018-04-19 04:04:00.355946;(13, (5, 2155, 0, 2155, 2122, 0, 0, 627, 1158, 0, 2119, 3907, 0))
2018-04-19 04:04:00.358421;(23, (5, 4226, 0, 4226, 4090, 0, 0, 1367, 4143, 0, 4334, 9600, 0))
2018-04-19 04:04:00.503126;(14, (5, 1034, 0, 1034, 967, 0, 0, 409, 1956, 0, 1311, 3332, 0))
2018-04-19 04:04:00.577738;(9, (5, 476, 0, 476, 472, 0, 0, 92, 109, 0, 434, 673, 0))
2018-04-19 04:04:00.628350;(17, (0, 233, 0, 233, 227, 0, 0, 97, 84, 0, 173, 408, 0))
2018-04-19 04:04:00.712070;(7, (6, 893, 0, 893, 825, 0, 0, 614, 1671, 0, 1081, 3110, 0))
2018-04-19 04:04:29.433824;(1, (4, 5872, 1, 5871, 5594, 0, 0, 926, 12945, 1, 6870, 19465, 0))
2018-04-19 04:04:29.815925;(16, (5, 1778, 0, 1778, 1705, 0, 0, 702, 2220, 0, 2010, 4627, 0))
2018-04-19 04:04:29.897746;(22, (5, 1131, 1, 1130, 1068, 0, 0, 486, 2124, 1, 1368, 3678, 0))
2018-04-19 04:04:30.000416;(11, (4, 2288, 0, 2288, 2183, 0, 0, 732, 3491, 0, 2491, 6406, 0))
2018-04-19 04:04:30.025399;(4, (4, 1421, 0, 1421, 1395, 0, 0, 249, 706, 0, 1426, 2350, 0))
2018-04-19 04:04:30.029301;(19, (4, 527, 0, 527, 492, 0, 0, 410, 872, 0, 559, 1774, 0))
2018-04-19 04:04:30.121134;(10, (5, 1971, 1, 1970, 1895, 0, 0, 566, 2663, 1, 2089, 5124, 0))
2018-04-19 04:04:30.142908;(6, (5, 860, 0, 860, 822, 0, 0, 702, 1058, 0, 916, 2582, 0))
2018-04-19 04:04:30.171313;(5, (5, 4028, 0, 4028, 3948, 0, 0, 695, 2828, 0, 4277, 7471, 0))
2018-04-19 04:04:30.257385;(20, (4, 477, 0, 477, 442, 0, 0, 231, 944, 0, 577, 1617, 0))
2018-04-19 04:04:30.320048;(21, (4, 1392, 0, 1392, 1323, 0, 0, 416, 1881, 0, 1520, 3620, 0))
2018-04-19 04:04:30.362750;(13, (4, 2305, 0, 2305, 2272, 0, 0, 631, 1158, 0, 2270, 4061, 0))
2018-04-19 04:04:30.363054;(23, (5, 4393, 0, 4393, 4255, 0, 0, 1392, 4202, 0, 4504, 9849, 0))
2018-04-19 04:04:30.507337;(14, (5, 1046, 0, 1046, 979, 0, 0, 412, 1973, 0, 1339, 3364, 0))
2018-04-19 04:04:30.585836;(9, (4, 507, 0, 507, 503, 0, 0, 93, 109, 0, 464, 705, 0))
2018-04-19 04:04:30.632305;(17, (4, 236, 0, 236, 229, 0, 0, 105, 84, 0, 177, 418, 0))
2018-04-19 04:04:30.717733;(7, (4, 910, 0, 910, 842, 0, 0, 616, 1673, 0, 1110, 3131, 0))
2018-04-19 04:04:59.437331;(1, (4, 6183, 1, 6182, 5896, 0, 0, 941, 13310, 1, 7206, 20147, 0))
2018-04-19 04:04:59.822148;(16, (6, 1887, 0, 1887, 1806, 0, 0, 762, 2396, 0, 2124, 4964, 0))
2018-04-19 04:04:59.900822;(22, (5, 1163, 1, 1162, 1095, 0, 0, 501, 2233, 1, 1415, 3829, 0))
2018-04-19 04:05:00.006314;(11, (4, 2405, 0, 2405, 2294, 0, 0, 746, 3626, 0, 2629, 6666, 0))
2018-04-19 04:05:00.031422;(4, (4, 1511, 0, 1511, 1485, 0, 0, 250, 706, 0, 1518, 2441, 0))
2018-04-19 04:05:00.032610;(19, (4, 535, 0, 535, 499, 0, 0, 413, 889, 0, 575, 1801, 0))
2018-04-19 04:05:00.129918;(10, (5, 2075, 1, 2074, 1999, 0, 0, 573, 2754, 1, 2195, 5326, 0))
2018-04-19 04:05:00.148361;(6, (5, 900, 0, 900, 862, 0, 0, 710, 1124, 0, 962, 2696, 0))
2018-04-19 04:05:00.177401;(5, (4, 4240, 0, 4240, 4159, 0, 0, 708, 2883, 0, 4500, 7750, 0))
2018-04-19 04:05:00.264152;(20, (6, 523, 0, 523, 486, 0, 0, 251, 1068, 0, 629, 1805, 0))
2018-04-19 04:05:00.326393;(21, (4, 1468, 0, 1468, 1398, 0, 0, 419, 1908, 0, 1602, 3725, 0))
2018-04-19 04:05:00.367976;(13, (4, 2457, 0, 2457, 2424, 0, 0, 641, 1172, 0, 2421, 4237, 0))
2018-04-19 04:05:00.368271;(23, (5, 4542, 0, 4542, 4404, 0, 0, 1408, 4318, 0, 4663, 10130, 0))
2018-04-19 04:05:00.510993;(14, (4, 1163, 0, 1163, 1093, 0, 0, 430, 2121, 0, 1474, 3644, 0))
2018-04-19 04:05:00.591045;(9, (4, 537, 0, 537, 533, 0, 0, 94, 109, 0, 494, 736, 0))
2018-04-19 04:05:00.635847;(17, (5, 250, 0, 250, 243, 0, 0, 108, 99, 0, 186, 450, 0))
2018-04-19 04:05:00.720387;(7, (5, 944, 0, 944, 876, 0, 0, 618, 1737, 0, 1172, 3231, 0))
2018-04-19 04:05:29.441586;(1, (4, 6458, 1, 6457, 6165, 0, 0, 966, 13594, 1, 7525, 20725, 0))
2018-04-19 04:05:29.829320;(16, (5, 1991, 0, 1991, 1906, 0, 0, 807, 2557, 0, 2241, 5270, 0))
2018-04-19 04:05:29.904224;(22, (6, 1189, 1, 1188, 1119, 0, 0, 514, 2291, 1, 1454, 3924, 0))
2018-04-19 04:05:30.010083;(11, (5, 2482, 0, 2482, 2368, 0, 0, 755, 3743, 0, 2731, 6866, 0))
2018-04-19 04:05:30.037545;(19, (7, 549, 0, 549, 513, 0, 0, 422, 889, 0, 595, 1824, 0))
2018-04-19 04:05:30.038437;(4, (4, 1562, 0, 1562, 1534, 0, 0, 255, 762, 0, 1570, 2551, 0))
2018-04-19 04:05:30.136469;(10, (4, 2241, 1, 2240, 2165, 0, 0, 574, 2772, 1, 2377, 5511, 0))
2018-04-19 04:05:30.153982;(6, (7, 933, 0, 933, 895, 0, 0, 730, 1148, 0, 1002, 2773, 0))
2018-04-19 04:05:30.181764;(5, (4, 4388, 0, 4388, 4306, 0, 0, 724, 2931, 0, 4657, 7961, 0))
2018-04-19 04:05:30.267376;(20, (5, 575, 0, 575, 533, 0, 0, 274, 1179, 0, 690, 1986, 0))
2018-04-19 04:05:30.332062;(21, (4, 1530, 0, 1530, 1458, 0, 0, 431, 1940, 0, 1675, 3829, 0))
2018-04-19 04:05:30.371968;(23, (5, 4684, 0, 4684, 4544, 0, 0, 1433, 4376, 0, 4820, 10353, 0))
2018-04-19 04:05:30.375313;(13, (5, 2539, 0, 2539, 2505, 0, 0, 652, 1211, 0, 2507, 4368, 0))
2018-04-19 04:05:30.514275;(14, (4, 1272, 0, 1272, 1198, 0, 0, 449, 2281, 0, 1609, 3928, 0))
2018-04-19 04:05:30.595491;(9, (5, 563, 0, 563, 559, 0, 0, 98, 136, 0, 517, 793, 0))
2018-04-19 04:05:30.643671;(17, (3, 252, 0, 252, 245, 0, 0, 108, 99, 0, 190, 452, 0))
2018-04-19 04:05:30.723357;(7, (5, 971, 0, 971, 902, 0, 0, 625, 1782, 0, 1208, 3309, 0))
2018-04-19 04:05:59.835423;(16, (5, 2202, 0, 2202, 2109, 0, 0, 865, 2795, 0, 2464, 5769, 0))
2018-04-19 04:05:59.906895;(22, (5, 1218, 1, 1217, 1144, 0, 0, 530, 2403, 1, 1491, 4077, 0))
2018-04-19 04:06:00.014412;(11, (4, 2642, 0, 2642, 2524, 0, 0, 767, 3916, 0, 2905, 7207, 0))
2018-04-19 04:06:00.041854;(4, (4, 1563, 0, 1563, 1535, 0, 0, 255, 762, 0, 1571, 2552, 0))
2018-04-19 04:06:00.042053;(19, (7, 567, 0, 567, 530, 0, 0, 439, 896, 0, 616, 1865, 0))
2018-04-19 04:06:00.142484;(10, (5, 2429, 1, 2428, 2353, 0, 0, 597, 2942, 1, 2585, 5892, 0))
2018-04-19 04:06:00.159218;(6, (7, 963, 0, 963, 925, 0, 0, 750, 1166, 0, 1040, 2841, 0))
2018-04-19 04:06:00.186537;(5, (4, 4502, 0, 4502, 4417, 0, 0, 736, 3019, 0, 4771, 8172, 0))
2018-04-19 04:06:00.271505;(20, (5, 603, 0, 603, 559, 0, 0, 286, 1256, 0, 737, 2101, 0))
2018-04-19 04:06:00.338690;(21, (4, 1635, 0, 1635, 1563, 0, 0, 433, 1967, 0, 1792, 3963, 0))
2018-04-19 04:06:00.374849;(23, (5, 4913, 0, 4913, 4767, 0, 0, 1482, 4498, 0, 5055, 10747, 0))
2018-04-19 04:06:00.385774;(13, (4, 2572, 0, 2572, 2538, 0, 0, 654, 1216, 0, 2543, 4408, 0))
2018-04-19 04:06:00.444424;(1, (4, 6752, 1, 6751, 6445, 0, 0, 1013, 14149, 1, 7864, 21607, 0))
2018-04-19 04:06:00.516675;(14, (5, 1368, 0, 1368, 1293, 0, 0, 465, 2425, 0, 1710, 4183, 0))
2018-04-19 04:06:00.598158;(9, (4, 564, 0, 564, 560, 0, 0, 98, 136, 0, 518, 794, 0))
2018-04-19 04:06:00.647312;(17, (4, 261, 0, 261, 254, 0, 0, 108, 99, 0, 197, 461, 0))
2018-04-19 04:06:00.727821;(7, (5, 1011, 0, 1011, 940, 0, 0, 640, 1837, 0, 1259, 3417, 0))
2018-04-19 04:06:29.841739;(16, (5, 2276, 0, 2276, 2178, 0, 0, 893, 2903, 0, 2559, 5974, 0))
2018-04-19 04:06:29.909771;(22, (6, 1242, 1, 1241, 1165, 0, 0, 544, 2502, 1, 1549, 4211, 0))
2018-04-19 04:06:30.018371;(11, (4, 2691, 0, 2691, 2570, 0, 0, 775, 3987, 0, 2977, 7332, 0))
2018-04-19 04:06:30.044412;(19, (6, 588, 0, 588, 550, 0, 0, 455, 899, 0, 641, 1904, 0))
2018-04-19 04:06:30.045636;(4, (4, 1564, 0, 1564, 1536, 0, 0, 255, 762, 0, 1573, 2553, 0))
2018-04-19 04:06:30.147965;(10, (4, 2528, 1, 2527, 2450, 0, 0, 606, 3015, 1, 2701, 6071, 0))
2018-04-19 04:06:30.165401;(6, (7, 1003, 0, 1003, 964, 0, 0, 776, 1315, 0, 1079, 3055, 0))
2018-04-19 04:06:30.191301;(5, (5, 4724, 0, 4724, 4635, 0, 0, 779, 3129, 0, 5008, 8543, 0))
2018-04-19 04:06:30.275936;(20, (5, 647, 0, 647, 599, 0, 0, 304, 1355, 0, 787, 2258, 0))
2018-04-19 04:06:30.344287;(21, (4, 1751, 0, 1751, 1675, 0, 0, 458, 2042, 0, 1937, 4175, 0))
2018-04-19 04:06:30.378973;(23, (5, 5067, 0, 5067, 4919, 0, 0, 1502, 4625, 0, 5221, 11046, 0))
2018-04-19 04:06:30.391397;(13, (5, 2602, 0, 2602, 2568, 0, 0, 656, 1223, 0, 2576, 4447, 0))
2018-04-19 04:06:30.446488;(1, (4, 7000, 1, 6999, 6685, 0, 0, 1035, 14508, 1, 8151, 22228, 0))
2018-04-19 04:06:30.518752;(14, (6, 1426, 0, 1426, 1346, 0, 0, 495, 2591, 0, 1801, 4432, 0))
2018-04-19 04:06:30.601809;(9, (4, 565, 0, 565, 561, 0, 0, 98, 136, 0, 519, 795, 0))
2018-04-19 04:06:30.651600;(17, (5, 270, 0, 270, 263, 0, 0, 111, 99, 0, 204, 473, 0))
2018-04-19 04:06:30.730656;(7, (4, 1033, 0, 1033, 959, 0, 0, 647, 1895, 0, 1307, 3501, 0))
2018-04-19 04:06:59.844058;(16, (5, 2306, 0, 2306, 2205, 0, 0, 904, 3005, 0, 2602, 6114, 0))
2018-04-19 04:06:59.911786;(22, (6, 1282, 1, 1281, 1204, 0, 0, 552, 2590, 1, 1610, 4346, 0))
2018-04-19 04:07:00.022262;(11, (6, 2737, 0, 2737, 2609, 0, 0, 804, 4156, 0, 3043, 7569, 0))
2018-04-19 04:07:00.048160;(19, (4, 600, 0, 600, 561, 0, 0, 459, 911, 0, 664, 1931, 0))
2018-04-19 04:07:00.051921;(4, (5, 1660, 0, 1660, 1630, 0, 0, 276, 782, 0, 1665, 2688, 0))
2018-04-19 04:07:00.154157;(10, (4, 2646, 1, 2645, 2566, 0, 0, 625, 3050, 1, 2832, 6241, 0))
2018-04-19 04:07:00.169395;(6, (4, 1035, 0, 1035, 994, 0, 0, 783, 1352, 0, 1115, 3129, 0))
2018-04-19 04:07:00.198261;(5, (5, 4942, 0, 4942, 4847, 0, 0, 842, 3204, 0, 5243, 8893, 0))
2018-04-19 04:07:00.279213;(20, (5, 684, 0, 684, 636, 0, 0, 310, 1429, 0, 834, 2375, 0))
2018-04-19 04:07:00.350247;(21, (5, 1814, 0, 1814, 1735, 0, 0, 468, 2128, 0, 2011, 4331, 0))
2018-04-19 04:07:00.381894;(23, (4, 5131, 0, 5131, 4983, 0, 0, 1504, 4652, 0, 5298, 11139, 0))
2018-04-19 04:07:00.395285;(13, (5, 2744, 0, 2744, 2709, 0, 0, 674, 1262, 0, 2721, 4645, 0))
2018-04-19 04:07:00.449398;(1, (4, 7239, 1, 7238, 6918, 0, 0, 1050, 14849, 1, 8423, 22817, 0))
2018-04-19 04:07:00.522180;(14, (6, 1486, 0, 1486, 1403, 0, 0, 511, 2747, 0, 1889, 4661, 0))
2018-04-19 04:07:00.606765;(9, (5, 603, 0, 603, 598, 0, 0, 111, 160, 0, 554, 869, 0))
2018-04-19 04:07:00.657367;(17, (4, 283, 0, 283, 276, 0, 0, 111, 113, 0, 221, 500, 0))
2018-04-19 04:07:00.738041;(7, (5, 1084, 0, 1084, 1008, 0, 0, 656, 2053, 0, 1386, 3717, 0))
2018-04-19 04:07:30.029792;(11, (6, 2942, 0, 2942, 2804, 0, 0, 880, 4614, 0, 3258, 8298, 0))
2018-04-19 04:07:30.051358;(19, (5, 617, 0, 617, 577, 0, 0, 468, 926, 0, 688, 1971, 0))
2018-04-19 04:07:30.160174;(10, (6, 2836, 1, 2835, 2752, 0, 0, 675, 3338, 1, 3027, 6765, 0))
2018-04-19 04:07:30.174173;(6, (9, 1069, 0, 1069, 1028, 0, 0, 817, 1440, 0, 1156, 3285, 0))
2018-04-19 04:07:30.203062;(5, (5, 5161, 0, 5161, 5059, 0, 0, 903, 3408, 0, 5470, 9370, 0))
2018-04-19 04:07:30.355663;(21, (4, 1851, 0, 1851, 1770, 0, 0, 477, 2152, 0, 2050, 4399, 0))
2018-04-19 04:07:30.383978;(23, (5, 5406, 0, 5406, 5252, 0, 0, 1560, 4819, 0, 5580, 11631, 0))
2018-04-19 04:07:30.401297;(13, (5, 2893, 0, 2893, 2858, 0, 0, 708, 1318, 0, 2872, 4884, 0))
2018-04-19 04:07:30.453402;(1, (5, 7600, 1, 7599, 7249, 0, 0, 1112, 15976, 1, 8833, 24337, 0))
2018-04-19 04:07:30.527216;(14, (5, 1546, 0, 1546, 1462, 0, 0, 519, 2853, 0, 1970, 4834, 0))
2018-04-19 04:07:30.613575;(9, (4, 633, 0, 633, 628, 0, 0, 112, 160, 0, 584, 900, 0))
2018-04-19 04:07:30.741582;(7, (4, 1124, 0, 1124, 1045, 0, 0, 667, 2099, 0, 1442, 3811, 0))
2018-04-19 04:07:30.848576;(16, (5, 2343, 0, 2343, 2240, 0, 0, 913, 3061, 0, 2659, 6214, 0))
2018-04-19 04:07:30.915601;(22, (5, 1303, 1, 1302, 1223, 0, 0, 565, 2635, 1, 1647, 4423, 0))
2018-04-19 04:07:31.059498;(4, (5, 1749, 0, 1749, 1719, 0, 0, 286, 794, 0, 1757, 2799, 0))
2018-04-19 04:07:31.283902;(20, (5, 748, 0, 748, 698, 0, 0, 324, 1517, 0, 903, 2539, 0))
2018-04-19 04:07:31.661826;(17, (3, 285, 0, 285, 278, 0, 0, 111, 113, 0, 227, 502, 0))
2018-04-19 04:08:00.033300;(11, (5, 3023, 0, 3023, 2884, 0, 0, 892, 4695, 0, 3362, 8471, 0))
2018-04-19 04:08:00.166230;(10, (4, 2935, 1, 2934, 2850, 0, 0, 680, 3387, 1, 3141, 6917, 0))
2018-04-19 04:08:00.179485;(6, (8, 1106, 0, 1106, 1065, 0, 0, 853, 1444, 0, 1201, 3362, 0))
2018-04-19 04:08:00.208314;(5, (4, 5329, 0, 5329, 5223, 0, 0, 932, 3478, 0, 5645, 9634, 0))
2018-04-19 04:08:00.361477;(21, (5, 1882, 0, 1882, 1801, 0, 0, 483, 2186, 0, 2088, 4470, 0))
2018-04-19 04:08:00.386704;(23, (5, 5517, 0, 5517, 5361, 0, 0, 1577, 4927, 0, 5705, 11865, 0))
2018-04-19 04:08:00.406314;(13, (5, 3008, 0, 3008, 2972, 0, 0, 720, 1388, 0, 2987, 5080, 0))
2018-04-19 04:08:00.456695;(1, (4, 7861, 1, 7860, 7501, 0, 0, 1138, 16396, 1, 9125, 25035, 0))
2018-04-19 04:08:00.530370;(14, (5, 1574, 0, 1574, 1489, 0, 0, 525, 2897, 0, 2025, 4911, 0))
2018-04-19 04:08:00.617352;(9, (5, 655, 0, 655, 649, 0, 0, 116, 175, 0, 602, 940, 0))
2018-04-19 04:08:00.854511;(16, (5, 2361, 0, 2361, 2257, 0, 0, 921, 3078, 0, 2691, 6256, 0))
2018-04-19 04:08:00.918679;(22, (5, 1318, 1, 1317, 1237, 0, 0, 569, 2655, 1, 1682, 4461, 0))
2018-04-19 04:08:01.057741;(19, (4, 631, 0, 631, 591, 0, 0, 468, 926, 0, 707, 1985, 0))
2018-04-19 04:08:01.065343;(4, (4, 1813, 0, 1813, 1783, 0, 0, 286, 835, 0, 1823, 2904, 0))
2018-04-19 04:08:01.290542;(20, (5, 788, 0, 788, 737, 0, 0, 339, 1577, 0, 959, 2653, 0))
2018-04-19 04:08:01.666713;(17, (3, 295, 0, 295, 288, 0, 0, 111, 113, 0, 236, 512, 0))
2018-04-19 04:08:01.745941;(7, (5, 1164, 0, 1164, 1085, 0, 0, 670, 2180, 0, 1500, 3935, 0))
2018-04-19 04:08:30.038958;(11, (6, 3268, 0, 3268, 3120, 0, 0, 987, 5009, 0, 3613, 9116, 0))
2018-04-19 04:08:30.171040;(10, (5, 3111, 1, 3110, 3019, 0, 0, 733, 3594, 1, 3329, 7346, 0))
2018-04-19 04:08:30.367456;(21, (5, 1917, 0, 1917, 1835, 0, 0, 492, 2228, 0, 2124, 4555, 0))
2018-04-19 04:08:30.392109;(23, (5, 5831, 0, 5831, 5670, 0, 0, 1653, 5125, 0, 6027, 12448, 0))
2018-04-19 04:08:30.462239;(1, (5, 8217, 1, 8216, 7832, 0, 0, 1211, 17550, 1, 9534, 26593, 0))
2018-04-19 04:08:30.535171;(14, (5, 1654, 0, 1654, 1565, 0, 0, 540, 3057, 0, 2120, 5162, 0))
2018-04-19 04:08:30.858175;(16, (5, 2391, 0, 2391, 2284, 0, 0, 932, 3164, 0, 2728, 6380, 0))
2018-04-19 04:08:30.921832;(22, (4, 1346, 1, 1345, 1263, 0, 0, 571, 2727, 1, 1718, 4561, 0))
2018-04-19 04:08:31.060078;(19, (4, 649, 0, 649, 608, 0, 0, 479, 928, 0, 726, 2015, 0))
2018-04-19 04:08:31.069369;(4, (4, 1869, 0, 1869, 1838, 0, 0, 291, 867, 0, 1881, 2996, 0))
2018-04-19 04:08:31.185367;(6, (8, 1144, 0, 1144, 1101, 0, 0, 892, 1472, 0, 1242, 3465, 0))
2018-04-19 04:08:31.213756;(5, (5, 5554, 0, 5554, 5441, 0, 0, 990, 3763, 0, 5861, 10194, 0))
2018-04-19 04:08:31.297561;(20, (7, 844, 0, 844, 787, 0, 0, 381, 1717, 0, 1024, 2885, 0))
2018-04-19 04:08:31.410853;(13, (6, 3112, 0, 3112, 3075, 0, 0, 758, 1424, 0, 3091, 5257, 0))
2018-04-19 04:08:31.622377;(9, (4, 679, 0, 679, 672, 0, 0, 121, 190, 0, 623, 983, 0))
2018-04-19 04:08:31.669329;(17, (7, 310, 0, 310, 302, 0, 0, 124, 136, 0, 245, 562, 0))
2018-04-19 04:08:31.751845;(7, (5, 1219, 0, 1219, 1138, 0, 0, 684, 2304, 0, 1566, 4126, 0))
2018-04-19 04:09:00.042430;(11, (6, 3381, 0, 3381, 3230, 0, 0, 1023, 5157, 0, 3739, 9410, 0))
2018-04-19 04:09:00.178315;(10, (5, 3204, 1, 3203, 3110, 0, 0, 755, 3621, 1, 3439, 7486, 0))
2018-04-19 04:09:00.373733;(21, (5, 2034, 0, 2034, 1945, 0, 0, 532, 2386, 0, 2246, 4863, 0))
2018-04-19 04:09:00.395379;(23, (5, 5959, 0, 5959, 5793, 0, 0, 1701, 5224, 0, 6172, 12718, 0))
2018-04-19 04:09:00.464012;(1, (4, 8520, 1, 8519, 8121, 0, 0, 1252, 18131, 1, 9895, 27504, 0))
2018-04-19 04:09:00.538685;(14, (5, 1697, 0, 1697, 1607, 0, 0, 550, 3115, 0, 2185, 5272, 0))
2018-04-19 04:09:00.861545;(16, (4, 2412, 0, 2412, 2304, 0, 0, 933, 3196, 0, 2764, 6433, 0))
2018-04-19 04:09:00.924892;(22, (5, 1365, 1, 1364, 1281, 0, 0, 579, 2757, 1, 1760, 4617, 0))
2018-04-19 04:09:01.066023;(19, (5, 664, 0, 664, 622, 0, 0, 484, 946, 0, 745, 2052, 0))
2018-04-19 04:09:01.078927;(4, (5, 1973, 0, 1973, 1940, 0, 0, 311, 939, 0, 1988, 3190, 0))
2018-04-19 04:09:01.190240;(6, (5, 1179, 0, 1179, 1135, 0, 0, 908, 1477, 0, 1280, 3520, 0))
2018-04-19 04:09:01.221956;(5, (5, 5785, 0, 5785, 5669, 0, 0, 1041, 3888, 0, 6118, 10598, 0))
2018-04-19 04:09:01.301918;(20, (4, 865, 0, 865, 806, 0, 0, 387, 1754, 0, 1055, 2947, 0))
2018-04-19 04:09:01.415451;(13, (5, 3282, 0, 3282, 3243, 0, 0, 780, 1544, 0, 3254, 5567, 0))
2018-04-19 04:09:01.628983;(9, (5, 713, 0, 713, 706, 0, 0, 127, 190, 0, 657, 1023, 0))
2018-04-19 04:09:01.671372;(17, (3, 316, 0, 316, 308, 0, 0, 124, 136, 0, 251, 568, 0))
2018-04-19 04:09:01.756025;(7, (4, 1232, 0, 1232, 1151, 0, 0, 684, 2317, 0, 1593, 4152, 0))
2018-04-19 04:09:30.185602;(10, (4, 3296, 1, 3295, 3201, 0, 0, 759, 3636, 1, 3541, 7596, 0))
2018-04-19 04:09:30.379013;(21, (4, 2079, 0, 2079, 1986, 0, 0, 542, 2469, 0, 2300, 4997, 0))
2018-04-19 04:09:30.468102;(1, (4, 8771, 1, 8770, 8370, 0, 0, 1268, 18312, 1, 10169, 27950, 0))
2018-04-19 04:09:30.863753;(16, (3, 2414, 0, 2414, 2306, 0, 0, 933, 3196, 0, 2785, 6435, 0))
2018-04-19 04:09:30.926642;(22, (5, 1382, 1, 1381, 1298, 0, 0, 581, 2801, 1, 1797, 4680, 0))
2018-04-19 04:09:31.045267;(11, (4, 3390, 0, 3390, 3239, 0, 0, 1023, 5157, 0, 3763, 9419, 0))
2018-04-19 04:09:31.070489;(19, (4, 674, 0, 674, 631, 0, 0, 488, 958, 0, 760, 2077, 0))
2018-04-19 04:09:31.087340;(4, (4, 2069, 0, 2069, 2034, 0, 0, 322, 977, 0, 2085, 3333, 0))
2018-04-19 04:09:31.195886;(6, (4, 1210, 0, 1210, 1166, 0, 0, 908, 1487, 0, 1324, 3561, 0))
2018-04-19 04:09:31.226179;(5, (5, 5832, 0, 5832, 5714, 0, 0, 1065, 3925, 0, 6174, 10704, 0))
2018-04-19 04:09:31.305783;(20, (4, 877, 0, 877, 817, 0, 0, 391, 1769, 0, 1083, 2977, 0))
2018-04-19 04:09:31.398291;(23, (5, 6002, 0, 6002, 5835, 0, 0, 1718, 5241, 0, 6223, 12794, 0))
2018-04-19 04:09:31.423658;(13, (4, 3494, 0, 3494, 3452, 0, 0, 811, 1651, 0, 3465, 5914, 0))
2018-04-19 04:09:31.541854;(14, (5, 1717, 0, 1717, 1626, 0, 0, 561, 3115, 0, 2222, 5302, 0))
2018-04-19 04:09:31.634962;(9, (4, 747, 0, 747, 740, 0, 0, 129, 190, 0, 690, 1059, 0))
2018-04-19 04:09:31.673586;(17, (4, 324, 0, 324, 316, 0, 0, 124, 136, 0, 256, 576, 0))
2018-04-19 04:09:31.759196;(7, (4, 1244, 0, 1244, 1162, 0, 0, 687, 2344, 0, 1623, 4193, 0))
2018-04-19 04:10:00.193557;(10, (5, 3427, 1, 3426, 3331, 0, 0, 787, 3741, 1, 3678, 7859, 0))
2018-04-19 04:10:00.471271;(1, (5, 9065, 1, 9064, 8643, 0, 0, 1347, 18961, 1, 10524, 28951, 0))
2018-04-19 04:10:00.866956;(16, (5, 2439, 0, 2439, 2329, 0, 0, 942, 3261, 0, 2816, 6532, 0))
2018-04-19 04:10:00.931693;(22, (5, 1410, 1, 1409, 1323, 0, 0, 592, 2894, 1, 1836, 4809, 0))
2018-04-19 04:10:01.049511;(11, (6, 3580, 0, 3580, 3421, 0, 0, 1108, 5417, 0, 3978, 9946, 0))
2018-04-19 04:10:01.073750;(19, (6, 684, 0, 684, 641, 0, 0, 490, 981, 0, 774, 2112, 0))
2018-04-19 04:10:01.095575;(4, (6, 2129, 0, 2129, 2094, 0, 0, 332, 1041, 0, 2142, 3467, 0))
2018-04-19 04:10:01.204702;(6, (7, 1248, 0, 1248, 1204, 0, 0, 928, 1532, 0, 1370, 3664, 0))
2018-04-19 04:10:01.231277;(5, (5, 5875, 0, 5875, 5753, 0, 0, 1083, 4022, 0, 6220, 10858, 0))
2018-04-19 04:10:01.309901;(20, (5, 917, 0, 917, 855, 0, 0, 414, 1821, 0, 1139, 3090, 0))
2018-04-19 04:10:01.385213;(21, (5, 2259, 0, 2259, 2159, 0, 0, 576, 2677, 0, 2490, 5412, 0))
2018-04-19 04:10:01.406232;(23, (4, 6192, 0, 6192, 6021, 0, 0, 1742, 5336, 0, 6427, 13099, 0))
2018-04-19 04:10:01.430441;(13, (5, 3605, 0, 3605, 3560, 0, 0, 853, 1752, 0, 3574, 6165, 0))
2018-04-19 04:10:01.545504;(14, (5, 1804, 0, 1804, 1708, 0, 0, 575, 3290, 0, 2321, 5573, 0))
2018-04-19 04:10:01.637588;(9, (5, 760, 0, 760, 753, 0, 0, 131, 205, 0, 703, 1089, 0))
2018-04-19 04:10:01.675947;(17, (4, 340, 0, 340, 331, 0, 0, 128, 151, 0, 266, 610, 0))
2018-04-19 04:10:01.762968;(7, (4, 1285, 0, 1285, 1202, 0, 0, 691, 2386, 0, 1675, 4279, 0))
2018-04-19 04:10:30.475620;(1, (4, 9385, 1, 9384, 8944, 0, 0, 1392, 19642, 1, 10889, 29978, 0))
2018-04-19 04:10:30.870400;(16, (4, 2471, 0, 2471, 2360, 0, 0, 944, 3321, 0, 2867, 6625, 0))
2018-04-19 04:10:30.936445;(22, (6, 1434, 1, 1433, 1346, 0, 0, 608, 2950, 1, 1881, 4904, 0))
2018-04-19 04:10:31.056289;(11, (6, 3775, 0, 3775, 3612, 0, 0, 1183, 5664, 0, 4187, 10459, 0))
2018-04-19 04:10:31.079307;(19, (6, 704, 0, 704, 659, 0, 0, 511, 995, 0, 798, 2165, 0))
2018-04-19 04:10:31.102493;(4, (4, 2208, 0, 2208, 2173, 0, 0, 335, 1041, 0, 2225, 3549, 0))
2018-04-19 04:10:31.199619;(10, (4, 3510, 1, 3509, 3413, 0, 0, 800, 3760, 1, 3775, 7973, 0))
2018-04-19 04:10:31.211452;(6, (5, 1273, 0, 1273, 1229, 0, 0, 933, 1551, 0, 1407, 3713, 0))
2018-04-19 04:10:31.235849;(5, (5, 5956, 0, 5956, 5832, 0, 0, 1108, 4116, 0, 6320, 11056, 0))
2018-04-19 04:10:31.313719;(20, (6, 963, 0, 963, 897, 0, 0, 443, 1923, 0, 1197, 3263, 0))
2018-04-19 04:10:31.391446;(21, (4, 2465, 0, 2465, 2353, 0, 0, 618, 2943, 0, 2720, 5914, 0))
2018-04-19 04:10:31.409338;(23, (5, 6423, 0, 6423, 6240, 0, 0, 1810, 5569, 0, 6664, 13619, 0))
2018-04-19 04:10:31.436355;(13, (5, 3746, 0, 3746, 3701, 0, 0, 887, 1768, 0, 3716, 6356, 0))
2018-04-19 04:10:31.548442;(14, (5, 1888, 0, 1888, 1791, 0, 0, 583, 3387, 0, 2420, 5761, 0))
2018-04-19 04:10:31.643351;(9, (6, 788, 0, 788, 781, 0, 0, 140, 220, 0, 728, 1141, 0))
2018-04-19 04:10:31.682292;(17, (9, 351, 0, 351, 342, 0, 0, 142, 151, 0, 271, 635, 0))
2018-04-19 04:10:31.767859;(7, (5, 1337, 0, 1337, 1249, 0, 0, 711, 2584, 0, 1736, 4544, 0))
2018-04-19 04:11:00.480287;(1, (5, 9692, 1, 9691, 9238, 0, 0, 1432, 20094, 1, 11227, 30764, 0))
2018-04-19 04:11:00.875306;(16, (5, 2494, 0, 2494, 2383, 0, 0, 946, 3346, 0, 2903, 6675, 0))
2018-04-19 04:11:00.938709;(22, (7, 1457, 1, 1456, 1366, 0, 0, 619, 3050, 1, 1922, 5035, 0))
2018-04-19 04:11:01.059077;(11, (6, 3866, 0, 3866, 3700, 0, 0, 1239, 5784, 0, 4293, 10723, 0))
2018-04-19 04:11:01.083183;(19, (7, 715, 0, 715, 669, 0, 0, 523, 1010, 0, 813, 2202, 0))
2018-04-19 04:11:01.108007;(4, (4, 2301, 0, 2301, 2265, 0, 0, 342, 1069, 0, 2320, 3676, 0))
2018-04-19 04:11:01.206241;(10, (4, 3602, 1, 3601, 3504, 0, 0, 811, 3799, 1, 3883, 8114, 0))
2018-04-19 04:11:01.216443;(6, (8, 1309, 0, 1309, 1264, 0, 0, 971, 1591, 0, 1448, 3826, 0))
2018-04-19 04:11:01.240336;(5, (4, 6108, 0, 6108, 5981, 0, 0, 1120, 4228, 0, 6489, 11329, 0))
2018-04-19 04:11:01.318533;(20, (6, 994, 0, 994, 927, 0, 0, 464, 1947, 0, 1239, 3338, 0))
2018-04-19 04:11:01.396965;(21, (4, 2502, 0, 2502, 2387, 0, 0, 632, 2974, 0, 2764, 5993, 0))
2018-04-19 04:11:01.411222;(23, (5, 6573, 0, 6573, 6390, 0, 0, 1820, 5683, 0, 6822, 13893, 0))
2018-04-19 04:11:01.442602;(13, (5, 3898, 0, 3898, 3852, 0, 0, 909, 1777, 0, 3868, 6538, 0))
2018-04-19 04:11:01.551654;(14, (5, 1938, 0, 1938, 1840, 0, 0, 598, 3457, 0, 2494, 5895, 0))
2018-04-19 04:11:01.650516;(9, (4, 821, 0, 821, 814, 0, 0, 142, 220, 0, 759, 1176, 0))
2018-04-19 04:11:01.686972;(17, (5, 370, 0, 370, 358, 0, 0, 162, 181, 0, 278, 701, 0))
2018-04-19 04:11:01.770546;(7, (5, 1370, 0, 1370, 1281, 0, 0, 721, 2618, 0, 1786, 4620, 0))
2018-04-19 04:11:30.484060;(1, (4, 9998, 1, 9997, 9537, 0, 0, 1465, 20511, 1, 11557, 31513, 0))
2018-04-19 04:11:30.879014;(16, (4, 2522, 0, 2522, 2411, 0, 0, 946, 3373, 0, 2945, 6730, 0))
2018-04-19 04:11:30.941712;(22, (5, 1477, 1, 1476, 1385, 0, 0, 623, 3121, 1, 1957, 5129, 0))
2018-04-19 04:11:31.063758;(11, (5, 3953, 0, 3953, 3782, 0, 0, 1277, 5896, 0, 4400, 10955, 0))
2018-04-19 04:11:31.091648;(19, (6, 728, 0, 728, 681, 0, 0, 537, 1010, 0, 831, 2228, 0))
2018-04-19 04:11:31.113220;(4, (4, 2392, 0, 2392, 2356, 0, 0, 347, 1069, 0, 2411, 3772, 0))
2018-04-19 04:11:31.212033;(10, (5, 3708, 1, 3707, 3608, 0, 0, 827, 3903, 1, 3996, 8338, 0))
2018-04-19 04:11:31.222635;(6, (8, 1347, 0, 1347, 1302, 0, 0, 1007, 1628, 0, 1491, 3937, 0))
2018-04-19 04:11:31.246120;(5, (5, 6228, 0, 6228, 6094, 0, 0, 1151, 4388, 0, 6620, 11633, 0))
2018-04-19 04:11:31.323717;(20, (6, 1025, 0, 1025, 955, 0, 0, 481, 2038, 0, 1273, 3474, 0))
2018-04-19 04:11:31.403314;(21, (4, 2533, 0, 2533, 2418, 0, 0, 634, 2977, 0, 2801, 6029, 0))
2018-04-19 04:11:31.414122;(23, (5, 6730, 0, 6730, 6544, 0, 0, 1845, 5818, 0, 6993, 14207, 0))
2018-04-19 04:11:31.449378;(13, (5, 4051, 0, 4051, 4004, 0, 0, 938, 1786, 0, 4020, 6728, 0))
2018-04-19 04:11:31.554795;(14, (7, 1965, 0, 1965, 1865, 0, 0, 623, 3483, 0, 2547, 5971, 0))
2018-04-19 04:11:31.657703;(9, (4, 851, 0, 851, 844, 0, 0, 142, 220, 0, 789, 1206, 0))
2018-04-19 04:11:31.691517;(17, (3, 385, 0, 385, 372, 0, 0, 165, 196, 0, 284, 733, 0))
2018-04-19 04:11:31.774932;(7, (4, 1399, 0, 1399, 1309, 0, 0, 725, 2648, 0, 1837, 4682, 0))
2018-04-19 04:12:00.486369;(1, (5, 10279, 1, 10278, 9808, 0, 0, 1499, 20985, 1, 11865, 32292, 0))
2018-04-19 04:12:00.884172;(16, (5, 2549, 0, 2549, 2436, 0, 0, 960, 3418, 0, 2986, 6814, 0))
2018-04-19 04:12:00.943699;(22, (5, 1496, 1, 1495, 1404, 0, 0, 626, 3146, 1, 1998, 5176, 0))
2018-04-19 04:12:01.068619;(11, (5, 4097, 0, 4097, 3921, 0, 0, 1312, 6066, 0, 4570, 11299, 0))
2018-04-19 04:12:01.094489;(19, (4, 737, 0, 737, 690, 0, 0, 537, 1010, 0, 848, 2237, 0))
2018-04-19 04:12:01.116857;(4, (5, 2440, 0, 2440, 2404, 0, 0, 350, 1097, 0, 2461, 3851, 0))
2018-04-19 04:12:01.217969;(10, (5, 3798, 1, 3797, 3698, 0, 0, 838, 4011, 1, 4096, 8547, 0))
2018-04-19 04:12:01.228066;(6, (10, 1379, 0, 1379, 1334, 0, 0, 1050, 1629, 0, 1528, 4013, 0))
2018-04-19 04:12:01.250517;(5, (4, 6258, 0, 6258, 6124, 0, 0, 1151, 4391, 0, 6662, 11666, 0))
2018-04-19 04:12:01.334772;(20, (5, 1057, 0, 1057, 987, 0, 0, 484, 2077, 0, 1319, 3548, 0))
2018-04-19 04:12:01.409645;(21, (4, 2567, 0, 2567, 2452, 0, 0, 636, 2989, 0, 2842, 6077, 0))
2018-04-19 04:12:01.421321;(23, (5, 6940, 0, 6940, 6752, 0, 0, 1886, 5903, 0, 7208, 14541, 0))
2018-04-19 04:12:01.453417;(13, (5, 4120, 0, 4120, 4071, 0, 0, 965, 1804, 0, 4088, 6840, 0))
2018-04-19 04:12:01.556891;(14, (5, 1997, 0, 1997, 1896, 0, 0, 633, 3526, 0, 2602, 6055, 0))
2018-04-19 04:12:01.661792;(9, (5, 870, 0, 870, 863, 0, 0, 144, 242, 0, 806, 1249, 0))
2018-04-19 04:12:01.694782;(17, (5, 398, 0, 398, 385, 0, 0, 168, 202, 0, 294, 755, 0))
2018-04-19 04:12:01.779198;(7, (6, 1440, 0, 1440, 1347, 0, 0, 745, 2764, 0, 1888, 4856, 0))
2018-04-19 04:12:30.490471;(1, (5, 10590, 1, 10589, 10110, 0, 0, 1537, 21625, 1, 12214, 33272, 0))
2018-04-19 04:12:30.890562;(16, (5, 2591, 0, 2591, 2477, 0, 0, 970, 3484, 0, 3028, 6931, 0))
2018-04-19 04:12:30.946919;(22, (4, 1512, 1, 1511, 1419, 0, 0, 629, 3192, 1, 2023, 5240, 0))
2018-04-19 04:12:31.074718;(11, (5, 4332, 0, 4332, 4145, 0, 0, 1407, 6428, 0, 4815, 11980, 0))
2018-04-19 04:12:31.098398;(19, (4, 757, 0, 757, 709, 0, 0, 540, 1028, 0, 872, 2277, 0))
2018-04-19 04:12:31.121437;(4, (4, 2441, 0, 2441, 2405, 0, 0, 350, 1097, 0, 2463, 3852, 0))
2018-04-19 04:12:31.223460;(10, (5, 3899, 1, 3898, 3798, 0, 0, 853, 4072, 1, 4212, 8723, 0))
2018-04-19 04:12:31.235802;(6, (9, 1414, 0, 1414, 1369, 0, 0, 1092, 1635, 0, 1572, 4096, 0))
2018-04-19 04:12:31.255744;(5, (5, 6288, 0, 6288, 6154, 0, 0, 1153, 4415, 0, 6707, 11722, 0))
2018-04-19 04:12:31.340490;(20, (8, 1096, 0, 1096, 1022, 0, 0, 516, 2177, 0, 1366, 3715, 0))
2018-04-19 04:12:31.415394;(21, (5, 2599, 0, 2599, 2483, 0, 0, 641, 3004, 0, 2878, 6128, 0))
2018-04-19 04:12:31.426035;(23, (5, 7293, 0, 7293, 7100, 0, 0, 1954, 6188, 0, 7566, 15242, 0))
2018-04-19 04:12:31.455986;(13, (4, 4121, 0, 4121, 4072, 0, 0, 965, 1804, 0, 4089, 6841, 0))
2018-04-19 04:12:31.565378;(14, (5, 2087, 0, 2087, 1984, 0, 0, 655, 3683, 0, 2701, 6322, 0))
2018-04-19 04:12:31.664464;(9, (4, 871, 0, 871, 864, 0, 0, 144, 242, 0, 807, 1250, 0))
2018-04-19 04:12:31.697706;(17, (6, 414, 0, 414, 399, 0, 0, 185, 220, 0, 304, 804, 0))
2018-04-19 04:12:31.783935;(7, (6, 1516, 0, 1516, 1418, 0, 0, 794, 2874, 0, 1969, 5086, 0))
