2018-04-18 18:51:22.730599;(15, (61, 34, 0, 0, 0, 0, 0, 0, 0, 0))
2018-04-18 18:51:22.817378;(1, (305, 149, 124, 62, 0, 0, 0, 0, 0, 0))
2018-04-18 18:51:22.823604;(20, (73, 54, 0, 0, 0, 0, 0, 0, 0, 0))
2018-04-18 18:51:22.878972;(21, (59, 34, 0, 0, 0, 0, 0, 0, 0, 0))
2018-04-18 18:51:22.887207;(23, (90, 61, 10, 0, 0, 0, 0, 0, 0, 0))
2018-04-18 18:51:22.953616;(11, (78, 56, 0, 0, 0, 0, 0, 0, 0, 0))
2018-04-18 18:51:22.961596;(22, (82, 46, 0, 0, 0, 0, 0, 0, 0, 0))
2018-04-18 18:51:23.056557;(7, (70, 45, 0, 0, 0, 0, 0, 0, 0, 0))
2018-04-18 18:51:23.100222;(17, (26, 31, 0, 0, 0, 0, 0, 0, 0, 0))
2018-04-18 18:51:23.122667;(18, (71, 49, 10, 0, 0, 0, 0, 0, 0, 0))
2018-04-18 18:51:23.163694;(3, (130, 94, 28, 0, 0, 0, 0, 0, 0, 0))
2018-04-18 18:51:23.255653;(13, (100, 95, 6, 0, 0, 0, 0, 0, 0, 0))
2018-04-18 18:51:23.385895;(5, (154, 136, 4, 0, 0, 0, 0, 0, 0, 0))
2018-04-18 18:51:23.390409;(9, (26, 30, 0, 0, 0, 0, 0, 0, 0, 0))
2018-04-18 18:51:23.390958;(12, (96, 79, 3, 1, 0, 0, 0, 0, 0, 0))
2018-04-18 18:51:23.463196;(6, (49, 42, 0, 0, 0, 0, 0, 0, 0, 0))
2018-04-18 18:51:23.471726;(4, (54, 54, 0, 0, 0, 0, 0, 0, 0, 0))
2018-04-18 18:51:23.533558;(14, (86, 66, 18, 0, 0, 0, 0, 0, 0, 0))
2018-04-18 18:51:23.546853;(16, (60, 39, 0, 0, 0, 0, 0, 0, 0, 0))
2018-04-18 18:51:23.574487;(10, (175, 152, 48, 0, 0, 0, 0, 0, 0, 0))
2018-04-18 18:51:23.675549;(19, (42, 34, 0, 0, 0, 0, 0, 0, 0, 0))
2018-04-18 18:51:52.822455;(1, (1208, 984, 948, 474, 0, 0, 0, 0, 0, 0))
2018-04-18 18:51:52.830660;(20, (190, 164, 75, 1, 0, 0, 0, 0, 0, 0))
2018-04-18 18:51:52.883691;(21, (187, 178, 31, 0, 0, 0, 0, 0, 0, 0))
2018-04-18 18:51:52.890521;(23, (371, 334, 250, 0, 0, 0, 0, 0, 0, 0))
2018-04-18 18:51:52.959061;(11, (252, 246, 47, 0, 0, 0, 0, 0, 0, 0))
2018-04-18 18:51:52.966769;(22, (233, 205, 62, 2, 0, 0, 0, 0, 0, 0))
2018-04-18 18:51:53.063527;(7, (194, 205, 12, 1, 0, 0, 0, 0, 0, 0))
2018-04-18 18:51:53.106042;(17, (48, 65, 0, 6, 0, 0, 0, 0, 0, 0))
2018-04-18 18:51:53.110448;(8, (204, 179, 25, 1, 0, 0, 0, 0, 0, 0))
2018-04-18 18:51:53.128212;(18, (321, 325, 136, 0, 0, 0, 0, 0, 0, 0))
2018-04-18 18:51:53.169563;(3, (305, 275, 106, 3, 0, 0, 0, 0, 0, 0))
2018-04-18 18:51:53.262244;(13, (268, 300, 48, 0, 0, 0, 0, 0, 0, 0))
2018-04-18 18:51:53.390586;(5, (388, 404, 106, 0, 0, 0, 0, 0, 0, 0))
2018-04-18 18:51:53.393751;(9, (68, 84, 2, 1, 0, 0, 0, 0, 0, 0))
2018-04-18 18:51:53.395461;(12, (201, 207, 4, 2, 0, 0, 0, 0, 0, 0))
2018-04-18 18:51:53.468019;(6, (166, 190, 0, 0, 0, 0, 0, 0, 0, 0))
2018-04-18 18:51:53.477346;(4, (141, 172, 19, 5, 0, 0, 0, 0, 0, 0))
2018-04-18 18:51:53.537591;(14, (142, 129, 25, 0, 0, 0, 0, 0, 0, 0))
2018-04-18 18:51:53.581101;(10, (465, 469, 205, 0, 0, 0, 0, 0, 0, 0))
2018-04-18 18:51:53.679361;(19, (117, 124, 3, 0, 0, 0, 0, 0, 0, 0))
2018-04-18 18:52:22.741171;(15, (346, 361, 64, 0, 0, 0, 0, 0, 0, 0))
2018-04-18 18:52:22.826412;(1, (2216, 1930, 1884, 942, 0, 0, 0, 0, 0, 0))
2018-04-18 18:52:22.835115;(20, (241, 222, 82, 1, 0, 0, 0, 0, 0, 0))
2018-04-18 18:52:22.891900;(21, (338, 365, 70, 0, 0, 0, 0, 0, 0, 0))
2018-04-18 18:52:22.893340;(23, (744, 698, 569, 0, 0, 0, 0, 0, 0, 0))
2018-04-18 18:52:22.966405;(11, (467, 481, 133, 2, 0, 0, 0, 0, 0, 0))
2018-04-18 18:52:22.981492;(22, (483, 464, 162, 3, 0, 0, 0, 0, 0, 0))
2018-04-18 18:52:23.070453;(7, (326, 350, 22, 5, 0, 0, 0, 0, 0, 0))
2018-04-18 18:52:23.110155;(17, (62, 89, 0, 17, 0, 0, 0, 0, 0, 0))
2018-04-18 18:52:23.116122;(8, (316, 322, 26, 2, 0, 0, 0, 0, 0, 0))
2018-04-18 18:52:23.132728;(18, (624, 653, 306, 0, 0, 0, 0, 0, 0, 0))
2018-04-18 18:52:23.173839;(3, (607, 603, 248, 11, 0, 0, 0, 0, 0, 0))
2018-04-18 18:52:23.269772;(13, (443, 500, 105, 0, 0, 0, 0, 0, 0, 0))
2018-04-18 18:52:23.396632;(5, (656, 686, 240, 0, 0, 0, 0, 0, 0, 0))
2018-04-18 18:52:23.397725;(9, (81, 99, 2, 1, 0, 0, 0, 0, 0, 0))
2018-04-18 18:52:23.401551;(12, (332, 363, 14, 2, 0, 0, 0, 0, 0, 0))
2018-04-18 18:52:23.474332;(6, (279, 333, 4, 0, 0, 0, 0, 0, 0, 0))
2018-04-18 18:52:23.483638;(4, (236, 294, 20, 5, 0, 0, 0, 0, 0, 0))
2018-04-18 18:52:23.540414;(14, (187, 161, 33, 0, 0, 0, 0, 0, 0, 0))
2018-04-18 18:52:23.553384;(16, (209, 180, 34, 0, 0, 0, 0, 0, 0, 0))
2018-04-18 18:52:23.586669;(10, (845, 878, 441, 0, 0, 0, 0, 0, 0, 0))
2018-04-18 18:52:23.684764;(19, (223, 257, 3, 1, 0, 0, 0, 0, 0, 0))
2018-04-18 18:52:52.832146;(1, (3104, 2766, 2710, 1355, 0, 0, 0, 0, 0, 0))
2018-04-18 18:52:52.897401;(21, (451, 518, 70, 0, 0, 0, 0, 0, 0, 0))
2018-04-18 18:52:52.902043;(23, (909, 859, 686, 0, 0, 0, 0, 0, 0, 0))
2018-04-18 18:52:52.975534;(11, (625, 651, 175, 5, 0, 0, 0, 0, 0, 0))
2018-04-18 18:52:52.995006;(22, (765, 761, 297, 3, 0, 0, 0, 0, 0, 0))
2018-04-18 18:52:53.547516;(14, (238, 199, 43, 3, 0, 0, 0, 0, 0, 0))
2018-04-18 18:52:53.592425;(10, (1170, 1224, 637, 0, 0, 0, 0, 0, 0, 0))
2018-04-18 18:52:53.746628;(15, (588, 623, 178, 0, 0, 0, 0, 0, 0, 0))
2018-04-18 18:52:53.838171;(20, (318, 293, 135, 1, 0, 0, 0, 0, 0, 0))
2018-04-18 18:52:54.078642;(7, (404, 437, 31, 9, 0, 0, 0, 0, 0, 0))
2018-04-18 18:52:54.113775;(17, (76, 116, 0, 30, 0, 0, 0, 0, 0, 0))
2018-04-18 18:52:54.121484;(8, (416, 438, 30, 3, 0, 0, 0, 0, 0, 0))
2018-04-18 18:52:54.138598;(18, (819, 871, 383, 6, 0, 0, 0, 0, 0, 0))
2018-04-18 18:52:54.180219;(3, (873, 907, 362, 14, 0, 0, 0, 0, 0, 0))
2018-04-18 18:52:54.278309;(13, (634, 723, 189, 0, 0, 0, 0, 0, 0, 0))
2018-04-18 18:52:54.401811;(5, (1079, 1135, 542, 0, 0, 0, 0, 0, 0, 0))
2018-04-18 18:52:54.402986;(9, (116, 143, 2, 1, 0, 0, 0, 0, 0, 0))
2018-04-18 18:52:54.403986;(12, (377, 410, 18, 3, 0, 0, 0, 0, 0, 0))
2018-04-18 18:52:54.479970;(6, (386, 467, 4, 2, 0, 0, 0, 0, 0, 0))
2018-04-18 18:52:54.490083;(4, (361, 449, 36, 5, 0, 0, 0, 0, 0, 0))
2018-04-18 18:52:54.557541;(16, (270, 239, 34, 0, 0, 0, 0, 0, 0, 0))
2018-04-18 18:52:54.690684;(19, (340, 402, 18, 2, 0, 0, 0, 0, 0, 0))
2018-04-18 18:53:22.835521;(1, (4011, 3608, 3542, 1771, 0, 0, 0, 0, 0, 0))
2018-04-18 18:53:23.752006;(15, (827, 871, 287, 0, 0, 0, 0, 0, 0, 0))
2018-04-18 18:53:23.840046;(20, (413, 381, 187, 1, 0, 0, 0, 0, 0, 0))
2018-04-18 18:53:23.903261;(21, (566, 670, 78, 0, 0, 0, 0, 0, 0, 0))
2018-04-18 18:53:23.906627;(23, (1017, 961, 768, 0, 0, 0, 0, 0, 0, 0))
2018-04-18 18:53:23.982322;(11, (733, 777, 187, 8, 0, 0, 0, 0, 0, 0))
2018-04-18 18:53:24.003035;(22, (1185, 1220, 541, 3, 0, 0, 0, 0, 0, 0))
2018-04-18 18:53:24.086468;(7, (485, 525, 51, 9, 0, 0, 0, 0, 0, 0))
2018-04-18 18:53:24.118534;(17, (91, 140, 0, 41, 0, 0, 0, 0, 0, 0))
2018-04-18 18:53:24.126513;(8, (554, 591, 50, 5, 0, 0, 0, 0, 0, 0))
2018-04-18 18:53:24.143939;(18, (951, 1025, 400, 6, 0, 0, 0, 0, 0, 0))
2018-04-18 18:53:24.185462;(3, (1137, 1197, 478, 14, 0, 0, 0, 0, 0, 0))
2018-04-18 18:53:24.285085;(13, (810, 938, 256, 3, 0, 0, 0, 0, 0, 0))
2018-04-18 18:53:24.407655;(5, (1349, 1416, 684, 0, 0, 0, 0, 0, 0, 0))
2018-04-18 18:53:24.409361;(12, (470, 513, 30, 3, 0, 0, 0, 0, 0, 0))
2018-04-18 18:53:24.410339;(9, (157, 198, 2, 1, 0, 0, 0, 0, 0, 0))
2018-04-18 18:53:24.484932;(6, (470, 571, 6, 2, 0, 0, 0, 0, 0, 0))
2018-04-18 18:53:24.495706;(4, (472, 579, 57, 9, 0, 0, 0, 0, 0, 0))
2018-04-18 18:53:24.551608;(14, (358, 310, 104, 4, 0, 0, 0, 0, 0, 0))
2018-04-18 18:53:24.597867;(10, (1637, 1720, 940, 0, 0, 0, 0, 0, 0, 0))
2018-04-18 18:53:24.697797;(19, (476, 566, 43, 8, 0, 0, 0, 0, 0, 0))
2018-04-18 18:53:52.838917;(1, (4991, 4522, 4446, 2223, 0, 0, 0, 0, 0, 0))
2018-04-18 18:53:53.759704;(15, (1083, 1156, 420, 0, 0, 0, 0, 0, 0, 0))
2018-04-18 18:53:53.842708;(20, (434, 396, 187, 1, 0, 0, 0, 0, 0, 0))
2018-04-18 18:53:53.909088;(21, (683, 811, 85, 0, 0, 0, 0, 0, 0, 0))
2018-04-18 18:53:53.910137;(23, (1221, 1166, 935, 1, 0, 0, 0, 0, 0, 0))
2018-04-18 18:53:53.988501;(11, (920, 993, 254, 12, 0, 0, 0, 0, 0, 0))
2018-04-18 18:53:54.013804;(22, (1593, 1649, 805, 3, 0, 0, 0, 0, 0, 0))
2018-04-18 18:53:54.097476;(7, (613, 695, 55, 10, 0, 0, 0, 0, 0, 0))
2018-04-18 18:53:54.122686;(17, (105, 163, 0, 52, 0, 0, 0, 0, 0, 0))
2018-04-18 18:53:54.131622;(8, (744, 802, 107, 5, 0, 0, 0, 0, 0, 0))
2018-04-18 18:53:54.148976;(18, (1194, 1290, 502, 11, 0, 0, 0, 0, 0, 0))
2018-04-18 18:53:54.190781;(3, (1401, 1477, 595, 14, 0, 0, 0, 0, 0, 0))
2018-04-18 18:53:54.290447;(13, (960, 1121, 312, 7, 0, 0, 0, 0, 0, 0))
2018-04-18 18:53:54.413729;(5, (1565, 1660, 780, 0, 0, 0, 0, 0, 0, 0))
2018-04-18 18:53:54.415611;(12, (589, 639, 40, 3, 0, 0, 0, 0, 0, 0))
2018-04-18 18:53:54.415965;(9, (217, 269, 10, 3, 0, 0, 0, 0, 0, 0))
2018-04-18 18:53:54.490349;(6, (592, 727, 16, 4, 0, 0, 0, 0, 0, 0))
2018-04-18 18:53:54.501838;(4, (593, 725, 83, 14, 0, 0, 0, 0, 0, 0))
2018-04-18 18:53:54.555467;(14, (420, 361, 121, 4, 0, 0, 0, 0, 0, 0))
2018-04-18 18:53:54.567173;(16, (422, 401, 48, 0, 0, 0, 0, 0, 0, 0))
2018-04-18 18:53:54.603321;(10, (2132, 2242, 1298, 0, 0, 0, 0, 0, 0, 0))
2018-04-18 18:53:54.703756;(19, (586, 704, 56, 10, 0, 0, 0, 0, 0, 0))
2018-04-18 18:54:23.769632;(15, (1282, 1388, 496, 0, 0, 0, 0, 0, 0, 0))
2018-04-18 18:54:23.841725;(1, (5922, 5395, 5309, 2655, 0, 0, 0, 0, 0, 0))
2018-04-18 18:54:23.845538;(20, (459, 416, 187, 1, 0, 0, 0, 0, 0, 0))
2018-04-18 18:54:23.915734;(21, (795, 943, 85, 0, 0, 0, 0, 0, 0, 0))
2018-04-18 18:54:23.918706;(23, (1360, 1300, 1034, 3, 0, 0, 0, 0, 0, 0))
2018-04-18 18:54:23.996063;(11, (1050, 1141, 275, 16, 0, 0, 0, 0, 0, 0))
2018-04-18 18:54:24.018519;(22, (1947, 2018, 1040, 8, 0, 0, 0, 0, 0, 0))
2018-04-18 18:54:24.103532;(7, (738, 821, 85, 13, 0, 0, 0, 0, 0, 0))
2018-04-18 18:54:24.125520;(17, (120, 188, 0, 64, 0, 0, 0, 0, 0, 0))
2018-04-18 18:54:24.154229;(18, (1349, 1460, 556, 14, 0, 0, 0, 0, 0, 0))
2018-04-18 18:54:24.199134;(3, (1614, 1698, 668, 18, 0, 0, 0, 0, 0, 0))
2018-04-18 18:54:24.419592;(5, (1761, 1881, 857, 0, 0, 0, 0, 0, 0, 0))
2018-04-18 18:54:24.420263;(9, (270, 341, 10, 3, 0, 0, 0, 0, 0, 0))
2018-04-18 18:54:24.421635;(12, (683, 753, 42, 3, 0, 0, 0, 0, 0, 0))
2018-04-18 18:54:24.496431;(6, (700, 862, 16, 4, 0, 0, 0, 0, 0, 0))
2018-04-18 18:54:24.507043;(4, (724, 885, 116, 14, 0, 0, 0, 0, 0, 0))
2018-04-18 18:54:24.559472;(14, (454, 389, 126, 5, 0, 0, 0, 0, 0, 0))
2018-04-18 18:54:24.571585;(16, (528, 513, 90, 7, 0, 0, 0, 0, 0, 0))
2018-04-18 18:54:24.609403;(10, (2575, 2693, 1589, 0, 0, 0, 0, 0, 0, 0))
2018-04-18 18:54:53.774639;(15, (1393, 1528, 496, 0, 0, 0, 0, 0, 0, 0))
2018-04-18 18:54:53.845095;(1, (6832, 6252, 6156, 3078, 0, 0, 0, 0, 0, 0))
2018-04-18 18:54:53.849632;(20, (520, 457, 206, 1, 0, 0, 0, 0, 0, 0))
2018-04-18 18:54:53.920548;(21, (905, 1075, 85, 0, 0, 0, 0, 0, 0, 0))
2018-04-18 18:54:53.921681;(23, (1565, 1500, 1215, 3, 0, 0, 0, 0, 0, 0))
2018-04-18 18:54:54.006218;(11, (1222, 1331, 309, 16, 0, 0, 0, 0, 0, 0))
2018-04-18 18:54:54.022506;(22, (2040, 2121, 1061, 8, 0, 0, 0, 0, 0, 0))
2018-04-18 18:54:54.112597;(7, (908, 1032, 127, 16, 0, 0, 0, 0, 0, 0))
2018-04-18 18:54:54.130064;(17, (134, 212, 0, 76, 0, 0, 0, 0, 0, 0))
2018-04-18 18:54:54.158900;(18, (1572, 1710, 656, 14, 0, 0, 0, 0, 0, 0))
2018-04-18 18:54:54.204990;(3, (1959, 2056, 835, 23, 0, 0, 0, 0, 0, 0))
2018-04-18 18:54:54.303338;(13, (1296, 1520, 456, 12, 0, 0, 0, 0, 0, 0))
2018-04-18 18:54:54.424947;(5, (1942, 2082, 921, 0, 0, 0, 0, 0, 0, 0))
2018-04-18 18:54:54.425803;(12, (743, 808, 63, 3, 0, 0, 0, 0, 0, 0))
2018-04-18 18:54:54.426213;(9, (285, 366, 10, 3, 0, 0, 0, 0, 0, 0))
2018-04-18 18:54:54.502402;(6, (808, 996, 16, 4, 0, 0, 0, 0, 0, 0))
2018-04-18 18:54:54.512182;(4, (829, 1013, 132, 17, 0, 0, 0, 0, 0, 0))
2018-04-18 18:54:54.563439;(14, (481, 412, 126, 5, 0, 0, 0, 0, 0, 0))
2018-04-18 18:54:54.578616;(16, (667, 681, 107, 8, 0, 0, 0, 0, 0, 0))
2018-04-18 18:54:54.619516;(10, (2972, 3120, 1845, 0, 0, 0, 0, 0, 0, 0))
2018-04-18 18:54:55.142710;(8, (1106, 1200, 235, 9, 0, 0, 0, 0, 0, 0))
2018-04-18 18:54:55.712076;(19, (827, 1009, 110, 16, 0, 0, 0, 0, 0, 0))
2018-04-18 18:55:23.847343;(1, (7882, 7254, 7148, 3574, 0, 0, 0, 0, 0, 0))
2018-04-18 18:55:23.925533;(21, (1076, 1266, 136, 0, 0, 0, 0, 0, 0, 0))
2018-04-18 18:55:23.925885;(23, (1906, 1835, 1528, 3, 0, 0, 0, 0, 0, 0))
2018-04-18 18:55:24.015230;(11, (1503, 1633, 462, 16, 0, 0, 0, 0, 0, 0))
2018-04-18 18:55:24.567598;(14, (513, 436, 131, 5, 0, 0, 0, 0, 0, 0))
2018-04-18 18:55:24.627098;(10, (3297, 3467, 2048, 0, 0, 0, 0, 0, 0, 0))
2018-04-18 18:55:24.781733;(15, (1499, 1670, 496, 0, 0, 0, 0, 0, 0, 0))
2018-04-18 18:55:24.852518;(20, (575, 518, 206, 1, 0, 0, 0, 0, 0, 0))
2018-04-18 18:55:25.026521;(22, (2213, 2309, 1156, 8, 0, 0, 0, 0, 0, 0))
2018-04-18 18:55:25.120097;(7, (1014, 1174, 135, 19, 0, 0, 0, 0, 0, 0))
2018-04-18 18:55:25.133846;(17, (149, 235, 0, 87, 0, 0, 0, 0, 0, 0))
2018-04-18 18:55:25.148061;(8, (1181, 1260, 267, 9, 0, 0, 0, 0, 0, 0))
2018-04-18 18:55:25.163848;(18, (1917, 2077, 877, 14, 0, 0, 0, 0, 0, 0))
2018-04-18 18:55:25.211090;(3, (2201, 2309, 946, 23, 0, 0, 0, 0, 0, 0))
2018-04-18 18:55:25.312042;(13, (1526, 1780, 570, 15, 0, 0, 0, 0, 0, 0))
2018-04-18 18:55:25.430940;(5, (2108, 2269, 971, 0, 0, 0, 0, 0, 0, 0))
2018-04-18 18:55:25.432081;(12, (838, 930, 68, 3, 0, 0, 0, 0, 0, 0))
2018-04-18 18:55:25.435095;(9, (350, 465, 10, 5, 0, 0, 0, 0, 0, 0))
2018-04-18 18:55:25.508308;(6, (918, 1142, 16, 6, 0, 0, 0, 0, 0, 0))
2018-04-18 18:55:25.518789;(4, (993, 1229, 184, 25, 0, 0, 0, 0, 0, 0))
2018-04-18 18:55:25.588151;(16, (853, 890, 163, 8, 0, 0, 0, 0, 0, 0))
2018-04-18 18:55:25.717223;(19, (944, 1162, 113, 16, 0, 0, 0, 0, 0, 0))
2018-04-18 18:55:53.850245;(1, (8659, 7970, 7854, 3927, 0, 0, 0, 0, 0, 0))
2018-04-18 18:55:53.931557;(23, (2211, 2118, 1767, 5, 0, 0, 0, 0, 0, 0))
2018-04-18 18:55:54.789439;(15, (1773, 1971, 637, 0, 0, 0, 0, 0, 0, 0))
2018-04-18 18:55:54.854447;(20, (606, 545, 209, 1, 0, 0, 0, 0, 0, 0))
2018-04-18 18:55:54.931306;(21, (1237, 1449, 183, 0, 0, 0, 0, 0, 0, 0))
2018-04-18 18:55:55.019383;(11, (1636, 1777, 523, 20, 0, 0, 0, 0, 0, 0))
2018-04-18 18:55:55.031361;(22, (2372, 2504, 1187, 10, 0, 0, 0, 0, 0, 0))
2018-04-18 18:55:55.127479;(7, (1060, 1223, 138, 30, 0, 0, 0, 0, 0, 0))
2018-04-18 18:55:55.136175;(17, (160, 259, 0, 99, 0, 0, 0, 0, 0, 0))
2018-04-18 18:55:55.150939;(8, (1231, 1297, 273, 12, 0, 0, 0, 0, 0, 0))
2018-04-18 18:55:55.167628;(18, (2079, 2258, 950, 16, 0, 0, 0, 0, 0, 0))
2018-04-18 18:55:55.217652;(3, (2346, 2466, 979, 23, 0, 0, 0, 0, 0, 0))
2018-04-18 18:55:55.320446;(13, (1712, 2007, 631, 15, 0, 0, 0, 0, 0, 0))
2018-04-18 18:55:55.437022;(5, (2253, 2436, 996, 0, 0, 0, 0, 0, 0, 0))
2018-04-18 18:55:55.438281;(12, (925, 1025, 78, 5, 0, 0, 0, 0, 0, 0))
2018-04-18 18:55:55.439599;(9, (391, 520, 12, 12, 0, 0, 0, 0, 0, 0))
2018-04-18 18:55:55.513812;(6, (1030, 1283, 16, 7, 0, 0, 0, 0, 0, 0))
2018-04-18 18:55:55.574721;(14, (549, 462, 132, 5, 0, 0, 0, 0, 0, 0))
2018-04-18 18:55:55.591387;(16, (973, 1021, 197, 8, 0, 0, 0, 0, 0, 0))
2018-04-18 18:55:55.632354;(10, (3626, 3832, 2230, 0, 0, 0, 0, 0, 0, 0))
2018-04-18 18:55:55.719819;(19, (990, 1221, 116, 25, 0, 0, 0, 0, 0, 0))
2018-04-18 18:56:23.853654;(1, (9583, 8828, 8702, 4351, 0, 0, 0, 0, 0, 0))
2018-04-18 18:56:24.795327;(15, (1901, 2121, 653, 0, 0, 0, 0, 0, 0, 0))
2018-04-18 18:56:24.857885;(20, (634, 568, 211, 1, 0, 0, 0, 0, 0, 0))
2018-04-18 18:56:24.938331;(21, (1412, 1642, 242, 0, 0, 0, 0, 0, 0, 0))
2018-04-18 18:56:24.941699;(23, (2341, 2253, 1862, 7, 0, 0, 0, 0, 0, 0))
2018-04-18 18:56:25.023804;(11, (1767, 1930, 571, 21, 0, 0, 0, 0, 0, 0))
2018-04-18 18:56:25.037659;(22, (2716, 2873, 1392, 14, 0, 0, 0, 0, 0, 0))
2018-04-18 18:56:25.135725;(7, (1271, 1452, 222, 32, 0, 0, 0, 0, 0, 0))
2018-04-18 18:56:25.139986;(17, (172, 280, 0, 110, 0, 0, 0, 0, 0, 0))
2018-04-18 18:56:25.155332;(8, (1331, 1402, 292, 12, 0, 0, 0, 0, 0, 0))
2018-04-18 18:56:25.174724;(18, (2234, 2421, 1001, 22, 0, 0, 0, 0, 0, 0))
2018-04-18 18:56:25.226348;(3, (2680, 2825, 1159, 29, 0, 0, 0, 0, 0, 0))
2018-04-18 18:56:25.328014;(13, (1894, 2229, 706, 24, 0, 0, 0, 0, 0, 0))
2018-04-18 18:56:25.442671;(5, (2400, 2612, 1030, 0, 0, 0, 0, 0, 0, 0))
2018-04-18 18:56:25.443800;(12, (1036, 1153, 89, 5, 0, 0, 0, 0, 0, 0))
2018-04-18 18:56:25.445462;(9, (448, 604, 12, 16, 0, 0, 0, 0, 0, 0))
2018-04-18 18:56:25.519839;(6, (1137, 1416, 16, 7, 0, 0, 0, 0, 0, 0))
2018-04-18 18:56:25.530051;(4, (1229, 1518, 234, 36, 0, 0, 0, 0, 0, 0))
2018-04-18 18:56:25.579149;(14, (597, 505, 134, 5, 0, 0, 0, 0, 0, 0))
2018-04-18 18:56:25.596860;(16, (1097, 1147, 255, 8, 0, 0, 0, 0, 0, 0))
2018-04-18 18:56:25.638236;(10, (4154, 4376, 2619, 0, 0, 0, 0, 0, 0, 0))
2018-04-18 18:56:25.725759;(19, (1151, 1407, 184, 30, 0, 0, 0, 0, 0, 0))
2018-04-18 18:56:53.856063;(1, (10516, 9702, 9566, 4783, 0, 0, 0, 0, 0, 0))
2018-04-18 18:56:54.800385;(15, (2024, 2275, 656, 1, 0, 0, 0, 0, 0, 0))
2018-04-18 18:56:54.861581;(20, (691, 613, 240, 1, 0, 0, 0, 0, 0, 0))
2018-04-18 18:56:54.944409;(21, (1601, 1859, 314, 0, 0, 0, 0, 0, 0, 0))
2018-04-18 18:56:54.945531;(23, (2498, 2410, 1985, 8, 0, 0, 0, 0, 0, 0))
2018-04-18 18:56:55.030888;(11, (1955, 2156, 624, 30, 0, 0, 0, 0, 0, 0))
2018-04-18 18:56:55.044495;(22, (3084, 3265, 1618, 14, 0, 0, 0, 0, 0, 0))
2018-04-18 18:56:55.143143;(7, (1425, 1625, 282, 33, 0, 0, 0, 0, 0, 0))
2018-04-18 18:56:55.143667;(17, (184, 301, 0, 121, 0, 0, 0, 0, 0, 0))
2018-04-18 18:56:55.162560;(8, (1462, 1545, 331, 12, 0, 0, 0, 0, 0, 0))
2018-04-18 18:56:55.178774;(18, (2412, 2611, 1088, 25, 0, 0, 0, 0, 0, 0))
2018-04-18 18:56:55.230876;(3, (2996, 3161, 1344, 33, 0, 0, 0, 0, 0, 0))
2018-04-18 18:56:55.334430;(13, (2080, 2453, 785, 30, 0, 0, 0, 0, 0, 0))
2018-04-18 18:56:55.447755;(5, (2599, 2835, 1110, 0, 0, 0, 0, 0, 0, 0))
2018-04-18 18:56:55.449484;(12, (1140, 1268, 99, 6, 0, 0, 0, 0, 0, 0))
2018-04-18 18:56:55.450899;(9, (506, 682, 14, 22, 0, 0, 0, 0, 0, 0))
2018-04-18 18:56:55.526167;(6, (1248, 1554, 16, 7, 0, 0, 0, 0, 0, 0))
2018-04-18 18:56:55.534798;(4, (1363, 1681, 267, 39, 0, 0, 0, 0, 0, 0))
2018-04-18 18:56:55.583667;(14, (651, 550, 138, 7, 0, 0, 0, 0, 0, 0))
2018-04-18 18:56:55.601792;(16, (1205, 1265, 288, 9, 0, 0, 0, 0, 0, 0))
2018-04-18 18:56:55.647254;(10, (4642, 4887, 2971, 0, 0, 0, 0, 0, 0, 0))
2018-04-18 18:56:55.731951;(19, (1273, 1559, 203, 34, 0, 0, 0, 0, 0, 0))
2018-04-18 18:57:23.858978;(1, (11326, 10471, 10323, 5162, 0, 0, 0, 0, 0, 0))
2018-04-18 18:57:24.864233;(20, (777, 693, 291, 1, 0, 0, 0, 0, 0, 0))
2018-04-18 18:57:24.949606;(21, (1808, 2092, 397, 0, 0, 0, 0, 0, 0, 0))
2018-04-18 18:57:24.950216;(23, (2570, 2473, 2028, 8, 0, 0, 0, 0, 0, 0))
2018-04-18 18:57:25.034889;(11, (2051, 2256, 645, 34, 0, 0, 0, 0, 0, 0))
2018-04-18 18:57:25.049792;(22, (3431, 3641, 1828, 20, 0, 0, 0, 0, 0, 0))
2018-04-18 18:57:25.152225;(7, (1591, 1812, 349, 35, 0, 0, 0, 0, 0, 0))
2018-04-18 18:57:25.185817;(18, (2489, 2698, 1113, 26, 0, 0, 0, 0, 0, 0))
2018-04-18 18:57:25.235134;(3, (3312, 3497, 1528, 39, 0, 0, 0, 0, 0, 0))
2018-04-18 18:57:25.341015;(13, (2230, 2636, 833, 35, 0, 0, 0, 0, 0, 0))
2018-04-18 18:57:25.452697;(12, (1199, 1336, 99, 7, 0, 0, 0, 0, 0, 0))
2018-04-18 18:57:25.455102;(5, (2715, 2967, 1110, 0, 0, 0, 0, 0, 0, 0))
2018-04-18 18:57:25.456109;(9, (546, 730, 18, 25, 0, 0, 0, 0, 0, 0))
2018-04-18 18:57:25.532564;(6, (1372, 1700, 34, 10, 0, 0, 0, 0, 0, 0))
2018-04-18 18:57:25.538904;(4, (1458, 1801, 280, 45, 0, 0, 0, 0, 0, 0))
2018-04-18 18:57:25.587226;(14, (686, 574, 140, 7, 0, 0, 0, 0, 0, 0))
2018-04-18 18:57:25.604869;(16, (1271, 1338, 292, 10, 0, 0, 0, 0, 0, 0))
2018-04-18 18:57:25.654423;(10, (5113, 5376, 3310, 0, 0, 0, 0, 0, 0, 0))
2018-04-18 18:57:25.806532;(15, (2161, 2441, 675, 4, 0, 0, 0, 0, 0, 0))
2018-04-18 18:57:26.150711;(17, (196, 322, 0, 132, 0, 0, 0, 0, 0, 0))
2018-04-18 18:57:26.166304;(8, (1594, 1672, 383, 19, 0, 0, 0, 0, 0, 0))
2018-04-18 18:57:26.737398;(19, (1406, 1728, 211, 37, 0, 0, 0, 0, 0, 0))
2018-04-18 18:57:53.862557;(1, (12129, 11224, 11066, 5533, 0, 0, 0, 0, 0, 0))
2018-04-18 18:57:54.954685;(23, (2698, 2605, 2121, 8, 0, 0, 0, 0, 0, 0))
2018-04-18 18:57:54.957399;(21, (1961, 2270, 436, 0, 0, 0, 0, 0, 0, 0))
2018-04-18 18:57:55.040073;(11, (2162, 2372, 682, 40, 0, 0, 0, 0, 0, 0))
2018-04-18 18:57:55.591829;(14, (739, 621, 149, 7, 0, 0, 0, 0, 0, 0))
2018-04-18 18:57:55.662364;(10, (5548, 5834, 3612, 0, 0, 0, 0, 0, 0, 0))
2018-04-18 18:57:55.811531;(15, (2366, 2673, 759, 4, 0, 0, 0, 0, 0, 0))
2018-04-18 18:57:55.869390;(20, (893, 833, 293, 3, 0, 0, 0, 0, 0, 0))
2018-04-18 18:57:56.056093;(22, (3599, 3831, 1866, 20, 0, 0, 0, 0, 0, 0))
2018-04-18 18:57:56.154449;(17, (208, 346, 0, 145, 0, 0, 0, 0, 0, 0))
2018-04-18 18:57:56.161203;(7, (1781, 2012, 419, 38, 0, 0, 0, 0, 0, 0))
2018-04-18 18:57:56.173366;(8, (1740, 1823, 423, 21, 0, 0, 0, 0, 0, 0))
2018-04-18 18:57:56.189425;(18, (2619, 2845, 1160, 26, 0, 0, 0, 0, 0, 0))
2018-04-18 18:57:56.240528;(3, (3732, 3953, 1785, 42, 0, 0, 0, 0, 0, 0))
2018-04-18 18:57:56.343109;(13, (2242, 2659, 833, 43, 0, 0, 0, 0, 0, 0))
2018-04-18 18:57:56.455686;(12, (1261, 1406, 104, 7, 0, 0, 0, 0, 0, 0))
2018-04-18 18:57:56.461847;(5, (2958, 3231, 1233, 0, 0, 0, 0, 0, 0, 0))
2018-04-18 18:57:56.462821;(9, (558, 751, 18, 33, 0, 0, 0, 0, 0, 0))
2018-04-18 18:57:56.539329;(6, (1488, 1833, 44, 10, 0, 0, 0, 0, 0, 0))
2018-04-18 18:57:56.542056;(4, (1474, 1822, 280, 51, 0, 0, 0, 0, 0, 0))
2018-04-18 18:57:56.608162;(16, (1368, 1447, 304, 12, 0, 0, 0, 0, 0, 0))
2018-04-18 18:57:56.741422;(19, (1499, 1845, 213, 39, 0, 0, 0, 0, 0, 0))
2018-04-18 18:58:24.867017;(1, (12885, 11932, 11764, 5882, 0, 0, 0, 0, 0, 0))
2018-04-18 18:58:24.956625;(23, (2795, 2700, 2185, 8, 0, 0, 0, 0, 0, 0))
2018-04-18 18:58:24.965886;(21, (2080, 2412, 442, 0, 0, 0, 0, 0, 0, 0))
2018-04-18 18:58:25.043030;(11, (2258, 2474, 699, 43, 0, 0, 0, 0, 0, 0))
2018-04-18 18:58:25.595008;(14, (787, 656, 152, 7, 0, 0, 0, 0, 0, 0))
2018-04-18 18:58:25.673047;(10, (5723, 6033, 3669, 0, 0, 0, 0, 0, 0, 0))
2018-04-18 18:58:25.816246;(15, (2498, 2839, 784, 4, 0, 0, 0, 0, 0, 0))
2018-04-18 18:58:25.874456;(20, (974, 934, 293, 3, 0, 0, 0, 0, 0, 0))
2018-04-18 18:58:26.061967;(22, (3956, 4221, 2101, 20, 0, 0, 0, 0, 0, 0))
2018-04-18 18:58:26.158151;(17, (221, 367, 0, 156, 0, 0, 0, 0, 0, 0))
2018-04-18 18:58:26.168236;(7, (1904, 2153, 443, 42, 0, 0, 0, 0, 0, 0))
2018-04-18 18:58:26.175718;(8, (1830, 1897, 449, 25, 0, 0, 0, 0, 0, 0))
2018-04-18 18:58:26.193776;(18, (2741, 2993, 1166, 26, 0, 0, 0, 0, 0, 0))
2018-04-18 18:58:26.247428;(3, (3995, 4227, 1913, 45, 0, 0, 0, 0, 0, 0))
2018-04-18 18:58:26.346301;(13, (2251, 2679, 833, 52, 0, 0, 0, 0, 0, 0))
2018-04-18 18:58:26.461155;(12, (1339, 1477, 114, 8, 0, 0, 0, 0, 0, 0))
2018-04-18 18:58:26.470879;(5, (3444, 3740, 1587, 0, 0, 0, 0, 0, 0, 0))
2018-04-18 18:58:26.471467;(9, (569, 771, 18, 41, 0, 0, 0, 0, 0, 0))
2018-04-18 18:58:26.545650;(4, (1486, 1845, 280, 61, 0, 0, 0, 0, 0, 0))
2018-04-18 18:58:26.547443;(6, (1642, 2025, 84, 10, 0, 0, 0, 0, 0, 0))
2018-04-18 18:58:26.612231;(16, (1441, 1508, 321, 14, 0, 0, 0, 0, 0, 0))
2018-04-18 18:58:26.746010;(19, (1612, 1992, 214, 40, 0, 0, 0, 0, 0, 0))
2018-04-18 18:58:54.869136;(1, (13581, 12594, 12416, 6208, 0, 0, 0, 0, 0, 0))
2018-04-18 18:58:55.822328;(15, (2682, 3062, 860, 6, 0, 0, 0, 0, 0, 0))
2018-04-18 18:58:55.958603;(23, (2892, 2789, 2258, 8, 0, 0, 0, 0, 0, 0))
2018-04-18 18:58:55.973839;(21, (2185, 2546, 442, 0, 0, 0, 0, 0, 0, 0))
2018-04-18 18:58:56.045627;(11, (2312, 2522, 706, 45, 0, 0, 0, 0, 0, 0))
2018-04-18 18:58:56.067645;(22, (4284, 4579, 2294, 24, 0, 0, 0, 0, 0, 0))
2018-04-18 18:58:56.163506;(17, (233, 388, 0, 167, 0, 0, 0, 0, 0, 0))
2018-04-18 18:58:56.176493;(7, (2001, 2253, 452, 43, 0, 0, 0, 0, 0, 0))
2018-04-18 18:58:56.179246;(8, (1903, 1957, 456, 26, 0, 0, 0, 0, 0, 0))
2018-04-18 18:58:56.200278;(18, (2855, 3141, 1166, 26, 0, 0, 0, 0, 0, 0))
2018-04-18 18:58:56.254083;(3, (4228, 4472, 2005, 47, 0, 0, 0, 0, 0, 0))
2018-04-18 18:58:56.349825;(13, (2260, 2700, 833, 62, 0, 0, 0, 0, 0, 0))
2018-04-18 18:58:56.463577;(12, (1423, 1561, 136, 18, 0, 0, 0, 0, 0, 0))
2018-04-18 18:58:56.475995;(5, (3847, 4163, 1863, 0, 0, 0, 0, 0, 0, 0))
2018-04-18 18:58:56.478803;(9, (579, 792, 18, 50, 0, 0, 0, 0, 0, 0))
2018-04-18 18:58:56.549359;(4, (1498, 1867, 280, 71, 0, 0, 0, 0, 0, 0))
2018-04-18 18:58:56.555312;(6, (1750, 2166, 84, 12, 0, 0, 0, 0, 0, 0))
2018-04-18 18:58:56.597679;(14, (833, 691, 155, 10, 0, 0, 0, 0, 0, 0))
2018-04-18 18:58:56.617614;(16, (1506, 1565, 333, 21, 0, 0, 0, 0, 0, 0))
2018-04-18 18:58:56.677983;(10, (6005, 6339, 3829, 0, 0, 0, 0, 0, 0, 0))
2018-04-18 18:58:56.754280;(19, (1699, 2105, 215, 44, 0, 0, 0, 0, 0, 0))
2018-04-18 18:59:24.872067;(1, (14338, 13316, 13128, 6564, 0, 0, 0, 0, 0, 0))
2018-04-18 18:59:25.827363;(15, (2886, 3294, 943, 6, 0, 0, 0, 0, 0, 0))
2018-04-18 18:59:25.885322;(20, (1167, 1173, 295, 3, 0, 0, 0, 0, 0, 0))
2018-04-18 18:59:25.962774;(23, (2997, 2889, 2336, 8, 0, 0, 0, 0, 0, 0))
2018-04-18 18:59:25.983466;(21, (2317, 2711, 460, 0, 0, 0, 0, 0, 0, 0))
2018-04-18 18:59:26.051041;(11, (2349, 2557, 709, 51, 0, 0, 0, 0, 0, 0))
2018-04-18 18:59:26.072329;(22, (4648, 4966, 2538, 24, 0, 0, 0, 0, 0, 0))
2018-04-18 18:59:26.166533;(17, (244, 411, 0, 179, 0, 0, 0, 0, 0, 0))
2018-04-18 18:59:26.184741;(7, (2113, 2385, 452, 45, 0, 0, 0, 0, 0, 0))
2018-04-18 18:59:26.185565;(8, (1954, 1994, 462, 30, 0, 0, 0, 0, 0, 0))
2018-04-18 18:59:26.204609;(18, (2972, 3285, 1166, 26, 0, 0, 0, 0, 0, 0))
2018-04-18 18:59:26.263183;(3, (4474, 4740, 2123, 52, 0, 0, 0, 0, 0, 0))
2018-04-18 18:59:26.352611;(13, (2272, 2720, 833, 71, 0, 0, 0, 0, 0, 0))
2018-04-18 18:59:26.467524;(12, (1464, 1599, 141, 31, 0, 0, 0, 0, 0, 0))
2018-04-18 18:59:26.481029;(5, (4047, 4388, 1941, 0, 0, 0, 0, 0, 0, 0))
2018-04-18 18:59:26.482108;(9, (590, 810, 18, 56, 0, 0, 0, 0, 0, 0))
2018-04-18 18:59:26.553866;(4, (1510, 1890, 280, 81, 0, 0, 0, 0, 0, 0))
2018-04-18 18:59:26.560941;(6, (1859, 2309, 84, 12, 0, 0, 0, 0, 0, 0))
2018-04-18 18:59:26.600495;(14, (874, 742, 159, 27, 0, 0, 0, 0, 0, 0))
2018-04-18 18:59:26.619713;(16, (1531, 1589, 333, 27, 0, 0, 0, 0, 0, 0))
2018-04-18 18:59:26.684336;(10, (6414, 6771, 4116, 0, 0, 0, 0, 0, 0, 0))
2018-04-18 18:59:26.759646;(19, (1808, 2253, 215, 46, 0, 0, 0, 0, 0, 0))
2018-04-18 18:59:54.874936;(1, (14976, 13939, 13741, 6871, 0, 0, 0, 0, 0, 0))
2018-04-18 18:59:55.889968;(20, (1262, 1288, 313, 10, 0, 0, 0, 0, 0, 0))
2018-04-18 18:59:55.967263;(23, (3088, 2974, 2408, 8, 0, 0, 0, 0, 0, 0))
2018-04-18 18:59:55.993392;(21, (2490, 2912, 528, 0, 0, 0, 0, 0, 0, 0))
2018-04-18 18:59:56.054603;(11, (2364, 2579, 709, 61, 0, 0, 0, 0, 0, 0))
2018-04-18 18:59:56.192517;(7, (2192, 2486, 453, 49, 0, 0, 0, 0, 0, 0))
2018-04-18 18:59:56.469490;(12, (1479, 1617, 141, 37, 0, 0, 0, 0, 0, 0))
2018-04-18 18:59:56.486563;(5, (4234, 4596, 2018, 0, 0, 0, 0, 0, 0, 0))
2018-04-18 18:59:56.557324;(4, (1520, 1911, 280, 90, 0, 0, 0, 0, 0, 0))
2018-04-18 18:59:56.566712;(6, (1965, 2444, 84, 12, 0, 0, 0, 0, 0, 0))
2018-04-18 18:59:56.604306;(14, (893, 777, 159, 47, 0, 0, 0, 0, 0, 0))
2018-04-18 18:59:56.622300;(16, (1549, 1609, 333, 35, 0, 0, 0, 0, 0, 0))
2018-04-18 18:59:56.690726;(10, (6711, 7088, 4294, 0, 0, 0, 0, 0, 0, 0))
2018-04-18 18:59:56.831959;(15, (2994, 3428, 943, 6, 0, 0, 0, 0, 0, 0))
2018-04-18 18:59:57.075893;(22, (4893, 5235, 2693, 30, 0, 0, 0, 0, 0, 0))
2018-04-18 18:59:57.170820;(17, (257, 433, 0, 191, 0, 0, 0, 0, 0, 0))
2018-04-18 18:59:57.192129;(8, (1975, 2017, 462, 40, 0, 0, 0, 0, 0, 0))
2018-04-18 18:59:57.210040;(18, (3078, 3431, 1166, 26, 0, 0, 0, 0, 0, 0))
2018-04-18 18:59:57.271446;(3, (4632, 4908, 2186, 56, 0, 0, 0, 0, 0, 0))
2018-04-18 18:59:57.355430;(13, (2281, 2739, 833, 80, 0, 0, 0, 0, 0, 0))
2018-04-18 18:59:57.488288;(9, (600, 831, 18, 65, 0, 0, 0, 0, 0, 0))
2018-04-18 18:59:57.763730;(19, (1888, 2352, 217, 49, 0, 0, 0, 0, 0, 0))
2018-04-18 19:00:24.878284;(1, (15574, 14514, 14306, 7153, 0, 0, 0, 0, 0, 0))
2018-04-18 19:00:25.972163;(23, (3178, 3060, 2475, 8, 0, 0, 0, 0, 0, 0))
2018-04-18 19:00:26.056813;(11, (2401, 2614, 711, 68, 0, 0, 0, 0, 0, 0))
2018-04-18 19:00:26.607486;(14, (946, 838, 167, 61, 0, 0, 0, 0, 0, 0))
2018-04-18 19:00:26.837133;(15, (3103, 3561, 943, 6, 0, 0, 0, 0, 0, 0))
2018-04-18 19:00:26.893830;(20, (1350, 1402, 314, 18, 0, 0, 0, 0, 0, 0))
2018-04-18 19:00:27.082808;(22, (5057, 5419, 2749, 32, 0, 0, 0, 0, 0, 0))
2018-04-18 19:00:27.173815;(17, (268, 455, 0, 202, 0, 0, 0, 0, 0, 0))
2018-04-18 19:00:27.196588;(8, (2021, 2054, 468, 46, 0, 0, 0, 0, 0, 0))
2018-04-18 19:00:27.200388;(7, (2295, 2608, 472, 57, 0, 0, 0, 0, 0, 0))
2018-04-18 19:00:27.217590;(18, (3193, 3575, 1167, 27, 0, 0, 0, 0, 0, 0))
2018-04-18 19:00:27.278371;(3, (4785, 5076, 2265, 61, 0, 0, 0, 0, 0, 0))
2018-04-18 19:00:27.358530;(13, (2290, 2756, 833, 88, 0, 0, 0, 0, 0, 0))
2018-04-18 19:00:27.471612;(12, (1527, 1668, 150, 44, 0, 0, 0, 0, 0, 0))
2018-04-18 19:00:27.492646;(5, (4414, 4797, 2087, 0, 0, 0, 0, 0, 0, 0))
2018-04-18 19:00:27.493748;(9, (610, 851, 18, 73, 0, 0, 0, 0, 0, 0))
2018-04-18 19:00:27.559560;(4, (1531, 1933, 280, 100, 0, 0, 0, 0, 0, 0))
2018-04-18 19:00:27.574487;(6, (2084, 2586, 90, 12, 0, 0, 0, 0, 0, 0))
2018-04-18 19:00:27.625841;(16, (1583, 1638, 335, 41, 0, 0, 0, 0, 0, 0))
2018-04-18 19:00:27.769525;(19, (1949, 2435, 217, 55, 0, 0, 0, 0, 0, 0))
2018-04-18 19:00:54.880256;(1, (16304, 15232, 15010, 7505, 0, 0, 0, 0, 0, 0))
2018-04-18 19:00:55.978209;(23, (3256, 3134, 2537, 8, 0, 0, 0, 0, 0, 0))
2018-04-18 19:00:56.009790;(21, (2838, 3316, 658, 0, 0, 0, 0, 0, 0, 0))
2018-04-18 19:00:56.062073;(11, (2423, 2638, 711, 75, 0, 0, 0, 0, 0, 0))
2018-04-18 19:00:56.610961;(14, (971, 877, 168, 82, 0, 0, 0, 0, 0, 0))
2018-04-18 19:00:56.701376;(10, (7466, 7878, 4798, 0, 0, 0, 0, 0, 0, 0))
2018-04-18 19:00:56.841510;(15, (3208, 3694, 943, 6, 0, 0, 0, 0, 0, 0))
2018-04-18 19:00:56.898178;(20, (1457, 1538, 314, 18, 0, 0, 0, 0, 0, 0))
2018-04-18 19:00:57.087671;(22, (5231, 5634, 2815, 32, 0, 0, 0, 0, 0, 0))
2018-04-18 19:00:57.175979;(17, (278, 478, 0, 214, 0, 0, 0, 0, 0, 0))
2018-04-18 19:00:57.202925;(8, (2045, 2075, 468, 53, 0, 0, 0, 0, 0, 0))
2018-04-18 19:00:57.208369;(7, (2449, 2788, 513, 57, 0, 0, 0, 0, 0, 0))
2018-04-18 19:00:57.222520;(18, (3301, 3706, 1167, 27, 0, 0, 0, 0, 0, 0))
2018-04-18 19:00:57.286353;(3, (5151, 5466, 2503, 61, 0, 0, 0, 0, 0, 0))
2018-04-18 19:00:57.361454;(13, (2299, 2776, 833, 98, 0, 0, 0, 0, 0, 0))
2018-04-18 19:00:57.475750;(12, (1550, 1690, 150, 52, 0, 0, 0, 0, 0, 0))
2018-04-18 19:00:57.497585;(5, (4585, 4993, 2149, 0, 0, 0, 0, 0, 0, 0))
2018-04-18 19:00:57.498653;(9, (620, 870, 18, 81, 0, 0, 0, 0, 0, 0))
2018-04-18 19:00:57.561894;(4, (1542, 1954, 280, 109, 0, 0, 0, 0, 0, 0))
2018-04-18 19:00:57.582061;(6, (2187, 2717, 90, 12, 0, 0, 0, 0, 0, 0))
2018-04-18 19:00:57.630216;(16, (1604, 1661, 335, 50, 0, 0, 0, 0, 0, 0))
2018-04-18 19:00:57.774557;(19, (2056, 2574, 218, 55, 0, 0, 0, 0, 0, 0))
2018-04-18 19:01:24.882963;(1, (17030, 15950, 15718, 7859, 0, 0, 0, 0, 0, 0))
2018-04-18 19:01:25.981790;(23, (3331, 3206, 2598, 8, 0, 0, 0, 0, 0, 0))
2018-04-18 19:01:26.613807;(14, (987, 912, 168, 102, 0, 0, 0, 0, 0, 0))
2018-04-18 19:01:26.707281;(10, (7889, 8328, 5108, 0, 0, 0, 0, 0, 0, 0))
2018-04-18 19:01:26.846362;(15, (3315, 3829, 943, 6, 0, 0, 0, 0, 0, 0))
2018-04-18 19:01:26.903328;(20, (1565, 1673, 314, 18, 0, 0, 0, 0, 0, 0))
2018-04-18 19:01:27.017125;(21, (3010, 3516, 724, 0, 0, 0, 0, 0, 0, 0))
2018-04-18 19:01:27.065783;(11, (2438, 2657, 711, 82, 0, 0, 0, 0, 0, 0))
2018-04-18 19:01:27.095641;(22, (5396, 5829, 2876, 32, 0, 0, 0, 0, 0, 0))
2018-04-18 19:01:27.179147;(17, (290, 499, 0, 225, 0, 0, 0, 0, 0, 0))
2018-04-18 19:01:27.207031;(8, (2063, 2097, 468, 62, 0, 0, 0, 0, 0, 0))
2018-04-18 19:01:27.216744;(7, (2556, 2934, 513, 57, 0, 0, 0, 0, 0, 0))
2018-04-18 19:01:27.227684;(18, (3403, 3836, 1167, 27, 0, 0, 0, 0, 0, 0))
2018-04-18 19:01:27.294332;(3, (5513, 5851, 2749, 61, 0, 0, 0, 0, 0, 0))
2018-04-18 19:01:27.366074;(13, (2308, 2797, 833, 108, 0, 0, 0, 0, 0, 0))
2018-04-18 19:01:27.479343;(12, (1566, 1709, 150, 59, 0, 0, 0, 0, 0, 0))
2018-04-18 19:01:27.505909;(9, (631, 892, 18, 90, 0, 0, 0, 0, 0, 0))
2018-04-18 19:01:27.508077;(5, (4754, 5189, 2209, 0, 0, 0, 0, 0, 0, 0))
2018-04-18 19:01:27.566177;(4, (1554, 1973, 280, 116, 0, 0, 0, 0, 0, 0))
2018-04-18 19:01:27.589380;(6, (2288, 2848, 90, 12, 0, 0, 0, 0, 0, 0))
2018-04-18 19:01:27.635463;(16, (1619, 1679, 335, 56, 0, 0, 0, 0, 0, 0))
2018-04-18 19:01:27.780197;(19, (2183, 2721, 231, 55, 0, 0, 0, 0, 0, 0))
2018-04-18 19:01:55.885259;(1, (17763, 16657, 16414, 8207, 0, 0, 0, 0, 0, 0))
2018-04-18 19:01:56.853631;(15, (3420, 3964, 943, 6, 0, 0, 0, 0, 0, 0))
2018-04-18 19:01:56.906976;(20, (1703, 1836, 358, 22, 0, 0, 0, 0, 0, 0))
2018-04-18 19:01:56.986970;(23, (3446, 3322, 2693, 8, 0, 0, 0, 0, 0, 0))
2018-04-18 19:01:57.022452;(21, (3148, 3682, 754, 0, 0, 0, 0, 0, 0, 0))
2018-04-18 19:01:57.067883;(11, (2449, 2674, 711, 88, 0, 0, 0, 0, 0, 0))
2018-04-18 19:01:57.102836;(22, (5648, 6127, 3009, 36, 0, 0, 0, 0, 0, 0))
2018-04-18 19:01:57.183019;(17, (301, 520, 0, 236, 0, 0, 0, 0, 0, 0))
2018-04-18 19:01:57.211128;(8, (2079, 2114, 468, 68, 0, 0, 0, 0, 0, 0))
2018-04-18 19:01:57.225842;(7, (2707, 3123, 542, 57, 0, 0, 0, 0, 0, 0))
2018-04-18 19:01:57.234257;(18, (3502, 3969, 1167, 27, 0, 0, 0, 0, 0, 0))
2018-04-18 19:01:57.299887;(3, (5764, 6107, 2876, 65, 0, 0, 0, 0, 0, 0))
2018-04-18 19:01:57.369460;(13, (2316, 2817, 833, 118, 0, 0, 0, 0, 0, 0))
2018-04-18 19:01:57.482059;(12, (1579, 1730, 150, 68, 0, 0, 0, 0, 0, 0))
2018-04-18 19:01:57.507859;(9, (641, 909, 18, 96, 0, 0, 0, 0, 0, 0))
2018-04-18 19:01:57.515496;(5, (4914, 5372, 2254, 0, 0, 0, 0, 0, 0, 0))
2018-04-18 19:01:57.571540;(4, (1564, 1995, 280, 126, 0, 0, 0, 0, 0, 0))
2018-04-18 19:01:57.594755;(6, (2375, 2965, 90, 12, 0, 0, 0, 0, 0, 0))
2018-04-18 19:01:57.617929;(14, (1003, 945, 168, 121, 0, 0, 0, 0, 0, 0))
2018-04-18 19:01:57.640357;(16, (1633, 1700, 335, 65, 0, 0, 0, 0, 0, 0))
2018-04-18 19:01:57.712470;(10, (8291, 8757, 5381, 0, 0, 0, 0, 0, 0, 0))
2018-04-18 19:01:57.785410;(19, (2277, 2848, 235, 57, 0, 0, 0, 0, 0, 0))
2018-04-18 19:02:25.887131;(1, (18340, 17207, 16954, 8477, 0, 0, 0, 0, 0, 0))
2018-04-18 19:02:26.991365;(23, (3516, 3386, 2735, 8, 0, 0, 0, 0, 0, 0))
2018-04-18 19:02:27.027574;(21, (3262, 3820, 754, 0, 0, 0, 0, 0, 0, 0))
2018-04-18 19:02:27.071697;(11, (2465, 2696, 711, 97, 0, 0, 0, 0, 0, 0))
2018-04-18 19:02:27.109911;(22, (5759, 6267, 3014, 42, 0, 0, 0, 0, 0, 0))
2018-04-18 19:02:27.485913;(12, (1595, 1748, 150, 74, 0, 0, 0, 0, 0, 0))
2018-04-18 19:02:27.521160;(5, (5070, 5556, 2290, 0, 0, 0, 0, 0, 0, 0))
2018-04-18 19:02:27.576215;(4, (1574, 2017, 280, 136, 0, 0, 0, 0, 0, 0))
2018-04-18 19:02:27.597933;(6, (2431, 3040, 91, 12, 0, 0, 0, 0, 0, 0))
2018-04-18 19:02:27.622429;(14, (1027, 980, 168, 141, 0, 0, 0, 0, 0, 0))
2018-04-18 19:02:27.645478;(16, (1650, 1718, 335, 71, 0, 0, 0, 0, 0, 0))
2018-04-18 19:02:27.718536;(10, (8617, 9109, 5580, 3, 0, 0, 0, 0, 0, 0))
2018-04-18 19:02:27.858246;(15, (3606, 4169, 1011, 6, 0, 0, 0, 0, 0, 0))
2018-04-18 19:02:27.910920;(20, (1798, 1938, 364, 23, 0, 0, 0, 0, 0, 0))
2018-04-18 19:02:28.187350;(17, (312, 541, 0, 247, 0, 0, 0, 0, 0, 0))
2018-04-18 19:02:28.216019;(8, (2100, 2136, 468, 77, 0, 0, 0, 0, 0, 0))
2018-04-18 19:02:28.232109;(7, (2869, 3298, 623, 58, 0, 0, 0, 0, 0, 0))
2018-04-18 19:02:28.242040;(18, (3582, 4074, 1169, 27, 0, 0, 0, 0, 0, 0))
2018-04-18 19:02:28.306733;(3, (6024, 6374, 3016, 70, 0, 0, 0, 0, 0, 0))
2018-04-18 19:02:28.371499;(13, (2326, 2836, 833, 127, 0, 0, 0, 0, 0, 0))
2018-04-18 19:02:28.511583;(9, (651, 930, 18, 105, 0, 0, 0, 0, 0, 0))
2018-04-18 19:02:28.789468;(19, (2354, 2955, 235, 59, 0, 0, 0, 0, 0, 0))
2018-04-18 19:02:55.890175;(1, (19015, 17837, 17574, 8787, 0, 0, 0, 0, 0, 0))
2018-04-18 19:02:56.997453;(23, (3627, 3493, 2816, 8, 0, 0, 0, 0, 0, 0))
2018-04-18 19:02:57.034266;(21, (3424, 4011, 792, 0, 0, 0, 0, 0, 0, 0))
2018-04-18 19:02:57.074915;(11, (2477, 2713, 711, 103, 0, 0, 0, 0, 0, 0))
2018-04-18 19:02:57.630489;(14, (1046, 1014, 168, 161, 0, 0, 0, 0, 0, 0))
2018-04-18 19:02:57.725432;(10, (9036, 9549, 5873, 3, 0, 0, 0, 0, 0, 0))
2018-04-18 19:02:57.863099;(15, (3778, 4355, 1056, 6, 0, 0, 0, 0, 0, 0))
2018-04-18 19:02:57.915428;(20, (1877, 2035, 364, 23, 0, 0, 0, 0, 0, 0))
2018-04-18 19:02:58.117353;(22, (5870, 6401, 3014, 44, 0, 0, 0, 0, 0, 0))
2018-04-18 19:02:58.190232;(17, (324, 565, 0, 260, 0, 0, 0, 0, 0, 0))
2018-04-18 19:02:58.218531;(8, (2118, 2153, 468, 83, 0, 0, 0, 0, 0, 0))
2018-04-18 19:02:58.238036;(7, (3062, 3521, 718, 62, 0, 0, 0, 0, 0, 0))
2018-04-18 19:02:58.248252;(18, (3696, 4215, 1169, 27, 0, 0, 0, 0, 0, 0))
2018-04-18 19:02:58.314001;(3, (6360, 6725, 3228, 70, 0, 0, 0, 0, 0, 0))
2018-04-18 19:02:58.375476;(13, (2339, 2856, 833, 137, 0, 0, 0, 0, 0, 0))
2018-04-18 19:02:58.488159;(12, (1608, 1769, 150, 83, 0, 0, 0, 0, 0, 0))
2018-04-18 19:02:58.515287;(9, (661, 950, 18, 113, 0, 0, 0, 0, 0, 0))
2018-04-18 19:02:58.525827;(5, (5171, 5680, 2308, 0, 0, 0, 0, 0, 0, 0))
2018-04-18 19:02:58.579629;(4, (1586, 2039, 280, 146, 0, 0, 0, 0, 0, 0))
2018-04-18 19:02:58.601485;(6, (2500, 3128, 91, 13, 0, 0, 0, 0, 0, 0))
2018-04-18 19:02:58.649744;(16, (1666, 1739, 335, 80, 0, 0, 0, 0, 0, 0))
2018-04-18 19:02:58.794456;(19, (2449, 3085, 235, 61, 0, 0, 0, 0, 0, 0))
2018-04-18 19:03:25.892240;(1, (19651, 18439, 18166, 9083, 0, 0, 0, 0, 0, 0))
2018-04-18 19:03:27.000311;(23, (3667, 3524, 2830, 9, 0, 0, 0, 0, 0, 0))
2018-04-18 19:03:27.039591;(21, (3611, 4221, 857, 0, 0, 0, 0, 0, 0, 0))
2018-04-18 19:03:27.077647;(11, (2489, 2733, 711, 111, 0, 0, 0, 0, 0, 0))
2018-04-18 19:03:27.636271;(14, (1065, 1048, 168, 181, 0, 0, 0, 0, 0, 0))
2018-04-18 19:03:27.730746;(10, (9502, 10046, 6200, 3, 0, 0, 0, 0, 0, 0))
2018-04-18 19:03:27.869516;(15, (3888, 4484, 1056, 6, 0, 0, 0, 0, 0, 0))
2018-04-18 19:03:27.921399;(20, (1979, 2166, 365, 24, 0, 0, 0, 0, 0, 0))
2018-04-18 19:03:28.121723;(22, (5956, 6506, 3014, 48, 0, 0, 0, 0, 0, 0))
2018-04-18 19:03:28.192118;(17, (333, 586, 0, 271, 0, 0, 0, 0, 0, 0))
2018-04-18 19:03:28.221424;(8, (2134, 2175, 468, 93, 0, 0, 0, 0, 0, 0))
2018-04-18 19:03:28.244432;(7, (3254, 3741, 819, 65, 0, 0, 0, 0, 0, 0))
2018-04-18 19:03:28.256002;(18, (3727, 4260, 1169, 35, 0, 0, 0, 0, 0, 0))
2018-04-18 19:03:28.324427;(3, (6704, 7099, 3441, 72, 0, 0, 0, 0, 0, 0))
2018-04-18 19:03:28.379116;(13, (2351, 2875, 833, 146, 0, 0, 0, 0, 0, 0))
2018-04-18 19:03:28.490508;(12, (1619, 1789, 150, 91, 0, 0, 0, 0, 0, 0))
2018-04-18 19:03:28.518117;(9, (671, 969, 18, 121, 0, 0, 0, 0, 0, 0))
2018-04-18 19:03:28.531444;(5, (5293, 5825, 2311, 0, 0, 0, 0, 0, 0, 0))
2018-04-18 19:03:28.585692;(4, (1597, 2060, 280, 155, 0, 0, 0, 0, 0, 0))
2018-04-18 19:03:28.606319;(6, (2622, 3277, 94, 14, 0, 0, 0, 0, 0, 0))
2018-04-18 19:03:28.652081;(16, (1679, 1756, 335, 86, 0, 0, 0, 0, 0, 0))
2018-04-18 19:03:28.798056;(19, (2520, 3180, 235, 61, 0, 0, 0, 0, 0, 0))
2018-04-18 19:03:55.894297;(1, (20318, 19071, 18788, 9394, 0, 0, 0, 0, 0, 0))
2018-04-18 19:03:57.005672;(23, (3742, 3600, 2886, 9, 0, 0, 0, 0, 0, 0))
2018-04-18 19:03:57.045185;(21, (3835, 4470, 960, 0, 0, 0, 0, 0, 0, 0))
2018-04-18 19:03:57.080011;(11, (2503, 2751, 711, 118, 0, 0, 0, 0, 0, 0))
2018-04-18 19:03:57.642454;(14, (1086, 1082, 168, 201, 0, 0, 0, 0, 0, 0))
2018-04-18 19:03:57.736519;(10, (9930, 10500, 6503, 3, 0, 0, 0, 0, 0, 0))
2018-04-18 19:03:57.875399;(15, (4049, 4677, 1101, 6, 0, 0, 0, 0, 0, 0))
2018-04-18 19:03:57.924538;(20, (2071, 2272, 374, 27, 0, 0, 0, 0, 0, 0))
2018-04-18 19:03:58.127120;(22, (6067, 6638, 3016, 48, 0, 0, 0, 0, 0, 0))
2018-04-18 19:03:58.199972;(17, (345, 607, 0, 282, 0, 0, 0, 0, 0, 0))
2018-04-18 19:03:58.223328;(8, (2154, 2196, 468, 101, 0, 0, 0, 0, 0, 0))
2018-04-18 19:03:58.250624;(7, (3401, 3902, 865, 74, 0, 0, 0, 0, 0, 0))
2018-04-18 19:03:58.262801;(18, (3820, 4386, 1169, 35, 0, 0, 0, 0, 0, 0))
2018-04-18 19:03:58.331779;(3, (7003, 7422, 3614, 74, 0, 0, 0, 0, 0, 0))
2018-04-18 19:03:58.381840;(13, (2363, 2891, 833, 153, 0, 0, 0, 0, 0, 0))
2018-04-18 19:03:58.494789;(12, (1633, 1809, 150, 99, 0, 0, 0, 0, 0, 0))
2018-04-18 19:03:58.520187;(9, (681, 990, 18, 130, 0, 0, 0, 0, 0, 0))
2018-04-18 19:03:58.542347;(5, (5411, 5973, 2315, 0, 0, 0, 0, 0, 0, 0))
2018-04-18 19:03:58.589797;(4, (1607, 2081, 280, 164, 0, 0, 0, 0, 0, 0))
2018-04-18 19:03:58.611443;(6, (2733, 3410, 95, 14, 0, 0, 0, 0, 0, 0))
2018-04-18 19:03:58.655535;(16, (1699, 1777, 335, 95, 0, 0, 0, 0, 0, 0))
2018-04-18 19:03:58.802690;(19, (2591, 3285, 235, 69, 0, 0, 0, 0, 0, 0))
2018-04-18 19:04:25.897493;(1, (20870, 19593, 19300, 9650, 0, 0, 0, 0, 0, 0))
2018-04-18 19:04:27.741903;(10, (10271, 10863, 6723, 3, 0, 0, 0, 0, 0, 0))
2018-04-18 19:04:27.880757;(15, (4159, 4821, 1101, 6, 0, 0, 0, 0, 0, 0))
2018-04-18 19:04:27.930245;(20, (2146, 2366, 374, 28, 0, 0, 0, 0, 0, 0))
2018-04-18 19:04:28.009766;(23, (3849, 3698, 2960, 10, 0, 0, 0, 0, 0, 0))
2018-04-18 19:04:28.050485;(21, (4071, 4725, 1075, 0, 0, 0, 0, 0, 0, 0))
2018-04-18 19:04:28.082472;(11, (2518, 2772, 711, 126, 0, 0, 0, 0, 0, 0))
2018-04-18 19:04:28.132531;(22, (6141, 6726, 3016, 51, 0, 0, 0, 0, 0, 0))
2018-04-18 19:04:28.205529;(17, (356, 630, 0, 294, 0, 0, 0, 0, 0, 0))
2018-04-18 19:04:28.225709;(8, (2172, 2214, 468, 108, 0, 0, 0, 0, 0, 0))
2018-04-18 19:04:28.256639;(7, (3468, 3983, 871, 78, 0, 0, 0, 0, 0, 0))
2018-04-18 19:04:28.275341;(18, (3917, 4511, 1171, 37, 0, 0, 0, 0, 0, 0))
2018-04-18 19:04:28.339252;(3, (7216, 7652, 3724, 74, 0, 0, 0, 0, 0, 0))
2018-04-18 19:04:28.383779;(13, (2372, 2911, 833, 163, 0, 0, 0, 0, 0, 0))
2018-04-18 19:04:28.498607;(12, (1646, 1830, 150, 108, 0, 0, 0, 0, 0, 0))
2018-04-18 19:04:28.522106;(9, (691, 1007, 18, 136, 0, 0, 0, 0, 0, 0))
2018-04-18 19:04:28.549599;(5, (5525, 6108, 2315, 0, 0, 0, 0, 0, 0, 0))
2018-04-18 19:04:28.594629;(4, (1617, 2102, 280, 173, 0, 0, 0, 0, 0, 0))
2018-04-18 19:04:28.621059;(6, (2845, 3545, 95, 14, 0, 0, 0, 0, 0, 0))
2018-04-18 19:04:28.646025;(14, (1105, 1116, 168, 221, 0, 0, 0, 0, 0, 0))
2018-04-18 19:04:28.657800;(16, (1716, 1795, 335, 101, 0, 0, 0, 0, 0, 0))
2018-04-18 19:04:28.806023;(19, (2613, 3316, 235, 74, 0, 0, 0, 0, 0, 0))
2018-04-18 19:04:55.899303;(1, (21491, 20175, 19872, 9936, 0, 0, 0, 0, 0, 0))
2018-04-18 19:04:58.012477;(23, (3905, 3752, 2983, 10, 0, 0, 0, 0, 0, 0))
2018-04-18 19:04:58.055546;(21, (4348, 5027, 1220, 0, 0, 0, 0, 0, 0, 0))
2018-04-18 19:04:58.086990;(11, (2533, 2790, 711, 133, 0, 0, 0, 0, 0, 0))
2018-04-18 19:04:58.501637;(12, (1658, 1847, 150, 114, 0, 0, 0, 0, 0, 0))
2018-04-18 19:04:58.556100;(5, (5643, 6242, 2315, 0, 0, 0, 0, 0, 0, 0))
2018-04-18 19:04:58.597843;(4, (1628, 2122, 280, 181, 0, 0, 0, 0, 0, 0))
2018-04-18 19:04:58.626014;(6, (2958, 3680, 95, 14, 0, 0, 0, 0, 0, 0))
2018-04-18 19:04:58.649844;(14, (1128, 1151, 168, 241, 0, 0, 0, 0, 0, 0))
2018-04-18 19:04:58.660014;(16, (1735, 1816, 335, 110, 0, 0, 0, 0, 0, 0))
2018-04-18 19:04:58.747700;(10, (10694, 11306, 7012, 3, 0, 0, 0, 0, 0, 0))
2018-04-18 19:04:58.886002;(15, (4302, 5002, 1123, 6, 0, 0, 0, 0, 0, 0))
2018-04-18 19:04:58.935525;(20, (2239, 2481, 378, 31, 0, 0, 0, 0, 0, 0))
2018-04-18 19:04:59.138261;(22, (6243, 6839, 3020, 52, 0, 0, 0, 0, 0, 0))
2018-04-18 19:04:59.207546;(17, (367, 652, 0, 306, 0, 0, 0, 0, 0, 0))
2018-04-18 19:04:59.227557;(8, (2194, 2235, 468, 117, 0, 0, 0, 0, 0, 0))
2018-04-18 19:04:59.262490;(7, (3594, 4117, 947, 81, 0, 0, 0, 0, 0, 0))
2018-04-18 19:04:59.281426;(18, (3966, 4577, 1174, 38, 0, 0, 0, 0, 0, 0))
2018-04-18 19:04:59.345520;(3, (7548, 8020, 3907, 79, 0, 0, 0, 0, 0, 0))
2018-04-18 19:04:59.387530;(13, (2383, 2931, 833, 173, 0, 0, 0, 0, 0, 0))
2018-04-18 19:04:59.525991;(9, (702, 1029, 18, 145, 0, 0, 0, 0, 0, 0))
2018-04-18 19:04:59.812269;(19, (2736, 3483, 235, 78, 0, 0, 0, 0, 0, 0))
2018-04-18 19:05:26.902092;(1, (22114, 20761, 20448, 10224, 0, 0, 0, 0, 0, 0))
2018-04-18 19:05:28.015841;(23, (3956, 3799, 3010, 10, 0, 0, 0, 0, 0, 0))
2018-04-18 19:05:28.062246;(21, (4562, 5260, 1306, 0, 0, 0, 0, 0, 0, 0))
2018-04-18 19:05:28.090593;(11, (2548, 2810, 711, 141, 0, 0, 0, 0, 0, 0))
2018-04-18 19:05:28.653750;(14, (1148, 1184, 168, 260, 0, 0, 0, 0, 0, 0))
2018-04-18 19:05:28.754229;(10, (11205, 11833, 7385, 3, 0, 0, 0, 0, 0, 0))
2018-04-18 19:05:28.891532;(15, (4427, 5153, 1153, 10, 0, 0, 0, 0, 0, 0))
2018-04-18 19:05:28.940640;(20, (2351, 2619, 379, 33, 0, 0, 0, 0, 0, 0))
2018-04-18 19:05:29.143561;(22, (6363, 6985, 3021, 55, 0, 0, 0, 0, 0, 0))
2018-04-18 19:05:29.210308;(17, (379, 673, 0, 317, 0, 0, 0, 0, 0, 0))
2018-04-18 19:05:29.232962;(8, (2214, 2252, 468, 123, 0, 0, 0, 0, 0, 0))
2018-04-18 19:05:29.273730;(7, (3727, 4273, 970, 85, 0, 0, 0, 0, 0, 0))
2018-04-18 19:05:29.286010;(18, (4012, 4644, 1174, 38, 0, 0, 0, 0, 0, 0))
2018-04-18 19:05:29.351019;(3, (7886, 8391, 4104, 82, 0, 0, 0, 0, 0, 0))
2018-04-18 19:05:29.394256;(13, (2394, 2952, 833, 183, 0, 0, 0, 0, 0, 0))
2018-04-18 19:05:29.503789;(12, (1671, 1868, 150, 123, 0, 0, 0, 0, 0, 0))
2018-04-18 19:05:29.527826;(9, (712, 1049, 18, 153, 0, 0, 0, 0, 0, 0))
2018-04-18 19:05:29.562773;(5, (5763, 6393, 2323, 4, 0, 0, 0, 0, 0, 0))
2018-04-18 19:05:29.601536;(4, (1639, 2144, 280, 191, 0, 0, 0, 0, 0, 0))
2018-04-18 19:05:29.631285;(6, (3068, 3816, 95, 14, 0, 0, 0, 0, 0, 0))
2018-04-18 19:05:29.663617;(16, (1750, 1833, 335, 116, 0, 0, 0, 0, 0, 0))
2018-04-18 19:05:29.815711;(19, (2781, 3549, 235, 86, 0, 0, 0, 0, 0, 0))
2018-04-18 19:05:56.903808;(1, (22726, 21351, 21028, 10514, 0, 0, 0, 0, 0, 0))
2018-04-18 19:05:58.018589;(23, (4032, 3869, 3059, 12, 0, 0, 0, 0, 0, 0))
2018-04-18 19:05:58.067894;(21, (4798, 5528, 1422, 0, 0, 0, 0, 0, 0, 0))
2018-04-18 19:05:58.093584;(11, (2561, 2827, 711, 147, 0, 0, 0, 0, 0, 0))
2018-04-18 19:05:58.656423;(14, (1165, 1218, 168, 280, 0, 0, 0, 0, 0, 0))
2018-04-18 19:05:58.759413;(10, (11664, 12304, 7714, 3, 0, 0, 0, 0, 0, 0))
2018-04-18 19:05:58.896489;(15, (4559, 5314, 1174, 10, 0, 0, 0, 0, 0, 0))
2018-04-18 19:05:58.945159;(20, (2467, 2761, 379, 33, 0, 0, 0, 0, 0, 0))
2018-04-18 19:05:59.149798;(22, (6499, 7145, 3039, 55, 0, 0, 0, 0, 0, 0))
2018-04-18 19:05:59.213467;(17, (388, 697, 0, 329, 0, 0, 0, 0, 0, 0))
2018-04-18 19:05:59.234845;(8, (2229, 2273, 468, 132, 0, 0, 0, 0, 0, 0))
2018-04-18 19:05:59.279898;(7, (3837, 4409, 970, 85, 0, 0, 0, 0, 0, 0))
2018-04-18 19:05:59.292017;(18, (4085, 4750, 1175, 42, 0, 0, 0, 0, 0, 0))
2018-04-18 19:05:59.357423;(3, (8211, 8747, 4313, 82, 0, 0, 0, 0, 0, 0))
2018-04-18 19:05:59.396178;(13, (2407, 2971, 833, 192, 0, 0, 0, 0, 0, 0))
2018-04-18 19:05:59.507902;(12, (1681, 1885, 150, 129, 0, 0, 0, 0, 0, 0))
2018-04-18 19:05:59.530200;(9, (722, 1068, 18, 161, 0, 0, 0, 0, 0, 0))
2018-04-18 19:05:59.568294;(5, (5902, 6567, 2347, 4, 0, 0, 0, 0, 0, 0))
2018-04-18 19:05:59.606039;(4, (1651, 2166, 280, 201, 0, 0, 0, 0, 0, 0))
2018-04-18 19:05:59.634150;(6, (3092, 3844, 95, 14, 0, 0, 0, 0, 0, 0))
2018-04-18 19:05:59.666433;(16, (1764, 1855, 335, 126, 0, 0, 0, 0, 0, 0))
2018-04-18 19:05:59.818976;(19, (2794, 3573, 235, 97, 0, 0, 0, 0, 0, 0))
2018-04-18 19:06:26.906702;(1, (23349, 21939, 21606, 10801, 0, 0, 0, 0, 0, 0))
2018-04-18 19:06:28.021753;(23, (4106, 3941, 3102, 12, 0, 0, 0, 0, 0, 0))
2018-04-18 19:06:28.074028;(21, (4979, 5727, 1481, 0, 0, 0, 0, 0, 0, 0))
2018-04-18 19:06:28.095687;(11, (2576, 2847, 711, 155, 0, 0, 0, 0, 0, 0))
2018-04-18 19:06:28.659373;(14, (1185, 1252, 168, 300, 0, 0, 0, 0, 0, 0))
2018-04-18 19:06:28.764818;(10, (12133, 12781, 8038, 3, 0, 0, 0, 0, 0, 0))
2018-04-18 19:06:28.901416;(15, (4702, 5478, 1197, 10, 0, 0, 0, 0, 0, 0))
2018-04-18 19:06:28.950309;(20, (2597, 2913, 389, 33, 0, 0, 0, 0, 0, 0))
2018-04-18 19:06:29.155205;(22, (6647, 7332, 3065, 55, 0, 0, 0, 0, 0, 0))
2018-04-18 19:06:29.217469;(17, (397, 718, 0, 340, 0, 0, 0, 0, 0, 0))
2018-04-18 19:06:29.237701;(8, (2246, 2290, 468, 138, 0, 0, 0, 0, 0, 0))
2018-04-18 19:06:29.289800;(7, (3945, 4544, 970, 85, 0, 0, 0, 0, 0, 0))
2018-04-18 19:06:29.299259;(18, (4166, 4859, 1175, 43, 0, 0, 0, 0, 0, 0))
2018-04-18 19:06:29.364730;(3, (8562, 9131, 4534, 82, 0, 0, 0, 0, 0, 0))
2018-04-18 19:06:29.400517;(13, (2418, 2991, 833, 202, 0, 0, 0, 0, 0, 0))
2018-04-18 19:06:29.510128;(12, (1692, 1907, 150, 139, 0, 0, 0, 0, 0, 0))
2018-04-18 19:06:29.532342;(9, (732, 1089, 18, 170, 0, 0, 0, 0, 0, 0))
2018-04-18 19:06:29.576070;(5, (6021, 6720, 2353, 4, 0, 0, 0, 0, 0, 0))
2018-04-18 19:06:29.608320;(4, (1661, 2187, 280, 210, 0, 0, 0, 0, 0, 0))
2018-04-18 19:06:29.641576;(6, (3142, 3910, 95, 16, 0, 0, 0, 0, 0, 0))
2018-04-18 19:06:29.668340;(16, (1780, 1874, 335, 133, 0, 0, 0, 0, 0, 0))
2018-04-18 19:06:29.822005;(19, (2807, 3599, 235, 109, 0, 0, 0, 0, 0, 0))
2018-04-18 19:06:56.910060;(1, (23991, 22538, 22195, 11094, 0, 0, 0, 0, 0, 0))
2018-04-18 19:06:58.028334;(23, (4184, 4026, 3156, 13, 0, 0, 0, 0, 0, 0))
2018-04-18 19:06:58.105531;(11, (2588, 2865, 711, 162, 0, 0, 0, 0, 0, 0))
2018-04-18 19:06:58.666552;(14, (1202, 1286, 168, 320, 0, 0, 0, 0, 0, 0))
2018-04-18 19:06:58.774814;(10, (12580, 13247, 8363, 3, 0, 0, 0, 0, 0, 0))
2018-04-18 19:06:58.961324;(20, (2712, 3050, 394, 33, 0, 0, 0, 0, 0, 0))
2018-04-18 19:06:59.083287;(21, (5117, 5885, 1498, 0, 0, 0, 0, 0, 0, 0))
2018-04-18 19:06:59.163947;(22, (6718, 7423, 3071, 55, 0, 0, 0, 0, 0, 0))
2018-04-18 19:06:59.223371;(17, (407, 739, 0, 351, 0, 0, 0, 0, 0, 0))
2018-04-18 19:06:59.313732;(18, (4252, 4973, 1175, 45, 0, 0, 0, 0, 0, 0))
2018-04-18 19:06:59.373830;(3, (8829, 9421, 4686, 82, 0, 0, 0, 0, 0, 0))
2018-04-18 19:06:59.404403;(13, (2430, 3010, 833, 211, 0, 0, 0, 0, 0, 0))
2018-04-18 19:06:59.526951;(12, (1704, 1927, 150, 147, 0, 0, 0, 0, 0, 0))
2018-04-18 19:06:59.543438;(9, (742, 1106, 18, 176, 0, 0, 0, 0, 0, 0))
2018-04-18 19:06:59.587448;(5, (6141, 6873, 2358, 8, 0, 0, 0, 0, 0, 0))
2018-04-18 19:06:59.612401;(4, (1672, 2209, 280, 220, 0, 0, 0, 0, 0, 0))
2018-04-18 19:06:59.651155;(6, (3261, 4062, 95, 17, 0, 0, 0, 0, 0, 0))
2018-04-18 19:06:59.671552;(16, (1792, 1893, 335, 141, 0, 0, 0, 0, 0, 0))
2018-04-18 19:06:59.909681;(15, (4892, 5699, 1260, 13, 0, 0, 0, 0, 0, 0))
2018-04-18 19:07:00.242740;(8, (2263, 2312, 468, 148, 0, 0, 0, 0, 0, 0))
2018-04-18 19:07:00.309517;(7, (4053, 4683, 970, 86, 0, 0, 0, 0, 0, 0))
2018-04-18 19:07:00.828166;(19, (2821, 3623, 235, 121, 0, 0, 0, 0, 0, 0))
2018-04-18 19:07:26.921845;(1, (24592, 23115, 22762, 11377, 0, 0, 0, 0, 0, 0))
2018-04-18 19:07:28.783512;(10, (13012, 13700, 8680, 3, 0, 0, 0, 0, 0, 0))
2018-04-18 19:07:29.039594;(23, (4260, 4101, 3204, 13, 0, 0, 0, 0, 0, 0))
2018-04-18 19:07:29.093797;(21, (5233, 6026, 1498, 0, 0, 0, 0, 0, 0, 0))
2018-04-18 19:07:29.113686;(11, (2603, 2885, 711, 170, 0, 0, 0, 0, 0, 0))
2018-04-18 19:07:29.173970;(22, (6733, 7444, 3071, 55, 0, 0, 0, 0, 0, 0))
2018-04-18 19:07:29.598059;(5, (6251, 7008, 2358, 8, 0, 0, 0, 0, 0, 0))
2018-04-18 19:07:29.620903;(4, (1683, 2230, 280, 229, 0, 0, 0, 0, 0, 0))
2018-04-18 19:07:29.676285;(14, (1219, 1317, 168, 338, 0, 0, 0, 0, 0, 0))
2018-04-18 19:07:29.677681;(16, (1808, 1913, 335, 149, 0, 0, 0, 0, 0, 0))
2018-04-18 19:07:29.922420;(15, (5074, 5914, 1326, 13, 0, 0, 0, 0, 0, 0))
2018-04-18 19:07:29.972665;(20, (2815, 3182, 394, 33, 0, 0, 0, 0, 0, 0))
2018-04-18 19:07:30.230416;(17, (417, 760, 0, 362, 0, 0, 0, 0, 0, 0))
2018-04-18 19:07:30.250573;(8, (2277, 2332, 468, 156, 0, 0, 0, 0, 0, 0))
2018-04-18 19:07:30.324427;(18, (4342, 5095, 1177, 49, 0, 0, 0, 0, 0, 0))
2018-04-18 19:07:30.330111;(7, (4159, 4817, 970, 86, 0, 0, 0, 0, 0, 0))
2018-04-18 19:07:30.384227;(3, (9071, 9686, 4815, 82, 0, 0, 0, 0, 0, 0))
2018-04-18 19:07:30.409781;(13, (2440, 3029, 833, 220, 0, 0, 0, 0, 0, 0))
2018-04-18 19:07:30.542771;(12, (1716, 1945, 150, 154, 0, 0, 0, 0, 0, 0))
2018-04-18 19:07:30.551521;(9, (752, 1127, 18, 185, 0, 0, 0, 0, 0, 0))
2018-04-18 19:07:30.666165;(6, (3372, 4198, 95, 17, 0, 0, 0, 0, 0, 0))
2018-04-18 19:07:30.834694;(19, (2833, 3647, 235, 132, 0, 0, 0, 0, 0, 0))
