2018-03-21 06:36:01.732197;(15, (65, 40, 0, 0, 0, 0, 0, 0, 0, 0))
2018-03-21 06:36:01.779794;(7, (82, 58, 0, 0, 0, 0, 0, 0, 0, 0))
2018-03-21 06:36:01.826162;(13, (59, 33, 0, 0, 0, 0, 0, 0, 0, 0))
2018-03-21 06:36:01.871357;(23, (141, 102, 54, 0, 0, 0, 0, 0, 0, 0))
2018-03-21 06:36:01.920177;(20, (88, 39, 0, 0, 0, 0, 0, 0, 0, 0))
2018-03-21 06:36:01.950382;(8, (124, 115, 0, 0, 0, 0, 0, 0, 0, 0))
2018-03-21 06:36:02.001451;(4, (80, 86, 0, 0, 0, 0, 0, 0, 0, 0))
2018-03-21 06:36:02.026041;(21, (90, 30, 0, 0, 0, 0, 0, 0, 0, 0))
2018-03-21 06:36:02.093416;(22, (260, 206, 129, 0, 0, 0, 0, 0, 0, 0))
2018-03-21 06:36:02.117305;(26, (87, 41, 6, 0, 0, 0, 0, 0, 0, 0))
2018-03-21 06:36:02.190136;(14, (110, 53, 5, 0, 0, 0, 0, 0, 0, 0))
2018-03-21 06:36:02.204373;(25, (47, 37, 0, 0, 0, 0, 0, 0, 0, 0))
2018-03-21 06:36:02.262396;(16, (91, 40, 5, 0, 0, 0, 0, 0, 0, 0))
2018-03-21 06:36:02.275521;(3, (132, 112, 0, 0, 0, 0, 0, 0, 0, 0))
2018-03-21 06:36:02.315639;(1, (435, 284, 264, 0, 0, 0, 0, 0, 0, 0))
2018-03-21 06:36:02.363403;(9, (190, 162, 45, 0, 0, 0, 0, 0, 0, 0))
2018-03-21 06:36:02.389142;(10, (97, 99, 4, 0, 0, 0, 0, 0, 0, 0))
2018-03-21 06:36:02.436951;(17, (48, 34, 0, 0, 0, 0, 0, 0, 0, 0))
2018-03-21 06:36:02.455043;(18, (48, 35, 0, 0, 0, 0, 0, 0, 0, 0))
2018-03-21 06:36:02.473146;(11, (65, 52, 0, 0, 0, 0, 0, 0, 0, 0))
2018-03-21 06:36:02.516076;(2, (106, 100, 0, 0, 0, 0, 0, 0, 0, 0))
2018-03-21 06:36:02.550242;(19, (81, 36, 0, 0, 0, 0, 0, 0, 0, 0))
2018-03-21 06:36:02.562692;(6, (107, 80, 0, 0, 0, 0, 0, 0, 0, 0))
2018-03-21 06:36:02.598424;(24, (69, 25, 0, 0, 0, 0, 0, 0, 0, 0))
2018-03-21 06:36:02.639576;(12, (72, 65, 0, 0, 0, 0, 0, 0, 0, 0))
2018-03-21 06:36:02.689327;(5, (134, 101, 15, 0, 0, 0, 0, 0, 0, 0))
2018-03-21 06:37:01.745315;(15, (185, 171, 0, 0, 0, 0, 0, 0, 0, 0))
2018-03-21 06:37:01.792767;(7, (218, 213, 25, 0, 0, 0, 0, 0, 0, 0))
2018-03-21 06:37:01.841178;(13, (171, 146, 3, 0, 0, 0, 0, 0, 0, 0))
2018-03-21 06:37:01.886439;(23, (393, 363, 180, 0, 0, 0, 0, 0, 0, 0))
2018-03-21 06:37:01.935287;(20, (181, 134, 16, 0, 0, 0, 0, 0, 0, 0))
2018-03-21 06:37:01.966931;(8, (296, 289, 39, 0, 0, 0, 0, 0, 0, 0))
2018-03-21 06:37:02.012725;(4, (240, 279, 18, 0, 0, 0, 0, 0, 0, 0))
2018-03-21 06:37:02.038694;(21, (449, 392, 207, 0, 0, 0, 0, 0, 0, 0))
2018-03-21 06:37:02.106072;(22, (689, 640, 433, 0, 0, 0, 0, 0, 0, 0))
2018-03-21 06:37:02.131477;(26, (210, 160, 23, 0, 0, 0, 0, 0, 0, 0))
2018-03-21 06:37:02.202670;(14, (266, 230, 23, 0, 0, 0, 0, 0, 0, 0))
2018-03-21 06:37:02.216832;(25, (118, 112, 1, 0, 0, 0, 0, 0, 0, 0))
2018-03-21 06:37:02.276230;(16, (227, 192, 12, 0, 0, 0, 0, 0, 0, 0))
2018-03-21 06:37:02.291116;(3, (321, 312, 63, 0, 0, 0, 0, 0, 0, 0))
2018-03-21 06:37:02.327559;(1, (1800, 1563, 1532, 0, 0, 0, 0, 0, 0, 0))
2018-03-21 06:37:02.377965;(9, (471, 472, 175, 0, 0, 0, 0, 0, 0, 0))
2018-03-21 06:37:02.403144;(10, (379, 415, 163, 0, 0, 0, 0, 0, 0, 0))
2018-03-21 06:37:02.449496;(17, (195, 191, 59, 0, 0, 0, 0, 0, 0, 0))
2018-03-21 06:37:02.469889;(18, (133, 140, 0, 0, 0, 0, 0, 0, 0, 0))
2018-03-21 06:37:02.490790;(11, (342, 334, 119, 0, 0, 0, 0, 0, 0, 0))
2018-03-21 06:37:02.535531;(2, (340, 362, 109, 0, 0, 0, 0, 0, 0, 0))
2018-03-21 06:37:02.568668;(19, (271, 226, 61, 0, 0, 0, 0, 0, 0, 0))
2018-03-21 06:37:02.579252;(6, (216, 210, 0, 0, 0, 0, 0, 0, 0, 0))
2018-03-21 06:37:02.613297;(24, (161, 120, 2, 0, 0, 0, 0, 0, 0, 0))
2018-03-21 06:37:02.653433;(12, (279, 304, 64, 0, 0, 0, 0, 0, 0, 0))
2018-03-21 06:37:02.702107;(5, (354, 325, 76, 0, 0, 0, 0, 0, 0, 0))
2018-03-21 06:38:01.757611;(15, (291, 299, 0, 0, 0, 0, 0, 0, 0, 0))
2018-03-21 06:38:01.808245;(7, (356, 369, 41, 0, 0, 0, 0, 0, 0, 0))
2018-03-21 06:38:01.856336;(13, (356, 334, 78, 0, 0, 0, 0, 0, 0, 0))
2018-03-21 06:38:01.902764;(23, (729, 720, 365, 0, 0, 0, 0, 0, 0, 0))
2018-03-21 06:38:01.951719;(20, (355, 319, 54, 0, 0, 0, 0, 0, 0, 0))
2018-03-21 06:38:01.981653;(8, (499, 507, 81, 0, 0, 0, 0, 0, 0, 0))
2018-03-21 06:38:02.023713;(4, (353, 400, 37, 0, 0, 0, 0, 0, 0, 0))
2018-03-21 06:38:02.053796;(21, (791, 708, 367, 0, 0, 0, 0, 0, 0, 0))
2018-03-21 06:38:02.119220;(22, (1034, 1024, 585, 0, 0, 0, 0, 0, 0, 0))
2018-03-21 06:38:02.144145;(26, (417, 346, 85, 0, 0, 0, 0, 0, 0, 0))
2018-03-21 06:38:02.217704;(14, (437, 409, 37, 0, 0, 0, 0, 0, 0, 0))
2018-03-21 06:38:02.230770;(25, (252, 272, 2, 0, 0, 0, 0, 0, 0, 0))
2018-03-21 06:38:02.291503;(16, (568, 524, 163, 0, 0, 0, 0, 0, 0, 0))
2018-03-21 06:38:02.309644;(3, (707, 698, 288, 0, 0, 0, 0, 0, 0, 0))
2018-03-21 06:38:02.339364;(1, (3215, 2845, 2804, 0, 0, 0, 0, 0, 0, 0))
2018-03-21 06:38:02.391399;(9, (626, 643, 193, 0, 0, 0, 0, 0, 0, 0))
2018-03-21 06:38:02.418043;(10, (748, 820, 383, 0, 0, 0, 0, 0, 0, 0))
2018-03-21 06:38:02.461229;(17, (357, 346, 128, 1, 0, 0, 0, 0, 0, 0))
2018-03-21 06:38:02.483467;(18, (243, 309, 3, 0, 0, 0, 0, 0, 0, 0))
2018-03-21 06:38:02.507685;(11, (690, 694, 284, 0, 0, 0, 0, 0, 0, 0))
2018-03-21 06:38:02.553223;(2, (609, 649, 246, 0, 0, 0, 0, 0, 0, 0))
2018-03-21 06:38:02.586001;(19, (515, 465, 136, 0, 0, 0, 0, 0, 0, 0))
2018-03-21 06:38:02.595588;(6, (543, 543, 147, 0, 0, 0, 0, 0, 0, 0))
2018-03-21 06:38:02.626321;(24, (274, 230, 5, 0, 0, 0, 0, 0, 0, 0))
2018-03-21 06:38:02.667034;(12, (410, 423, 81, 0, 0, 0, 0, 0, 0, 0))
2018-03-21 06:38:02.713797;(5, (566, 517, 155, 0, 0, 0, 0, 0, 0, 0))
2018-03-21 06:39:01.770084;(15, (398, 431, 0, 0, 0, 0, 0, 0, 0, 0))
2018-03-21 06:39:01.823704;(7, (540, 560, 92, 0, 0, 0, 0, 0, 0, 0))
2018-03-21 06:39:01.866956;(13, (508, 478, 83, 0, 0, 0, 0, 0, 0, 0))
2018-03-21 06:39:01.918813;(23, (984, 977, 462, 0, 0, 0, 0, 0, 0, 0))
2018-03-21 06:39:01.967260;(20, (479, 455, 55, 0, 0, 0, 0, 0, 0, 0))
2018-03-21 06:39:01.997318;(8, (741, 767, 181, 0, 0, 0, 0, 0, 0, 0))
2018-03-21 06:39:02.036016;(4, (607, 657, 55, 0, 0, 0, 0, 0, 0, 0))
2018-03-21 06:39:02.068427;(21, (1326, 1221, 718, 0, 0, 0, 0, 0, 0, 0))
2018-03-21 06:39:02.133851;(22, (1371, 1392, 747, 0, 0, 0, 0, 0, 0, 0))
2018-03-21 06:39:02.157414;(26, (565, 479, 98, 0, 0, 0, 0, 0, 0, 0))
2018-03-21 06:39:02.233964;(14, (582, 572, 41, 0, 0, 0, 0, 0, 0, 0))
2018-03-21 06:39:02.244240;(25, (425, 423, 26, 0, 0, 0, 0, 0, 0, 0))
2018-03-21 06:39:02.308355;(16, (943, 913, 355, 0, 0, 0, 0, 0, 0, 0))
2018-03-21 06:39:02.327231;(3, (1181, 1178, 604, 0, 0, 0, 0, 0, 0, 0))
2018-03-21 06:39:02.358207;(1, (4624, 4141, 4090, 0, 0, 0, 0, 0, 0, 0))
2018-03-21 06:39:02.407140;(9, (797, 814, 210, 0, 0, 0, 0, 0, 0, 0))
2018-03-21 06:39:02.433462;(10, (1015, 1123, 493, 0, 0, 0, 0, 0, 0, 0))
2018-03-21 06:39:02.474052;(17, (521, 509, 173, 2, 0, 0, 0, 0, 0, 0))
2018-03-21 06:39:02.498802;(18, (368, 483, 9, 0, 0, 0, 0, 0, 0, 0))
2018-03-21 06:39:02.522235;(11, (932, 942, 399, 0, 0, 0, 0, 0, 0, 0))
2018-03-21 06:39:02.570313;(2, (838, 898, 341, 0, 0, 0, 0, 0, 0, 0))
2018-03-21 06:39:02.603075;(19, (813, 772, 259, 0, 0, 0, 0, 0, 0, 0))
2018-03-21 06:39:02.612969;(6, (707, 735, 179, 0, 0, 0, 0, 0, 0, 0))
2018-03-21 06:39:02.638193;(24, (420, 341, 16, 0, 0, 0, 0, 0, 0, 0))
2018-03-21 06:39:02.683661;(12, (555, 586, 97, 0, 0, 0, 0, 0, 0, 0))
2018-03-21 06:39:02.726438;(5, (840, 791, 214, 0, 0, 0, 0, 0, 0, 0))
2018-03-21 06:40:01.782760;(15, (508, 566, 1, 0, 0, 0, 0, 0, 0, 0))
2018-03-21 06:40:01.841929;(7, (646, 692, 92, 0, 0, 0, 0, 0, 0, 0))
2018-03-21 06:40:01.879064;(13, (591, 565, 83, 0, 0, 0, 0, 0, 0, 0))
2018-03-21 06:40:01.933089;(23, (1189, 1193, 530, 0, 0, 0, 0, 0, 0, 0))
2018-03-21 06:40:01.983232;(20, (634, 635, 93, 0, 0, 0, 0, 0, 0, 0))
2018-03-21 06:40:02.011839;(8, (993, 1021, 274, 0, 0, 0, 0, 0, 0, 0))
2018-03-21 06:40:02.047119;(4, (784, 829, 136, 0, 0, 0, 0, 0, 0, 0))
2018-03-21 06:40:02.082106;(21, (1852, 1742, 1074, 0, 0, 0, 0, 0, 0, 0))
2018-03-21 06:40:02.147747;(22, (1773, 1827, 988, 0, 0, 0, 0, 0, 0, 0))
2018-03-21 06:40:02.171489;(26, (872, 799, 225, 1, 0, 0, 0, 0, 0, 0))
2018-03-21 06:40:02.250194;(14, (726, 714, 52, 0, 0, 0, 0, 0, 0, 0))
2018-03-21 06:40:02.256523;(25, (504, 493, 30, 0, 0, 0, 0, 0, 0, 0))
2018-03-21 06:40:02.320893;(16, (1061, 1022, 376, 0, 0, 0, 0, 0, 0, 0))
2018-03-21 06:40:02.345819;(3, (1460, 1484, 748, 0, 0, 0, 0, 0, 0, 0))
2018-03-21 06:40:02.375601;(1, (6054, 5460, 5399, 0, 0, 0, 0, 0, 0, 0))
2018-03-21 06:40:02.423042;(9, (1078, 1103, 328, 0, 0, 0, 0, 0, 0, 0))
2018-03-21 06:40:02.448535;(10, (1434, 1581, 749, 0, 0, 0, 0, 0, 0, 0))
2018-03-21 06:40:02.489510;(17, (701, 702, 221, 2, 0, 0, 0, 0, 0, 0))
2018-03-21 06:40:02.515520;(18, (489, 642, 20, 0, 0, 0, 0, 0, 0, 0))
2018-03-21 06:40:02.537281;(11, (1344, 1346, 660, 0, 0, 0, 0, 0, 0, 0))
2018-03-21 06:40:02.590345;(2, (1287, 1364, 632, 0, 0, 0, 0, 0, 0, 0))
2018-03-21 06:40:02.619658;(19, (979, 944, 293, 0, 0, 0, 0, 0, 0, 0))
2018-03-21 06:40:02.628016;(6, (891, 931, 253, 0, 0, 0, 0, 0, 0, 0))
2018-03-21 06:40:02.650889;(24, (516, 434, 18, 0, 0, 0, 0, 0, 0, 0))
2018-03-21 06:40:02.697028;(12, (718, 786, 143, 0, 0, 0, 0, 0, 0, 0))
2018-03-21 06:40:02.737528;(5, (987, 940, 250, 0, 0, 0, 0, 0, 0, 0))
2018-03-21 06:41:01.794844;(15, (621, 705, 2, 0, 0, 0, 0, 0, 0, 0))
2018-03-21 06:41:01.860956;(7, (757, 825, 94, 0, 0, 0, 0, 0, 0, 0))
2018-03-21 06:41:01.892703;(13, (728, 716, 109, 0, 0, 0, 0, 0, 0, 0))
2018-03-21 06:41:01.949087;(23, (1382, 1411, 594, 0, 0, 0, 0, 0, 0, 0))
2018-03-21 06:41:01.997716;(20, (776, 814, 120, 0, 0, 0, 0, 0, 0, 0))
2018-03-21 06:41:02.026372;(8, (1124, 1160, 274, 0, 0, 0, 0, 0, 0, 0))
2018-03-21 06:41:02.058122;(4, (924, 993, 186, 0, 0, 0, 0, 0, 0, 0))
2018-03-21 06:41:02.096434;(21, (2380, 2254, 1428, 0, 0, 0, 0, 0, 0, 0))
2018-03-21 06:41:02.162305;(22, (2098, 2175, 1168, 0, 0, 0, 0, 0, 0, 0))
2018-03-21 06:41:02.184715;(26, (1073, 1018, 278, 1, 0, 0, 0, 0, 0, 0))
2018-03-21 06:41:02.260821;(14, (884, 861, 111, 0, 0, 0, 0, 0, 0, 0))
2018-03-21 06:41:02.271847;(25, (573, 584, 30, 0, 0, 0, 0, 0, 0, 0))
2018-03-21 06:41:02.333496;(16, (1135, 1083, 389, 0, 0, 0, 0, 0, 0, 0))
2018-03-21 06:41:02.365765;(3, (1673, 1715, 825, 0, 0, 0, 0, 0, 0, 0))
2018-03-21 06:41:02.393673;(1, (7599, 6891, 6820, 0, 0, 0, 0, 0, 0, 0))
2018-03-21 06:41:02.442073;(9, (1247, 1287, 356, 0, 0, 0, 0, 0, 0, 0))
2018-03-21 06:41:02.463934;(10, (2020, 2195, 1187, 0, 0, 0, 0, 0, 0, 0))
2018-03-21 06:41:02.505097;(17, (1100, 1155, 476, 2, 0, 0, 0, 0, 0, 0))
2018-03-21 06:41:02.531325;(18, (594, 781, 22, 0, 0, 0, 0, 0, 0, 0))
2018-03-21 06:41:02.552698;(11, (1899, 1904, 1028, 0, 0, 0, 0, 0, 0, 0))
2018-03-21 06:41:02.606058;(2, (1940, 2037, 1134, 0, 0, 0, 0, 0, 0, 0))
2018-03-21 06:41:02.635954;(19, (1104, 1090, 293, 0, 0, 0, 0, 0, 0, 0))
2018-03-21 06:41:02.642226;(6, (1025, 1101, 283, 0, 0, 0, 0, 0, 0, 0))
2018-03-21 06:41:02.664613;(24, (602, 521, 18, 0, 0, 0, 0, 0, 0, 0))
2018-03-21 06:41:02.711080;(12, (933, 1014, 197, 0, 0, 0, 0, 0, 0, 0))
2018-03-21 06:41:02.750520;(5, (1164, 1130, 291, 0, 0, 0, 0, 0, 0, 0))
2018-03-21 06:42:01.808092;(15, (743, 851, 2, 0, 0, 0, 0, 0, 0, 0))
2018-03-21 06:42:01.877876;(7, (1145, 1236, 330, 0, 0, 0, 0, 0, 0, 0))
2018-03-21 06:42:01.908860;(13, (933, 933, 181, 0, 0, 0, 0, 0, 0, 0))
2018-03-21 06:42:01.964853;(23, (1649, 1712, 708, 0, 0, 0, 0, 0, 0, 0))
2018-03-21 06:42:02.012395;(20, (918, 971, 145, 0, 0, 0, 0, 0, 0, 0))
2018-03-21 06:42:02.039406;(8, (1276, 1318, 297, 0, 0, 0, 0, 0, 0, 0))
2018-03-21 06:42:02.070080;(4, (1087, 1161, 266, 1, 0, 0, 0, 0, 0, 0))
2018-03-21 06:42:02.111129;(21, (2735, 2616, 1634, 0, 0, 0, 0, 0, 0, 0))
2018-03-21 06:42:02.176350;(22, (2246, 2355, 1186, 0, 0, 0, 0, 0, 0, 0))
2018-03-21 06:42:02.199734;(26, (1278, 1242, 328, 1, 0, 0, 0, 0, 0, 0))
2018-03-21 06:42:02.271853;(14, (997, 965, 151, 0, 0, 0, 0, 0, 0, 0))
2018-03-21 06:42:02.282501;(25, (684, 713, 34, 0, 0, 0, 0, 0, 0, 0))
2018-03-21 06:42:02.348627;(16, (1444, 1399, 531, 0, 0, 0, 0, 0, 0, 0))
2018-03-21 06:42:02.383077;(3, (2084, 2139, 1099, 0, 0, 0, 0, 0, 0, 0))
2018-03-21 06:42:02.410818;(1, (9158, 8336, 8255, 0, 0, 0, 0, 0, 0, 0))
2018-03-21 06:42:02.459940;(9, (1374, 1428, 359, 0, 0, 0, 0, 0, 0, 0))
2018-03-21 06:42:02.480326;(10, (2585, 2796, 1586, 0, 0, 0, 0, 0, 0, 0))
2018-03-21 06:42:02.518717;(17, (1506, 1577, 738, 2, 0, 0, 0, 0, 0, 0))
2018-03-21 06:42:02.546296;(18, (731, 954, 34, 0, 0, 0, 0, 0, 0, 0))
2018-03-21 06:42:02.569387;(11, (2414, 2426, 1363, 0, 0, 0, 0, 0, 0, 0))
2018-03-21 06:42:02.623224;(2, (2468, 2587, 1522, 0, 0, 0, 0, 0, 0, 0))
2018-03-21 06:42:02.651334;(19, (1239, 1240, 295, 0, 0, 0, 0, 0, 0, 0))
2018-03-21 06:42:02.658734;(6, (1175, 1278, 304, 0, 0, 0, 0, 0, 0, 0))
2018-03-21 06:42:02.677608;(24, (685, 595, 19, 0, 0, 0, 0, 0, 0, 0))
2018-03-21 06:42:02.724193;(12, (1140, 1244, 269, 0, 0, 0, 0, 0, 0, 0))
2018-03-21 06:42:02.763947;(5, (1371, 1341, 337, 0, 0, 0, 0, 0, 0, 0))
2018-03-21 06:43:01.823861;(15, (863, 1004, 2, 0, 0, 0, 0, 0, 0, 0))
2018-03-21 06:43:01.895420;(7, (1459, 1550, 495, 0, 0, 0, 0, 0, 0, 0))
2018-03-21 06:43:01.921296;(13, (1037, 1029, 195, 0, 0, 0, 0, 0, 0, 0))
2018-03-21 06:43:01.982238;(23, (1822, 1904, 738, 0, 0, 0, 0, 0, 0, 0))
2018-03-21 06:43:02.027198;(20, (1361, 1419, 418, 0, 0, 0, 0, 0, 0, 0))
2018-03-21 06:43:02.052646;(8, (1526, 1571, 415, 0, 0, 0, 0, 0, 0, 0))
2018-03-21 06:43:02.081311;(4, (1225, 1302, 289, 1, 0, 0, 0, 0, 0, 0))
2018-03-21 06:43:02.124926;(21, (3144, 3037, 1899, 0, 0, 0, 0, 0, 0, 0))
2018-03-21 06:43:02.189500;(22, (2371, 2499, 1186, 0, 0, 0, 0, 0, 0, 0))
2018-03-21 06:43:02.212525;(26, (1502, 1470, 392, 1, 0, 0, 0, 0, 0, 0))
2018-03-21 06:43:02.280562;(14, (1078, 1007, 170, 0, 0, 0, 0, 0, 0, 0))
2018-03-21 06:43:02.292401;(25, (774, 811, 35, 0, 0, 0, 0, 0, 0, 0))
2018-03-21 06:43:02.364228;(16, (1748, 1714, 691, 0, 0, 0, 0, 0, 0, 0))
2018-03-21 06:43:02.400305;(3, (2502, 2575, 1380, 0, 0, 0, 0, 0, 0, 0))
2018-03-21 06:43:02.421275;(1, (10518, 9585, 9494, 0, 0, 0, 0, 0, 0, 0))
2018-03-21 06:43:02.480297;(9, (1530, 1606, 375, 0, 0, 0, 0, 0, 0, 0))
2018-03-21 06:43:02.497231;(10, (2922, 3143, 1790, 0, 0, 0, 0, 0, 0, 0))
2018-03-21 06:43:02.536459;(17, (1684, 1785, 790, 2, 0, 0, 0, 0, 0, 0))
2018-03-21 06:43:02.563972;(18, (1143, 1414, 289, 0, 0, 0, 0, 0, 0, 0))
2018-03-21 06:43:02.584429;(11, (2751, 2726, 1554, 0, 0, 0, 0, 0, 0, 0))
2018-03-21 06:43:02.639584;(2, (2593, 2741, 1526, 0, 0, 0, 0, 0, 0, 0))
2018-03-21 06:43:02.668297;(19, (1449, 1456, 356, 0, 0, 0, 0, 0, 0, 0))
2018-03-21 06:43:02.676243;(6, (1297, 1429, 307, 0, 0, 0, 0, 0, 0, 0))
2018-03-21 06:43:02.692029;(24, (823, 726, 42, 0, 0, 0, 0, 0, 0, 0))
2018-03-21 06:43:02.775179;(5, (1474, 1429, 345, 0, 0, 0, 0, 0, 0, 0))
2018-03-21 06:44:01.836938;(15, (949, 1101, 2, 0, 0, 0, 0, 0, 0, 0))
2018-03-21 06:44:01.914840;(7, (1771, 1877, 683, 0, 0, 0, 0, 0, 0, 0))
2018-03-21 06:44:01.935572;(13, (1174, 1184, 210, 0, 0, 0, 0, 0, 0, 0))
2018-03-21 06:44:01.999592;(23, (1933, 2038, 738, 0, 0, 0, 0, 0, 0, 0))
2018-03-21 06:44:02.040473;(20, (1840, 1912, 740, 0, 0, 0, 0, 0, 0, 0))
2018-03-21 06:44:02.068591;(8, (1739, 1783, 493, 0, 0, 0, 0, 0, 0, 0))
2018-03-21 06:44:02.095177;(4, (1412, 1507, 324, 1, 0, 0, 0, 0, 0, 0))
2018-03-21 06:44:02.141815;(21, (3486, 3383, 2100, 0, 0, 0, 0, 0, 0, 0))
2018-03-21 06:44:02.205010;(22, (2489, 2658, 1186, 0, 0, 0, 0, 0, 0, 0))
2018-03-21 06:44:02.226344;(26, (1816, 1767, 537, 1, 0, 0, 0, 0, 0, 0))
2018-03-21 06:44:02.292156;(14, (1272, 1222, 230, 0, 0, 0, 0, 0, 0, 0))
2018-03-21 06:44:02.302229;(25, (862, 897, 40, 0, 0, 0, 0, 0, 0, 0))
2018-03-21 06:44:02.381860;(16, (2193, 2171, 963, 0, 0, 0, 0, 0, 0, 0))
2018-03-21 06:44:02.418484;(3, (3058, 3147, 1791, 0, 0, 0, 0, 0, 0, 0))
2018-03-21 06:44:02.434461;(1, (12009, 10968, 10867, 0, 0, 0, 0, 0, 0, 0))
2018-03-21 06:44:02.497631;(9, (1872, 1939, 534, 0, 0, 0, 0, 0, 0, 0))
2018-03-21 06:44:02.516421;(10, (3354, 3596, 2048, 0, 0, 0, 0, 0, 0, 0))
2018-03-21 06:44:02.554023;(17, (1867, 1987, 827, 2, 0, 0, 0, 0, 0, 0))
2018-03-21 06:44:02.582537;(18, (1623, 1924, 610, 0, 0, 0, 0, 0, 0, 0))
2018-03-21 06:44:02.600148;(11, (3127, 3111, 1760, 0, 0, 0, 0, 0, 0, 0))
2018-03-21 06:44:02.655221;(2, (2760, 2936, 1587, 0, 0, 0, 0, 0, 0, 0))
2018-03-21 06:44:02.683775;(19, (1709, 1727, 450, 0, 0, 0, 0, 0, 0, 0))
2018-03-21 06:44:02.692181;(6, (1422, 1572, 315, 0, 0, 0, 0, 0, 0, 0))
2018-03-21 06:44:02.708004;(24, (1049, 949, 93, 0, 0, 0, 0, 0, 0, 0))
2018-03-21 06:44:02.757102;(12, (1485, 1637, 348, 0, 0, 0, 0, 0, 0, 0))
2018-03-21 06:44:02.786154;(5, (1560, 1500, 347, 0, 0, 0, 0, 0, 0, 0))
2018-03-21 06:45:01.855642;(15, (1076, 1242, 2, 0, 0, 0, 0, 0, 0, 0))
2018-03-21 06:45:01.933556;(7, (2059, 2168, 813, 0, 0, 0, 0, 0, 0, 0))
2018-03-21 06:45:01.952656;(13, (1336, 1354, 242, 0, 0, 0, 0, 0, 0, 0))
2018-03-21 06:45:02.015326;(23, (2119, 2248, 780, 0, 0, 0, 0, 0, 0, 0))
2018-03-21 06:45:02.053565;(20, (2476, 2547, 1180, 0, 0, 0, 0, 0, 0, 0))
2018-03-21 06:45:02.084861;(8, (1868, 1928, 494, 0, 0, 0, 0, 0, 0, 0))
2018-03-21 06:45:02.109119;(4, (1573, 1666, 364, 1, 0, 0, 0, 0, 0, 0))
2018-03-21 06:45:02.156684;(21, (4066, 3949, 2519, 0, 0, 0, 0, 0, 0, 0))
2018-03-21 06:45:02.220063;(22, (3021, 3202, 1527, 0, 0, 0, 0, 0, 0, 0))
2018-03-21 06:45:02.238360;(26, (2051, 2017, 598, 1, 0, 0, 0, 0, 0, 0))
2018-03-21 06:45:02.304638;(14, (1494, 1481, 294, 0, 0, 0, 0, 0, 0, 0))
2018-03-21 06:45:02.314063;(25, (930, 968, 40, 0, 0, 0, 0, 0, 0, 0))
2018-03-21 06:45:02.397817;(16, (2676, 2662, 1252, 0, 0, 0, 0, 0, 0, 0))
2018-03-21 06:45:02.434205;(3, (3320, 3407, 1902, 0, 0, 0, 0, 0, 0, 0))
2018-03-21 06:45:02.512437;(9, (2130, 2197, 622, 0, 0, 0, 0, 0, 0, 0))
2018-03-21 06:45:02.532639;(10, (3839, 4093, 2368, 0, 0, 0, 0, 0, 0, 0))
2018-03-21 06:45:02.573542;(17, (2143, 2288, 947, 2, 0, 0, 0, 0, 0, 0))
2018-03-21 06:45:02.604699;(18, (2160, 2496, 987, 0, 0, 0, 0, 0, 0, 0))
2018-03-21 06:45:02.618204;(11, (3595, 3586, 2030, 0, 0, 0, 0, 0, 0, 0))
2018-03-21 06:45:02.669767;(2, (2939, 3158, 1631, 0, 0, 0, 0, 0, 0, 0))
2018-03-21 06:45:02.697443;(19, (1821, 1813, 466, 0, 0, 0, 0, 0, 0, 0))
2018-03-21 06:45:02.707308;(6, (1602, 1787, 350, 0, 0, 0, 0, 0, 0, 0))
2018-03-21 06:45:02.718814;(24, (1145, 1030, 110, 0, 0, 0, 0, 0, 0, 0))
2018-03-21 06:45:02.770384;(12, (1741, 1918, 454, 0, 0, 0, 0, 0, 0, 0))
2018-03-21 06:45:02.795728;(5, (1639, 1564, 349, 0, 0, 0, 0, 0, 0, 0))
2018-03-21 06:45:03.447453;(1, (13505, 12312, 12197, 0, 0, 0, 0, 0, 0, 0))
2018-03-21 06:46:02.784114;(12, (1952, 2165, 522, 0, 0, 0, 0, 0, 0, 0))
2018-03-21 06:46:02.871936;(15, (1194, 1375, 11, 0, 0, 0, 0, 0, 0, 0))
2018-03-21 06:46:02.951596;(7, (2205, 2322, 833, 0, 0, 0, 0, 0, 0, 0))
2018-03-21 06:46:02.967082;(13, (1485, 1481, 254, 0, 0, 0, 0, 0, 0, 0))
2018-03-21 06:46:03.032901;(23, (2254, 2408, 783, 0, 0, 0, 0, 0, 0, 0))
2018-03-21 06:46:03.069078;(20, (2701, 2775, 1267, 0, 0, 0, 0, 0, 0, 0))
2018-03-21 06:46:03.097235;(8, (2431, 2504, 864, 0, 0, 0, 0, 0, 0, 0))
2018-03-21 06:46:03.120853;(4, (1736, 1800, 409, 1, 0, 0, 0, 0, 0, 0))
2018-03-21 06:46:03.171195;(21, (4865, 4738, 3109, 0, 0, 0, 0, 0, 0, 0))
2018-03-21 06:46:03.234595;(22, (3253, 3455, 1619, 0, 0, 0, 0, 0, 0, 0))
2018-03-21 06:46:03.250065;(26, (2191, 2122, 626, 1, 0, 0, 0, 0, 0, 0))
2018-03-21 06:46:03.317645;(14, (1704, 1699, 331, 0, 0, 0, 0, 0, 0, 0))
2018-03-21 06:46:03.329028;(25, (1059, 1078, 53, 0, 0, 0, 0, 0, 0, 0))
2018-03-21 06:46:03.413953;(16, (3043, 3033, 1443, 0, 0, 0, 0, 0, 0, 0))
2018-03-21 06:46:03.452439;(3, (3484, 3581, 1943, 0, 0, 0, 0, 0, 0, 0))
2018-03-21 06:46:03.460696;(1, (14672, 13373, 13246, 0, 0, 0, 0, 0, 0, 0))
2018-03-21 06:46:03.528936;(9, (2301, 2370, 639, 0, 0, 0, 0, 0, 0, 0))
2018-03-21 06:46:03.545966;(10, (3937, 4182, 2393, 0, 0, 0, 0, 0, 0, 0))
2018-03-21 06:46:03.588410;(17, (2239, 2383, 969, 2, 0, 0, 0, 0, 0, 0))
2018-03-21 06:46:03.623379;(18, (2238, 2575, 1016, 0, 0, 0, 0, 0, 0, 0))
2018-03-21 06:46:03.635389;(11, (3684, 3665, 2052, 0, 0, 0, 0, 0, 0, 0))
2018-03-21 06:46:03.711763;(19, (2110, 2091, 579, 0, 0, 0, 0, 0, 0, 0))
2018-03-21 06:46:03.722565;(6, (1755, 1959, 374, 0, 0, 0, 0, 0, 0, 0))
2018-03-21 06:46:03.729713;(24, (1327, 1184, 153, 0, 0, 0, 0, 0, 0, 0))
2018-03-21 06:46:03.809592;(5, (1736, 1634, 352, 0, 0, 0, 0, 0, 0, 0))
2018-03-21 06:47:02.886915;(15, (1310, 1503, 11, 0, 0, 0, 0, 0, 0, 0))
2018-03-21 06:47:02.971706;(7, (2322, 2457, 836, 0, 0, 0, 0, 0, 0, 0))
2018-03-21 06:47:02.981404;(13, (1572, 1548, 262, 0, 0, 0, 0, 0, 0, 0))
2018-03-21 06:47:03.046828;(23, (2367, 2551, 783, 0, 0, 0, 0, 0, 0, 0))
2018-03-21 06:47:03.083912;(20, (2849, 2935, 1294, 0, 0, 0, 0, 0, 0, 0))
2018-03-21 06:47:03.111940;(8, (2676, 2763, 964, 0, 0, 0, 0, 0, 0, 0))
2018-03-21 06:47:03.132897;(4, (1820, 1862, 417, 1, 0, 0, 0, 0, 0, 0))
2018-03-21 06:47:03.185467;(21, (5229, 5094, 3312, 0, 0, 0, 0, 0, 0, 0))
2018-03-21 06:47:03.250911;(22, (3611, 3816, 1809, 0, 0, 0, 0, 0, 0, 0))
2018-03-21 06:47:03.261665;(26, (2265, 2170, 631, 1, 0, 0, 0, 0, 0, 0))
2018-03-21 06:47:03.342194;(25, (1124, 1133, 58, 0, 0, 0, 0, 0, 0, 0))
2018-03-21 06:47:03.430127;(16, (3300, 3301, 1541, 0, 0, 0, 0, 0, 0, 0))
2018-03-21 06:47:03.468845;(3, (3813, 3916, 2134, 0, 0, 0, 0, 0, 0, 0))
2018-03-21 06:47:03.477557;(1, (15667, 14307, 14168, 0, 0, 0, 0, 0, 0, 0))
2018-03-21 06:47:03.547666;(9, (2440, 2516, 640, 0, 0, 0, 0, 0, 0, 0))
2018-03-21 06:47:03.559944;(10, (3973, 4208, 2395, 0, 0, 0, 0, 0, 0, 0))
2018-03-21 06:47:03.601107;(17, (2294, 2440, 973, 2, 0, 0, 0, 0, 0, 0))
2018-03-21 06:47:03.637702;(18, (2263, 2607, 1016, 0, 0, 0, 0, 0, 0, 0))
2018-03-21 06:47:03.651766;(11, (3731, 3704, 2053, 0, 0, 0, 0, 0, 0, 0))
2018-03-21 06:47:03.703887;(2, (3235, 3505, 1686, 0, 0, 0, 0, 0, 0, 0))
2018-03-21 06:47:03.725933;(19, (2253, 2233, 579, 0, 0, 0, 0, 0, 0, 0))
2018-03-21 06:47:03.740281;(6, (1888, 2111, 376, 0, 0, 0, 0, 0, 0, 0))
2018-03-21 06:47:03.745050;(24, (1381, 1231, 153, 0, 0, 0, 0, 0, 0, 0))
2018-03-21 06:47:03.800872;(12, (2099, 2333, 534, 0, 0, 0, 0, 0, 0, 0))
2018-03-21 06:47:03.822321;(5, (1813, 1689, 361, 0, 0, 0, 0, 0, 0, 0))
2018-03-21 06:48:02.902887;(15, (1465, 1673, 18, 0, 0, 0, 0, 0, 0, 0))
2018-03-21 06:48:02.989601;(7, (2581, 2728, 947, 0, 0, 0, 0, 0, 0, 0))
2018-03-21 06:48:02.993911;(13, (1652, 1634, 273, 0, 0, 0, 0, 0, 0, 0))
2018-03-21 06:48:03.060053;(23, (2687, 2934, 952, 0, 0, 0, 0, 0, 0, 0))
2018-03-21 06:48:03.097152;(20, (3072, 3160, 1362, 0, 0, 0, 0, 0, 0, 0))
2018-03-21 06:48:03.127392;(8, (2952, 3055, 1082, 0, 0, 0, 0, 0, 0, 0))
2018-03-21 06:48:03.146352;(4, (1946, 2000, 449, 1, 0, 0, 0, 0, 0, 0))
2018-03-21 06:48:03.199544;(21, (5494, 5356, 3418, 0, 0, 0, 0, 0, 0, 0))
2018-03-21 06:48:03.266477;(22, (3912, 4111, 1940, 0, 0, 0, 0, 0, 0, 0))
2018-03-21 06:48:03.272655;(26, (2421, 2309, 713, 1, 0, 0, 0, 0, 0, 0))
2018-03-21 06:48:03.346185;(14, (2365, 2322, 665, 0, 0, 0, 0, 0, 0, 0))
2018-03-21 06:48:03.355123;(25, (1173, 1192, 58, 0, 0, 0, 0, 0, 0, 0))
2018-03-21 06:48:03.446465;(16, (3488, 3512, 1571, 0, 0, 0, 0, 0, 0, 0))
2018-03-21 06:48:03.486324;(3, (4235, 4342, 2412, 0, 0, 0, 0, 0, 0, 0))
2018-03-21 06:48:03.492665;(1, (16977, 15511, 15362, 0, 0, 0, 0, 0, 0, 0))
2018-03-21 06:48:03.565376;(9, (2599, 2677, 644, 0, 0, 0, 0, 0, 0, 0))
2018-03-21 06:48:03.575675;(10, (4222, 4470, 2544, 0, 0, 0, 0, 0, 0, 0))
2018-03-21 06:48:03.613465;(17, (2419, 2578, 1018, 2, 0, 0, 0, 0, 0, 0))
2018-03-21 06:48:03.652891;(18, (2348, 2709, 1017, 0, 0, 0, 0, 0, 0, 0))
2018-03-21 06:48:03.666344;(11, (3912, 3901, 2123, 0, 0, 0, 0, 0, 0, 0))
2018-03-21 06:48:03.721698;(2, (3444, 3731, 1756, 0, 0, 0, 0, 0, 0, 0))
2018-03-21 06:48:03.741494;(19, (2520, 2509, 674, 0, 0, 0, 0, 0, 0, 0))
2018-03-21 06:48:03.756429;(6, (2016, 2251, 376, 0, 0, 0, 0, 0, 0, 0))
2018-03-21 06:48:03.815904;(12, (2241, 2499, 538, 0, 0, 0, 0, 0, 0, 0))
2018-03-21 06:48:03.836263;(5, (1881, 1749, 361, 0, 0, 0, 0, 0, 0, 0))
2018-03-21 06:49:02.917585;(15, (1620, 1835, 34, 0, 0, 0, 0, 0, 0, 0))
2018-03-21 06:49:03.007322;(7, (2901, 3054, 1095, 0, 0, 0, 0, 0, 0, 0))
2018-03-21 06:49:03.008843;(13, (1813, 1792, 316, 0, 0, 0, 0, 0, 0, 0))
2018-03-21 06:49:03.075201;(23, (2996, 3290, 1095, 0, 0, 0, 0, 0, 0, 0))
2018-03-21 06:49:03.112178;(20, (3258, 3341, 1390, 0, 0, 0, 0, 0, 0, 0))
2018-03-21 06:49:03.142709;(8, (3263, 3401, 1217, 0, 0, 0, 0, 0, 0, 0))
2018-03-21 06:49:03.159908;(4, (2086, 2131, 487, 1, 0, 0, 0, 0, 0, 0))
2018-03-21 06:49:03.212178;(21, (5968, 5821, 3677, 0, 0, 0, 0, 0, 0, 0))
2018-03-21 06:49:03.278416;(22, (4322, 4490, 2154, 0, 0, 0, 0, 0, 0, 0))
2018-03-21 06:49:03.282061;(26, (2560, 2413, 741, 1, 0, 0, 0, 0, 0, 0))
2018-03-21 06:49:03.357213;(14, (2540, 2483, 682, 0, 0, 0, 0, 0, 0, 0))
2018-03-21 06:49:03.366721;(25, (1224, 1240, 59, 0, 0, 0, 0, 0, 0, 0))
2018-03-21 06:49:03.461072;(16, (3755, 3783, 1666, 0, 0, 0, 0, 0, 0, 0))
2018-03-21 06:49:03.504497;(3, (4561, 4646, 2562, 0, 0, 0, 0, 0, 0, 0))
2018-03-21 06:49:03.508728;(1, (18349, 16705, 16544, 0, 0, 0, 0, 0, 0, 0))
2018-03-21 06:49:03.580391;(9, (2732, 2802, 652, 0, 0, 0, 0, 0, 0, 0))
2018-03-21 06:49:03.591846;(10, (4678, 4939, 2798, 0, 0, 0, 0, 0, 0, 0))
2018-03-21 06:49:03.627768;(17, (2689, 2874, 1135, 2, 0, 0, 0, 0, 0, 0))
2018-03-21 06:49:03.668345;(18, (2456, 2833, 1017, 0, 0, 0, 0, 0, 0, 0))
2018-03-21 06:49:03.683991;(11, (4252, 4229, 2281, 0, 0, 0, 0, 0, 0, 0))
2018-03-21 06:49:03.740336;(2, (3875, 4187, 2004, 0, 0, 0, 0, 0, 0, 0))
2018-03-21 06:49:03.756792;(19, (2680, 2662, 686, 0, 0, 0, 0, 0, 0, 0))
2018-03-21 06:49:03.775563;(6, (2197, 2464, 402, 0, 0, 0, 0, 0, 0, 0))
2018-03-21 06:49:03.776302;(24, (1540, 1377, 163, 0, 0, 0, 0, 0, 0, 0))
2018-03-21 06:49:03.831331;(12, (2433, 2699, 565, 0, 0, 0, 0, 0, 0, 0))
2018-03-21 06:49:03.854014;(5, (1979, 1831, 365, 0, 0, 0, 0, 0, 0, 0))
