2018-03-21 02:42:25.227492;(11, (160, 183, 10, 0, 0, 0, 0, 0, 0, 0))
2018-03-21 02:42:25.292565;(13, (56, 43, 0, 0, 0, 0, 0, 0, 0, 0))
2018-03-21 02:42:25.308517;(15, (72, 34, 0, 0, 0, 0, 0, 0, 0, 0))
2018-03-21 02:42:25.393531;(23, (313, 270, 219, 0, 0, 0, 0, 0, 0, 0))
2018-03-21 02:42:25.407511;(24, (64, 30, 0, 0, 0, 0, 0, 0, 0, 0))
2018-03-21 02:42:25.477190;(2, (900, 1124, 177, 0, 0, 0, 0, 0, 0, 0))
2018-03-21 02:42:25.520551;(5, (148, 123, 6, 0, 0, 0, 0, 0, 0, 0))
2018-03-21 02:42:25.551702;(8, (288, 274, 133, 0, 0, 0, 0, 0, 0, 0))
2018-03-21 02:42:25.603144;(19, (184, 129, 45, 0, 0, 0, 0, 0, 0, 0))
2018-03-21 02:42:25.630093;(20, (155, 129, 29, 0, 0, 0, 0, 0, 0, 0))
2018-03-21 02:42:25.704971;(10, (687, 948, 60, 0, 0, 0, 0, 0, 0, 0))
2018-03-21 02:42:25.793430;(4, (76, 61, 0, 0, 0, 0, 0, 0, 0, 0))
2018-03-21 02:42:25.809282;(7, (128, 88, 52, 0, 0, 0, 0, 0, 0, 0))
2018-03-21 02:42:25.818212;(26, (129, 61, 6, 0, 0, 0, 0, 0, 0, 0))
2018-03-21 02:42:25.867287;(1, (3002, 2817, 2795, 0, 0, 0, 0, 0, 0, 0))
2018-03-21 02:42:25.892604;(17, (63, 49, 0, 0, 0, 0, 0, 0, 0, 0))
2018-03-21 02:42:25.907465;(25, (55, 43, 0, 0, 0, 0, 0, 0, 0, 0))
2018-03-21 02:42:25.990929;(3, (1690, 2158, 1, 0, 0, 0, 0, 0, 0, 0))
2018-03-21 02:42:25.993968;(9, (291, 327, 23, 0, 0, 0, 0, 0, 0, 0))
2018-03-21 02:42:26.015644;(6, (480, 594, 1, 0, 0, 0, 0, 0, 0, 0))
2018-03-21 02:42:26.046045;(16, (105, 53, 3, 0, 0, 0, 0, 0, 0, 0))
2018-03-21 02:42:26.076697;(14, (121, 61, 5, 0, 0, 0, 0, 0, 0, 0))
2018-03-21 02:42:26.095935;(21, (385, 336, 225, 0, 0, 0, 0, 0, 0, 0))
2018-03-21 02:42:26.147997;(22, (79, 31, 0, 0, 0, 0, 0, 0, 0, 0))
2018-03-21 02:42:26.197165;(12, (79, 60, 2, 0, 0, 0, 0, 0, 0, 0))
2018-03-21 02:43:25.240182;(11, (375, 406, 59, 0, 0, 0, 0, 0, 0, 0))
2018-03-21 02:43:25.301799;(13, (123, 101, 5, 0, 0, 0, 0, 0, 0, 0))
2018-03-21 02:43:25.317546;(15, (164, 103, 4, 0, 0, 0, 0, 0, 0, 0))
2018-03-21 02:43:25.404808;(23, (712, 688, 418, 0, 0, 0, 0, 0, 0, 0))
2018-03-21 02:43:25.417152;(24, (143, 80, 3, 0, 0, 0, 0, 0, 0, 0))
2018-03-21 02:43:25.495362;(2, (1186, 1469, 304, 0, 0, 0, 0, 0, 0, 0))
2018-03-21 02:43:25.537951;(5, (288, 253, 24, 0, 0, 0, 0, 0, 0, 0))
2018-03-21 02:43:25.561199;(8, (417, 374, 173, 0, 0, 0, 0, 0, 0, 0))
2018-03-21 02:43:25.611709;(19, (455, 347, 110, 0, 0, 0, 0, 0, 0, 0))
2018-03-21 02:43:25.672212;(20, (1873, 2313, 325, 0, 0, 0, 0, 0, 0, 0))
2018-03-21 02:43:25.719276;(10, (1092, 1423, 231, 0, 0, 0, 0, 0, 0, 0))
2018-03-21 02:43:25.727320;(18, (317, 359, 78, 0, 0, 0, 0, 0, 0, 0))
2018-03-21 02:43:25.803796;(4, (157, 133, 4, 0, 0, 0, 0, 0, 0, 0))
2018-03-21 02:43:25.821883;(7, (302, 259, 166, 0, 0, 0, 0, 0, 0, 0))
2018-03-21 02:43:25.827391;(26, (322, 216, 50, 0, 0, 0, 0, 0, 0, 0))
2018-03-21 02:43:25.876393;(1, (6312, 6014, 5982, 0, 0, 0, 0, 0, 0, 0))
2018-03-21 02:43:25.903233;(17, (161, 122, 22, 0, 0, 0, 0, 0, 0, 0))
2018-03-21 02:43:25.918320;(25, (128, 96, 5, 0, 0, 0, 0, 0, 0, 0))
2018-03-21 02:43:26.040897;(3, (5131, 6138, 1709, 0, 0, 0, 0, 0, 0, 0))
2018-03-21 02:43:26.042695;(9, (494, 544, 45, 0, 0, 0, 0, 0, 0, 0))
2018-03-21 02:43:26.043943;(6, (1291, 1712, 60, 0, 0, 0, 0, 0, 0, 0))
2018-03-21 02:43:26.059200;(16, (315, 232, 34, 0, 0, 0, 0, 0, 0, 0))
2018-03-21 02:43:26.086015;(14, (260, 167, 32, 0, 0, 0, 0, 0, 0, 0))
2018-03-21 02:43:26.106242;(21, (631, 566, 341, 0, 0, 0, 0, 0, 0, 0))
2018-03-21 02:43:26.160191;(22, (267, 233, 42, 0, 0, 0, 0, 0, 0, 0))
2018-03-21 02:43:26.207669;(12, (203, 197, 9, 0, 0, 0, 0, 0, 0, 0))
2018-03-21 02:44:25.255657;(11, (757, 854, 153, 0, 0, 0, 0, 0, 0, 0))
2018-03-21 02:44:25.313092;(13, (314, 278, 63, 1, 0, 0, 0, 0, 0, 0))
2018-03-21 02:44:25.415645;(23, (919, 866, 526, 0, 0, 0, 0, 0, 0, 0))
2018-03-21 02:44:25.427866;(24, (314, 235, 20, 0, 0, 0, 0, 0, 0, 0))
2018-03-21 02:44:25.520127;(2, (1966, 2464, 488, 0, 0, 0, 0, 0, 0, 0))
2018-03-21 02:44:25.553562;(5, (560, 517, 61, 0, 0, 0, 0, 0, 0, 0))
2018-03-21 02:44:25.577838;(8, (485, 409, 173, 0, 0, 0, 0, 0, 0, 0))
2018-03-21 02:44:25.623510;(19, (717, 571, 184, 1, 0, 0, 0, 0, 0, 0))
2018-03-21 02:44:25.715750;(20, (3901, 4796, 967, 0, 0, 0, 0, 0, 0, 0))
2018-03-21 02:44:25.731534;(10, (1426, 1775, 441, 0, 0, 0, 0, 0, 0, 0))
2018-03-21 02:44:25.740179;(18, (355, 405, 78, 0, 0, 0, 0, 0, 0, 0))
2018-03-21 02:44:25.813828;(4, (420, 403, 26, 0, 0, 0, 0, 0, 0, 0))
2018-03-21 02:44:25.832663;(7, (408, 349, 210, 0, 0, 0, 0, 0, 0, 0))
2018-03-21 02:44:25.837912;(26, (547, 369, 127, 0, 0, 0, 0, 0, 0, 0))
2018-03-21 02:44:25.888682;(1, (9206, 8816, 8774, 0, 0, 0, 0, 0, 0, 0))
2018-03-21 02:44:25.914311;(17, (290, 231, 58, 0, 0, 0, 0, 0, 0, 0))
2018-03-21 02:44:25.929204;(25, (296, 238, 29, 0, 0, 0, 0, 0, 0, 0))
2018-03-21 02:44:26.093163;(3, (8416, 10022, 3245, 0, 0, 0, 0, 0, 0, 0))
2018-03-21 02:44:26.096721;(16, (435, 335, 53, 0, 0, 0, 0, 0, 0, 0))
2018-03-21 02:44:26.097239;(6, (1381, 1820, 64, 0, 0, 0, 0, 0, 0, 0))
2018-03-21 02:44:26.097332;(9, (644, 701, 69, 0, 0, 0, 0, 0, 0, 0))
2018-03-21 02:44:26.099064;(14, (374, 257, 47, 0, 0, 0, 0, 0, 0, 0))
2018-03-21 02:44:26.118087;(21, (693, 632, 347, 0, 0, 0, 0, 0, 0, 0))
2018-03-21 02:44:26.169441;(22, (372, 329, 62, 0, 0, 0, 0, 0, 0, 0))
2018-03-21 02:44:26.217078;(12, (369, 352, 67, 0, 0, 0, 0, 0, 0, 0))
2018-03-21 02:45:25.267817;(11, (800, 910, 156, 0, 0, 0, 0, 0, 0, 0))
2018-03-21 02:45:25.326807;(13, (359, 324, 64, 1, 0, 0, 0, 0, 0, 0))
2018-03-21 02:45:25.341074;(15, (328, 212, 20, 0, 0, 0, 0, 0, 0, 0))
2018-03-21 02:45:25.431005;(23, (1020, 1003, 528, 0, 0, 0, 0, 0, 0, 0))
2018-03-21 02:45:25.440504;(24, (364, 263, 24, 0, 0, 0, 0, 0, 0, 0))
2018-03-21 02:45:25.553508;(2, (2742, 3528, 506, 0, 0, 0, 0, 0, 0, 0))
2018-03-21 02:45:25.569601;(5, (624, 569, 64, 0, 0, 0, 0, 0, 0, 0))
2018-03-21 02:45:25.595839;(8, (532, 439, 173, 0, 0, 0, 0, 0, 0, 0))
2018-03-21 02:45:25.640895;(19, (788, 602, 188, 1, 0, 0, 0, 0, 0, 0))
2018-03-21 02:45:25.750884;(10, (1461, 1801, 441, 0, 0, 0, 0, 0, 0, 0))
2018-03-21 02:45:25.751246;(20, (5492, 6732, 1528, 0, 0, 0, 0, 0, 0, 0))
2018-03-21 02:45:25.752751;(18, (388, 441, 78, 0, 0, 0, 0, 0, 0, 0))
2018-03-21 02:45:25.826452;(4, (461, 445, 29, 0, 0, 0, 0, 0, 0, 0))
2018-03-21 02:45:25.845872;(7, (624, 535, 340, 0, 0, 0, 0, 0, 0, 0))
2018-03-21 02:45:25.851178;(26, (610, 393, 131, 0, 0, 0, 0, 0, 0, 0))
2018-03-21 02:45:25.902260;(1, (11273, 10836, 10784, 0, 0, 0, 0, 0, 0, 0))
2018-03-21 02:45:25.927268;(17, (336, 280, 62, 0, 0, 0, 0, 0, 0, 0))
2018-03-21 02:45:25.942390;(25, (336, 271, 32, 0, 0, 0, 0, 0, 0, 0))
2018-03-21 02:45:26.130605;(3, (10718, 12721, 4435, 0, 0, 0, 0, 0, 0, 0))
2018-03-21 02:45:26.134577;(21, (743, 681, 349, 0, 0, 0, 0, 0, 0, 0))
2018-03-21 02:45:26.135614;(14, (445, 310, 55, 0, 0, 0, 0, 0, 0, 0))
2018-03-21 02:45:26.135721;(9, (736, 810, 82, 0, 0, 0, 0, 0, 0, 0))
2018-03-21 02:45:26.136351;(16, (537, 411, 70, 0, 0, 0, 0, 0, 0, 0))
2018-03-21 02:45:26.136652;(6, (1419, 1862, 66, 0, 0, 0, 0, 0, 0, 0))
2018-03-21 02:45:26.182568;(22, (437, 392, 69, 0, 0, 0, 0, 0, 0, 0))
2018-03-21 02:45:26.230286;(12, (450, 423, 77, 0, 0, 0, 0, 0, 0, 0))
2018-03-21 02:46:25.284785;(11, (835, 965, 160, 0, 0, 0, 0, 0, 0, 0))
2018-03-21 02:46:25.342875;(13, (413, 379, 71, 1, 0, 0, 0, 0, 0, 0))
2018-03-21 02:46:25.357003;(15, (394, 257, 28, 0, 0, 0, 0, 0, 0, 0))
2018-03-21 02:46:25.448802;(23, (1086, 1096, 533, 0, 0, 0, 0, 0, 0, 0))
2018-03-21 02:46:25.456387;(24, (398, 290, 25, 0, 0, 0, 0, 0, 0, 0))
2018-03-21 02:46:25.569830;(2, (2803, 3599, 515, 0, 0, 0, 0, 0, 0, 0))
2018-03-21 02:46:25.584830;(5, (682, 641, 72, 0, 0, 0, 0, 0, 0, 0))
2018-03-21 02:46:25.612950;(8, (671, 569, 218, 0, 0, 0, 0, 0, 0, 0))
2018-03-21 02:46:25.661416;(19, (899, 692, 214, 1, 0, 0, 0, 0, 0, 0))
2018-03-21 02:46:25.766715;(10, (1496, 1844, 444, 0, 0, 0, 0, 0, 0, 0))
2018-03-21 02:46:25.769509;(20, (5673, 6921, 1568, 0, 0, 0, 0, 0, 0, 0))
2018-03-21 02:46:25.770536;(18, (425, 481, 78, 0, 0, 0, 0, 0, 0, 0))
2018-03-21 02:46:25.842069;(4, (502, 492, 32, 0, 0, 0, 0, 0, 0, 0))
2018-03-21 02:46:25.862132;(7, (714, 598, 360, 0, 0, 0, 0, 0, 0, 0))
2018-03-21 02:46:25.866045;(26, (675, 440, 142, 0, 0, 0, 0, 0, 0, 0))
2018-03-21 02:46:25.917997;(1, (11632, 11138, 11076, 0, 0, 0, 0, 0, 0, 0))
2018-03-21 02:46:25.943274;(17, (367, 318, 63, 0, 0, 0, 0, 0, 0, 0))
2018-03-21 02:46:25.958095;(25, (365, 301, 33, 0, 0, 0, 0, 0, 0, 0))
2018-03-21 02:46:26.153835;(3, (11017, 13094, 4455, 0, 0, 0, 0, 0, 0, 0))
2018-03-21 02:46:26.156710;(21, (1106, 1048, 579, 0, 0, 0, 0, 0, 0, 0))
2018-03-21 02:46:26.159107;(6, (1643, 2106, 205, 0, 0, 0, 0, 0, 0, 0))
2018-03-21 02:46:26.159348;(14, (527, 359, 67, 0, 0, 0, 0, 0, 0, 0))
2018-03-21 02:46:26.161098;(16, (638, 494, 85, 0, 0, 0, 0, 0, 0, 0))
2018-03-21 02:46:26.161578;(9, (798, 887, 89, 0, 0, 0, 0, 0, 0, 0))
2018-03-21 02:46:26.199370;(22, (711, 643, 259, 0, 0, 0, 0, 0, 0, 0))
2018-03-21 02:46:26.246547;(12, (508, 479, 84, 0, 0, 0, 0, 0, 0, 0))
2018-03-21 02:47:25.302205;(11, (878, 1021, 164, 0, 0, 0, 0, 0, 0, 0))
2018-03-21 02:47:25.360392;(13, (488, 457, 74, 1, 0, 0, 0, 0, 0, 0))
2018-03-21 02:47:25.374635;(15, (436, 293, 28, 0, 0, 0, 0, 0, 0, 0))
2018-03-21 02:47:25.467275;(23, (1151, 1165, 539, 0, 0, 0, 0, 0, 0, 0))
2018-03-21 02:47:25.474006;(24, (484, 364, 31, 0, 0, 0, 0, 0, 0, 0))
2018-03-21 02:47:25.589103;(2, (2863, 3661, 520, 0, 0, 0, 0, 0, 0, 0))
2018-03-21 02:47:25.604228;(5, (732, 679, 73, 0, 0, 0, 0, 0, 0, 0))
2018-03-21 02:47:25.630736;(8, (716, 614, 219, 0, 0, 0, 0, 0, 0, 0))
2018-03-21 02:47:25.678346;(19, (987, 749, 214, 1, 0, 0, 0, 0, 0, 0))
2018-03-21 02:47:25.783631;(10, (1529, 1884, 445, 0, 0, 0, 0, 0, 0, 0))
2018-03-21 02:47:25.786580;(20, (5772, 7002, 1583, 0, 0, 0, 0, 0, 0, 0))
2018-03-21 02:47:25.787107;(18, (459, 518, 78, 0, 0, 0, 0, 0, 0, 0))
2018-03-21 02:47:25.859905;(4, (546, 532, 33, 0, 0, 0, 0, 0, 0, 0))
2018-03-21 02:47:25.878278;(7, (793, 656, 371, 0, 0, 0, 0, 0, 0, 0))
2018-03-21 02:47:25.881798;(26, (759, 493, 154, 0, 0, 0, 0, 0, 0, 0))
2018-03-21 02:47:25.934397;(1, (11687, 11148, 11076, 0, 0, 0, 0, 0, 0, 0))
2018-03-21 02:47:25.960257;(17, (400, 355, 63, 0, 0, 0, 0, 0, 0, 0))
2018-03-21 02:47:25.975363;(25, (441, 358, 37, 0, 0, 0, 0, 0, 0, 0))
2018-03-21 02:47:26.170679;(3, (11083, 13156, 4460, 0, 0, 0, 0, 0, 0, 0))
2018-03-21 02:47:26.173628;(21, (1157, 1081, 579, 0, 0, 0, 0, 0, 0, 0))
2018-03-21 02:47:26.176237;(14, (588, 387, 68, 0, 0, 0, 0, 0, 0, 0))
2018-03-21 02:47:26.177847;(6, (1692, 2149, 209, 0, 0, 0, 0, 0, 0, 0))
2018-03-21 02:47:26.181056;(16, (728, 561, 92, 0, 0, 0, 0, 0, 0, 0))
2018-03-21 02:47:26.181596;(9, (876, 981, 91, 0, 0, 0, 0, 0, 0, 0))
2018-03-21 02:47:26.216602;(22, (765, 697, 264, 0, 0, 0, 0, 0, 0, 0))
2018-03-21 02:47:26.263854;(12, (545, 516, 85, 0, 0, 0, 0, 0, 0, 0))
2018-03-21 02:48:25.317092;(11, (916, 1076, 166, 0, 0, 0, 0, 0, 0, 0))
2018-03-21 02:48:25.373640;(13, (523, 502, 75, 1, 0, 0, 0, 0, 0, 0))
2018-03-21 02:48:25.389146;(15, (473, 329, 28, 0, 0, 0, 0, 0, 0, 0))
2018-03-21 02:48:25.481545;(23, (1195, 1232, 546, 0, 0, 0, 0, 0, 0, 0))
2018-03-21 02:48:25.487424;(24, (515, 393, 31, 0, 0, 0, 0, 0, 0, 0))
2018-03-21 02:48:25.604093;(2, (2913, 3720, 528, 0, 0, 0, 0, 0, 0, 0))
2018-03-21 02:48:25.619904;(5, (782, 731, 77, 0, 0, 0, 0, 0, 0, 0))
2018-03-21 02:48:25.649415;(8, (888, 814, 266, 0, 0, 0, 0, 0, 0, 0))
2018-03-21 02:48:25.695414;(19, (1100, 853, 251, 1, 0, 0, 0, 0, 0, 0))
2018-03-21 02:48:25.796999;(10, (1559, 1925, 448, 0, 0, 0, 0, 0, 0, 0))
2018-03-21 02:48:25.800832;(20, (5857, 7085, 1603, 0, 0, 0, 0, 0, 0, 0))
2018-03-21 02:48:25.803770;(18, (487, 558, 78, 0, 0, 0, 0, 0, 0, 0))
2018-03-21 02:48:25.873541;(4, (574, 568, 33, 0, 0, 0, 0, 0, 0, 0))
2018-03-21 02:48:25.891492;(7, (852, 697, 381, 0, 0, 0, 0, 0, 0, 0))
2018-03-21 02:48:25.895510;(26, (843, 559, 172, 0, 0, 0, 0, 0, 0, 0))
2018-03-21 02:48:25.948686;(1, (12597, 11987, 11905, 0, 0, 0, 0, 0, 0, 0))
2018-03-21 02:48:25.974498;(17, (434, 399, 63, 0, 0, 0, 0, 0, 0, 0))
2018-03-21 02:48:25.989353;(25, (467, 384, 37, 0, 0, 0, 0, 0, 0, 0))
2018-03-21 02:48:26.184840;(3, (11151, 13228, 4479, 0, 0, 0, 0, 0, 0, 0))
2018-03-21 02:48:26.207602;(16, (878, 707, 138, 0, 0, 0, 0, 0, 0, 0))
2018-03-21 02:48:26.207863;(6, (1725, 2195, 212, 0, 0, 0, 0, 0, 0, 0))
2018-03-21 02:48:26.209288;(14, (642, 426, 72, 0, 0, 0, 0, 0, 0, 0))
2018-03-21 02:48:26.209804;(9, (912, 1053, 91, 0, 0, 0, 0, 0, 0, 0))
2018-03-21 02:48:26.238646;(22, (1655, 1639, 903, 0, 0, 0, 0, 0, 0, 0))
2018-03-21 02:48:26.277367;(12, (587, 570, 87, 0, 0, 0, 0, 0, 0, 0))
2018-03-21 02:49:25.328558;(11, (1072, 1241, 268, 2, 0, 0, 0, 0, 0, 0))
2018-03-21 02:49:25.385466;(13, (599, 588, 80, 1, 0, 0, 0, 0, 0, 0))
2018-03-21 02:49:25.401361;(15, (526, 360, 28, 0, 0, 0, 0, 0, 0, 0))
2018-03-21 02:49:25.493901;(23, (1253, 1295, 554, 0, 0, 0, 0, 0, 0, 0))
2018-03-21 02:49:25.498260;(24, (599, 457, 39, 0, 0, 0, 0, 0, 0, 0))
2018-03-21 02:49:25.617404;(2, (2962, 3774, 532, 0, 0, 0, 0, 0, 0, 0))
2018-03-21 02:49:25.632537;(5, (882, 803, 92, 0, 0, 0, 0, 0, 0, 0))
2018-03-21 02:49:25.683519;(8, (1689, 1906, 305, 0, 0, 0, 0, 0, 0, 0))
2018-03-21 02:49:25.713134;(19, (1354, 1147, 277, 1, 0, 0, 0, 0, 0, 0))
2018-03-21 02:49:25.811261;(10, (1603, 1967, 452, 0, 0, 0, 0, 0, 0, 0))
2018-03-21 02:49:25.817003;(18, (522, 598, 78, 0, 0, 0, 0, 0, 0, 0))
2018-03-21 02:49:25.886018;(4, (616, 607, 33, 0, 0, 0, 0, 0, 0, 0))
2018-03-21 02:49:25.904233;(7, (911, 738, 389, 0, 0, 0, 0, 0, 0, 0))
2018-03-21 02:49:25.906774;(26, (961, 640, 195, 0, 0, 0, 0, 0, 0, 0))
2018-03-21 02:49:25.962331;(1, (14780, 14094, 14002, 0, 0, 0, 0, 0, 0, 0))
2018-03-21 02:49:25.985867;(17, (609, 577, 172, 1, 0, 0, 0, 0, 0, 0))
2018-03-21 02:49:26.002299;(25, (517, 418, 40, 0, 0, 0, 0, 0, 0, 0))
2018-03-21 02:49:26.197993;(3, (11229, 13313, 4488, 0, 0, 0, 0, 0, 0, 0))
2018-03-21 02:49:26.237451;(21, (3077, 3606, 780, 0, 0, 0, 0, 0, 0, 0))
2018-03-21 02:49:26.240953;(6, (1787, 2257, 224, 0, 0, 0, 0, 0, 0, 0))
2018-03-21 02:49:26.241137;(9, (998, 1153, 103, 0, 0, 0, 0, 0, 0, 0))
2018-03-21 02:49:26.242621;(14, (743, 490, 85, 0, 0, 0, 0, 0, 0, 0))
2018-03-21 02:49:26.244198;(16, (1105, 895, 286, 0, 0, 0, 0, 0, 0, 0))
2018-03-21 02:49:26.272403;(22, (3983, 4328, 2163, 0, 0, 0, 0, 0, 0, 0))
2018-03-21 02:49:26.291486;(12, (668, 651, 107, 0, 0, 0, 0, 0, 0, 0))
2018-03-21 02:50:25.346699;(11, (1237, 1438, 307, 2, 0, 0, 0, 0, 0, 0))
2018-03-21 02:50:25.401983;(13, (643, 650, 82, 1, 0, 0, 0, 0, 0, 0))
2018-03-21 02:50:25.417102;(15, (560, 387, 28, 0, 0, 0, 0, 0, 0, 0))
2018-03-21 02:50:25.512782;(23, (1778, 1846, 938, 0, 0, 0, 0, 0, 0, 0))
2018-03-21 02:50:25.513185;(24, (638, 494, 39, 0, 0, 0, 0, 0, 0, 0))
2018-03-21 02:50:25.635863;(2, (3012, 3836, 537, 0, 0, 0, 0, 0, 0, 0))
2018-03-21 02:50:25.649558;(5, (934, 844, 94, 0, 0, 0, 0, 0, 0, 0))
2018-03-21 02:50:25.698468;(8, (1729, 1947, 308, 0, 0, 0, 0, 0, 0, 0))
2018-03-21 02:50:25.730853;(19, (1425, 1237, 282, 1, 0, 0, 0, 0, 0, 0))
2018-03-21 02:50:25.829603;(10, (1739, 2104, 540, 0, 0, 0, 0, 0, 0, 0))
2018-03-21 02:50:25.840843;(18, (552, 639, 78, 0, 0, 0, 0, 0, 0, 0))
2018-03-21 02:50:25.841949;(20, (6358, 7703, 1695, 0, 0, 0, 0, 0, 0, 0))
2018-03-21 02:50:25.900125;(4, (649, 643, 33, 0, 0, 0, 0, 0, 0, 0))
2018-03-21 02:50:25.919362;(7, (945, 755, 389, 0, 0, 0, 0, 0, 0, 0))
2018-03-21 02:50:25.920398;(26, (1072, 730, 231, 0, 0, 0, 0, 0, 0, 0))
2018-03-21 02:50:25.976286;(1, (15335, 14594, 14492, 0, 0, 0, 0, 0, 0, 0))
2018-03-21 02:50:26.000449;(17, (652, 628, 177, 1, 0, 0, 0, 0, 0, 0))
2018-03-21 02:50:26.017102;(25, (550, 448, 41, 0, 0, 0, 0, 0, 0, 0))
2018-03-21 02:50:26.214137;(3, (11344, 13425, 4554, 0, 0, 0, 0, 0, 0, 0))
2018-03-21 02:50:26.257111;(21, (3272, 3880, 782, 0, 0, 0, 0, 0, 0, 0))
2018-03-21 02:50:26.261847;(14, (785, 518, 85, 0, 0, 0, 0, 0, 0, 0))
2018-03-21 02:50:26.262689;(6, (1891, 2365, 288, 0, 0, 0, 0, 0, 0, 0))
2018-03-21 02:50:26.263218;(16, (1151, 919, 288, 0, 0, 0, 0, 0, 0, 0))
2018-03-21 02:50:26.263380;(9, (1039, 1207, 103, 0, 0, 0, 0, 0, 0, 0))
2018-03-21 02:50:26.289189;(22, (4118, 4444, 2219, 0, 0, 0, 0, 0, 0, 0))
2018-03-21 02:50:26.307607;(12, (698, 686, 107, 0, 0, 0, 0, 0, 0, 0))
2018-03-21 02:51:25.363564;(11, (1249, 1468, 307, 2, 0, 0, 0, 0, 0, 0))
2018-03-21 02:51:25.433952;(15, (579, 415, 28, 0, 0, 0, 0, 0, 0, 0))
2018-03-21 02:51:25.531300;(23, (1795, 1870, 938, 0, 0, 0, 0, 0, 0, 0))
2018-03-21 02:51:25.531828;(24, (652, 513, 39, 0, 0, 0, 0, 0, 0, 0))
2018-03-21 02:51:25.652553;(2, (3026, 3865, 537, 0, 0, 0, 0, 0, 0, 0))
2018-03-21 02:51:25.666505;(5, (954, 873, 94, 0, 0, 0, 0, 0, 0, 0))
2018-03-21 02:51:25.717536;(8, (1746, 1978, 308, 0, 0, 0, 0, 0, 0, 0))
2018-03-21 02:51:25.746926;(19, (1442, 1263, 282, 1, 0, 0, 0, 0, 0, 0))
2018-03-21 02:51:25.848929;(10, (1753, 2134, 540, 0, 0, 0, 0, 0, 0, 0))
2018-03-21 02:51:25.860752;(18, (567, 676, 78, 0, 0, 0, 0, 0, 0, 0))
2018-03-21 02:51:25.861599;(20, (6379, 7734, 1695, 0, 0, 0, 0, 0, 0, 0))
2018-03-21 02:51:25.920781;(4, (665, 673, 33, 0, 0, 0, 0, 0, 0, 0))
2018-03-21 02:51:25.937271;(26, (1091, 754, 231, 0, 0, 0, 0, 0, 0, 0))
2018-03-21 02:51:25.938243;(7, (962, 766, 389, 0, 0, 0, 0, 0, 0, 0))
2018-03-21 02:51:26.017546;(17, (664, 661, 177, 1, 0, 0, 0, 0, 0, 0))
2018-03-21 02:51:26.033150;(25, (564, 466, 41, 0, 0, 0, 0, 0, 0, 0))
2018-03-21 02:51:26.230467;(3, (11362, 13461, 4554, 0, 0, 0, 0, 0, 0, 0))
2018-03-21 02:51:26.273881;(21, (3294, 3917, 782, 0, 0, 0, 0, 0, 0, 0))
2018-03-21 02:51:26.280288;(14, (805, 539, 85, 0, 0, 0, 0, 0, 0, 0))
2018-03-21 02:51:26.280391;(16, (1174, 941, 288, 0, 0, 0, 0, 0, 0, 0))
2018-03-21 02:51:26.280712;(6, (1909, 2397, 288, 0, 0, 0, 0, 0, 0, 0))
2018-03-21 02:51:26.282250;(9, (1057, 1257, 103, 0, 0, 0, 0, 0, 0, 0))
2018-03-21 02:51:26.306229;(22, (4137, 4470, 2219, 0, 0, 0, 0, 0, 0, 0))
2018-03-21 02:51:26.324353;(12, (714, 720, 107, 0, 0, 0, 0, 0, 0, 0))
2018-03-21 02:51:26.419508;(13, (657, 702, 82, 1, 0, 0, 0, 0, 0, 0))
2018-03-21 02:51:26.992989;(1, (15355, 14604, 14492, 0, 0, 0, 0, 0, 0, 0))
2018-03-21 02:52:25.879808;(18, (581, 715, 78, 0, 0, 0, 0, 0, 0, 0))
2018-03-21 02:52:25.881797;(20, (6397, 7771, 1696, 0, 0, 0, 0, 0, 0, 0))
2018-03-21 02:52:26.246814;(3, (11377, 13496, 4554, 0, 0, 0, 0, 0, 0, 0))
2018-03-21 02:52:26.290272;(21, (3310, 3949, 782, 0, 0, 0, 0, 0, 0, 0))
2018-03-21 02:52:26.299007;(14, (822, 557, 85, 0, 0, 0, 0, 0, 0, 0))
2018-03-21 02:52:26.299109;(16, (1194, 974, 288, 0, 0, 0, 0, 0, 0, 0))
2018-03-21 02:52:26.299428;(6, (1925, 2432, 288, 0, 0, 0, 0, 0, 0, 0))
2018-03-21 02:52:26.300369;(9, (1072, 1309, 103, 0, 0, 0, 0, 0, 0, 0))
2018-03-21 02:52:26.381145;(11, (1263, 1497, 307, 2, 0, 0, 0, 0, 0, 0))
2018-03-21 02:52:26.437494;(13, (671, 750, 82, 1, 0, 0, 0, 0, 0, 0))
2018-03-21 02:52:26.450882;(15, (594, 442, 28, 0, 0, 0, 0, 0, 0, 0))
2018-03-21 02:52:26.549256;(23, (1812, 1896, 939, 0, 0, 0, 0, 0, 0, 0))
2018-03-21 02:52:26.549458;(24, (668, 530, 39, 0, 0, 0, 0, 0, 0, 0))
2018-03-21 02:52:26.668700;(2, (3040, 3894, 537, 0, 0, 0, 0, 0, 0, 0))
2018-03-21 02:52:26.686094;(5, (972, 901, 94, 0, 0, 0, 0, 0, 0, 0))
2018-03-21 02:52:26.735529;(8, (1760, 2009, 308, 0, 0, 0, 0, 0, 0, 0))
2018-03-21 02:52:26.763689;(19, (1456, 1292, 282, 1, 0, 0, 0, 0, 0, 0))
2018-03-21 02:52:26.870334;(10, (1766, 2163, 540, 0, 0, 0, 0, 0, 0, 0))
2018-03-21 02:52:26.940890;(4, (679, 702, 33, 0, 0, 0, 0, 0, 0, 0))
2018-03-21 02:52:26.954118;(26, (1108, 782, 231, 0, 0, 0, 0, 0, 0, 0))
2018-03-21 02:52:26.957184;(7, (977, 778, 389, 0, 0, 0, 0, 0, 0, 0))
2018-03-21 02:52:27.009279;(1, (15378, 14619, 14496, 0, 0, 0, 0, 0, 0, 0))
2018-03-21 02:52:27.034017;(17, (679, 692, 177, 1, 0, 0, 0, 0, 0, 0))
2018-03-21 02:52:27.049686;(25, (578, 485, 41, 0, 0, 0, 0, 0, 0, 0))
2018-03-21 02:52:27.323459;(22, (4152, 4499, 2219, 0, 0, 0, 0, 0, 0, 0))
2018-03-21 02:52:27.341287;(12, (728, 750, 107, 0, 0, 0, 0, 0, 0, 0))
2018-03-21 02:53:26.312947;(9, (1132, 1372, 103, 0, 0, 0, 0, 0, 0, 0))
2018-03-21 02:53:26.393417;(11, (1397, 1652, 343, 2, 0, 0, 0, 0, 0, 0))
2018-03-21 02:53:26.447219;(13, (743, 839, 91, 1, 0, 0, 0, 0, 0, 0))
2018-03-21 02:53:26.460368;(15, (638, 473, 28, 0, 0, 0, 0, 0, 0, 0))
2018-03-21 02:53:26.565599;(23, (2116, 2247, 996, 0, 0, 0, 0, 0, 0, 0))
2018-03-21 02:53:26.565829;(24, (733, 585, 45, 0, 0, 0, 0, 0, 0, 0))
2018-03-21 02:53:26.686261;(2, (3546, 4552, 633, 0, 0, 0, 0, 0, 0, 0))
2018-03-21 02:53:26.696826;(5, (1055, 966, 106, 0, 0, 0, 0, 0, 0, 0))
2018-03-21 02:53:26.746215;(8, (1932, 2171, 315, 0, 0, 0, 0, 0, 0, 0))
2018-03-21 02:53:26.775347;(19, (1573, 1399, 305, 1, 0, 0, 0, 0, 0, 0))
2018-03-21 02:53:26.880997;(10, (1953, 2373, 623, 0, 0, 0, 0, 0, 0, 0))
2018-03-21 02:53:26.899453;(18, (885, 1107, 83, 0, 0, 0, 0, 0, 0, 0))
2018-03-21 02:53:26.927274;(20, (8388, 10234, 2207, 0, 0, 0, 0, 0, 0, 0))
2018-03-21 02:53:26.956059;(4, (736, 759, 37, 0, 0, 0, 0, 0, 0, 0))
2018-03-21 02:53:26.964500;(26, (1221, 878, 265, 0, 0, 0, 0, 0, 0, 0))
2018-03-21 02:53:26.968684;(7, (1106, 874, 440, 0, 0, 0, 0, 0, 0, 0))
2018-03-21 02:53:27.020851;(1, (18204, 17360, 17224, 0, 0, 0, 0, 0, 0, 0))
2018-03-21 02:53:27.046299;(17, (723, 743, 181, 1, 0, 0, 0, 0, 0, 0))
2018-03-21 02:53:27.060777;(25, (635, 533, 47, 0, 0, 0, 0, 0, 0, 0))
2018-03-21 02:53:27.290488;(3, (14376, 16981, 6066, 0, 0, 0, 0, 0, 0, 0))
2018-03-21 02:53:27.307123;(21, (3411, 4059, 789, 0, 0, 0, 0, 0, 0, 0))
2018-03-21 02:53:27.309634;(14, (911, 606, 98, 0, 0, 0, 0, 0, 0, 0))
2018-03-21 02:53:27.312184;(6, (2034, 2576, 303, 0, 0, 0, 0, 0, 0, 0))
2018-03-21 02:53:27.313391;(16, (1381, 1158, 302, 0, 0, 0, 0, 0, 0, 0))
2018-03-21 02:53:27.335196;(22, (4383, 4705, 2249, 0, 0, 0, 0, 0, 0, 0))
2018-03-21 02:53:27.352265;(12, (775, 793, 107, 0, 0, 0, 0, 0, 0, 0))
2018-03-21 02:54:26.405985;(11, (1594, 1858, 391, 2, 0, 0, 0, 0, 0, 0))
2018-03-21 02:54:26.457039;(13, (895, 972, 108, 1, 0, 0, 0, 0, 0, 0))
2018-03-21 02:54:26.470574;(15, (748, 554, 39, 0, 0, 0, 0, 0, 0, 0))
2018-03-21 02:54:26.588505;(23, (2577, 2843, 1007, 0, 0, 0, 0, 0, 0, 0))
2018-03-21 02:54:26.589229;(24, (875, 687, 59, 0, 0, 0, 0, 0, 0, 0))
2018-03-21 02:54:26.699687;(2, (3990, 5049, 838, 0, 0, 0, 0, 0, 0, 0))
2018-03-21 02:54:26.705570;(5, (1218, 1088, 128, 0, 0, 0, 0, 0, 0, 0))
2018-03-21 02:54:26.757480;(8, (2024, 2236, 323, 0, 0, 0, 0, 0, 0, 0))
2018-03-21 02:54:26.785882;(19, (1792, 1574, 340, 1, 0, 0, 0, 0, 0, 0))
2018-03-21 02:54:26.897524;(10, (2278, 2742, 705, 0, 0, 0, 0, 0, 0, 0))
2018-03-21 02:54:26.909433;(18, (943, 1174, 86, 0, 0, 0, 0, 0, 0, 0))
2018-03-21 02:54:26.975494;(20, (10475, 12837, 2754, 0, 0, 0, 0, 0, 0, 0))
2018-03-21 02:54:26.977878;(4, (826, 836, 47, 0, 0, 0, 0, 0, 0, 0))
2018-03-21 02:54:26.978934;(26, (1455, 1046, 321, 0, 0, 0, 0, 0, 0, 0))
2018-03-21 02:54:26.979306;(7, (1749, 1493, 995, 0, 0, 0, 0, 0, 0, 0))
2018-03-21 02:54:27.036415;(1, (21175, 20269, 20123, 0, 0, 0, 0, 0, 0, 0))
2018-03-21 02:54:27.056580;(17, (843, 852, 198, 1, 0, 0, 0, 0, 0, 0))
2018-03-21 02:54:27.069811;(25, (745, 612, 56, 0, 0, 0, 0, 0, 0, 0))
2018-03-21 02:54:27.346671;(3, (17703, 20933, 7619, 0, 0, 0, 0, 0, 0, 0))
2018-03-21 02:54:27.352475;(16, (1481, 1236, 311, 0, 0, 0, 0, 0, 0, 0))
2018-03-21 02:54:27.353318;(9, (1312, 1534, 131, 0, 0, 0, 0, 0, 0, 0))
2018-03-21 02:54:27.354691;(6, (2080, 2650, 303, 0, 0, 0, 0, 0, 0, 0))
2018-03-21 02:54:27.354907;(22, (4484, 4784, 2263, 0, 0, 0, 0, 0, 0, 0))
2018-03-21 02:54:27.355260;(21, (3495, 4131, 797, 0, 0, 0, 0, 0, 0, 0))
2018-03-21 02:54:27.355137;(14, (1071, 719, 118, 0, 0, 0, 0, 0, 0, 0))
2018-03-21 02:54:27.364352;(12, (887, 888, 124, 0, 0, 0, 0, 0, 0, 0))
2018-03-21 02:55:26.417585;(11, (1664, 1924, 395, 2, 0, 0, 0, 0, 0, 0))
2018-03-21 02:55:26.466749;(13, (968, 1058, 113, 1, 0, 0, 0, 0, 0, 0))
2018-03-21 02:55:26.479288;(15, (809, 604, 41, 0, 0, 0, 0, 0, 0, 0))
2018-03-21 02:55:26.597104;(24, (953, 742, 69, 0, 0, 0, 0, 0, 0, 0))
2018-03-21 02:55:26.598698;(23, (2641, 2911, 1009, 0, 0, 0, 0, 0, 0, 0))
2018-03-21 02:55:26.722585;(2, (4467, 5703, 876, 0, 0, 0, 0, 0, 0, 0))
2018-03-21 02:55:26.725126;(5, (1282, 1130, 128, 0, 0, 0, 0, 0, 0, 0))
2018-03-21 02:55:26.769378;(8, (2166, 2364, 370, 0, 0, 0, 0, 0, 0, 0))
2018-03-21 02:55:26.794534;(19, (1874, 1630, 344, 1, 0, 0, 0, 0, 0, 0))
2018-03-21 02:55:26.909579;(10, (2351, 2818, 717, 0, 0, 0, 0, 0, 0, 0))
2018-03-21 02:55:26.921084;(18, (981, 1222, 89, 0, 0, 0, 0, 0, 0, 0))
2018-03-21 02:55:27.015422;(20, (12302, 15145, 3082, 0, 0, 0, 0, 0, 0, 0))
2018-03-21 02:55:27.018068;(7, (2135, 1874, 1326, 0, 0, 0, 0, 0, 0, 0))
2018-03-21 02:55:27.019467;(26, (1567, 1127, 332, 0, 0, 0, 0, 0, 0, 0))
2018-03-21 02:55:27.019708;(4, (881, 888, 49, 0, 0, 0, 0, 0, 0, 0))
2018-03-21 02:55:27.049222;(1, (24245, 23277, 23113, 0, 0, 0, 0, 0, 0, 0))
2018-03-21 02:55:27.069870;(17, (902, 906, 201, 1, 0, 0, 0, 0, 0, 0))
2018-03-21 02:55:27.083837;(25, (796, 658, 57, 0, 0, 0, 0, 0, 0, 0))
2018-03-21 02:55:27.401475;(3, (21029, 24905, 8960, 0, 0, 0, 0, 0, 0, 0))
2018-03-21 02:55:27.404896;(14, (1134, 747, 118, 0, 0, 0, 0, 0, 0, 0))
2018-03-21 02:55:27.405553;(9, (1400, 1608, 137, 0, 0, 0, 0, 0, 0, 0))
2018-03-21 02:55:27.409099;(22, (4606, 4882, 2293, 0, 0, 0, 0, 0, 0, 0))
2018-03-21 02:55:27.409501;(16, (1595, 1340, 354, 1, 0, 0, 0, 0, 0, 0))
2018-03-21 02:55:27.410608;(6, (2360, 3002, 316, 0, 0, 0, 0, 0, 0, 0))
2018-03-21 02:55:27.412015;(21, (3582, 4202, 808, 0, 0, 0, 0, 0, 0, 0))
2018-03-21 02:55:27.412585;(12, (940, 925, 125, 0, 0, 0, 0, 0, 0, 0))
