2018-04-06 19:47:37.499042;(11, (2, 1, 4, 0))
2018-04-06 19:47:37.517825;(10, (16, 2, 18, 0))
2018-04-06 19:47:37.605781;(5, (23, 2, 25, 0))
2018-04-06 19:47:37.631462;(8, (10, 5, 15, 0))
2018-04-06 19:47:37.642945;(23, (0, 0, 0, 0))
2018-04-06 19:47:37.661739;(22, (1, 1, 3, 0))
2018-04-06 19:47:37.777719;(19, (0, 0, 0, 0))
2018-04-06 19:47:37.779677;(4, (24, 3, 27, 0))
2018-04-06 19:47:37.781084;(7, (0, 0, 0, 0))
2018-04-06 19:47:37.915167;(13, (0, 0, 0, 0))
2018-04-06 19:47:37.943853;(3, (7, 4, 12, 0))
2018-04-06 19:47:38.034603;(18, (3, 1, 5, 0))
2018-04-06 19:47:38.034920;(1, (0, 0, 0, 0))
2018-04-06 19:47:38.078029;(17, (0, 0, 0, 0))
2018-04-06 19:47:38.081372;(12, (6, 3, 10, 0))
2018-04-06 19:47:38.159488;(14, (0, 0, 0, 0))
2018-04-06 19:47:38.201145;(6, (11, 2, 14, 0))
2018-04-06 19:47:38.202638;(20, (3, 1, 5, 0))
2018-04-06 19:47:38.209156;(15, (12, 0, 12, 0))
2018-04-06 19:47:38.342319;(16, (8, 2, 10, 0))
2018-04-06 19:47:38.369796;(9, (8, 0, 8, 0))
2018-04-06 19:47:38.438449;(21, (0, 0, 0, 0))
2018-04-06 19:48:07.507514;(11, (25, 10, 36, 0))
2018-04-06 19:48:07.523703;(10, (46, 8, 54, 0))
2018-04-06 19:48:07.612712;(5, (53, 9, 62, 0))
2018-04-06 19:48:07.635175;(8, (28, 15, 44, 1))
2018-04-06 19:48:07.646061;(23, (0, 0, 0, 0))
2018-04-06 19:48:07.667040;(22, (29, 5, 34, 0))
2018-04-06 19:48:07.782095;(19, (8, 8, 17, 1))
2018-04-06 19:48:07.786736;(7, (13, 4, 18, 0))
2018-04-06 19:48:07.789124;(4, (52, 10, 62, 0))
2018-04-06 19:48:07.921839;(13, (22, 4, 26, 0))
2018-04-06 19:48:07.947387;(3, (18, 12, 31, 1))
2018-04-06 19:48:08.038897;(18, (10, 3, 14, 0))
2018-04-06 19:48:08.040994;(1, (0, 0, 0, 0))
2018-04-06 19:48:08.081198;(17, (1, 3, 5, 0))
2018-04-06 19:48:08.087620;(12, (8, 9, 18, 1))
2018-04-06 19:48:08.162485;(14, (10, 6, 17, 0))
2018-04-06 19:48:08.207687;(6, (43, 7, 50, 0))
2018-04-06 19:48:08.211364;(20, (14, 4, 19, 0))
2018-04-06 19:48:08.214368;(15, (43, 4, 47, 0))
2018-04-06 19:48:08.346501;(16, (27, 11, 39, 0))
2018-04-06 19:48:08.377357;(9, (38, 7, 45, 0))
2018-04-06 19:48:08.442483;(21, (7, 0, 8, 0))
2018-04-06 19:48:37.512760;(11, (56, 24, 80, 1))
2018-04-06 19:48:37.529908;(10, (76, 11, 87, 0))
2018-04-06 19:48:37.618388;(5, (83, 15, 98, 0))
2018-04-06 19:48:37.639772;(8, (44, 24, 69, 1))
2018-04-06 19:48:37.649371;(23, (0, 0, 0, 0))
2018-04-06 19:48:37.672149;(22, (59, 12, 71, 0))
2018-04-06 19:48:37.788836;(19, (15, 15, 31, 2))
2018-04-06 19:48:37.791289;(7, (23, 14, 38, 1))
2018-04-06 19:48:37.793748;(4, (73, 15, 88, 1))
2018-04-06 19:48:37.926860;(13, (50, 10, 60, 0))
2018-04-06 19:48:37.952633;(3, (45, 21, 66, 2))
2018-04-06 19:48:38.042550;(18, (14, 7, 22, 1))
2018-04-06 19:48:38.043728;(1, (0, 0, 0, 0))
2018-04-06 19:48:38.085213;(17, (9, 13, 23, 1))
2018-04-06 19:48:38.093795;(12, (17, 16, 34, 2))
2018-04-06 19:48:38.165730;(14, (20, 15, 35, 2))
2018-04-06 19:48:38.213070;(6, (72, 17, 89, 0))
2018-04-06 19:48:38.218447;(20, (28, 9, 38, 0))
2018-04-06 19:48:38.222038;(15, (73, 7, 80, 0))
2018-04-06 19:48:38.352638;(16, (58, 26, 85, 2))
2018-04-06 19:48:38.383853;(9, (52, 13, 65, 1))
2018-04-06 19:48:38.450268;(21, (38, 4, 42, 0))
2018-04-06 19:49:07.535244;(10, (105, 14, 119, 0))
2018-04-06 19:49:07.653735;(23, (0, 0, 0, 0))
2018-04-06 19:49:08.053775;(1, (0, 0, 0, 0))
2018-04-06 19:49:08.169681;(14, (37, 23, 60, 3))
2018-04-06 19:49:08.389098;(9, (72, 17, 90, 1))
2018-04-06 19:49:08.455593;(21, (68, 7, 75, 0))
2018-04-06 19:49:08.625504;(5, (113, 18, 131, 0))
2018-04-06 19:49:08.646872;(8, (67, 39, 106, 2))
2018-04-06 19:49:08.678579;(22, (87, 20, 107, 0))
2018-04-06 19:49:08.791874;(19, (23, 27, 50, 5))
2018-04-06 19:49:08.794785;(7, (23, 18, 42, 2))
2018-04-06 19:49:08.799225;(4, (103, 21, 124, 1))
2018-04-06 19:49:08.933854;(13, (80, 13, 94, 0))
2018-04-06 19:49:08.957224;(3, (70, 33, 104, 2))
2018-04-06 19:49:09.052059;(18, (34, 10, 44, 1))
2018-04-06 19:49:09.093573;(17, (9, 20, 30, 3))
2018-04-06 19:49:09.100525;(12, (41, 28, 69, 3))
2018-04-06 19:49:09.221562;(6, (94, 23, 118, 0))
2018-04-06 19:49:09.223951;(20, (47, 20, 67, 1))
2018-04-06 19:49:09.229040;(15, (103, 10, 113, 0))
2018-04-06 19:49:09.356263;(16, (70, 36, 107, 3))
2018-04-06 19:49:38.055574;(1, (0, 0, 0, 0))
2018-04-06 19:49:38.521847;(11, (81, 44, 126, 3))
2018-04-06 19:49:38.539070;(10, (114, 23, 138, 1))
2018-04-06 19:49:38.630980;(5, (141, 23, 164, 0))
2018-04-06 19:49:38.651927;(8, (69, 51, 121, 4))
2018-04-06 19:49:38.655648;(23, (0, 0, 0, 0))
2018-04-06 19:49:38.683148;(22, (108, 25, 133, 0))
2018-04-06 19:49:38.796015;(19, (39, 37, 76, 6))
2018-04-06 19:49:38.799614;(7, (32, 26, 59, 4))
2018-04-06 19:49:38.805033;(4, (119, 31, 151, 2))
2018-04-06 19:49:38.938721;(13, (102, 24, 127, 0))
2018-04-06 19:49:39.054570;(18, (35, 16, 52, 2))
2018-04-06 19:49:39.099037;(17, (19, 30, 50, 4))
2018-04-06 19:49:39.103403;(12, (43, 37, 81, 4))
2018-04-06 19:49:39.172491;(14, (41, 35, 77, 5))
2018-04-06 19:49:39.229153;(6, (127, 30, 157, 0))
2018-04-06 19:49:39.230465;(20, (53, 28, 82, 2))
2018-04-06 19:49:39.234751;(15, (133, 19, 152, 0))
2018-04-06 19:49:39.359462;(16, (77, 49, 127, 5))
2018-04-06 19:49:39.393312;(9, (83, 22, 106, 3))
2018-04-06 19:49:39.463308;(21, (98, 10, 108, 0))
2018-04-06 19:50:08.061062;(1, (0, 0, 0, 0))
2018-04-06 19:50:08.524869;(11, (89, 55, 145, 4))
2018-04-06 19:50:08.543741;(10, (148, 25, 173, 1))
2018-04-06 19:50:08.637641;(5, (171, 26, 197, 0))
2018-04-06 19:50:08.657837;(8, (80, 62, 143, 4))
2018-04-06 19:50:08.659523;(23, (0, 0, 0, 0))
2018-04-06 19:50:08.689439;(22, (138, 28, 167, 0))
2018-04-06 19:50:08.799825;(19, (54, 48, 103, 6))
2018-04-06 19:50:08.803901;(7, (44, 34, 78, 5))
2018-04-06 19:50:08.807418;(4, (119, 36, 156, 3))
2018-04-06 19:50:08.945219;(13, (106, 35, 142, 3))
2018-04-06 19:50:08.966160;(3, (115, 54, 170, 2))
2018-04-06 19:50:09.058287;(18, (49, 24, 74, 3))
2018-04-06 19:50:09.103361;(17, (26, 38, 65, 5))
2018-04-06 19:50:09.106525;(12, (45, 43, 89, 5))
2018-04-06 19:50:09.175726;(14, (49, 43, 93, 6))
2018-04-06 19:50:09.236028;(6, (148, 35, 183, 1))
2018-04-06 19:50:09.237323;(20, (66, 41, 108, 3))
2018-04-06 19:50:09.242371;(15, (163, 21, 184, 0))
2018-04-06 19:50:09.363174;(16, (84, 58, 143, 7))
2018-04-06 19:50:09.395159;(9, (83, 29, 113, 4))
2018-04-06 19:50:09.473569;(21, (128, 14, 142, 0))
2018-04-06 19:50:38.065107;(1, (0, 0, 0, 0))
2018-04-06 19:50:38.529184;(11, (105, 66, 172, 5))
2018-04-06 19:50:38.548473;(10, (175, 31, 206, 1))
2018-04-06 19:50:38.647610;(5, (201, 31, 232, 0))
2018-04-06 19:50:38.661088;(8, (83, 73, 157, 7))
2018-04-06 19:50:38.663509;(23, (0, 0, 0, 0))
2018-04-06 19:50:38.694217;(22, (153, 36, 189, 1))
2018-04-06 19:50:38.802305;(19, (58, 58, 117, 8))
2018-04-06 19:50:38.807217;(7, (47, 40, 88, 5))
2018-04-06 19:50:38.813210;(4, (119, 43, 163, 5))
2018-04-06 19:50:38.948706;(13, (106, 41, 148, 5))
2018-04-06 19:50:38.973131;(3, (118, 63, 182, 4))
2018-04-06 19:50:39.062453;(18, (55, 31, 87, 4))
2018-04-06 19:50:39.107690;(17, (26, 46, 73, 7))
2018-04-06 19:50:39.112820;(12, (61, 52, 114, 6))
2018-04-06 19:50:39.180777;(14, (68, 53, 122, 7))
2018-04-06 19:50:39.242783;(6, (167, 46, 214, 1))
2018-04-06 19:50:39.245335;(20, (66, 46, 113, 5))
2018-04-06 19:50:39.247920;(15, (194, 26, 220, 0))
2018-04-06 19:50:39.367455;(16, (99, 71, 171, 7))
2018-04-06 19:50:39.399349;(9, (83, 37, 121, 6))
2018-04-06 19:50:39.478849;(21, (158, 18, 176, 0))
2018-04-06 19:51:08.533680;(11, (125, 76, 202, 6))
2018-04-06 19:51:08.554241;(10, (205, 36, 241, 1))
2018-04-06 19:51:08.655428;(5, (231, 33, 264, 0))
2018-04-06 19:51:08.668259;(23, (0, 0, 0, 0))
2018-04-06 19:51:08.699465;(22, (183, 39, 222, 1))
2018-04-06 19:51:08.806932;(19, (70, 67, 138, 8))
2018-04-06 19:51:08.814921;(4, (119, 48, 168, 6))
2018-04-06 19:51:08.953205;(13, (106, 48, 155, 6))
2018-04-06 19:51:08.977123;(3, (130, 73, 204, 5))
2018-04-06 19:51:09.069534;(1, (0, 0, 0, 0))
2018-04-06 19:51:09.110847;(17, (26, 53, 80, 9))
2018-04-06 19:51:09.119931;(12, (85, 66, 152, 6))
2018-04-06 19:51:09.186518;(14, (92, 61, 154, 7))
2018-04-06 19:51:09.246735;(6, (169, 55, 225, 3))
2018-04-06 19:51:09.254792;(15, (224, 30, 254, 0))
2018-04-06 19:51:09.371678;(16, (109, 80, 190, 8))
2018-04-06 19:51:09.403617;(9, (83, 45, 129, 8))
2018-04-06 19:51:09.485215;(21, (188, 22, 210, 0))
2018-04-06 19:51:09.665558;(8, (96, 81, 178, 8))
2018-04-06 19:51:09.810210;(7, (50, 47, 98, 6))
2018-04-06 19:51:10.067621;(18, (76, 39, 116, 4))
2018-04-06 19:51:10.248368;(20, (67, 52, 120, 6))
2018-04-06 19:51:38.538423;(11, (139, 87, 227, 8))
2018-04-06 19:51:38.561568;(10, (235, 43, 278, 1))
2018-04-06 19:51:38.670454;(23, (0, 0, 0, 0))
2018-04-06 19:51:39.073228;(1, (0, 0, 0, 0))
2018-04-06 19:51:39.192036;(14, (99, 68, 168, 8))
2018-04-06 19:51:39.490232;(21, (218, 23, 241, 0))
2018-04-06 19:51:39.662573;(5, (261, 37, 298, 0))
2018-04-06 19:51:39.667493;(8, (97, 88, 186, 9))
2018-04-06 19:51:39.703744;(22, (208, 45, 254, 1))
2018-04-06 19:51:39.811971;(19, (81, 79, 161, 10))
2018-04-06 19:51:39.814124;(7, (51, 52, 104, 7))
2018-04-06 19:51:39.817591;(4, (119, 55, 175, 8))
2018-04-06 19:51:39.957301;(13, (106, 56, 163, 8))
2018-04-06 19:51:39.980015;(3, (139, 85, 225, 7))
2018-04-06 19:51:40.071646;(18, (85, 48, 134, 6))
2018-04-06 19:51:40.115209;(17, (26, 61, 88, 11))
2018-04-06 19:51:40.123637;(12, (93, 77, 170, 8))
2018-04-06 19:51:40.251170;(6, (186, 63, 249, 4))
2018-04-06 19:51:40.252998;(20, (76, 61, 138, 7))
2018-04-06 19:51:40.259306;(15, (254, 36, 290, 0))
2018-04-06 19:51:40.375040;(16, (109, 85, 195, 9))
2018-04-06 19:51:40.406473;(9, (83, 52, 136, 10))
2018-04-06 19:52:08.566167;(10, (261, 48, 309, 1))
2018-04-06 19:52:09.077314;(1, (0, 0, 0, 0))
2018-04-06 19:52:09.541206;(11, (146, 94, 241, 8))
2018-04-06 19:52:09.672160;(8, (109, 97, 207, 11))
2018-04-06 19:52:09.673453;(23, (0, 0, 0, 0))
2018-04-06 19:52:09.706882;(22, (220, 53, 273, 3))
2018-04-06 19:52:09.814657;(19, (84, 87, 172, 11))
2018-04-06 19:52:09.818525;(7, (60, 60, 121, 8))
2018-04-06 19:52:09.821412;(4, (119, 60, 180, 9))
2018-04-06 19:52:09.961260;(13, (106, 63, 170, 10))
2018-04-06 19:52:09.986279;(3, (139, 91, 231, 9))
2018-04-06 19:52:10.077206;(18, (113, 49, 162, 6))
2018-04-06 19:52:10.120072;(17, (26, 67, 94, 13))
2018-04-06 19:52:10.128097;(12, (103, 87, 191, 9))
2018-04-06 19:52:10.195779;(14, (116, 80, 197, 9))
2018-04-06 19:52:10.257954;(20, (77, 69, 147, 8))
2018-04-06 19:52:10.259804;(6, (203, 69, 272, 4))
2018-04-06 19:52:10.265644;(15, (284, 41, 325, 0))
2018-04-06 19:52:10.379553;(16, (124, 94, 218, 11))
2018-04-06 19:52:10.409210;(9, (83, 59, 143, 12))
2018-04-06 19:52:10.496721;(21, (248, 24, 272, 0))
2018-04-06 19:52:39.082261;(1, (0, 0, 0, 0))
2018-04-06 19:52:39.545256;(11, (158, 102, 261, 9))
2018-04-06 19:52:39.571750;(10, (291, 50, 342, 1))
2018-04-06 19:52:39.676631;(5, (322, 43, 365, 0))
2018-04-06 19:52:39.678221;(8, (128, 107, 236, 12))
2018-04-06 19:52:39.679340;(23, (0, 0, 0, 0))
2018-04-06 19:52:39.711609;(22, (249, 58, 308, 3))
2018-04-06 19:52:39.818105;(19, (89, 94, 183, 13))
2018-04-06 19:52:39.821217;(7, (65, 68, 134, 9))
2018-04-06 19:52:39.825162;(4, (119, 66, 186, 11))
2018-04-06 19:52:39.964384;(13, (106, 70, 177, 12))
2018-04-06 19:52:39.993324;(3, (146, 102, 249, 10))
2018-04-06 19:52:40.083225;(18, (143, 57, 200, 6))
2018-04-06 19:52:40.127274;(17, (26, 74, 101, 14))
2018-04-06 19:52:40.132503;(12, (119, 101, 220, 10))
2018-04-06 19:52:40.198883;(14, (124, 87, 212, 9))
2018-04-06 19:52:40.261893;(20, (83, 77, 161, 9))
2018-04-06 19:52:40.266546;(6, (233, 76, 309, 4))
2018-04-06 19:52:40.271864;(15, (315, 48, 363, 0))
2018-04-06 19:52:40.383212;(16, (129, 102, 232, 12))
2018-04-06 19:52:40.413167;(9, (83, 65, 149, 13))
2018-04-06 19:52:40.503780;(21, (278, 27, 305, 0))
2018-04-06 19:53:09.085455;(1, (0, 0, 0, 0))
2018-04-06 19:53:09.549295;(11, (180, 110, 290, 10))
2018-04-06 19:53:09.578231;(10, (322, 54, 376, 1))
2018-04-06 19:53:09.681506;(5, (343, 52, 395, 1))
2018-04-06 19:53:09.682786;(8, (142, 115, 258, 12))
2018-04-06 19:53:09.683396;(23, (0, 0, 0, 0))
2018-04-06 19:53:09.718734;(22, (278, 65, 343, 3))
2018-04-06 19:53:09.821936;(19, (100, 104, 205, 13))
2018-04-06 19:53:09.823605;(7, (72, 78, 151, 10))
2018-04-06 19:53:09.826875;(4, (119, 72, 192, 12))
2018-04-06 19:53:09.969193;(13, (106, 76, 183, 13))
2018-04-06 19:53:09.999150;(3, (159, 112, 272, 11))
2018-04-06 19:53:10.089661;(18, (170, 63, 234, 6))
2018-04-06 19:53:10.130361;(17, (26, 82, 109, 16))
2018-04-06 19:53:10.138597;(12, (139, 112, 252, 11))
2018-04-06 19:53:10.205355;(14, (143, 97, 241, 9))
2018-04-06 19:53:10.266109;(20, (90, 88, 179, 11))
2018-04-06 19:53:10.271547;(6, (262, 87, 350, 4))
2018-04-06 19:53:10.278088;(15, (345, 51, 396, 0))
2018-04-06 19:53:10.388141;(16, (159, 117, 277, 12))
2018-04-06 19:53:10.416279;(9, (83, 73, 157, 15))
2018-04-06 19:53:10.509689;(21, (308, 29, 337, 0))
2018-04-06 19:53:39.087618;(1, (0, 0, 0, 0))
2018-04-06 19:53:39.552879;(11, (180, 119, 300, 12))
2018-04-06 19:53:39.585174;(10, (352, 57, 409, 1))
2018-04-06 19:53:39.687058;(5, (373, 53, 426, 1))
2018-04-06 19:53:39.687638;(23, (0, 0, 0, 0))
2018-04-06 19:53:39.726676;(22, (307, 69, 376, 3))
2018-04-06 19:53:39.823959;(19, (100, 111, 212, 15))
2018-04-06 19:53:39.830160;(4, (119, 77, 197, 14))
2018-04-06 19:53:39.972255;(13, (106, 84, 191, 15))
2018-04-06 19:53:40.006245;(3, (159, 119, 279, 13))
2018-04-06 19:53:40.141086;(12, (139, 118, 258, 12))
2018-04-06 19:53:40.207191;(14, (143, 101, 245, 10))
2018-04-06 19:53:40.390936;(16, (159, 133, 293, 16))
2018-04-06 19:53:40.418421;(9, (83, 81, 165, 17))
2018-04-06 19:53:40.689198;(8, (142, 129, 272, 15))
2018-04-06 19:53:40.826507;(7, (72, 90, 163, 13))
2018-04-06 19:53:41.095427;(18, (189, 67, 256, 7))
2018-04-06 19:53:41.133477;(17, (26, 90, 117, 18))
2018-04-06 19:53:41.269291;(20, (90, 95, 186, 13))
2018-04-06 19:53:41.276877;(6, (294, 89, 383, 4))
2018-04-06 19:53:41.283575;(15, (375, 52, 427, 0))
2018-04-06 19:54:09.093871;(1, (0, 0, 0, 0))
2018-04-06 19:54:09.557854;(11, (180, 125, 306, 13))
2018-04-06 19:54:09.593825;(10, (382, 59, 441, 1))
2018-04-06 19:54:09.693752;(5, (403, 54, 457, 1))
2018-04-06 19:54:09.695593;(23, (0, 0, 0, 0))
2018-04-06 19:54:10.209773;(14, (143, 107, 251, 11))
2018-04-06 19:54:10.518998;(21, (369, 34, 403, 0))
2018-04-06 19:54:10.694555;(8, (142, 143, 286, 19))
2018-04-06 19:54:10.733294;(22, (327, 74, 401, 4))
2018-04-06 19:54:10.826058;(19, (100, 116, 217, 16))
2018-04-06 19:54:10.828375;(7, (72, 102, 175, 16))
2018-04-06 19:54:10.832088;(4, (119, 84, 204, 15))
2018-04-06 19:54:10.976126;(13, (106, 92, 199, 17))
2018-04-06 19:54:11.010267;(3, (159, 124, 284, 14))
2018-04-06 19:54:11.102955;(18, (219, 69, 289, 7))
2018-04-06 19:54:11.135446;(17, (26, 97, 124, 20))
2018-04-06 19:54:11.142918;(12, (139, 123, 263, 13))
2018-04-06 19:54:11.273165;(20, (90, 102, 193, 14))
2018-04-06 19:54:11.286573;(6, (324, 93, 417, 4))
2018-04-06 19:54:11.289611;(15, (405, 56, 461, 0))
2018-04-06 19:54:11.394177;(16, (159, 150, 310, 20))
2018-04-06 19:54:11.420237;(9, (83, 89, 173, 19))
2018-04-06 19:54:39.601288;(10, (412, 61, 473, 1))
2018-04-06 19:54:39.701368;(23, (0, 0, 0, 0))
2018-04-06 19:54:40.098132;(1, (0, 0, 0, 0))
2018-04-06 19:54:40.524079;(21, (399, 36, 435, 0))
2018-04-06 19:54:40.559822;(11, (180, 133, 314, 15))
2018-04-06 19:54:40.699880;(5, (433, 56, 489, 1))
2018-04-06 19:54:40.700016;(8, (142, 157, 300, 22))
2018-04-06 19:54:40.738646;(22, (357, 76, 433, 4))
2018-04-06 19:54:40.828536;(19, (100, 122, 223, 18))
2018-04-06 19:54:40.830673;(7, (72, 113, 186, 19))
2018-04-06 19:54:40.833747;(4, (119, 88, 208, 16))
2018-04-06 19:54:40.980140;(13, (106, 99, 206, 19))
2018-04-06 19:54:41.013354;(3, (159, 131, 291, 16))
2018-04-06 19:54:41.108391;(18, (250, 72, 322, 7))
2018-04-06 19:54:41.138364;(17, (26, 104, 131, 22))
2018-04-06 19:54:41.145185;(12, (139, 131, 271, 15))
2018-04-06 19:54:41.211609;(14, (143, 112, 256, 13))
2018-04-06 19:54:41.275665;(20, (90, 110, 201, 16))
2018-04-06 19:54:41.291619;(6, (354, 95, 449, 4))
2018-04-06 19:54:41.294628;(15, (435, 57, 492, 0))
2018-04-06 19:54:41.396416;(16, (159, 166, 326, 24))
2018-04-06 19:54:41.423111;(9, (83, 96, 180, 21))
2018-04-06 19:55:10.101761;(1, (0, 0, 0, 0))
2018-04-06 19:55:10.562250;(11, (180, 141, 322, 17))
2018-04-06 19:55:10.607883;(10, (443, 62, 505, 1))
2018-04-06 19:55:10.705880;(23, (0, 0, 0, 0))
2018-04-06 19:55:10.706075;(5, (464, 59, 523, 1))
2018-04-06 19:55:10.707061;(8, (142, 171, 314, 26))
2018-04-06 19:55:10.745508;(22, (388, 76, 464, 4))
2018-04-06 19:55:10.830300;(19, (100, 128, 229, 19))
2018-04-06 19:55:10.832500;(7, (72, 125, 198, 22))
2018-04-06 19:55:10.835293;(4, (119, 95, 215, 18))
2018-04-06 19:55:10.983996;(13, (106, 105, 212, 21))
2018-04-06 19:55:11.017342;(3, (159, 136, 296, 17))
2018-04-06 19:55:11.114038;(18, (280, 75, 355, 7))
2018-04-06 19:55:11.140323;(17, (26, 110, 137, 23))
2018-04-06 19:55:11.148363;(12, (139, 137, 277, 17))
2018-04-06 19:55:11.214566;(14, (143, 118, 262, 14))
2018-04-06 19:55:11.279174;(20, (90, 118, 209, 18))
2018-04-06 19:55:11.297778;(6, (384, 98, 482, 4))
2018-04-06 19:55:11.299915;(15, (466, 58, 524, 0))
2018-04-06 19:55:11.398961;(16, (159, 183, 343, 28))
2018-04-06 19:55:11.425868;(9, (83, 103, 187, 23))
2018-04-06 19:55:11.530349;(21, (429, 39, 468, 0))
2018-04-06 19:55:40.105822;(1, (0, 0, 0, 0))
2018-04-06 19:55:40.566027;(11, (180, 148, 329, 19))
2018-04-06 19:55:40.613638;(10, (473, 63, 536, 1))
2018-04-06 19:55:40.712119;(5, (494, 61, 555, 1))
2018-04-06 19:55:40.713786;(8, (142, 185, 328, 29))
2018-04-06 19:55:40.714808;(23, (0, 0, 0, 0))
2018-04-06 19:55:40.750993;(22, (418, 79, 497, 4))
2018-04-06 19:55:40.832166;(19, (100, 133, 234, 21))
2018-04-06 19:55:40.834399;(7, (72, 137, 210, 25))
2018-04-06 19:55:40.836990;(4, (119, 100, 220, 19))
2018-04-06 19:55:40.988553;(13, (106, 112, 219, 22))
2018-04-06 19:55:41.019437;(3, (159, 143, 303, 19))
2018-04-06 19:55:41.119785;(18, (310, 78, 388, 7))
2018-04-06 19:55:41.142333;(17, (26, 118, 145, 25))
2018-04-06 19:55:41.151429;(12, (139, 143, 283, 18))
2018-04-06 19:55:41.219970;(14, (143, 123, 267, 15))
2018-04-06 19:55:41.283801;(20, (90, 126, 217, 20))
2018-04-06 19:55:41.303911;(6, (414, 102, 516, 4))
2018-04-06 19:55:41.306661;(15, (496, 61, 557, 0))
2018-04-06 19:55:41.401556;(16, (159, 199, 359, 32))
2018-04-06 19:55:41.427533;(9, (83, 109, 193, 24))
2018-04-06 19:55:41.535067;(21, (459, 41, 500, 0))
2018-04-06 19:56:10.108202;(1, (0, 0, 0, 0))
2018-04-06 19:56:10.567968;(11, (180, 156, 337, 21))
2018-04-06 19:56:10.621991;(10, (503, 64, 567, 1))
2018-04-06 19:56:10.721102;(5, (524, 62, 586, 1))
2018-04-06 19:56:10.721459;(23, (0, 0, 0, 0))
2018-04-06 19:56:10.991490;(13, (106, 120, 227, 24))
2018-04-06 19:56:11.154453;(12, (139, 150, 290, 20))
2018-04-06 19:56:11.223787;(14, (143, 130, 274, 17))
2018-04-06 19:56:11.539815;(21, (489, 43, 533, 0))
2018-04-06 19:56:11.719634;(8, (142, 200, 343, 33))
2018-04-06 19:56:11.757165;(22, (448, 81, 529, 4))
2018-04-06 19:56:11.835035;(19, (100, 139, 240, 22))
2018-04-06 19:56:11.837936;(7, (72, 149, 222, 28))
2018-04-06 19:56:11.839003;(4, (119, 107, 227, 21))
2018-04-06 19:56:12.021434;(3, (159, 148, 308, 20))
2018-04-06 19:56:12.125799;(18, (340, 78, 418, 7))
2018-04-06 19:56:12.145152;(17, (26, 126, 153, 27))
2018-04-06 19:56:12.286132;(20, (90, 134, 225, 22))
2018-04-06 19:56:12.313032;(15, (526, 66, 592, 0))
2018-04-06 19:56:12.404158;(16, (159, 216, 376, 37))
2018-04-06 19:56:12.431177;(9, (83, 117, 201, 26))
2018-04-06 19:56:40.110946;(1, (0, 0, 0, 0))
2018-04-06 19:56:40.570337;(11, (180, 162, 343, 23))
2018-04-06 19:56:40.629140;(10, (533, 68, 601, 1))
2018-04-06 19:56:40.723446;(23, (0, 0, 0, 0))
2018-04-06 19:56:40.728740;(5, (554, 65, 619, 1))
2018-04-06 19:56:41.227068;(14, (143, 135, 279, 18))
2018-04-06 19:56:41.544740;(21, (520, 44, 564, 0))
2018-04-06 19:56:41.725293;(8, (142, 213, 356, 36))
2018-04-06 19:56:41.762222;(22, (471, 86, 557, 5))
2018-04-06 19:56:41.836841;(19, (100, 144, 245, 23))
2018-04-06 19:56:41.839913;(7, (72, 161, 234, 31))
2018-04-06 19:56:41.841518;(4, (119, 112, 232, 22))
2018-04-06 19:56:41.997089;(13, (106, 127, 234, 26))
2018-04-06 19:56:42.023392;(3, (159, 156, 316, 22))
2018-04-06 19:56:42.132626;(18, (371, 81, 452, 7))
2018-04-06 19:56:42.147504;(17, (26, 133, 160, 29))
2018-04-06 19:56:42.156317;(12, (139, 155, 295, 21))
2018-04-06 19:56:42.289438;(20, (90, 141, 232, 24))
2018-04-06 19:56:42.316144;(6, (475, 110, 585, 4))
2018-04-06 19:56:42.318455;(15, (556, 69, 625, 0))
2018-04-06 19:56:42.406912;(16, (159, 233, 393, 41))
2018-04-06 19:56:42.432967;(9, (83, 125, 209, 28))
2018-04-06 19:57:10.114803;(1, (0, 0, 0, 0))
2018-04-06 19:57:10.572230;(11, (180, 169, 350, 24))
2018-04-06 19:57:10.634717;(10, (563, 69, 632, 1))
2018-04-06 19:57:10.729810;(23, (0, 0, 0, 0))
2018-04-06 19:57:11.232049;(14, (143, 141, 285, 20))
2018-04-06 19:57:11.549704;(21, (550, 44, 594, 0))
2018-04-06 19:57:11.729741;(8, (142, 228, 371, 40))
2018-04-06 19:57:11.734470;(5, (585, 67, 652, 1))
2018-04-06 19:57:11.767441;(22, (501, 89, 590, 5))
2018-04-06 19:57:11.838693;(19, (100, 151, 252, 25))
2018-04-06 19:57:11.842635;(7, (72, 173, 246, 34))
2018-04-06 19:57:11.843377;(4, (119, 118, 238, 24))
2018-04-06 19:57:11.999815;(13, (106, 134, 241, 28))
2018-04-06 19:57:12.025308;(3, (159, 161, 321, 24))
2018-04-06 19:57:12.138874;(18, (401, 82, 483, 7))
2018-04-06 19:57:12.150584;(17, (26, 140, 167, 31))
2018-04-06 19:57:12.158065;(12, (139, 163, 303, 23))
2018-04-06 19:57:12.291633;(20, (90, 149, 240, 26))
2018-04-06 19:57:12.322654;(6, (505, 111, 616, 4))
2018-04-06 19:57:12.409983;(16, (159, 250, 410, 45))
2018-04-06 19:57:12.434818;(9, (83, 132, 216, 30))
2018-04-06 19:57:40.117294;(1, (0, 0, 0, 0))
2018-04-06 19:57:40.736071;(23, (0, 0, 0, 0))
2018-04-06 19:57:41.554748;(21, (580, 44, 624, 0))
2018-04-06 19:57:41.574201;(11, (180, 177, 358, 26))
2018-04-06 19:57:41.640762;(10, (593, 71, 664, 1))
2018-04-06 19:57:41.733798;(8, (142, 242, 385, 44))
2018-04-06 19:57:41.739638;(5, (615, 70, 685, 1))
2018-04-06 19:57:41.772145;(22, (532, 90, 622, 5))
2018-04-06 19:57:41.841466;(19, (100, 156, 257, 26))
2018-04-06 19:57:41.846122;(7, (72, 185, 258, 37))
2018-04-06 19:57:41.847135;(4, (119, 124, 244, 25))
2018-04-06 19:57:42.004139;(13, (106, 140, 247, 29))
2018-04-06 19:57:42.027325;(3, (159, 168, 328, 25))
2018-04-06 19:57:42.144410;(18, (431, 83, 514, 7))
2018-04-06 19:57:42.153712;(17, (26, 147, 174, 33))
2018-04-06 19:57:42.160078;(12, (139, 168, 308, 25))
2018-04-06 19:57:42.235895;(14, (143, 147, 291, 21))
2018-04-06 19:57:42.294911;(20, (90, 157, 248, 28))
2018-04-06 19:57:42.328185;(6, (535, 114, 649, 4))
2018-04-06 19:57:42.330509;(15, (617, 73, 690, 0))
2018-04-06 19:57:42.412750;(16, (159, 266, 426, 49))
2018-04-06 19:57:42.436571;(9, (83, 140, 224, 32))
2018-04-06 19:58:10.122492;(1, (0, 0, 0, 0))
2018-04-06 19:58:11.577017;(11, (180, 185, 366, 28))
2018-04-06 19:58:11.650447;(10, (624, 74, 698, 1))
2018-04-06 19:58:11.742659;(23, (0, 0, 0, 0))
2018-04-06 19:58:11.745714;(5, (645, 73, 718, 1))
2018-04-06 19:58:11.777074;(22, (562, 92, 654, 5))
2018-04-06 19:58:11.843327;(19, (100, 162, 263, 28))
2018-04-06 19:58:12.007974;(13, (106, 148, 255, 31))
2018-04-06 19:58:12.031381;(3, (159, 173, 333, 27))
2018-04-06 19:58:12.149411;(18, (461, 85, 546, 7))
2018-04-06 19:58:12.155590;(17, (26, 154, 181, 34))
2018-04-06 19:58:12.163507;(12, (139, 175, 315, 26))
2018-04-06 19:58:12.239554;(14, (143, 151, 295, 22))
2018-04-06 19:58:12.335016;(6, (565, 117, 682, 4))
2018-04-06 19:58:12.337973;(15, (647, 73, 720, 0))
2018-04-06 19:58:12.416909;(16, (159, 283, 443, 53))
2018-04-06 19:58:12.439852;(9, (83, 146, 230, 34))
2018-04-06 19:58:12.561774;(21, (610, 44, 654, 0))
2018-04-06 19:58:12.736430;(8, (142, 256, 399, 47))
2018-04-06 19:58:12.848220;(7, (72, 196, 269, 39))
2018-04-06 19:58:12.849657;(4, (119, 129, 249, 27))
2018-04-06 19:58:13.298857;(20, (90, 164, 255, 30))
2018-04-06 19:58:41.125788;(1, (0, 0, 0, 0))
2018-04-06 19:58:41.578931;(11, (180, 192, 373, 30))
2018-04-06 19:58:41.657652;(10, (654, 75, 729, 1))
2018-04-06 19:58:41.745518;(23, (0, 0, 0, 0))
2018-04-06 19:58:41.751266;(5, (675, 74, 749, 1))
2018-04-06 19:58:41.781892;(22, (592, 93, 685, 5))
2018-04-06 19:58:42.166243;(12, (139, 182, 322, 28))
2018-04-06 19:58:42.245134;(14, (143, 158, 302, 24))
2018-04-06 19:58:42.566781;(21, (640, 44, 684, 0))
2018-04-06 19:58:42.738751;(8, (142, 270, 413, 51))
2018-04-06 19:58:42.845222;(19, (100, 168, 269, 29))
2018-04-06 19:58:42.850515;(7, (72, 208, 281, 42))
2018-04-06 19:58:42.851240;(4, (119, 136, 256, 28))
2018-04-06 19:58:43.010886;(13, (106, 156, 263, 33))
2018-04-06 19:58:43.033601;(3, (159, 180, 340, 28))
2018-04-06 19:58:43.155865;(18, (491, 87, 578, 7))
2018-04-06 19:58:43.158497;(17, (26, 162, 189, 36))
2018-04-06 19:58:43.301415;(20, (90, 171, 262, 32))
2018-04-06 19:58:43.340618;(6, (596, 120, 716, 4))
2018-04-06 19:58:43.343853;(15, (677, 73, 750, 0))
2018-04-06 19:58:43.419204;(16, (159, 299, 459, 57))
2018-04-06 19:58:43.443422;(9, (83, 153, 237, 35))
2018-04-06 19:59:11.127971;(1, (0, 0, 0, 0))
2018-04-06 19:59:11.581869;(11, (180, 199, 380, 32))
2018-04-06 19:59:11.663904;(10, (684, 75, 759, 1))
2018-04-06 19:59:11.747280;(23, (0, 0, 0, 0))
2018-04-06 19:59:11.758944;(5, (705, 78, 783, 1))
2018-04-06 19:59:12.249106;(14, (143, 163, 307, 25))
2018-04-06 19:59:12.741817;(8, (142, 284, 427, 54))
2018-04-06 19:59:12.786687;(22, (622, 93, 715, 5))
2018-04-06 19:59:12.847106;(19, (100, 172, 273, 30))
2018-04-06 19:59:12.852558;(7, (72, 220, 293, 45))
2018-04-06 19:59:12.853513;(4, (119, 140, 260, 29))
2018-04-06 19:59:13.015076;(13, (106, 163, 270, 35))
2018-04-06 19:59:13.035482;(3, (159, 186, 346, 30))
2018-04-06 19:59:13.161993;(17, (26, 169, 196, 38))
2018-04-06 19:59:13.169328;(12, (139, 187, 327, 29))
2018-04-06 19:59:13.304113;(20, (90, 178, 269, 33))
2018-04-06 19:59:13.346502;(6, (626, 123, 749, 4))
2018-04-06 19:59:13.349789;(15, (707, 73, 780, 0))
2018-04-06 19:59:13.422403;(16, (159, 316, 476, 62))
2018-04-06 19:59:13.446528;(9, (83, 161, 245, 37))
2018-04-06 19:59:41.131025;(1, (0, 0, 0, 0))
2018-04-06 19:59:41.583610;(11, (180, 205, 386, 33))
2018-04-06 19:59:41.669249;(10, (714, 76, 790, 1))
2018-04-06 19:59:41.749980;(23, (0, 0, 0, 0))
2018-04-06 19:59:42.251296;(14, (143, 170, 314, 27))
2018-04-06 19:59:42.581495;(21, (700, 44, 745, 0))
2018-04-06 19:59:42.745516;(8, (142, 299, 442, 58))
2018-04-06 19:59:42.766461;(5, (736, 80, 816, 1))
2018-04-06 19:59:42.793083;(22, (652, 94, 747, 5))
2018-04-06 19:59:42.849963;(19, (100, 179, 280, 32))
2018-04-06 19:59:42.854665;(7, (72, 232, 305, 48))
2018-04-06 19:59:42.855133;(4, (119, 147, 267, 31))
2018-04-06 19:59:43.018254;(13, (106, 169, 276, 37))
2018-04-06 19:59:43.037308;(3, (159, 192, 352, 31))
2018-04-06 19:59:43.164157;(18, (537, 104, 642, 8))
2018-04-06 19:59:43.165932;(17, (26, 177, 204, 40))
2018-04-06 19:59:43.171099;(12, (139, 194, 334, 31))
2018-04-06 19:59:43.307063;(20, (90, 186, 277, 35))
2018-04-06 19:59:43.352156;(6, (656, 133, 789, 4))
2018-04-06 19:59:43.357198;(15, (738, 73, 811, 0))
2018-04-06 19:59:43.426357;(16, (159, 333, 493, 66))
2018-04-06 19:59:43.449421;(9, (83, 169, 253, 39))
2018-04-06 20:00:11.134496;(1, (0, 0, 0, 0))
2018-04-06 20:00:11.675912;(10, (744, 80, 824, 1))
2018-04-06 20:00:11.754529;(23, (0, 0, 0, 0))
2018-04-06 20:00:12.258048;(14, (143, 175, 319, 28))
2018-04-06 20:00:12.587528;(21, (731, 45, 776, 0))
2018-04-06 20:00:12.587995;(11, (180, 213, 394, 35))
2018-04-06 20:00:12.747903;(8, (142, 313, 456, 61))
2018-04-06 20:00:12.774122;(5, (766, 80, 846, 1))
2018-04-06 20:00:12.797906;(22, (683, 95, 778, 5))
2018-04-06 20:00:12.851761;(19, (100, 184, 285, 33))
2018-04-06 20:00:12.857445;(7, (72, 244, 317, 51))
2018-04-06 20:00:12.858612;(4, (119, 152, 272, 32))
2018-04-06 20:00:13.022033;(13, (106, 176, 283, 38))
2018-04-06 20:00:13.039250;(3, (159, 198, 358, 33))
2018-04-06 20:00:13.167379;(18, (546, 115, 662, 10))
2018-04-06 20:00:13.168610;(17, (26, 184, 211, 42))
2018-04-06 20:00:13.173800;(12, (139, 199, 339, 32))
2018-04-06 20:00:13.314275;(20, (90, 194, 285, 37))
2018-04-06 20:00:13.357975;(6, (686, 137, 823, 4))
2018-04-06 20:00:13.363220;(15, (768, 73, 841, 0))
2018-04-06 20:00:13.428398;(16, (159, 349, 509, 70))
2018-04-06 20:00:13.452197;(9, (83, 176, 260, 41))
2018-04-06 20:00:41.138377;(1, (0, 0, 0, 0))
2018-04-06 20:00:42.597047;(11, (180, 221, 402, 37))
2018-04-06 20:00:42.682250;(10, (775, 82, 857, 1))
2018-04-06 20:00:42.757131;(23, (0, 0, 0, 0))
2018-04-06 20:00:42.782466;(5, (796, 80, 876, 1))
2018-04-06 20:00:42.802831;(22, (713, 96, 809, 5))
2018-04-06 20:00:42.854092;(19, (100, 190, 291, 35))
2018-04-06 20:00:43.025981;(13, (106, 184, 291, 40))
2018-04-06 20:00:43.041034;(3, (159, 204, 364, 34))
2018-04-06 20:00:43.169964;(18, (546, 123, 670, 12))
2018-04-06 20:00:43.175623;(12, (139, 207, 347, 34))
2018-04-06 20:00:43.261218;(14, (143, 181, 325, 30))
2018-04-06 20:00:43.364462;(6, (716, 138, 854, 4))
2018-04-06 20:00:43.431992;(16, (159, 366, 526, 74))
2018-04-06 20:00:43.596032;(21, (761, 45, 806, 0))
2018-04-06 20:00:43.751049;(8, (142, 327, 470, 65))
2018-04-06 20:00:43.859454;(7, (72, 256, 329, 54))
2018-04-06 20:00:43.861445;(4, (119, 159, 279, 34))
2018-04-06 20:00:44.172231;(17, (26, 190, 217, 43))
2018-04-06 20:00:44.318499;(20, (90, 202, 293, 39))
2018-04-06 20:00:44.369633;(15, (798, 73, 871, 0))
2018-04-06 20:00:44.454015;(9, (83, 183, 267, 43))
2018-04-06 20:01:11.141965;(1, (0, 0, 0, 0))
2018-04-06 20:01:12.605365;(11, (180, 228, 409, 39))
2018-04-06 20:01:12.687161;(10, (805, 85, 890, 1))
2018-04-06 20:01:12.758978;(23, (0, 0, 0, 0))
2018-04-06 20:01:12.790084;(5, (826, 80, 906, 1))
2018-04-06 20:01:13.263223;(14, (143, 187, 331, 31))
2018-04-06 20:01:13.604017;(21, (791, 45, 836, 0))
2018-04-06 20:01:13.754358;(8, (142, 341, 484, 68))
2018-04-06 20:01:13.809094;(22, (741, 101, 843, 5))
2018-04-06 20:01:13.857012;(19, (100, 196, 297, 36))
2018-04-06 20:01:13.863041;(4, (119, 164, 284, 35))
2018-04-06 20:01:13.863270;(7, (72, 268, 341, 57))
2018-04-06 20:01:14.030036;(13, (106, 191, 298, 42))
2018-04-06 20:01:14.042940;(3, (159, 210, 370, 36))
2018-04-06 20:01:14.173546;(18, (559, 133, 692, 13))
2018-04-06 20:01:14.174340;(17, (26, 198, 225, 45))
2018-04-06 20:01:14.179157;(12, (139, 213, 353, 36))
2018-04-06 20:01:14.321140;(20, (90, 210, 301, 41))
2018-04-06 20:01:14.374869;(15, (828, 73, 901, 0))
2018-04-06 20:01:14.435409;(16, (159, 383, 543, 78))
2018-04-06 20:01:14.457633;(9, (83, 190, 274, 45))
2018-04-06 20:01:41.144028;(1, (0, 0, 0, 0))
2018-04-06 20:01:42.611941;(11, (180, 236, 417, 41))
2018-04-06 20:01:42.693054;(10, (834, 89, 923, 2))
2018-04-06 20:01:42.761605;(23, (0, 0, 0, 0))
2018-04-06 20:01:42.798503;(5, (856, 80, 936, 1))
2018-04-06 20:01:43.266550;(14, (143, 191, 335, 32))
2018-04-06 20:01:43.611045;(21, (821, 45, 867, 0))
2018-04-06 20:01:43.757559;(8, (142, 355, 498, 72))
2018-04-06 20:01:43.818118;(22, (767, 106, 873, 6))
2018-04-06 20:01:43.859355;(19, (100, 201, 302, 38))
2018-04-06 20:01:43.865682;(4, (119, 170, 290, 37))
2018-04-06 20:01:43.866912;(7, (72, 280, 353, 60))
2018-04-06 20:01:44.035639;(13, (106, 198, 305, 44))
2018-04-06 20:01:44.045216;(3, (159, 216, 376, 37))
2018-04-06 20:01:44.177278;(17, (26, 206, 233, 47))
2018-04-06 20:01:44.178419;(18, (571, 140, 711, 14))
2018-04-06 20:01:44.182286;(12, (139, 219, 359, 37))
2018-04-06 20:01:44.323074;(20, (90, 217, 308, 43))
2018-04-06 20:01:44.374512;(6, (750, 152, 903, 6))
2018-04-06 20:01:44.381054;(15, (858, 73, 932, 0))
2018-04-06 20:01:44.438430;(16, (159, 399, 559, 82))
2018-04-06 20:01:44.460086;(9, (83, 197, 281, 46))
2018-04-06 20:02:11.147283;(1, (0, 0, 0, 0))
2018-04-06 20:02:12.619980;(11, (180, 242, 423, 43))
2018-04-06 20:02:12.698736;(10, (864, 91, 955, 2))
2018-04-06 20:02:12.763335;(23, (0, 0, 0, 0))
2018-04-06 20:02:13.271098;(14, (143, 198, 342, 34))
2018-04-06 20:02:13.619285;(21, (852, 45, 897, 0))
2018-04-06 20:02:13.760002;(8, (142, 369, 512, 75))
2018-04-06 20:02:13.803746;(5, (887, 80, 967, 1))
2018-04-06 20:02:13.822938;(22, (798, 110, 908, 6))
2018-04-06 20:02:13.861812;(19, (100, 207, 308, 39))
2018-04-06 20:02:13.867361;(4, (119, 176, 296, 38))
2018-04-06 20:02:13.869650;(7, (72, 292, 365, 63))
2018-04-06 20:02:14.040415;(13, (106, 204, 311, 45))
2018-04-06 20:02:14.047545;(3, (159, 223, 383, 39))
2018-04-06 20:02:14.179632;(17, (26, 213, 240, 49))
2018-04-06 20:02:14.182254;(18, (579, 155, 735, 16))
2018-04-06 20:02:14.185331;(12, (139, 226, 366, 39))
2018-04-06 20:02:14.326300;(20, (90, 225, 316, 45))
2018-04-06 20:02:14.378544;(6, (761, 160, 922, 7))
2018-04-06 20:02:14.386582;(15, (889, 73, 962, 0))
2018-04-06 20:02:14.442815;(16, (159, 415, 575, 86))
2018-04-06 20:02:14.462042;(9, (83, 205, 289, 48))
2018-04-06 20:02:42.150781;(1, (0, 0, 0, 0))
2018-04-06 20:02:42.629046;(11, (180, 249, 430, 44))
2018-04-06 20:02:42.706224;(10, (894, 94, 988, 2))
2018-04-06 20:02:42.765012;(23, (0, 0, 0, 0))
2018-04-06 20:02:43.273866;(14, (143, 203, 347, 35))
2018-04-06 20:02:43.627619;(21, (882, 45, 927, 0))
2018-04-06 20:02:43.808229;(5, (917, 80, 997, 1))
2018-04-06 20:02:43.828440;(22, (828, 110, 938, 6))
2018-04-06 20:02:43.863538;(19, (100, 212, 313, 40))
2018-04-06 20:02:44.042979;(13, (106, 212, 319, 47))
2018-04-06 20:02:44.050711;(3, (159, 228, 388, 40))
2018-04-06 20:02:44.182630;(17, (26, 220, 247, 51))
2018-04-06 20:02:44.185987;(18, (590, 166, 757, 19))
2018-04-06 20:02:44.187649;(12, (139, 231, 371, 40))
2018-04-06 20:02:44.329291;(20, (90, 233, 324, 47))
2018-04-06 20:02:44.383785;(6, (778, 165, 944, 8))
2018-04-06 20:02:44.392822;(15, (919, 73, 992, 0))
2018-04-06 20:02:44.445382;(16, (159, 432, 592, 91))
2018-04-06 20:02:44.465370;(9, (83, 213, 297, 50))
2018-04-06 20:02:44.762546;(8, (142, 384, 527, 79))
2018-04-06 20:02:44.870145;(4, (119, 181, 301, 40))
2018-04-06 20:02:44.871754;(7, (72, 304, 377, 66))
2018-04-06 20:03:12.154956;(1, (0, 0, 0, 0))
2018-04-06 20:03:12.766781;(23, (0, 0, 0, 0))
2018-04-06 20:03:13.636393;(21, (912, 45, 957, 0))
2018-04-06 20:03:13.637366;(11, (180, 257, 438, 46))
2018-04-06 20:03:13.714689;(10, (924, 96, 1021, 2))
2018-04-06 20:03:13.812878;(5, (947, 80, 1027, 1))
2018-04-06 20:03:13.833226;(22, (858, 111, 969, 6))
2018-04-06 20:03:14.045707;(13, (106, 219, 326, 49))
2018-04-06 20:03:14.189679;(18, (599, 173, 773, 20))
2018-04-06 20:03:14.276118;(14, (143, 210, 354, 37))
2018-04-06 20:03:14.388918;(6, (807, 171, 979, 9))
2018-04-06 20:03:14.764865;(8, (142, 397, 540, 82))
2018-04-06 20:03:14.869481;(19, (100, 219, 320, 42))
2018-04-06 20:03:14.871738;(4, (119, 188, 308, 41))
2018-04-06 20:03:14.874411;(7, (72, 316, 389, 69))
2018-04-06 20:03:15.053555;(3, (159, 235, 395, 42))
2018-04-06 20:03:15.185475;(17, (26, 226, 253, 52))
2018-04-06 20:03:15.190544;(12, (139, 239, 379, 42))
2018-04-06 20:03:15.331469;(20, (90, 240, 331, 49))
2018-04-06 20:03:15.399136;(15, (949, 74, 1023, 0))
2018-04-06 20:03:15.447495;(16, (159, 449, 609, 95))
2018-04-06 20:03:15.467328;(9, (83, 220, 304, 52))
2018-04-06 20:03:42.157408;(1, (0, 0, 0, 0))
2018-04-06 20:03:43.647209;(11, (180, 265, 446, 48))
2018-04-06 20:03:43.721114;(10, (955, 99, 1054, 2))
2018-04-06 20:03:43.769683;(23, (0, 0, 0, 0))
2018-04-06 20:03:43.817991;(5, (977, 82, 1059, 1))
2018-04-06 20:03:44.277988;(14, (143, 215, 359, 38))
2018-04-06 20:03:44.645998;(21, (942, 45, 987, 0))
2018-04-06 20:03:44.767176;(8, (142, 412, 555, 86))
2018-04-06 20:03:44.838194;(22, (888, 111, 999, 6))
2018-04-06 20:03:44.872084;(19, (100, 224, 325, 43))
2018-04-06 20:03:44.874181;(4, (119, 192, 312, 42))
2018-04-06 20:03:44.877627;(7, (72, 328, 401, 72))
2018-04-06 20:03:45.051005;(13, (106, 227, 334, 51))
2018-04-06 20:03:45.056595;(3, (159, 240, 400, 43))
2018-04-06 20:03:45.187386;(17, (26, 234, 261, 54))
2018-04-06 20:03:45.191458;(18, (599, 176, 776, 21))
2018-04-06 20:03:45.193211;(12, (139, 245, 385, 44))
2018-04-06 20:03:45.333420;(20, (90, 247, 338, 51))
2018-04-06 20:03:45.391032;(6, (807, 176, 984, 10))
2018-04-06 20:03:45.405058;(15, (979, 74, 1053, 0))
2018-04-06 20:03:45.451440;(16, (159, 466, 626, 99))
2018-04-06 20:03:45.469118;(9, (83, 227, 311, 54))
