2018-04-13 09:04:59.800008;(22, (4, 15, 0, 15, 15, 0, 0, 5, 0, 0, 46, 20, 0))
2018-04-13 09:04:59.861579;(3, (4, 47, 0, 47, 46, 0, 0, 3, 20, 0, 89, 69, 0))
2018-04-13 09:04:59.898772;(14, (5, 27, 0, 27, 27, 0, 0, 8, 15, 0, 73, 50, 0))
2018-04-13 09:04:59.945673;(19, (4, 15, 0, 15, 14, 0, 0, 11, 0, 0, 34, 25, 0))
2018-04-13 09:05:00.019149;(12, (3, 13, 0, 13, 13, 0, 0, 0, 0, 0, 37, 13, 0))
2018-04-13 09:05:00.034434;(20, (4, 106, 0, 106, 104, 0, 0, 18, 31, 0, 137, 153, 0))
2018-04-13 09:05:00.084966;(23, (4, 15, 0, 15, 14, 0, 0, 7, 8, 0, 37, 29, 0))
2018-04-13 09:05:00.169918;(18, (5, 17, 0, 17, 17, 0, 0, 5, 13, 0, 39, 35, 0))
2018-04-13 09:05:00.229660;(13, (5, 35, 0, 35, 35, 0, 0, 8, 2, 0, 40, 45, 0))
2018-04-13 09:05:00.258346;(21, (4, 13, 0, 13, 13, 0, 0, 2, 13, 0, 25, 28, 0))
2018-04-13 09:05:00.279743;(10, (4, 44, 0, 44, 44, 0, 0, 4, 25, 0, 91, 73, 0))
2018-04-13 09:05:00.371952;(4, (4, 30, 0, 30, 30, 0, 0, 2, 0, 0, 31, 32, 0))
2018-04-13 09:05:00.386822;(11, (3, 16, 0, 16, 15, 0, 0, 4, 12, 0, 45, 31, 0))
2018-04-13 09:05:00.418536;(9, (4, 18, 0, 18, 18, 0, 0, 0, 0, 0, 12, 18, 0))
2018-04-13 09:05:00.481390;(17, (2, 3, 0, 3, 3, 0, 0, 0, 0, 0, 0, 3, 0))
2018-04-13 09:05:00.508533;(7, (4, 24, 0, 24, 24, 0, 0, 1, 0, 0, 49, 25, 0))
2018-04-13 09:05:00.592146;(8, (4, 18, 0, 18, 17, 0, 0, 8, 24, 0, 68, 49, 0))
2018-04-13 09:05:00.599542;(5, (4, 15, 0, 15, 15, 0, 0, 0, 25, 0, 43, 40, 0))
2018-04-13 09:05:00.658266;(6, (4, 14, 0, 14, 14, 0, 0, 1, 0, 0, 24, 15, 0))
2018-04-13 09:05:00.691097;(15, (4, 27, 0, 27, 25, 0, 0, 12, 31, 0, 59, 68, 0))
2018-04-13 09:05:00.769970;(1, (4, 59, 0, 59, 59, 0, 0, 7, 0, 0, 208, 66, 0))
2018-04-13 09:05:00.815410;(16, (3, 14, 0, 14, 12, 0, 0, 16, 0, 0, 24, 28, 0))
2018-04-13 09:05:29.803982;(22, (5, 170, 0, 170, 156, 0, 0, 98, 265, 0, 201, 519, 0))
2018-04-13 09:05:29.869426;(3, (6, 187, 0, 187, 179, 0, 0, 36, 340, 0, 232, 555, 0))
2018-04-13 09:05:29.901967;(14, (6, 133, 0, 133, 125, 0, 0, 70, 217, 0, 195, 412, 0))
2018-04-13 09:05:29.950801;(19, (7, 47, 0, 47, 45, 0, 0, 34, 43, 0, 70, 122, 0))
2018-04-13 09:05:30.025448;(12, (6, 69, 0, 69, 64, 0, 0, 37, 91, 0, 91, 192, 0))
2018-04-13 09:05:30.039489;(20, (6, 260, 0, 260, 249, 0, 0, 104, 211, 0, 307, 564, 0))
2018-04-13 09:05:30.087417;(23, (6, 120, 0, 120, 116, 0, 0, 53, 127, 0, 139, 296, 0))
2018-04-13 09:05:30.174063;(18, (6, 95, 0, 95, 94, 0, 0, 40, 61, 0, 124, 195, 0))
2018-04-13 09:05:30.238546;(13, (6, 298, 0, 298, 290, 0, 0, 118, 159, 0, 293, 567, 0))
2018-04-13 09:05:30.266807;(21, (4, 30, 0, 30, 30, 0, 0, 3, 20, 0, 43, 53, 0))
2018-04-13 09:05:30.287311;(10, (6, 306, 0, 306, 296, 0, 0, 109, 394, 0, 360, 799, 0))
2018-04-13 09:05:30.378945;(4, (5, 192, 0, 192, 188, 0, 0, 51, 78, 0, 195, 317, 0))
2018-04-13 09:05:30.390177;(11, (5, 50, 0, 50, 44, 0, 0, 22, 102, 0, 91, 168, 0))
2018-04-13 09:05:30.424378;(9, (4, 74, 0, 74, 74, 0, 0, 2, 0, 0, 66, 76, 0))
2018-04-13 09:05:30.483941;(17, (0, 3, 0, 3, 3, 0, 0, 0, 0, 0, 0, 3, 0))
2018-04-13 09:05:30.513641;(7, (7, 89, 0, 89, 87, 0, 0, 37, 118, 0, 106, 242, 0))
2018-04-13 09:05:30.599630;(8, (6, 82, 0, 82, 74, 0, 0, 45, 187, 0, 136, 306, 0))
2018-04-13 09:05:30.607810;(5, (5, 138, 0, 138, 129, 0, 0, 49, 247, 0, 167, 425, 0))
2018-04-13 09:05:30.663204;(6, (6, 51, 0, 51, 46, 0, 0, 41, 55, 0, 50, 142, 0))
2018-04-13 09:05:30.773825;(1, (5, 588, 2, 586, 557, 0, 0, 140, 1299, 2, 789, 1996, 0))
2018-04-13 09:05:30.818538;(16, (4, 24, 0, 24, 20, 0, 0, 25, 21, 0, 36, 66, 0))
2018-04-13 09:05:59.809942;(22, (5, 487, 0, 487, 454, 0, 0, 245, 710, 0, 515, 1409, 0))
2018-04-13 09:05:59.875844;(3, (5, 391, 0, 391, 371, 0, 0, 88, 734, 0, 448, 1193, 0))
2018-04-13 09:05:59.905675;(14, (6, 262, 0, 262, 246, 0, 0, 132, 526, 0, 338, 904, 0))
2018-04-13 09:05:59.954922;(19, (7, 96, 0, 96, 89, 0, 0, 97, 135, 0, 120, 321, 0))
2018-04-13 09:06:00.031025;(12, (5, 143, 0, 143, 136, 0, 0, 46, 200, 0, 169, 382, 0))
2018-04-13 09:06:00.043688;(20, (8, 356, 0, 356, 342, 0, 0, 181, 302, 0, 400, 825, 0))
2018-04-13 09:06:00.090653;(23, (6, 227, 0, 227, 213, 0, 0, 143, 350, 0, 242, 706, 0))
2018-04-13 09:06:00.179652;(18, (6, 161, 0, 161, 155, 0, 0, 70, 232, 0, 201, 457, 0))
2018-04-13 09:06:00.244367;(13, (6, 510, 0, 510, 492, 0, 0, 248, 227, 0, 497, 967, 0))
2018-04-13 09:06:00.274489;(21, (5, 81, 0, 81, 77, 0, 0, 16, 155, 0, 96, 248, 0))
2018-04-13 09:06:00.292612;(10, (6, 704, 1, 703, 658, 0, 0, 313, 1338, 1, 754, 2309, 0))
2018-04-13 09:06:00.383294;(4, (5, 337, 0, 337, 331, 0, 0, 73, 142, 0, 337, 546, 0))
2018-04-13 09:06:00.394339;(11, (6, 85, 0, 85, 73, 0, 0, 58, 231, 0, 129, 362, 0))
2018-04-13 09:06:00.430410;(9, (5, 137, 0, 137, 137, 0, 0, 7, 14, 0, 123, 158, 0))
2018-04-13 09:06:00.488282;(17, (3, 4, 0, 4, 4, 0, 0, 0, 0, 0, 0, 4, 0))
2018-04-13 09:06:00.519889;(7, (6, 151, 0, 151, 144, 0, 0, 83, 204, 0, 169, 431, 0))
2018-04-13 09:06:00.603971;(8, (9, 122, 0, 122, 109, 0, 0, 87, 318, 0, 190, 514, 0))
2018-04-13 09:06:00.615563;(5, (6, 285, 0, 285, 261, 0, 0, 133, 597, 0, 312, 991, 0))
2018-04-13 09:06:00.666333;(6, (6, 64, 0, 64, 56, 0, 0, 69, 79, 0, 63, 204, 0))
2018-04-13 09:06:00.776047;(1, (5, 1094, 3, 1091, 1029, 0, 0, 299, 2448, 3, 1365, 3776, 0))
2018-04-13 09:06:00.822402;(16, (5, 62, 0, 62, 54, 0, 0, 50, 107, 0, 75, 211, 0))
2018-04-13 09:06:29.816553;(22, (6, 617, 0, 617, 581, 0, 0, 304, 830, 0, 652, 1715, 0))
2018-04-13 09:06:29.879580;(3, (5, 505, 0, 505, 485, 0, 0, 98, 792, 0, 583, 1375, 0))
2018-04-13 09:06:29.909056;(14, (8, 294, 0, 294, 273, 0, 0, 177, 621, 0, 386, 1071, 0))
2018-04-13 09:06:29.962131;(19, (7, 156, 0, 156, 147, 0, 0, 131, 214, 0, 180, 492, 0))
2018-04-13 09:06:30.034998;(12, (9, 180, 0, 180, 169, 0, 0, 72, 350, 0, 207, 591, 0))
2018-04-13 09:06:30.048204;(20, (7, 483, 0, 483, 461, 0, 0, 275, 534, 0, 535, 1270, 0))
2018-04-13 09:06:30.093735;(23, (5, 396, 0, 396, 368, 0, 0, 217, 722, 0, 424, 1307, 0))
2018-04-13 09:06:30.187248;(18, (6, 245, 0, 245, 230, 0, 0, 125, 410, 0, 282, 766, 0))
2018-04-13 09:06:30.249814;(13, (6, 606, 0, 606, 581, 0, 0, 323, 335, 0, 586, 1239, 0))
2018-04-13 09:06:30.281446;(21, (5, 128, 0, 128, 124, 0, 0, 24, 180, 0, 151, 328, 0))
2018-04-13 09:06:30.302522;(10, (5, 931, 1, 930, 881, 0, 0, 370, 1567, 1, 991, 2818, 0))
2018-04-13 09:06:30.392130;(4, (5, 383, 0, 383, 377, 0, 0, 80, 193, 0, 384, 650, 0))
2018-04-13 09:06:30.399215;(11, (5, 147, 0, 147, 134, 0, 0, 78, 359, 0, 193, 571, 0))
2018-04-13 09:06:30.435613;(9, (4, 153, 0, 153, 152, 0, 0, 11, 29, 0, 135, 192, 0))
2018-04-13 09:06:30.492364;(17, (0, 4, 0, 4, 4, 0, 0, 0, 0, 0, 0, 4, 0))
2018-04-13 09:06:30.525889;(7, (5, 294, 0, 294, 283, 0, 0, 107, 396, 0, 320, 786, 0))
2018-04-13 09:06:30.607824;(8, (5, 170, 0, 170, 152, 0, 0, 111, 472, 0, 268, 735, 0))
2018-04-13 09:06:30.624289;(5, (5, 457, 0, 457, 428, 0, 0, 172, 921, 0, 492, 1521, 0))
2018-04-13 09:06:30.671002;(6, (7, 110, 0, 110, 100, 0, 0, 96, 217, 0, 106, 413, 0))
2018-04-13 09:06:30.779550;(1, (5, 1563, 4, 1559, 1459, 0, 0, 453, 3781, 4, 1907, 5693, 0))
2018-04-13 09:06:30.828396;(16, (4, 81, 0, 81, 71, 0, 0, 58, 147, 0, 94, 276, 0))
2018-04-13 09:06:59.822753;(22, (6, 712, 0, 712, 660, 0, 0, 413, 1070, 0, 756, 2143, 0))
2018-04-13 09:06:59.882382;(3, (5, 596, 0, 596, 569, 0, 0, 133, 1066, 0, 690, 1768, 0))
2018-04-13 09:06:59.913892;(14, (5, 393, 0, 393, 369, 0, 0, 215, 753, 0, 509, 1337, 0))
2018-04-13 09:06:59.967533;(19, (6, 189, 0, 189, 176, 0, 0, 166, 243, 0, 218, 585, 0))
2018-04-13 09:07:00.037838;(12, (4, 195, 0, 195, 183, 0, 0, 77, 364, 0, 231, 624, 0))
2018-04-13 09:07:00.050627;(20, (5, 508, 0, 508, 482, 0, 0, 297, 614, 0, 566, 1393, 0))
2018-04-13 09:07:00.095737;(23, (5, 707, 0, 707, 668, 0, 0, 296, 1009, 0, 743, 1973, 0))
2018-04-13 09:07:00.193413;(18, (6, 440, 0, 440, 421, 0, 0, 204, 552, 0, 496, 1177, 0))
2018-04-13 09:07:00.255022;(13, (8, 641, 0, 641, 614, 0, 0, 359, 397, 0, 620, 1370, 0))
2018-04-13 09:07:00.288641;(21, (6, 277, 0, 277, 267, 0, 0, 82, 366, 0, 305, 715, 0))
2018-04-13 09:07:00.308674;(10, (5, 1074, 1, 1073, 1017, 0, 0, 438, 1748, 1, 1141, 3203, 0))
2018-04-13 09:07:00.398113;(4, (5, 402, 0, 402, 396, 0, 0, 81, 222, 0, 400, 699, 0))
2018-04-13 09:07:00.403757;(11, (6, 172, 0, 172, 159, 0, 0, 84, 384, 0, 235, 627, 0))
2018-04-13 09:07:00.441922;(9, (3, 158, 0, 158, 157, 0, 0, 11, 29, 0, 139, 197, 0))
2018-04-13 09:07:00.494929;(17, (4, 7, 0, 7, 5, 0, 0, 16, 0, 0, 2, 21, 0))
2018-04-13 09:07:00.530744;(7, (6, 369, 0, 369, 354, 0, 0, 150, 523, 0, 398, 1027, 0))
2018-04-13 09:07:00.612255;(8, (6, 261, 0, 261, 233, 0, 0, 191, 602, 0, 372, 1027, 0))
2018-04-13 09:07:00.629632;(5, (6, 580, 0, 580, 541, 0, 0, 244, 1341, 0, 611, 2126, 0))
2018-04-13 09:07:00.677115;(6, (8, 199, 0, 199, 180, 0, 0, 198, 403, 0, 188, 781, 0))
2018-04-13 09:07:00.782516;(1, (5, 1984, 4, 1980, 1856, 0, 0, 517, 5270, 4, 2395, 7643, 0))
2018-04-13 09:07:00.836038;(16, (5, 124, 0, 124, 114, 0, 0, 71, 181, 0, 137, 366, 0))
2018-04-13 09:07:29.825846;(22, (6, 760, 0, 760, 700, 0, 0, 468, 1212, 0, 803, 2380, 0))
2018-04-13 09:07:29.885678;(3, (5, 629, 0, 629, 601, 0, 0, 138, 1127, 0, 738, 1866, 0))
2018-04-13 09:07:29.918345;(14, (5, 527, 0, 527, 494, 0, 0, 274, 1000, 0, 654, 1768, 0))
2018-04-13 09:07:29.971583;(19, (4, 216, 0, 216, 200, 0, 0, 182, 282, 0, 245, 664, 0))
2018-04-13 09:07:30.040426;(12, (5, 208, 0, 208, 195, 0, 0, 84, 379, 0, 260, 658, 0))
2018-04-13 09:07:30.053842;(20, (5, 533, 0, 533, 507, 0, 0, 302, 659, 0, 588, 1468, 0))
2018-04-13 09:07:30.098708;(23, (5, 1139, 0, 1139, 1084, 0, 0, 372, 1504, 0, 1185, 2960, 0))
2018-04-13 09:07:30.201883;(18, (5, 776, 0, 776, 744, 0, 0, 308, 925, 0, 835, 1978, 0))
2018-04-13 09:07:30.258996;(13, (6, 687, 0, 687, 656, 0, 0, 393, 436, 0, 661, 1486, 0))
2018-04-13 09:07:30.296852;(21, (5, 377, 0, 377, 365, 0, 0, 98, 466, 0, 411, 929, 0))
2018-04-13 09:07:30.319270;(10, (5, 1134, 1, 1133, 1075, 0, 0, 458, 1840, 1, 1210, 3373, 0))
2018-04-13 09:07:30.401473;(4, (5, 434, 0, 434, 428, 0, 0, 84, 263, 0, 432, 775, 0))
2018-04-13 09:07:30.406797;(11, (5, 317, 0, 317, 297, 0, 0, 125, 605, 0, 390, 1028, 0))
2018-04-13 09:07:30.445653;(9, (4, 177, 0, 177, 176, 0, 0, 11, 29, 0, 155, 216, 0))
2018-04-13 09:07:30.499485;(17, (3, 9, 0, 9, 7, 0, 0, 16, 0, 0, 3, 23, 0))
2018-04-13 09:07:30.533803;(7, (6, 432, 0, 432, 414, 0, 0, 193, 574, 0, 471, 1181, 0))
2018-04-13 09:07:30.620629;(8, (6, 344, 0, 344, 311, 0, 0, 229, 755, 0, 471, 1295, 0))
2018-04-13 09:07:30.631460;(5, (6, 646, 0, 646, 601, 0, 0, 286, 1510, 0, 669, 2397, 0))
2018-04-13 09:07:30.683213;(6, (8, 248, 0, 248, 227, 0, 0, 248, 427, 0, 236, 902, 0))
2018-04-13 09:07:30.784585;(1, (5, 2388, 4, 2384, 2245, 0, 0, 562, 6369, 4, 2839, 9176, 0))
2018-04-13 09:07:30.839754;(16, (5, 172, 0, 172, 157, 0, 0, 95, 338, 0, 181, 590, 0))
2018-04-13 09:07:59.830904;(22, (5, 812, 0, 812, 750, 0, 0, 488, 1233, 0, 865, 2471, 0))
2018-04-13 09:07:59.888067;(3, (5, 656, 0, 656, 626, 0, 0, 159, 1197, 0, 785, 1982, 0))
2018-04-13 09:07:59.921582;(14, (5, 653, 0, 653, 614, 0, 0, 326, 1188, 0, 808, 2128, 0))
2018-04-13 09:07:59.976620;(19, (5, 262, 0, 262, 245, 0, 0, 189, 308, 0, 292, 742, 0))
2018-04-13 09:08:00.044021;(12, (4, 247, 0, 247, 228, 0, 0, 101, 514, 0, 313, 843, 0))
2018-04-13 09:08:00.057852;(20, (5, 549, 0, 549, 523, 0, 0, 303, 712, 0, 611, 1538, 0))
2018-04-13 09:08:00.101703;(23, (5, 1387, 0, 1387, 1323, 0, 0, 437, 1726, 0, 1458, 3486, 0))
2018-04-13 09:08:00.207925;(18, (6, 1060, 0, 1060, 1012, 0, 0, 479, 1342, 0, 1102, 2833, 0))
2018-04-13 09:08:00.307390;(21, (5, 443, 0, 443, 429, 0, 0, 113, 527, 0, 484, 1069, 0))
2018-04-13 09:08:00.330100;(10, (5, 1195, 1, 1194, 1135, 0, 0, 465, 1890, 1, 1287, 3490, 0))
2018-04-13 09:08:00.404177;(4, (7, 459, 0, 459, 452, 0, 0, 101, 315, 0, 455, 868, 0))
2018-04-13 09:08:00.411500;(11, (5, 400, 0, 400, 379, 0, 0, 155, 649, 0, 486, 1183, 0))
2018-04-13 09:08:00.453338;(9, (4, 191, 0, 191, 188, 0, 0, 22, 44, 0, 160, 254, 0))
2018-04-13 09:08:00.503335;(17, (4, 10, 0, 10, 8, 0, 0, 16, 0, 0, 3, 24, 0))
2018-04-13 09:08:00.535849;(7, (5, 459, 0, 459, 436, 0, 0, 225, 624, 0, 503, 1285, 0))
2018-04-13 09:08:00.623348;(8, (5, 445, 0, 445, 411, 0, 0, 246, 863, 0, 594, 1520, 0))
2018-04-13 09:08:00.638550;(5, (5, 813, 0, 813, 760, 0, 0, 343, 1813, 0, 835, 2916, 0))
2018-04-13 09:08:00.688126;(6, (6, 283, 0, 283, 258, 0, 0, 294, 443, 0, 266, 995, 0))
2018-04-13 09:08:00.787165;(1, (5, 2797, 4, 2793, 2634, 0, 0, 610, 7414, 4, 3299, 10658, 0))
2018-04-13 09:08:00.843337;(16, (4, 187, 0, 187, 172, 0, 0, 95, 353, 0, 200, 620, 0))
2018-04-13 09:08:29.837590;(22, (4, 884, 0, 884, 820, 0, 0, 502, 1302, 0, 935, 2624, 0))
2018-04-13 09:08:29.893604;(3, (5, 801, 0, 801, 766, 0, 0, 202, 1405, 0, 943, 2373, 0))
2018-04-13 09:08:29.925818;(14, (5, 777, 0, 777, 731, 0, 0, 383, 1348, 0, 955, 2462, 0))
2018-04-13 09:08:29.979823;(19, (6, 288, 0, 288, 268, 0, 0, 219, 337, 0, 327, 824, 0))
2018-04-13 09:08:30.046446;(12, (5, 272, 0, 272, 251, 0, 0, 111, 553, 0, 338, 915, 0))
2018-04-13 09:08:30.059612;(20, (6, 566, 0, 566, 540, 0, 0, 307, 739, 0, 630, 1586, 0))
2018-04-13 09:08:30.103608;(23, (5, 1729, 0, 1729, 1648, 0, 0, 563, 2124, 0, 1800, 4335, 0))
2018-04-13 09:08:30.216209;(18, (5, 1383, 0, 1383, 1318, 0, 0, 627, 1805, 0, 1422, 3750, 0))
2018-04-13 09:08:30.314949;(21, (5, 514, 0, 514, 498, 0, 0, 132, 646, 0, 556, 1276, 0))
2018-04-13 09:08:30.338245;(10, (5, 1253, 1, 1252, 1191, 0, 0, 480, 1964, 1, 1357, 3635, 0))
2018-04-13 09:08:30.406669;(4, (5, 543, 0, 543, 536, 0, 0, 108, 378, 0, 541, 1022, 0))
2018-04-13 09:08:30.415586;(11, (5, 630, 0, 630, 603, 0, 0, 233, 965, 0, 725, 1801, 0))
2018-04-13 09:08:30.459351;(9, (4, 231, 0, 231, 227, 0, 0, 25, 59, 0, 198, 311, 0))
2018-04-13 09:08:30.509865;(17, (0, 10, 0, 10, 8, 0, 0, 16, 0, 0, 3, 24, 0))
2018-04-13 09:08:30.539280;(7, (5, 487, 0, 487, 463, 0, 0, 237, 650, 0, 531, 1350, 0))
2018-04-13 09:08:30.629488;(8, (5, 617, 0, 617, 578, 0, 0, 266, 1142, 0, 780, 1986, 0))
2018-04-13 09:08:30.647179;(5, (5, 1024, 0, 1024, 963, 0, 0, 413, 2014, 0, 1047, 3390, 0))
2018-04-13 09:08:30.692574;(6, (5, 292, 0, 292, 266, 0, 0, 301, 463, 0, 276, 1030, 0))
2018-04-13 09:08:30.790495;(1, (5, 3260, 4, 3256, 3075, 0, 0, 682, 8786, 4, 3800, 12543, 0))
2018-04-13 09:08:30.846329;(16, (5, 211, 0, 211, 196, 0, 0, 96, 378, 0, 241, 670, 0))
2018-04-13 09:08:59.840066;(22, (5, 919, 0, 919, 853, 0, 0, 518, 1335, 0, 974, 2706, 0))
2018-04-13 09:08:59.930105;(14, (5, 907, 0, 907, 853, 0, 0, 418, 1679, 0, 1101, 2950, 0))
2018-04-13 09:08:59.986080;(19, (4, 564, 0, 564, 540, 0, 0, 287, 461, 0, 611, 1288, 0))
2018-04-13 09:09:00.049448;(12, (5, 283, 0, 283, 262, 0, 0, 115, 557, 0, 358, 934, 0))
2018-04-13 09:09:00.062444;(20, (5, 584, 0, 584, 556, 0, 0, 324, 761, 0, 654, 1641, 0))
2018-04-13 09:09:00.106049;(23, (5, 1910, 0, 1910, 1821, 0, 0, 627, 2316, 0, 1984, 4764, 0))
2018-04-13 09:09:00.326004;(21, (5, 588, 0, 588, 570, 0, 0, 158, 686, 0, 631, 1414, 0))
2018-04-13 09:09:00.346582;(10, (5, 1314, 1, 1313, 1252, 0, 0, 484, 2034, 1, 1434, 3770, 0))
2018-04-13 09:09:00.409016;(4, (6, 561, 0, 561, 554, 0, 0, 109, 408, 0, 558, 1071, 0))
2018-04-13 09:09:00.465778;(9, (6, 242, 0, 242, 237, 0, 0, 32, 100, 0, 206, 369, 0))
2018-04-13 09:09:00.515504;(17, (4, 11, 0, 11, 9, 0, 0, 16, 0, 0, 3, 25, 0))
2018-04-13 09:09:00.542119;(7, (4, 496, 0, 496, 472, 0, 0, 239, 650, 0, 547, 1361, 0))
2018-04-13 09:09:00.634030;(8, (4, 982, 0, 982, 937, 0, 0, 320, 1464, 0, 1147, 2721, 0))
2018-04-13 09:09:00.654149;(5, (5, 1181, 0, 1181, 1118, 0, 0, 443, 2152, 0, 1207, 3713, 0))
2018-04-13 09:09:00.694846;(6, (6, 302, 0, 302, 276, 0, 0, 308, 463, 0, 284, 1047, 0))
2018-04-13 09:09:00.792868;(1, (5, 3620, 4, 3616, 3427, 0, 0, 704, 9615, 4, 4198, 13746, 0))
2018-04-13 09:09:00.851455;(16, (4, 230, 0, 230, 215, 0, 0, 97, 398, 0, 273, 710, 0))
2018-04-13 09:09:00.897669;(3, (4, 1096, 0, 1096, 1055, 0, 0, 229, 1664, 0, 1261, 2948, 0))
2018-04-13 09:09:01.223440;(18, (6, 1545, 0, 1545, 1475, 0, 0, 696, 1960, 0, 1596, 4131, 0))
2018-04-13 09:09:29.845681;(22, (6, 975, 0, 975, 903, 0, 0, 559, 1480, 0, 1027, 2942, 0))
2018-04-13 09:09:30.109860;(23, (5, 2131, 0, 2131, 2038, 0, 0, 681, 2407, 0, 2210, 5126, 0))
2018-04-13 09:09:30.335232;(21, (5, 649, 0, 649, 631, 0, 0, 166, 729, 0, 691, 1526, 0))
2018-04-13 09:09:30.355158;(10, (5, 1371, 1, 1370, 1308, 0, 0, 492, 2101, 1, 1503, 3901, 0))
2018-04-13 09:09:30.471654;(9, (5, 279, 0, 279, 274, 0, 0, 38, 100, 0, 240, 412, 0))
2018-04-13 09:09:30.519661;(17, (0, 11, 0, 11, 9, 0, 0, 16, 0, 0, 3, 25, 0))
2018-04-13 09:09:30.795432;(1, (5, 4090, 4, 4086, 3880, 0, 0, 742, 10977, 4, 4695, 15599, 0))
2018-04-13 09:09:30.857389;(16, (4, 245, 0, 245, 229, 0, 0, 105, 412, 0, 299, 746, 0))
2018-04-13 09:09:30.899573;(3, (5, 1153, 0, 1153, 1106, 0, 0, 240, 1897, 0, 1344, 3243, 0))
2018-04-13 09:09:30.989620;(19, (5, 584, 0, 584, 559, 0, 0, 300, 461, 0, 644, 1320, 0))
2018-04-13 09:09:31.055044;(12, (4, 339, 0, 339, 310, 0, 0, 145, 739, 0, 421, 1194, 0))
2018-04-13 09:09:31.066836;(20, (4, 602, 0, 602, 572, 0, 0, 328, 811, 0, 671, 1711, 0))
2018-04-13 09:09:31.230583;(18, (5, 1725, 0, 1725, 1650, 0, 0, 753, 2096, 0, 1780, 4499, 0))
2018-04-13 09:09:31.415810;(4, (5, 690, 0, 690, 683, 0, 0, 124, 443, 0, 690, 1250, 0))
2018-04-13 09:09:31.545511;(7, (7, 513, 0, 513, 483, 0, 0, 280, 728, 0, 574, 1491, 0))
2018-04-13 09:09:31.641695;(8, (6, 1040, 0, 1040, 987, 0, 0, 387, 1590, 0, 1231, 2964, 0))
2018-04-13 09:09:31.661455;(5, (5, 1517, 0, 1517, 1443, 0, 0, 506, 2477, 0, 1542, 4426, 0))
2018-04-13 09:09:31.698343;(6, (7, 317, 0, 317, 289, 0, 0, 330, 490, 0, 297, 1109, 0))
2018-04-13 09:10:00.111777;(23, (6, 2416, 0, 2416, 2299, 0, 0, 851, 2836, 0, 2480, 5986, 0))
2018-04-13 09:10:00.342552;(21, (6, 796, 0, 796, 766, 0, 0, 234, 957, 0, 828, 1957, 0))
2018-04-13 09:10:00.362876;(10, (5, 1547, 1, 1546, 1478, 0, 0, 536, 2270, 1, 1698, 4284, 0))
2018-04-13 09:10:00.797975;(1, (5, 4467, 4, 4463, 4246, 0, 0, 791, 11861, 4, 5130, 16898, 0))
2018-04-13 09:10:00.850754;(22, (5, 1002, 0, 1002, 929, 0, 0, 566, 1535, 0, 1062, 3030, 0))
2018-04-13 09:10:00.903518;(3, (6, 1215, 0, 1215, 1165, 0, 0, 269, 2004, 0, 1421, 3438, 0))
2018-04-13 09:10:00.992040;(19, (6, 606, 0, 606, 581, 0, 0, 313, 462, 0, 683, 1356, 0))
2018-04-13 09:10:01.058938;(12, (5, 390, 0, 390, 358, 0, 0, 174, 814, 0, 476, 1346, 0))
2018-04-13 09:10:01.075103;(20, (5, 631, 0, 631, 600, 0, 0, 340, 884, 0, 707, 1824, 0))
2018-04-13 09:10:01.235937;(18, (5, 1960, 0, 1960, 1879, 0, 0, 836, 2302, 0, 2025, 5017, 0))
2018-04-13 09:10:01.421875;(4, (4, 752, 0, 752, 744, 0, 0, 129, 471, 0, 756, 1344, 0))
2018-04-13 09:10:01.478907;(9, (5, 297, 0, 297, 292, 0, 0, 41, 100, 0, 254, 433, 0))
2018-04-13 09:10:01.523376;(17, (0, 11, 0, 11, 9, 0, 0, 16, 0, 0, 3, 25, 0))
2018-04-13 09:10:01.548376;(7, (7, 534, 0, 534, 503, 0, 0, 287, 798, 0, 602, 1588, 0))
2018-04-13 09:10:01.649394;(8, (4, 1100, 0, 1100, 1044, 0, 0, 388, 1693, 0, 1307, 3125, 0))
2018-04-13 09:10:01.667508;(5, (5, 1756, 0, 1756, 1675, 0, 0, 560, 2752, 0, 1778, 4987, 0))
2018-04-13 09:10:01.701185;(6, (4, 322, 0, 322, 293, 0, 0, 333, 512, 0, 307, 1138, 0))
2018-04-13 09:10:01.862045;(16, (4, 275, 0, 275, 257, 0, 0, 107, 459, 0, 329, 823, 0))
2018-04-13 09:10:30.114585;(23, (5, 2591, 0, 2591, 2467, 0, 0, 915, 3162, 0, 2648, 6544, 0))
2018-04-13 09:10:30.371471;(10, (5, 1788, 1, 1787, 1717, 0, 0, 588, 2452, 1, 1962, 4757, 0))
2018-04-13 09:10:30.803572;(1, (4, 4847, 4, 4843, 4612, 0, 0, 837, 12586, 4, 5555, 18035, 0))
2018-04-13 09:10:30.855677;(22, (4, 1013, 0, 1013, 940, 0, 0, 566, 1535, 0, 1083, 3041, 0))
2018-04-13 09:10:30.908161;(3, (5, 1267, 0, 1267, 1214, 0, 0, 279, 2121, 0, 1510, 3614, 0))
2018-04-13 09:10:30.995429;(19, (6, 638, 0, 638, 612, 0, 0, 327, 526, 0, 730, 1465, 0))
2018-04-13 09:10:31.061912;(12, (6, 429, 0, 429, 397, 0, 0, 189, 872, 0, 536, 1458, 0))
2018-04-13 09:10:31.078433;(20, (5, 646, 0, 646, 614, 0, 0, 345, 901, 0, 726, 1860, 0))
2018-04-13 09:10:31.242618;(18, (5, 2075, 0, 2075, 1990, 0, 0, 865, 2449, 0, 2163, 5304, 0))
2018-04-13 09:10:31.350717;(21, (6, 906, 0, 906, 871, 0, 0, 271, 1135, 0, 949, 2277, 0))
2018-04-13 09:10:31.429617;(4, (5, 883, 0, 883, 875, 0, 0, 143, 500, 0, 886, 1518, 0))
2018-04-13 09:10:31.483965;(9, (5, 338, 0, 338, 333, 0, 0, 46, 115, 0, 293, 494, 0))
2018-04-13 09:10:31.529528;(17, (0, 11, 0, 11, 9, 0, 0, 16, 0, 0, 3, 25, 0))
2018-04-13 09:10:31.551675;(7, (6, 547, 0, 547, 515, 0, 0, 297, 814, 0, 624, 1626, 0))
2018-04-13 09:10:31.651816;(8, (5, 1165, 0, 1165, 1107, 0, 0, 399, 1776, 0, 1403, 3282, 0))
2018-04-13 09:10:31.673361;(5, (5, 2300, 0, 2300, 2204, 0, 0, 637, 3299, 0, 2315, 6140, 0))
2018-04-13 09:10:31.703865;(6, (4, 323, 0, 323, 294, 0, 0, 333, 512, 0, 318, 1139, 0))
2018-04-13 09:10:31.866638;(16, (5, 314, 0, 314, 295, 0, 0, 108, 530, 0, 390, 933, 0))
2018-04-13 09:11:00.807405;(1, (4, 5181, 4, 5177, 4934, 0, 0, 885, 13084, 4, 5941, 18903, 0))
2018-04-13 09:11:00.859353;(22, (4, 1023, 0, 1023, 949, 0, 0, 570, 1563, 0, 1103, 3082, 0))
2018-04-13 09:11:00.910433;(3, (4, 1316, 0, 1316, 1259, 0, 0, 292, 2198, 0, 1586, 3749, 0))
2018-04-13 09:11:00.998842;(19, (5, 668, 0, 668, 639, 0, 0, 350, 600, 0, 767, 1589, 0))
2018-04-13 09:11:01.064219;(12, (5, 454, 0, 454, 420, 0, 0, 195, 918, 0, 575, 1533, 0))
2018-04-13 09:11:01.082223;(20, (6, 673, 0, 673, 640, 0, 0, 363, 957, 0, 759, 1960, 0))
2018-04-13 09:11:01.117139;(23, (6, 2720, 0, 2720, 2589, 0, 0, 998, 3349, 0, 2783, 6936, 0))
2018-04-13 09:11:01.247170;(18, (5, 2191, 0, 2191, 2097, 0, 0, 926, 2642, 0, 2292, 5665, 0))
2018-04-13 09:11:01.359620;(21, (5, 1003, 0, 1003, 965, 0, 0, 288, 1228, 0, 1045, 2481, 0))
2018-04-13 09:11:01.379165;(10, (5, 1958, 1, 1957, 1882, 0, 0, 624, 2681, 1, 2150, 5187, 0))
2018-04-13 09:11:01.434256;(4, (4, 966, 0, 966, 956, 0, 0, 151, 558, 0, 969, 1665, 0))
2018-04-13 09:11:01.490278;(9, (5, 372, 0, 372, 366, 0, 0, 61, 141, 0, 320, 568, 0))
2018-04-13 09:11:01.531679;(17, (3, 12, 0, 12, 10, 0, 0, 16, 0, 0, 3, 26, 0))
2018-04-13 09:11:01.554822;(7, (8, 574, 0, 574, 540, 0, 0, 323, 867, 0, 656, 1730, 0))
2018-04-13 09:11:01.654843;(8, (6, 1230, 0, 1230, 1169, 0, 0, 438, 1838, 0, 1500, 3445, 0))
2018-04-13 09:11:01.680708;(5, (5, 2727, 0, 2727, 2622, 0, 0, 711, 3620, 0, 2755, 6953, 0))
2018-04-13 09:11:01.707631;(6, (4, 324, 0, 324, 295, 0, 0, 333, 512, 0, 330, 1140, 0))
2018-04-13 09:11:01.869651;(16, (5, 351, 0, 351, 331, 0, 0, 118, 585, 0, 440, 1034, 0))
2018-04-13 09:11:30.811052;(1, (5, 5575, 4, 5571, 5312, 0, 0, 925, 13830, 4, 6371, 20067, 0))
2018-04-13 09:11:30.862248;(22, (4, 1035, 0, 1035, 961, 0, 0, 571, 1563, 0, 1121, 3095, 0))
2018-04-13 09:11:30.914926;(3, (5, 1348, 0, 1348, 1291, 0, 0, 300, 2238, 0, 1636, 3829, 0))
2018-04-13 09:11:31.002389;(19, (6, 702, 0, 702, 672, 0, 0, 362, 691, 0, 810, 1725, 0))
2018-04-13 09:11:31.067189;(12, (6, 524, 0, 524, 488, 0, 0, 214, 1115, 0, 672, 1817, 0))
2018-04-13 09:11:31.085369;(20, (4, 693, 0, 693, 660, 0, 0, 366, 965, 0, 782, 1991, 0))
2018-04-13 09:11:31.122358;(23, (5, 2861, 0, 2861, 2724, 0, 0, 1029, 3524, 0, 2928, 7277, 0))
2018-04-13 09:11:31.252315;(18, (5, 2315, 0, 2315, 2218, 0, 0, 963, 2776, 0, 2431, 5957, 0))
2018-04-13 09:11:31.367975;(21, (5, 1103, 0, 1103, 1062, 0, 0, 310, 1322, 0, 1148, 2694, 0))
2018-04-13 09:11:31.386589;(10, (5, 2085, 1, 2084, 2003, 0, 0, 658, 2852, 1, 2293, 5513, 0))
2018-04-13 09:11:31.442930;(4, (5, 1083, 0, 1083, 1070, 0, 0, 185, 653, 0, 1085, 1908, 0))
2018-04-13 09:11:31.497517;(9, (5, 408, 0, 408, 400, 0, 0, 89, 158, 0, 359, 647, 0))
2018-04-13 09:11:31.536342;(17, (0, 12, 0, 12, 10, 0, 0, 16, 0, 0, 4, 26, 0))
2018-04-13 09:11:31.561434;(7, (5, 600, 0, 600, 561, 0, 0, 364, 884, 0, 689, 1809, 0))
2018-04-13 09:11:31.662371;(8, (5, 1295, 0, 1295, 1228, 0, 0, 457, 2047, 0, 1601, 3732, 0))
2018-04-13 09:11:31.687901;(5, (5, 3182, 0, 3182, 3057, 0, 0, 803, 4110, 0, 3211, 7970, 0))
2018-04-13 09:11:31.712245;(6, (3, 325, 0, 325, 296, 0, 0, 333, 512, 0, 338, 1141, 0))
2018-04-13 09:11:31.873762;(16, (6, 396, 0, 396, 375, 0, 0, 126, 668, 0, 490, 1169, 0))
2018-04-13 09:12:00.814458;(1, (4, 5855, 4, 5851, 5575, 0, 0, 981, 14372, 4, 6691, 20928, 0))
2018-04-13 09:12:00.865421;(22, (4, 1041, 0, 1041, 967, 0, 0, 571, 1564, 0, 1139, 3102, 0))
2018-04-13 09:12:00.918316;(3, (5, 1377, 0, 1377, 1319, 0, 0, 311, 2285, 0, 1690, 3915, 0))
2018-04-13 09:12:01.008430;(19, (7, 731, 0, 731, 701, 0, 0, 379, 729, 0, 850, 1809, 0))
2018-04-13 09:12:01.069378;(12, (4, 758, 0, 758, 712, 0, 0, 256, 1395, 0, 921, 2363, 0))
2018-04-13 09:12:01.087323;(20, (5, 712, 0, 712, 679, 0, 0, 371, 980, 0, 809, 2030, 0))
2018-04-13 09:12:01.124464;(23, (5, 2976, 0, 2976, 2835, 0, 0, 1066, 3689, 0, 3040, 7590, 0))
2018-04-13 09:12:01.255693;(18, (6, 2398, 0, 2398, 2299, 0, 0, 994, 2867, 0, 2524, 6160, 0))
2018-04-13 09:12:01.376545;(21, (4, 1246, 0, 1246, 1204, 0, 0, 317, 1387, 0, 1302, 2908, 0))
2018-04-13 09:12:01.392460;(10, (5, 2279, 1, 2278, 2191, 0, 0, 715, 3050, 1, 2508, 5956, 0))
2018-04-13 09:12:01.447382;(4, (6, 1166, 0, 1166, 1151, 0, 0, 212, 724, 0, 1168, 2087, 0))
2018-04-13 09:12:01.505465;(9, (5, 447, 0, 447, 437, 0, 0, 114, 158, 0, 392, 709, 0))
2018-04-13 09:12:01.538463;(17, (0, 12, 0, 12, 10, 0, 0, 16, 0, 0, 5, 26, 0))
2018-04-13 09:12:01.566447;(7, (5, 616, 0, 616, 577, 0, 0, 366, 900, 0, 717, 1843, 0))
2018-04-13 09:12:01.664573;(8, (5, 1345, 0, 1345, 1272, 0, 0, 482, 2177, 0, 1668, 3931, 0))
2018-04-13 09:12:01.695941;(5, (5, 3385, 0, 3385, 3242, 0, 0, 884, 4517, 0, 3412, 8643, 0))
2018-04-13 09:12:01.716287;(6, (0, 325, 0, 325, 296, 0, 0, 333, 512, 0, 348, 1141, 0))
2018-04-13 09:12:01.878023;(16, (4, 604, 0, 604, 575, 0, 0, 144, 917, 0, 703, 1636, 0))
2018-04-13 09:12:30.818005;(1, (5, 6183, 4, 6179, 5890, 0, 0, 1009, 14924, 4, 7061, 21823, 0))
2018-04-13 09:12:30.871142;(22, (3, 1043, 0, 1043, 969, 0, 0, 571, 1564, 0, 1154, 3104, 0))
2018-04-13 09:12:30.920305;(3, (5, 1386, 0, 1386, 1328, 0, 0, 313, 2323, 0, 1714, 3964, 0))
2018-04-13 09:12:31.013622;(19, (0, 731, 0, 731, 701, 0, 0, 379, 729, 0, 867, 1809, 0))
2018-04-13 09:12:31.071713;(12, (3, 772, 0, 772, 725, 0, 0, 258, 1414, 0, 942, 2397, 0))
2018-04-13 09:12:31.090517;(20, (4, 725, 0, 725, 692, 0, 0, 371, 1004, 0, 832, 2067, 0))
2018-04-13 09:12:31.127104;(23, (4, 3016, 0, 3016, 2874, 0, 0, 1072, 3742, 0, 3087, 7688, 0))
2018-04-13 09:12:31.260628;(18, (5, 2425, 0, 2425, 2326, 0, 0, 997, 2881, 0, 2557, 6204, 0))
2018-04-13 09:12:31.384758;(21, (4, 1313, 0, 1313, 1271, 0, 0, 323, 1401, 0, 1374, 2995, 0))
2018-04-13 09:12:31.401923;(10, (5, 2452, 1, 2451, 2358, 0, 0, 776, 3192, 1, 2704, 6326, 0))
2018-04-13 09:12:31.458016;(4, (4, 1259, 0, 1259, 1241, 0, 0, 236, 753, 0, 1256, 2230, 0))
2018-04-13 09:12:31.515832;(9, (4, 492, 0, 492, 481, 0, 0, 118, 174, 0, 433, 773, 0))
2018-04-13 09:12:31.540741;(17, (0, 12, 0, 12, 10, 0, 0, 16, 0, 0, 5, 26, 0))
2018-04-13 09:12:31.569874;(7, (4, 640, 0, 640, 599, 0, 0, 375, 946, 0, 756, 1920, 0))
2018-04-13 09:12:31.666768;(8, (6, 1385, 0, 1385, 1311, 0, 0, 493, 2294, 0, 1735, 4098, 0))
2018-04-13 09:12:31.706948;(5, (5, 3917, 1, 3916, 3760, 0, 0, 945, 4911, 1, 3928, 9616, 0))
2018-04-13 09:12:31.719315;(6, (0, 325, 0, 325, 296, 0, 0, 333, 512, 0, 358, 1141, 0))
2018-04-13 09:12:31.882752;(16, (5, 614, 0, 614, 585, 0, 0, 145, 931, 0, 724, 1661, 0))
2018-04-13 09:13:00.820074;(1, (4, 6534, 4, 6530, 6233, 0, 0, 1030, 15254, 4, 7438, 22517, 0))
2018-04-13 09:13:00.874765;(22, (3, 1044, 0, 1044, 970, 0, 0, 571, 1564, 0, 1160, 3105, 0))
2018-04-13 09:13:00.922651;(3, (3, 1387, 0, 1387, 1329, 0, 0, 313, 2323, 0, 1722, 3965, 0))
2018-04-13 09:13:01.017680;(19, (4, 732, 0, 732, 702, 0, 0, 379, 729, 0, 872, 1810, 0))
2018-04-13 09:13:01.074399;(12, (4, 773, 0, 773, 726, 0, 0, 258, 1414, 0, 949, 2398, 0))
2018-04-13 09:13:01.093328;(20, (0, 725, 0, 725, 692, 0, 0, 371, 1004, 0, 839, 2067, 0))
2018-04-13 09:13:01.130470;(23, (5, 3071, 0, 3071, 2925, 0, 0, 1085, 3831, 0, 3150, 7841, 0))
2018-04-13 09:13:01.266962;(18, (5, 2457, 0, 2457, 2358, 0, 0, 1005, 2882, 0, 2587, 6245, 0))
2018-04-13 09:13:01.394509;(21, (5, 1376, 0, 1376, 1334, 0, 0, 326, 1423, 0, 1435, 3083, 0))
2018-04-13 09:13:01.408321;(10, (4, 2514, 1, 2513, 2420, 0, 0, 780, 3216, 1, 2775, 6416, 0))
2018-04-13 09:13:01.463883;(4, (5, 1359, 0, 1359, 1339, 0, 0, 251, 852, 0, 1358, 2442, 0))
2018-04-13 09:13:01.520724;(9, (4, 524, 0, 524, 513, 0, 0, 122, 174, 0, 462, 809, 0))
2018-04-13 09:13:01.542868;(17, (0, 12, 0, 12, 10, 0, 0, 16, 0, 0, 5, 26, 0))
2018-04-13 09:13:01.571825;(7, (3, 642, 0, 642, 601, 0, 0, 375, 946, 0, 760, 1922, 0))
2018-04-13 09:13:01.670916;(8, (4, 1386, 0, 1386, 1312, 0, 0, 493, 2294, 0, 1744, 4099, 0))
2018-04-13 09:13:01.715826;(5, (4, 4537, 1, 4536, 4374, 0, 0, 996, 5156, 1, 4554, 10526, 0))
2018-04-13 09:13:01.727631;(6, (0, 325, 0, 325, 296, 0, 0, 333, 512, 0, 363, 1141, 0))
2018-04-13 09:13:01.887729;(16, (4, 615, 0, 615, 586, 0, 0, 145, 931, 0, 727, 1662, 0))
2018-04-13 09:13:30.822658;(1, (4, 6797, 4, 6793, 6492, 0, 0, 1043, 15445, 4, 7713, 22980, 0))
2018-04-13 09:13:30.878422;(22, (0, 1044, 0, 1044, 970, 0, 0, 571, 1564, 0, 1166, 3105, 0))
2018-04-13 09:13:30.925551;(3, (4, 1388, 0, 1388, 1330, 0, 0, 313, 2323, 0, 1727, 3966, 0))
2018-04-13 09:13:31.020267;(19, (4, 733, 0, 733, 703, 0, 0, 379, 729, 0, 876, 1811, 0))
2018-04-13 09:13:31.076423;(12, (4, 774, 0, 774, 727, 0, 0, 258, 1414, 0, 954, 2399, 0))
2018-04-13 09:13:31.095232;(20, (3, 726, 0, 726, 693, 0, 0, 371, 1004, 0, 842, 2068, 0))
2018-04-13 09:13:31.132258;(23, (5, 3119, 0, 3119, 2973, 0, 0, 1097, 3929, 0, 3195, 7999, 0))
2018-04-13 09:13:31.271425;(18, (6, 2486, 0, 2486, 2387, 0, 0, 1009, 2898, 0, 2616, 6294, 0))
2018-04-13 09:13:31.402884;(21, (4, 1438, 0, 1438, 1395, 0, 0, 335, 1428, 0, 1498, 3158, 0))
2018-04-13 09:13:31.415753;(10, (5, 2575, 1, 2574, 2480, 0, 0, 785, 3238, 1, 2842, 6503, 0))
2018-04-13 09:13:31.466720;(4, (5, 1394, 0, 1394, 1372, 0, 0, 254, 934, 0, 1393, 2560, 0))
2018-04-13 09:13:31.524213;(9, (4, 542, 0, 542, 531, 0, 0, 122, 174, 0, 484, 827, 0))
2018-04-13 09:13:31.546300;(17, (0, 12, 0, 12, 10, 0, 0, 16, 0, 0, 5, 26, 0))
2018-04-13 09:13:31.574690;(7, (0, 642, 0, 642, 601, 0, 0, 375, 946, 0, 766, 1922, 0))
2018-04-13 09:13:31.673140;(8, (4, 1387, 0, 1387, 1313, 0, 0, 493, 2294, 0, 1754, 4100, 0))
2018-04-13 09:13:31.726652;(5, (4, 4881, 1, 4880, 4710, 0, 0, 1035, 5307, 1, 4901, 11052, 0))
2018-04-13 09:13:31.730577;(6, (0, 325, 0, 325, 296, 0, 0, 333, 512, 0, 369, 1141, 0))
2018-04-13 09:13:31.890553;(16, (4, 616, 0, 616, 587, 0, 0, 145, 931, 0, 732, 1663, 0))
2018-04-13 09:14:00.881956;(22, (0, 1044, 0, 1044, 970, 0, 0, 571, 1564, 0, 1167, 3105, 0))
2018-04-13 09:14:00.929416;(3, (0, 1388, 0, 1388, 1330, 0, 0, 313, 2323, 0, 1729, 3966, 0))
2018-04-13 09:14:01.023223;(19, (0, 733, 0, 733, 703, 0, 0, 379, 729, 0, 877, 1811, 0))
2018-04-13 09:14:01.079330;(12, (0, 774, 0, 774, 727, 0, 0, 258, 1414, 0, 955, 2399, 0))
2018-04-13 09:14:01.097830;(20, (0, 726, 0, 726, 693, 0, 0, 371, 1004, 0, 843, 2068, 0))
2018-04-13 09:14:01.134110;(23, (4, 3149, 0, 3149, 3003, 0, 0, 1098, 3948, 0, 3226, 8049, 0))
2018-04-13 09:14:01.275856;(18, (5, 2504, 0, 2504, 2405, 0, 0, 1011, 2913, 0, 2633, 6329, 0))
2018-04-13 09:14:01.411187;(21, (4, 1499, 0, 1499, 1456, 0, 0, 335, 1428, 0, 1560, 3219, 0))
2018-04-13 09:14:01.426754;(10, (4, 2636, 1, 2635, 2541, 0, 0, 785, 3238, 1, 2908, 6564, 0))
2018-04-13 09:14:01.469885;(4, (4, 1395, 0, 1395, 1373, 0, 0, 254, 934, 0, 1395, 2561, 0))
2018-04-13 09:14:01.526480;(9, (4, 543, 0, 543, 532, 0, 0, 122, 174, 0, 485, 828, 0))
2018-04-13 09:14:01.549324;(17, (0, 12, 0, 12, 10, 0, 0, 16, 0, 0, 5, 26, 0))
2018-04-13 09:14:01.577918;(7, (3, 643, 0, 643, 602, 0, 0, 375, 946, 0, 766, 1923, 0))
2018-04-13 09:14:01.675032;(8, (0, 1387, 0, 1387, 1313, 0, 0, 493, 2294, 0, 1759, 4100, 0))
2018-04-13 09:14:01.736595;(5, (4, 5212, 1, 5211, 5041, 0, 0, 1040, 5322, 1, 5234, 11403, 0))
2018-04-13 09:14:01.737442;(6, (0, 325, 0, 325, 296, 0, 0, 333, 512, 0, 375, 1141, 0))
2018-04-13 09:14:01.827558;(1, (4, 7049, 4, 7045, 6744, 0, 0, 1043, 15474, 4, 7975, 23261, 0))
2018-04-13 09:14:01.893984;(16, (4, 617, 0, 617, 588, 0, 0, 145, 931, 0, 732, 1664, 0))
2018-04-13 09:14:30.887319;(22, (4, 1045, 0, 1045, 971, 0, 0, 571, 1564, 0, 1169, 3106, 0))
2018-04-13 09:14:30.933823;(3, (4, 1389, 0, 1389, 1331, 0, 0, 313, 2323, 0, 1734, 3967, 0))
2018-04-13 09:14:31.026783;(19, (0, 733, 0, 733, 703, 0, 0, 379, 729, 0, 880, 1811, 0))
2018-04-13 09:14:31.082290;(12, (4, 775, 0, 775, 728, 0, 0, 258, 1414, 0, 957, 2400, 0))
2018-04-13 09:14:31.100051;(20, (4, 727, 0, 727, 694, 0, 0, 371, 1007, 0, 846, 2072, 0))
2018-04-13 09:14:31.137774;(23, (4, 3269, 0, 3269, 3123, 0, 0, 1100, 3948, 0, 3346, 8171, 0))
2018-04-13 09:14:31.420572;(21, (4, 1560, 0, 1560, 1517, 0, 0, 336, 1438, 0, 1621, 3291, 0))
2018-04-13 09:14:31.435159;(10, (4, 2696, 1, 2695, 2601, 0, 0, 785, 3245, 1, 2973, 6631, 0))
2018-04-13 09:14:31.473881;(4, (0, 1395, 0, 1395, 1373, 0, 0, 254, 934, 0, 1395, 2561, 0))
2018-04-13 09:14:31.529942;(9, (0, 543, 0, 543, 532, 0, 0, 122, 174, 0, 485, 828, 0))
2018-04-13 09:14:31.551599;(17, (4, 13, 0, 13, 11, 0, 0, 16, 0, 0, 5, 27, 0))
2018-04-13 09:14:31.581516;(7, (0, 643, 0, 643, 602, 0, 0, 375, 946, 0, 770, 1923, 0))
2018-04-13 09:14:31.682807;(8, (4, 1388, 0, 1388, 1314, 0, 0, 493, 2294, 0, 1763, 4101, 0))
2018-04-13 09:14:31.746026;(5, (4, 5632, 1, 5631, 5461, 0, 0, 1040, 5322, 1, 5655, 11823, 0))
2018-04-13 09:14:31.747650;(6, (4, 326, 0, 326, 297, 0, 0, 333, 512, 0, 377, 1142, 0))
2018-04-13 09:14:31.835166;(1, (5, 7351, 4, 7347, 7046, 0, 0, 1044, 15594, 4, 8279, 23684, 0))
2018-04-13 09:14:31.896403;(16, (0, 617, 0, 617, 588, 0, 0, 145, 931, 0, 734, 1664, 0))
2018-04-13 09:14:32.285883;(18, (4, 2564, 0, 2564, 2465, 0, 0, 1012, 2913, 0, 2697, 6390, 0))
2018-04-13 09:15:00.893699;(22, (0, 1045, 0, 1045, 971, 0, 0, 571, 1564, 0, 1170, 3106, 0))
2018-04-13 09:15:00.948024;(3, (0, 1389, 0, 1389, 1331, 0, 0, 313, 2323, 0, 1735, 3967, 0))
2018-04-13 09:15:01.033430;(19, (0, 733, 0, 733, 703, 0, 0, 379, 729, 0, 880, 1811, 0))
2018-04-13 09:15:01.087062;(12, (0, 775, 0, 775, 728, 0, 0, 258, 1414, 0, 957, 2400, 0))
2018-04-13 09:15:01.106694;(20, (0, 727, 0, 727, 694, 0, 0, 371, 1007, 0, 847, 2072, 0))
2018-04-13 09:15:01.144433;(23, (4, 3389, 0, 3389, 3243, 0, 0, 1100, 3948, 0, 3468, 8291, 0))
2018-04-13 09:15:01.434343;(21, (4, 1622, 0, 1622, 1579, 0, 0, 336, 1438, 0, 1682, 3353, 0))
2018-04-13 09:15:01.454283;(10, (4, 2756, 1, 2755, 2661, 0, 0, 785, 3245, 1, 3035, 6691, 0))
2018-04-13 09:15:01.477622;(4, (4, 1396, 0, 1396, 1374, 0, 0, 254, 934, 0, 1396, 2562, 0))
2018-04-13 09:15:01.535483;(9, (4, 544, 0, 544, 533, 0, 0, 122, 174, 0, 485, 829, 0))
2018-04-13 09:15:01.558094;(17, (0, 13, 0, 13, 11, 0, 0, 16, 0, 0, 5, 27, 0))
2018-04-13 09:15:01.586894;(7, (0, 643, 0, 643, 602, 0, 0, 375, 946, 0, 770, 1923, 0))
2018-04-13 09:15:01.691999;(8, (0, 1388, 0, 1388, 1314, 0, 0, 493, 2294, 0, 1763, 4101, 0))
2018-04-13 09:15:01.760389;(5, (4, 6054, 1, 6053, 5883, 0, 0, 1040, 5324, 1, 6079, 12247, 0))
2018-04-13 09:15:01.761474;(6, (0, 326, 0, 326, 297, 0, 0, 333, 512, 0, 377, 1142, 0))
2018-04-13 09:15:01.848467;(1, (5, 7652, 4, 7648, 7347, 0, 0, 1044, 15618, 4, 8581, 24009, 0))
2018-04-13 09:15:01.901706;(16, (0, 617, 0, 617, 588, 0, 0, 145, 931, 0, 734, 1664, 0))
2018-04-13 09:15:02.298715;(18, (4, 2626, 0, 2626, 2527, 0, 0, 1013, 2913, 0, 2757, 6453, 0))
2018-04-13 09:15:30.899779;(22, (0, 1045, 0, 1045, 971, 0, 0, 571, 1564, 0, 1172, 3106, 0))
2018-04-13 09:15:30.966131;(3, (0, 1389, 0, 1389, 1331, 0, 0, 313, 2323, 0, 1737, 3967, 0))
2018-04-13 09:15:31.038871;(19, (0, 733, 0, 733, 703, 0, 0, 379, 729, 0, 882, 1811, 0))
2018-04-13 09:15:31.094625;(12, (0, 775, 0, 775, 728, 0, 0, 258, 1414, 0, 959, 2400, 0))
2018-04-13 09:15:31.112317;(20, (0, 727, 0, 727, 694, 0, 0, 371, 1007, 0, 850, 2072, 0))
2018-04-13 09:15:31.153605;(23, (6, 3425, 0, 3425, 3278, 0, 0, 1116, 3995, 0, 3501, 8389, 0))
2018-04-13 09:15:31.448363;(21, (4, 1682, 0, 1682, 1639, 0, 0, 336, 1438, 0, 1745, 3413, 0))
2018-04-13 09:15:31.468080;(10, (4, 2816, 1, 2815, 2721, 0, 0, 785, 3245, 1, 3101, 6751, 0))
2018-04-13 09:15:31.486457;(4, (0, 1396, 0, 1396, 1374, 0, 0, 254, 934, 0, 1397, 2562, 0))
2018-04-13 09:15:31.541902;(9, (0, 544, 0, 544, 533, 0, 0, 122, 174, 0, 485, 829, 0))
2018-04-13 09:15:31.566989;(17, (0, 13, 0, 13, 11, 0, 0, 16, 0, 0, 5, 27, 0))
2018-04-13 09:15:31.591972;(7, (0, 643, 0, 643, 602, 0, 0, 375, 946, 0, 771, 1923, 0))
2018-04-13 09:15:31.697987;(8, (3, 1389, 0, 1389, 1315, 0, 0, 493, 2294, 0, 1765, 4102, 0))
2018-04-13 09:15:31.772814;(5, (4, 6363, 1, 6362, 6192, 0, 0, 1041, 5364, 1, 6399, 12597, 0))
2018-04-13 09:15:31.772978;(6, (0, 326, 0, 326, 297, 0, 0, 333, 512, 0, 380, 1142, 0))
2018-04-13 09:15:31.863298;(1, (4, 7892, 4, 7888, 7586, 0, 0, 1047, 15638, 4, 8839, 24271, 0))
2018-04-13 09:15:31.907040;(16, (0, 617, 0, 617, 588, 0, 0, 145, 931, 0, 735, 1664, 0))
2018-04-13 09:15:32.305452;(18, (4, 2639, 0, 2639, 2540, 0, 0, 1014, 2913, 0, 2771, 6467, 0))
2018-04-13 09:16:00.909760;(22, (0, 1045, 0, 1045, 971, 0, 0, 571, 1564, 0, 1175, 3106, 0))
2018-04-13 09:16:01.162985;(23, (4, 3430, 0, 3430, 3283, 0, 0, 1116, 3995, 0, 3511, 8394, 0))
2018-04-13 09:16:01.461895;(21, (4, 1746, 0, 1746, 1702, 0, 0, 341, 1460, 0, 1809, 3503, 0))
2018-04-13 09:16:01.480507;(10, (5, 2881, 1, 2880, 2785, 0, 0, 789, 3278, 1, 3166, 6852, 0))
2018-04-13 09:16:01.498095;(4, (0, 1396, 0, 1396, 1374, 0, 0, 254, 934, 0, 1397, 2562, 0))
2018-04-13 09:16:01.551332;(9, (0, 544, 0, 544, 533, 0, 0, 122, 174, 0, 485, 829, 0))
2018-04-13 09:16:01.579096;(17, (0, 13, 0, 13, 11, 0, 0, 16, 0, 0, 5, 27, 0))
2018-04-13 09:16:01.786860;(5, (4, 6690, 1, 6689, 6519, 0, 0, 1043, 5378, 1, 6734, 12940, 0))
2018-04-13 09:16:01.874106;(1, (4, 8136, 4, 8132, 7829, 0, 0, 1051, 15677, 4, 9094, 24557, 0))
2018-04-13 09:16:01.973963;(3, (0, 1389, 0, 1389, 1331, 0, 0, 313, 2323, 0, 1742, 3967, 0))
2018-04-13 09:16:02.044279;(19, (4, 734, 0, 734, 704, 0, 0, 379, 729, 0, 883, 1812, 0))
2018-04-13 09:16:02.103082;(12, (0, 775, 0, 775, 728, 0, 0, 258, 1414, 0, 960, 2400, 0))
2018-04-13 09:16:02.119102;(20, (4, 728, 0, 728, 695, 0, 0, 371, 1007, 0, 853, 2073, 0))
2018-04-13 09:16:02.311860;(18, (4, 2646, 0, 2646, 2546, 0, 0, 1018, 2927, 0, 2772, 6491, 0))
2018-04-13 09:16:02.600297;(7, (4, 644, 0, 644, 603, 0, 0, 375, 946, 0, 773, 1924, 0))
2018-04-13 09:16:02.712651;(8, (0, 1389, 0, 1389, 1315, 0, 0, 493, 2294, 0, 1770, 4102, 0))
2018-04-13 09:16:02.788164;(6, (0, 326, 0, 326, 297, 0, 0, 333, 512, 0, 384, 1142, 0))
2018-04-13 09:16:02.911512;(16, (0, 617, 0, 617, 588, 0, 0, 145, 931, 0, 736, 1664, 0))
2018-04-13 09:16:31.170661;(23, (4, 3435, 0, 3435, 3288, 0, 0, 1116, 3995, 0, 3516, 8399, 0))
2018-04-13 09:16:31.475310;(21, (4, 1808, 0, 1808, 1764, 0, 0, 341, 1460, 0, 1870, 3565, 0))
2018-04-13 09:16:31.492497;(10, (4, 2942, 1, 2941, 2846, 0, 0, 789, 3287, 1, 3232, 6922, 0))
2018-04-13 09:16:31.556529;(9, (0, 544, 0, 544, 533, 0, 0, 122, 174, 0, 485, 829, 0))
2018-04-13 09:16:31.884241;(1, (4, 8380, 4, 8376, 8072, 0, 0, 1055, 15733, 4, 9343, 24860, 0))
2018-04-13 09:16:31.921736;(22, (4, 1046, 0, 1046, 972, 0, 0, 571, 1564, 0, 1178, 3107, 0))
2018-04-13 09:16:31.981514;(3, (3, 1390, 0, 1390, 1332, 0, 0, 313, 2323, 0, 1745, 3968, 0))
2018-04-13 09:16:32.050210;(19, (0, 734, 0, 734, 704, 0, 0, 379, 729, 0, 886, 1812, 0))
2018-04-13 09:16:32.114346;(12, (4, 776, 0, 776, 729, 0, 0, 258, 1414, 0, 962, 2401, 0))
2018-04-13 09:16:32.125492;(20, (0, 728, 0, 728, 695, 0, 0, 371, 1007, 0, 854, 2073, 0))
2018-04-13 09:16:32.325797;(18, (7, 2651, 0, 2651, 2551, 0, 0, 1020, 2942, 0, 2774, 6513, 0))
2018-04-13 09:16:32.506774;(4, (0, 1396, 0, 1396, 1374, 0, 0, 254, 934, 0, 1398, 2562, 0))
2018-04-13 09:16:32.585681;(17, (0, 13, 0, 13, 11, 0, 0, 16, 0, 0, 5, 27, 0))
2018-04-13 09:16:32.616608;(7, (0, 644, 0, 644, 603, 0, 0, 375, 946, 0, 776, 1924, 0))
2018-04-13 09:16:32.721512;(8, (0, 1389, 0, 1389, 1315, 0, 0, 493, 2294, 0, 1776, 4102, 0))
2018-04-13 09:16:32.797554;(5, (4, 6998, 1, 6997, 6827, 0, 0, 1043, 5378, 1, 7050, 13248, 0))
2018-04-13 09:16:32.798928;(6, (0, 326, 0, 326, 297, 0, 0, 333, 512, 0, 386, 1142, 0))
2018-04-13 09:16:32.921943;(16, (4, 618, 0, 618, 589, 0, 0, 145, 931, 0, 738, 1665, 0))
2018-04-13 09:17:01.173603;(23, (5, 3439, 0, 3439, 3291, 0, 0, 1117, 4016, 0, 3521, 8424, 0))
2018-04-13 09:17:01.484156;(21, (4, 1868, 0, 1868, 1824, 0, 0, 341, 1467, 0, 1932, 3632, 0))
2018-04-13 09:17:01.503542;(10, (4, 3002, 1, 3001, 2905, 0, 0, 792, 3322, 1, 3289, 7019, 0))
2018-04-13 09:17:01.892360;(1, (4, 8620, 4, 8616, 8309, 0, 0, 1062, 15810, 4, 9584, 25181, 0))
2018-04-13 09:17:01.927251;(22, (0, 1046, 0, 1046, 972, 0, 0, 571, 1564, 0, 1179, 3107, 0))
2018-04-13 09:17:01.984662;(3, (0, 1390, 0, 1390, 1332, 0, 0, 313, 2323, 0, 1746, 3968, 0))
2018-04-13 09:17:02.052748;(19, (0, 734, 0, 734, 704, 0, 0, 379, 729, 0, 886, 1812, 0))
2018-04-13 09:17:02.118203;(12, (0, 776, 0, 776, 729, 0, 0, 258, 1414, 0, 962, 2401, 0))
2018-04-13 09:17:02.131220;(20, (0, 728, 0, 728, 695, 0, 0, 371, 1007, 0, 854, 2073, 0))
2018-04-13 09:17:02.331708;(18, (8, 2655, 0, 2655, 2555, 0, 0, 1022, 2952, 0, 2774, 6529, 0))
2018-04-13 09:17:02.510302;(4, (4, 1397, 0, 1397, 1375, 0, 0, 254, 934, 0, 1399, 2563, 0))
2018-04-13 09:17:02.561681;(9, (3, 545, 0, 545, 534, 0, 0, 122, 174, 0, 486, 830, 0))
2018-04-13 09:17:02.588385;(17, (0, 13, 0, 13, 11, 0, 0, 16, 0, 0, 5, 27, 0))
2018-04-13 09:17:02.621439;(7, (0, 644, 0, 644, 603, 0, 0, 375, 946, 0, 776, 1924, 0))
2018-04-13 09:17:02.725910;(8, (0, 1389, 0, 1389, 1315, 0, 0, 493, 2294, 0, 1776, 4102, 0))
2018-04-13 09:17:02.805423;(5, (4, 7303, 1, 7302, 7131, 0, 0, 1048, 5423, 1, 7358, 13602, 0))
2018-04-13 09:17:02.805905;(6, (0, 326, 0, 326, 297, 0, 0, 333, 512, 0, 387, 1142, 0))
2018-04-13 09:17:02.925573;(16, (0, 618, 0, 618, 589, 0, 0, 145, 931, 0, 738, 1665, 0))
2018-04-13 09:17:31.175603;(23, (4, 3442, 0, 3442, 3294, 0, 0, 1117, 4016, 0, 3525, 8427, 0))
2018-04-13 09:17:31.494267;(21, (4, 1929, 0, 1929, 1885, 0, 0, 341, 1467, 0, 1994, 3693, 0))
2018-04-13 09:17:31.512107;(10, (4, 3065, 1, 3064, 2968, 0, 0, 794, 3323, 1, 3352, 7085, 0))
2018-04-13 09:17:31.896290;(1, (4, 8863, 4, 8859, 8552, 0, 0, 1063, 15828, 4, 9830, 25443, 0))
2018-04-13 09:17:31.934005;(22, (0, 1046, 0, 1046, 972, 0, 0, 571, 1564, 0, 1182, 3107, 0))
2018-04-13 09:17:31.986950;(3, (0, 1390, 0, 1390, 1332, 0, 0, 313, 2323, 0, 1748, 3968, 0))
2018-04-13 09:17:32.055185;(19, (0, 734, 0, 734, 704, 0, 0, 379, 729, 0, 886, 1812, 0))
2018-04-13 09:17:32.120158;(12, (0, 776, 0, 776, 729, 0, 0, 258, 1414, 0, 962, 2401, 0))
2018-04-13 09:17:32.134036;(20, (0, 728, 0, 728, 695, 0, 0, 371, 1007, 0, 855, 2073, 0))
2018-04-13 09:17:32.334021;(18, (4, 2658, 0, 2658, 2558, 0, 0, 1022, 2952, 0, 2775, 6532, 0))
2018-04-13 09:17:32.517389;(4, (0, 1397, 0, 1397, 1375, 0, 0, 254, 934, 0, 1399, 2563, 0))
2018-04-13 09:17:32.563893;(9, (0, 545, 0, 545, 534, 0, 0, 122, 174, 0, 486, 830, 0))
2018-04-13 09:17:32.590235;(17, (0, 13, 0, 13, 11, 0, 0, 16, 0, 0, 5, 27, 0))
2018-04-13 09:17:32.623372;(7, (0, 644, 0, 644, 603, 0, 0, 375, 946, 0, 776, 1924, 0))
2018-04-13 09:17:32.730284;(8, (0, 1389, 0, 1389, 1315, 0, 0, 493, 2294, 0, 1777, 4102, 0))
2018-04-13 09:17:32.813791;(5, (4, 7608, 1, 7607, 7435, 0, 0, 1050, 5441, 1, 7668, 13926, 0))
2018-04-13 09:17:32.814709;(6, (0, 326, 0, 326, 297, 0, 0, 333, 512, 0, 389, 1142, 0))
2018-04-13 09:17:32.931647;(16, (0, 618, 0, 618, 589, 0, 0, 145, 931, 0, 738, 1665, 0))
2018-04-13 09:18:01.178122;(23, (5, 3447, 0, 3447, 3299, 0, 0, 1117, 4016, 0, 3531, 8432, 0))
2018-04-13 09:18:01.505988;(21, (4, 1989, 0, 1989, 1945, 0, 0, 341, 1467, 0, 2054, 3753, 0))
2018-04-13 09:18:01.520446;(10, (4, 3125, 1, 3124, 3028, 0, 0, 794, 3323, 1, 3413, 7145, 0))
2018-04-13 09:18:01.898798;(1, (4, 9109, 4, 9105, 8796, 0, 0, 1066, 15868, 4, 10076, 25730, 0))
2018-04-13 09:18:01.935803;(22, (0, 1046, 0, 1046, 972, 0, 0, 571, 1564, 0, 1182, 3107, 0))
2018-04-13 09:18:01.991313;(3, (0, 1390, 0, 1390, 1332, 0, 0, 313, 2323, 0, 1748, 3968, 0))
2018-04-13 09:18:02.060952;(19, (0, 734, 0, 734, 704, 0, 0, 379, 729, 0, 886, 1812, 0))
2018-04-13 09:18:02.122194;(12, (0, 776, 0, 776, 729, 0, 0, 258, 1414, 0, 962, 2401, 0))
2018-04-13 09:18:02.135778;(20, (0, 728, 0, 728, 695, 0, 0, 371, 1007, 0, 855, 2073, 0))
2018-04-13 09:18:02.337485;(18, (8, 2663, 0, 2663, 2563, 0, 0, 1024, 2967, 0, 2775, 6554, 0))
2018-04-13 09:18:02.521848;(4, (0, 1397, 0, 1397, 1375, 0, 0, 254, 934, 0, 1399, 2563, 0))
2018-04-13 09:18:02.566479;(9, (0, 545, 0, 545, 534, 0, 0, 122, 174, 0, 486, 830, 0))
2018-04-13 09:18:02.593492;(17, (0, 13, 0, 13, 11, 0, 0, 16, 0, 0, 5, 27, 0))
2018-04-13 09:18:02.626145;(7, (0, 644, 0, 644, 603, 0, 0, 375, 946, 0, 776, 1924, 0))
2018-04-13 09:18:02.735439;(8, (0, 1389, 0, 1389, 1315, 0, 0, 493, 2294, 0, 1777, 4102, 0))
2018-04-13 09:18:02.820890;(5, (4, 7920, 1, 7919, 7747, 0, 0, 1050, 5441, 1, 7984, 14238, 0))
2018-04-13 09:18:02.821181;(6, (4, 327, 0, 327, 298, 0, 0, 333, 512, 0, 389, 1143, 0))
2018-04-13 09:18:02.933802;(16, (0, 618, 0, 618, 589, 0, 0, 145, 931, 0, 738, 1665, 0))
2018-04-13 09:18:31.514195;(21, (5, 2037, 0, 2037, 1993, 0, 0, 348, 1483, 0, 2100, 3824, 0))
2018-04-13 09:18:31.528190;(10, (4, 3185, 1, 3184, 3088, 0, 0, 795, 3323, 1, 3476, 7206, 0))
2018-04-13 09:18:31.902899;(1, (4, 9324, 4, 9320, 9005, 0, 0, 1079, 16006, 4, 10297, 26090, 0))
2018-04-13 09:18:31.938646;(22, (0, 1046, 0, 1046, 972, 0, 0, 571, 1564, 0, 1184, 3107, 0))
2018-04-13 09:18:31.995081;(3, (0, 1390, 0, 1390, 1332, 0, 0, 313, 2323, 0, 1750, 3968, 0))
2018-04-13 09:18:32.064329;(19, (0, 734, 0, 734, 704, 0, 0, 379, 729, 0, 886, 1812, 0))
2018-04-13 09:18:32.124077;(12, (0, 776, 0, 776, 729, 0, 0, 258, 1414, 0, 962, 2401, 0))
2018-04-13 09:18:32.138290;(20, (0, 728, 0, 728, 695, 0, 0, 371, 1007, 0, 856, 2073, 0))
2018-04-13 09:18:32.180926;(23, (4, 3455, 0, 3455, 3307, 0, 0, 1117, 4016, 0, 3542, 8440, 0))
2018-04-13 09:18:32.341967;(18, (4, 2672, 0, 2672, 2571, 0, 0, 1027, 2982, 0, 2777, 6580, 0))
2018-04-13 09:18:32.529837;(4, (0, 1397, 0, 1397, 1375, 0, 0, 254, 934, 0, 1399, 2563, 0))
2018-04-13 09:18:32.569439;(9, (0, 545, 0, 545, 534, 0, 0, 122, 174, 0, 486, 830, 0))
2018-04-13 09:18:32.595753;(17, (0, 13, 0, 13, 11, 0, 0, 16, 0, 0, 5, 27, 0))
2018-04-13 09:18:32.628886;(7, (0, 644, 0, 644, 603, 0, 0, 375, 946, 0, 776, 1924, 0))
2018-04-13 09:18:32.739456;(8, (0, 1389, 0, 1389, 1315, 0, 0, 493, 2294, 0, 1779, 4102, 0))
2018-04-13 09:18:32.829645;(6, (0, 327, 0, 327, 298, 0, 0, 333, 512, 0, 390, 1143, 0))
2018-04-13 09:18:32.832124;(5, (4, 8173, 1, 8172, 7996, 0, 0, 1059, 5573, 1, 8243, 14628, 0))
2018-04-13 09:18:32.936663;(16, (0, 618, 0, 618, 589, 0, 0, 145, 931, 0, 739, 1665, 0))
2018-04-13 09:19:01.525623;(21, (4, 2081, 0, 2081, 2036, 0, 0, 355, 1504, 0, 2139, 3895, 0))
2018-04-13 09:19:01.534567;(10, (5, 3258, 1, 3257, 3160, 0, 0, 807, 3345, 1, 3556, 7312, 0))
2018-04-13 09:19:01.906216;(1, (4, 9543, 4, 9539, 9219, 0, 0, 1090, 16194, 4, 10529, 26503, 0))
2018-04-13 09:19:01.941513;(22, (0, 1046, 0, 1046, 972, 0, 0, 571, 1564, 0, 1186, 3107, 0))
2018-04-13 09:19:01.999057;(3, (3, 1391, 0, 1391, 1333, 0, 0, 313, 2323, 0, 1752, 3969, 0))
2018-04-13 09:19:02.067220;(19, (4, 735, 0, 735, 705, 0, 0, 379, 729, 0, 887, 1813, 0))
2018-04-13 09:19:02.126777;(12, (0, 776, 0, 776, 729, 0, 0, 258, 1414, 0, 963, 2401, 0))
2018-04-13 09:19:02.140334;(20, (0, 728, 0, 728, 695, 0, 0, 371, 1007, 0, 858, 2073, 0))
2018-04-13 09:19:02.182936;(23, (5, 3462, 0, 3462, 3313, 0, 0, 1119, 4037, 0, 3550, 8469, 0))
2018-04-13 09:19:02.348338;(18, (6, 2679, 0, 2679, 2578, 0, 0, 1028, 2996, 0, 2780, 6602, 0))
2018-04-13 09:19:02.535769;(4, (0, 1397, 0, 1397, 1375, 0, 0, 254, 934, 0, 1399, 2563, 0))
2018-04-13 09:19:02.571309;(9, (0, 545, 0, 545, 534, 0, 0, 122, 174, 0, 486, 830, 0))
2018-04-13 09:19:02.598026;(17, (0, 13, 0, 13, 11, 0, 0, 16, 0, 0, 5, 27, 0))
2018-04-13 09:19:02.631474;(7, (0, 644, 0, 644, 603, 0, 0, 375, 946, 0, 778, 1924, 0))
2018-04-13 09:19:02.742643;(8, (0, 1389, 0, 1389, 1315, 0, 0, 493, 2294, 0, 1783, 4102, 0))
2018-04-13 09:19:02.833405;(6, (0, 327, 0, 327, 298, 0, 0, 333, 512, 0, 393, 1143, 0))
2018-04-13 09:19:02.840244;(5, (4, 8447, 1, 8446, 8265, 0, 0, 1086, 5687, 1, 8524, 15038, 0))
2018-04-13 09:19:02.939149;(16, (0, 618, 0, 618, 589, 0, 0, 145, 931, 0, 739, 1665, 0))
2018-04-13 09:19:31.908224;(1, (4, 9731, 4, 9727, 9405, 0, 0, 1096, 16235, 4, 10727, 26736, 0))
2018-04-13 09:19:31.943256;(22, (0, 1046, 0, 1046, 972, 0, 0, 571, 1564, 0, 1189, 3107, 0))
2018-04-13 09:19:32.005531;(3, (0, 1391, 0, 1391, 1333, 0, 0, 313, 2323, 0, 1755, 3969, 0))
2018-04-13 09:19:32.070338;(19, (0, 735, 0, 735, 705, 0, 0, 379, 729, 0, 890, 1813, 0))
2018-04-13 09:19:32.129964;(12, (0, 776, 0, 776, 729, 0, 0, 258, 1414, 0, 967, 2401, 0))
2018-04-13 09:19:32.142637;(20, (0, 728, 0, 728, 695, 0, 0, 371, 1007, 0, 861, 2073, 0))
2018-04-13 09:19:32.184719;(23, (5, 3468, 0, 3468, 3319, 0, 0, 1120, 4037, 0, 3557, 8476, 0))
2018-04-13 09:19:32.352319;(18, (4, 2685, 0, 2685, 2583, 0, 0, 1031, 3011, 0, 2785, 6625, 0))
2018-04-13 09:19:32.528219;(21, (9, 2090, 0, 2090, 2045, 0, 0, 361, 1534, 0, 2142, 3940, 0))
2018-04-13 09:19:32.542982;(10, (4, 3318, 1, 3317, 3220, 0, 0, 807, 3345, 1, 3621, 7372, 0))
2018-04-13 09:19:32.544174;(4, (0, 1397, 0, 1397, 1375, 0, 0, 254, 934, 0, 1399, 2563, 0))
2018-04-13 09:19:32.574150;(9, (0, 545, 0, 545, 534, 0, 0, 122, 174, 0, 486, 830, 0))
2018-04-13 09:19:32.600556;(17, (0, 13, 0, 13, 11, 0, 0, 16, 0, 0, 6, 27, 0))
2018-04-13 09:19:32.634336;(7, (4, 645, 0, 645, 604, 0, 0, 375, 946, 0, 780, 1925, 0))
2018-04-13 09:19:32.746060;(8, (3, 1390, 0, 1390, 1316, 0, 0, 493, 2294, 0, 1787, 4103, 0))
2018-04-13 09:19:32.838085;(6, (0, 327, 0, 327, 298, 0, 0, 333, 512, 0, 395, 1143, 0))
2018-04-13 09:19:32.851475;(5, (4, 8645, 1, 8644, 8462, 0, 0, 1088, 5717, 1, 8729, 15267, 0))
2018-04-13 09:19:32.941826;(16, (0, 618, 0, 618, 589, 0, 0, 145, 931, 0, 741, 1665, 0))
2018-04-13 09:20:01.910261;(1, (6, 9971, 4, 9967, 9645, 0, 0, 1098, 17059, 4, 10970, 27802, 0))
2018-04-13 09:20:01.945946;(22, (4, 1047, 0, 1047, 973, 0, 0, 571, 1564, 0, 1190, 3108, 0))
2018-04-13 09:20:02.008328;(3, (0, 1391, 0, 1391, 1333, 0, 0, 313, 2323, 0, 1757, 3969, 0))
2018-04-13 09:20:02.072299;(19, (0, 735, 0, 735, 705, 0, 0, 379, 729, 0, 890, 1813, 0))
2018-04-13 09:20:02.131858;(12, (0, 776, 0, 776, 729, 0, 0, 258, 1414, 0, 968, 2401, 0))
2018-04-13 09:20:02.144511;(20, (0, 728, 0, 728, 695, 0, 0, 371, 1007, 0, 862, 2073, 0))
2018-04-13 09:20:02.186526;(23, (10, 3470, 0, 3470, 3320, 0, 0, 1121, 4061, 0, 3560, 8502, 0))
2018-04-13 09:20:02.355530;(18, (5, 2688, 0, 2688, 2585, 0, 0, 1035, 3025, 0, 2785, 6645, 0))
2018-04-13 09:20:02.535625;(21, (4, 2152, 0, 2152, 2107, 0, 0, 362, 1545, 0, 2204, 4014, 0))
2018-04-13 09:20:02.551158;(10, (4, 3379, 1, 3378, 3281, 0, 0, 807, 3345, 1, 3684, 7433, 0))
2018-04-13 09:20:02.552335;(4, (0, 1397, 0, 1397, 1375, 0, 0, 254, 934, 0, 1399, 2563, 0))
2018-04-13 09:20:02.576029;(9, (0, 545, 0, 545, 534, 0, 0, 122, 174, 0, 486, 830, 0))
2018-04-13 09:20:02.602498;(17, (0, 13, 0, 13, 11, 0, 0, 16, 0, 0, 6, 27, 0))
2018-04-13 09:20:02.636168;(7, (0, 645, 0, 645, 604, 0, 0, 375, 946, 0, 780, 1925, 0))
2018-04-13 09:20:02.748313;(8, (0, 1390, 0, 1390, 1316, 0, 0, 493, 2294, 0, 1789, 4103, 0))
2018-04-13 09:20:02.843326;(6, (0, 327, 0, 327, 298, 0, 0, 333, 512, 0, 398, 1143, 0))
2018-04-13 09:20:02.860090;(5, (4, 8829, 1, 8828, 8646, 0, 0, 1090, 5717, 1, 8914, 15453, 0))
2018-04-13 09:20:02.944459;(16, (4, 619, 0, 619, 590, 0, 0, 145, 931, 0, 741, 1666, 0))
2018-04-13 09:20:31.912333;(1, (4, 10205, 4, 10201, 9870, 0, 0, 1111, 17368, 4, 11217, 28349, 0))
2018-04-13 09:20:31.949670;(22, (0, 1047, 0, 1047, 973, 0, 0, 571, 1564, 0, 1192, 3108, 0))
2018-04-13 09:20:32.012442;(3, (0, 1391, 0, 1391, 1333, 0, 0, 313, 2323, 0, 1759, 3969, 0))
2018-04-13 09:20:32.075156;(19, (0, 735, 0, 735, 705, 0, 0, 379, 729, 0, 891, 1813, 0))
2018-04-13 09:20:32.134701;(12, (3, 777, 0, 777, 730, 0, 0, 258, 1414, 0, 968, 2402, 0))
2018-04-13 09:20:32.149915;(20, (4, 729, 0, 729, 696, 0, 0, 371, 1007, 0, 863, 2074, 0))
2018-04-13 09:20:32.189303;(23, (4, 3476, 0, 3476, 3326, 0, 0, 1121, 4061, 0, 3566, 8508, 0))
2018-04-13 09:20:32.359890;(18, (4, 2693, 0, 2693, 2590, 0, 0, 1035, 3025, 0, 2786, 6650, 0))
2018-04-13 09:20:32.542409;(21, (5, 2408, 0, 2408, 2360, 0, 0, 373, 1716, 0, 2460, 4449, 0))
2018-04-13 09:20:32.560295;(10, (4, 3439, 1, 3438, 3341, 0, 0, 808, 3345, 1, 3750, 7494, 0))
2018-04-13 09:20:32.561691;(4, (3, 1398, 0, 1398, 1376, 0, 0, 254, 934, 0, 1400, 2564, 0))
2018-04-13 09:20:32.578900;(9, (3, 546, 0, 546, 535, 0, 0, 122, 174, 0, 486, 831, 0))
2018-04-13 09:20:32.604470;(17, (0, 13, 0, 13, 11, 0, 0, 16, 0, 0, 6, 27, 0))
2018-04-13 09:20:32.638650;(7, (0, 645, 0, 645, 604, 0, 0, 375, 946, 0, 781, 1925, 0))
2018-04-13 09:20:32.753727;(8, (0, 1390, 0, 1390, 1316, 0, 0, 493, 2294, 0, 1792, 4103, 0))
2018-04-13 09:20:32.849461;(6, (0, 327, 0, 327, 298, 0, 0, 333, 512, 0, 402, 1143, 0))
2018-04-13 09:20:32.868176;(5, (5, 9037, 1, 9036, 8852, 0, 0, 1115, 5910, 1, 9109, 15877, 0))
2018-04-13 09:20:32.947184;(16, (0, 619, 0, 619, 590, 0, 0, 145, 931, 0, 742, 1666, 0))
2018-04-13 09:21:01.915188;(1, (4, 10457, 4, 10453, 10113, 0, 0, 1127, 17750, 4, 11480, 28990, 0))
2018-04-13 09:21:01.951974;(22, (0, 1047, 0, 1047, 973, 0, 0, 571, 1564, 0, 1192, 3108, 0))
2018-04-13 09:21:02.015826;(3, (0, 1391, 0, 1391, 1333, 0, 0, 313, 2323, 0, 1759, 3969, 0))
2018-04-13 09:21:02.078700;(19, (0, 735, 0, 735, 705, 0, 0, 379, 729, 0, 891, 1813, 0))
2018-04-13 09:21:02.137705;(12, (0, 777, 0, 777, 730, 0, 0, 258, 1414, 0, 968, 2402, 0))
2018-04-13 09:21:02.151751;(20, (0, 729, 0, 729, 696, 0, 0, 371, 1007, 0, 863, 2074, 0))
2018-04-13 09:21:02.191121;(23, (4, 3546, 0, 3546, 3395, 0, 0, 1127, 4103, 0, 3640, 8625, 0))
2018-04-13 09:21:02.366064;(18, (5, 2731, 0, 2731, 2628, 0, 0, 1039, 3052, 0, 2818, 6719, 0))
2018-04-13 09:21:02.550114;(21, (4, 2488, 0, 2488, 2437, 0, 0, 385, 1780, 0, 2562, 4602, 0))
2018-04-13 09:21:02.567990;(10, (4, 3500, 1, 3499, 3402, 0, 0, 808, 3345, 1, 3815, 7555, 0))
2018-04-13 09:21:02.568284;(4, (0, 1398, 0, 1398, 1376, 0, 0, 254, 934, 0, 1401, 2564, 0))
2018-04-13 09:21:02.583299;(9, (0, 546, 0, 546, 535, 0, 0, 122, 174, 0, 486, 831, 0))
2018-04-13 09:21:02.606273;(17, (0, 13, 0, 13, 11, 0, 0, 16, 0, 0, 6, 27, 0))
2018-04-13 09:21:02.641551;(7, (0, 645, 0, 645, 604, 0, 0, 375, 946, 0, 781, 1925, 0))
2018-04-13 09:21:02.757525;(8, (0, 1390, 0, 1390, 1316, 0, 0, 493, 2294, 0, 1793, 4103, 0))
2018-04-13 09:21:02.853607;(6, (0, 327, 0, 327, 298, 0, 0, 333, 512, 0, 403, 1143, 0))
2018-04-13 09:21:02.877437;(5, (5, 9321, 1, 9320, 9133, 0, 0, 1145, 6060, 1, 9371, 16338, 0))
2018-04-13 09:21:02.953302;(16, (0, 619, 0, 619, 590, 0, 0, 145, 931, 0, 742, 1666, 0))
