2018-03-23 00:04:10.846792;(21, (158087070, 25, 0, 25, 24, 0, 0, 9, 0, 0, 68, 33, 0))
2018-03-23 00:04:10.898055;(17, (158228490, 21, 0, 21, 21, 0, 0, 1, 6, 0, 30, 28, 0))
2018-03-23 00:04:10.948265;(6, (158229990, 26, 0, 26, 21, 0, 0, 29, 61, 0, 65, 111, 0))
2018-03-23 00:04:10.986279;(15, (158270550, 14, 0, 14, 14, 0, 0, 8, 0, 0, 39, 22, 0))
2018-03-23 00:04:11.041022;(19, (158392230, 42, 0, 42, 42, 0, 0, 13, 4, 0, 87, 59, 0))
2018-03-23 00:04:11.081400;(2, (158340510, 77, 0, 77, 76, 0, 0, 9, 0, 0, 109, 85, 0))
2018-03-23 00:04:11.137136;(3, (158387220, 29, 0, 29, 28, 0, 0, 8, 0, 0, 78, 36, 0))
2018-03-23 00:04:11.153584;(13, (158491800, 20, 0, 20, 20, 0, 0, 3, 1, 0, 36, 24, 0))
2018-03-23 00:04:11.228481;(25, (158487330, 20, 0, 20, 19, 0, 0, 8, 0, 0, 39, 27, 0))
2018-03-23 00:04:11.251149;(26, (158584590, 62, 0, 62, 62, 0, 0, 15, 26, 0, 122, 103, 0))
2018-03-23 00:04:11.287035;(1, (158623680, 129, 0, 129, 126, 0, 0, 43, 125, 0, 295, 294, 0))
2018-03-23 00:04:11.343376;(5, (158668590, 47, 0, 47, 46, 0, 0, 15, 1, 0, 102, 62, 0))
2018-03-23 00:04:11.376573;(4, (158618760, 30, 0, 30, 29, 0, 0, 8, 1, 0, 55, 38, 0))
2018-03-23 00:04:11.437316;(9, (158771340, 81, 0, 81, 76, 0, 0, 46, 78, 0, 111, 200, 0))
2018-03-23 00:04:11.443721;(20, (158735070, 13, 0, 13, 12, 0, 0, 8, 0, 0, 65, 20, 0))
2018-03-23 00:04:11.511934;(14, (158848560, 51, 0, 51, 48, 0, 0, 29, 60, 0, 105, 137, 0))
2018-03-23 00:04:11.514800;(8, (158817930, 62, 0, 62, 61, 0, 0, 27, 23, 0, 116, 111, 0))
2018-03-23 00:04:11.527124;(11, (158743950, 26, 0, 26, 26, 0, 0, 0, 0, 0, 55, 26, 0))
2018-03-23 00:04:11.583692;(22, (158909340, 127, 0, 127, 119, 0, 0, 69, 133, 0, 190, 321, 0))
2018-03-23 00:04:11.596184;(23, (158840220, 15, 0, 15, 15, 0, 0, 1, 31, 0, 43, 47, 0))
2018-03-23 00:04:11.610633;(12, (158883480, 27, 0, 27, 25, 0, 0, 22, 34, 0, 51, 81, 0))
2018-03-23 00:04:11.678396;(10, (158922990, 47, 0, 47, 46, 0, 0, 4, 12, 0, 64, 62, 0))
2018-03-23 00:04:11.678597;(16, (158926770, 23, 0, 23, 22, 0, 0, 10, 18, 0, 64, 50, 0))
2018-03-23 00:04:11.707047;(7, (159024600, 14, 0, 14, 13, 0, 0, 8, 0, 0, 41, 21, 0))
2018-03-23 00:04:11.760323;(24, (159069060, 22, 0, 22, 22, 0, 0, 12, 13, 0, 49, 47, 0))
2018-03-23 00:04:11.800303;(18, (159057390, 15, 0, 15, 15, 0, 0, 6, 2, 0, 35, 23, 0))
2018-03-23 00:05:10.858472;(21, (59009100, 84, 0, 84, 83, 0, 0, 21, 15, 0, 136, 119, 0))
2018-03-23 00:05:10.915957;(17, (59009910, 51, 0, 51, 50, 0, 0, 7, 19, 0, 66, 76, 0))
2018-03-23 00:05:10.963077;(6, (59009850, 67, 0, 67, 57, 0, 0, 67, 155, 0, 98, 279, 0))
2018-03-23 00:05:11.002444;(15, (59009850, 80, 0, 80, 78, 0, 0, 77, 30, 0, 119, 185, 0))
2018-03-23 00:05:11.057356;(19, (59010480, 147, 0, 147, 144, 0, 0, 45, 165, 0, 195, 354, 0))
2018-03-23 00:05:11.097879;(2, (59009280, 385, 0, 385, 384, 0, 0, 35, 16, 0, 423, 435, 0))
2018-03-23 00:05:11.151090;(3, (59010900, 108, 0, 108, 105, 0, 0, 27, 42, 0, 181, 174, 0))
2018-03-23 00:05:11.168237;(13, (59008110, 77, 0, 77, 76, 0, 0, 18, 43, 0, 101, 137, 0))
2018-03-23 00:05:11.240915;(25, (59007120, 60, 0, 60, 58, 0, 0, 21, 63, 0, 87, 142, 0))
2018-03-23 00:05:11.265329;(26, (59007540, 234, 0, 234, 227, 0, 0, 86, 161, 0, 326, 474, 0))
2018-03-23 00:05:11.297999;(1, (59009070, 586, 0, 586, 564, 0, 0, 236, 606, 0, 842, 1406, 0))
2018-03-23 00:05:11.355507;(5, (59012130, 168, 0, 168, 163, 0, 0, 52, 165, 0, 248, 380, 0))
2018-03-23 00:05:11.388700;(4, (59010150, 63, 0, 63, 60, 0, 0, 31, 30, 0, 87, 121, 0))
2018-03-23 00:05:11.452007;(9, (59009970, 176, 0, 176, 165, 0, 0, 85, 217, 0, 200, 467, 0))
2018-03-23 00:05:11.458935;(20, (59007660, 38, 0, 38, 37, 0, 0, 27, 7, 0, 98, 71, 0))
2018-03-23 00:05:11.528361;(14, (59009850, 164, 0, 164, 153, 0, 0, 94, 201, 0, 229, 448, 0))
2018-03-23 00:05:11.531792;(8, (59008200, 241, 0, 241, 238, 0, 0, 99, 103, 0, 327, 440, 0))
2018-03-23 00:05:11.543808;(11, (59007810, 207, 0, 207, 206, 0, 0, 20, 60, 0, 251, 286, 0))
2018-03-23 00:05:11.596678;(22, (59009970, 277, 0, 277, 261, 0, 0, 145, 286, 0, 365, 692, 0))
2018-03-23 00:05:11.608975;(23, (59008980, 34, 0, 34, 34, 0, 0, 1, 32, 0, 69, 67, 0))
2018-03-23 00:05:11.622875;(12, (59007900, 51, 0, 51, 47, 0, 0, 52, 54, 0, 92, 153, 0))
2018-03-23 00:05:11.691299;(10, (59008710, 259, 0, 259, 256, 0, 0, 22, 88, 0, 286, 366, 0))
2018-03-23 00:05:11.692964;(16, (59008080, 62, 0, 62, 59, 0, 0, 22, 53, 0, 120, 134, 0))
2018-03-23 00:05:11.720989;(7, (59012100, 37, 0, 37, 36, 0, 0, 10, 0, 0, 68, 46, 0))
2018-03-23 00:05:11.772565;(24, (59009340, 61, 0, 61, 60, 0, 0, 25, 52, 0, 97, 137, 0))
2018-03-23 00:05:11.812980;(18, (59008260, 37, 0, 37, 37, 0, 0, 27, 2, 0, 58, 66, 0))
2018-03-23 00:06:10.874003;(21, (59006220, 233, 0, 233, 228, 0, 0, 100, 103, 0, 303, 431, 0))
2018-03-23 00:06:10.931049;(17, (59009550, 117, 0, 117, 114, 0, 0, 30, 96, 0, 143, 240, 0))
2018-03-23 00:06:10.978638;(6, (59007720, 118, 0, 118, 105, 0, 0, 88, 334, 0, 141, 527, 0))
2018-03-23 00:06:11.017703;(15, (59009760, 153, 0, 153, 145, 0, 0, 134, 159, 0, 208, 438, 0))
2018-03-23 00:06:11.072568;(19, (59010180, 355, 0, 355, 341, 0, 0, 144, 399, 0, 412, 884, 0))
2018-03-23 00:06:11.113928;(2, (59010090, 630, 0, 630, 622, 0, 0, 99, 143, 0, 682, 864, 0))
2018-03-23 00:06:11.164293;(3, (59008890, 303, 0, 303, 288, 0, 0, 139, 144, 0, 406, 571, 0))
2018-03-23 00:06:11.182678;(13, (59008320, 119, 0, 119, 114, 0, 0, 53, 113, 0, 144, 280, 0))
2018-03-23 00:06:11.253485;(25, (59007600, 109, 0, 109, 102, 0, 0, 50, 153, 0, 136, 305, 0))
2018-03-23 00:06:11.280430;(26, (59007810, 452, 0, 452, 435, 0, 0, 190, 522, 0, 571, 1147, 0))
2018-03-23 00:06:11.308502;(1, (59007690, 1078, 0, 1078, 1036, 0, 0, 458, 1163, 0, 1455, 2657, 0))
2018-03-23 00:06:11.371576;(5, (59009340, 275, 0, 275, 265, 0, 0, 109, 289, 0, 385, 663, 0))
2018-03-23 00:06:11.401357;(4, (59009280, 92, 0, 92, 88, 0, 0, 41, 76, 0, 126, 205, 0))
2018-03-23 00:06:11.466524;(9, (59010180, 312, 1, 311, 287, 0, 0, 188, 456, 1, 334, 931, 0))
2018-03-23 00:06:11.474988;(20, (59011470, 93, 0, 93, 92, 0, 0, 35, 20, 0, 169, 147, 0))
2018-03-23 00:06:11.542479;(14, (59010210, 242, 0, 242, 228, 0, 0, 139, 242, 0, 324, 609, 0))
2018-03-23 00:06:11.546495;(8, (59008200, 493, 0, 493, 471, 0, 0, 251, 407, 0, 599, 1129, 0))
2018-03-23 00:06:11.560258;(11, (59009730, 362, 0, 362, 357, 0, 0, 60, 123, 0, 429, 540, 0))
2018-03-23 00:06:11.609823;(22, (59009010, 427, 0, 427, 400, 0, 0, 271, 480, 0, 548, 1151, 0))
2018-03-23 00:06:11.622661;(23, (59009190, 74, 0, 74, 73, 0, 0, 9, 73, 0, 107, 155, 0))
2018-03-23 00:06:11.636137;(12, (59007960, 83, 0, 83, 75, 0, 0, 76, 121, 0, 154, 272, 0))
2018-03-23 00:06:11.703652;(10, (59007030, 447, 0, 447, 441, 0, 0, 65, 195, 0, 481, 701, 0))
2018-03-23 00:06:11.706837;(16, (59009580, 224, 0, 224, 207, 0, 0, 121, 288, 0, 298, 616, 0))
2018-03-23 00:06:11.736044;(7, (59012040, 95, 0, 95, 94, 0, 0, 19, 35, 0, 146, 148, 0))
2018-03-23 00:06:11.784202;(24, (59008590, 132, 0, 132, 124, 0, 0, 78, 168, 0, 178, 370, 0))
2018-03-23 00:06:11.827591;(18, (59007720, 79, 0, 79, 78, 0, 0, 45, 2, 0, 97, 125, 0))
2018-03-23 00:07:10.890911;(21, (59007900, 618, 0, 618, 604, 0, 0, 221, 332, 0, 702, 1157, 0))
2018-03-23 00:07:10.946050;(17, (59010180, 167, 0, 167, 164, 0, 0, 32, 122, 0, 205, 318, 0))
2018-03-23 00:07:10.992796;(6, (59008080, 170, 0, 170, 157, 0, 0, 97, 375, 0, 223, 629, 0))
2018-03-23 00:07:11.031788;(15, (59009340, 225, 0, 225, 209, 0, 0, 203, 303, 0, 279, 715, 0))
2018-03-23 00:07:11.088212;(19, (59010270, 595, 0, 595, 571, 0, 0, 229, 645, 0, 680, 1445, 0))
2018-03-23 00:07:11.129022;(2, (59009490, 878, 0, 878, 864, 0, 0, 161, 283, 0, 935, 1308, 0))
2018-03-23 00:07:11.176997;(3, (59007540, 479, 0, 479, 454, 0, 0, 220, 300, 0, 601, 974, 0))
2018-03-23 00:07:11.196437;(13, (59009160, 175, 0, 175, 167, 0, 0, 88, 165, 0, 192, 420, 0))
2018-03-23 00:07:11.265700;(25, (59007540, 162, 0, 162, 154, 0, 0, 69, 181, 0, 200, 404, 0))
2018-03-23 00:07:11.294619;(26, (59008680, 538, 0, 538, 519, 0, 0, 228, 600, 0, 705, 1347, 0))
2018-03-23 00:07:11.319935;(1, (59009130, 1596, 0, 1596, 1526, 0, 0, 727, 1856, 0, 2132, 4109, 0))
2018-03-23 00:07:11.385996;(5, (59009460, 403, 0, 403, 387, 0, 0, 183, 435, 0, 539, 1005, 0))
2018-03-23 00:07:11.417143;(4, (59007450, 138, 0, 138, 133, 0, 0, 51, 137, 0, 183, 321, 0))
2018-03-23 00:07:11.479559;(9, (59009520, 413, 1, 412, 381, 0, 0, 238, 620, 1, 446, 1239, 0))
2018-03-23 00:07:11.489350;(20, (59008650, 188, 0, 188, 186, 0, 0, 62, 69, 0, 290, 317, 0))
2018-03-23 00:07:11.558239;(14, (59010420, 304, 0, 304, 282, 0, 0, 214, 353, 0, 416, 849, 0))
2018-03-23 00:07:11.561492;(8, (59008500, 732, 0, 732, 708, 0, 0, 294, 545, 0, 854, 1547, 0))
2018-03-23 00:07:11.574305;(11, (59009130, 571, 0, 571, 561, 0, 0, 92, 301, 0, 667, 954, 0))
2018-03-23 00:07:11.623432;(22, (59008830, 528, 0, 528, 493, 0, 0, 339, 529, 0, 674, 1361, 0))
2018-03-23 00:07:11.636753;(23, (59008230, 114, 0, 114, 112, 0, 0, 16, 125, 0, 152, 253, 0))
2018-03-23 00:07:11.650113;(12, (59007330, 140, 0, 140, 130, 0, 0, 124, 139, 0, 254, 393, 0))
2018-03-23 00:07:11.716910;(10, (59007030, 706, 0, 706, 698, 0, 0, 146, 360, 0, 742, 1204, 0))
2018-03-23 00:07:11.722213;(16, (59009550, 464, 0, 464, 429, 0, 0, 295, 682, 0, 558, 1406, 0))
2018-03-23 00:07:11.750403;(7, (59008230, 180, 0, 180, 177, 0, 0, 47, 84, 0, 247, 308, 0))
2018-03-23 00:07:11.796676;(24, (59007540, 272, 0, 272, 260, 0, 0, 179, 415, 0, 344, 854, 0))
2018-03-23 00:07:11.841115;(18, (59008980, 171, 0, 171, 169, 0, 0, 83, 29, 0, 197, 281, 0))
2018-03-23 00:08:10.908700;(21, (59009730, 994, 0, 994, 969, 0, 0, 305, 612, 0, 1129, 1886, 0))
2018-03-23 00:08:10.961327;(17, (59008770, 215, 0, 215, 210, 0, 0, 45, 166, 0, 256, 421, 0))
2018-03-23 00:08:11.008062;(6, (59012160, 489, 0, 489, 470, 0, 0, 177, 510, 0, 582, 1158, 0))
2018-03-23 00:08:11.047083;(15, (59008080, 286, 0, 286, 267, 0, 0, 260, 384, 0, 344, 911, 0))
2018-03-23 00:08:11.104153;(19, (59010540, 969, 0, 969, 934, 0, 0, 398, 1098, 0, 1060, 2430, 0))
2018-03-23 00:08:11.143165;(2, (59008920, 1040, 0, 1040, 1023, 0, 0, 203, 358, 0, 1115, 1584, 0))
2018-03-23 00:08:11.190798;(3, (59008830, 561, 0, 561, 527, 0, 0, 267, 399, 0, 705, 1193, 0))
2018-03-23 00:08:11.211609;(13, (59008710, 223, 0, 223, 214, 0, 0, 98, 200, 0, 250, 512, 0))
2018-03-23 00:08:11.276218;(25, (59006730, 207, 0, 207, 197, 0, 0, 91, 203, 0, 259, 491, 0))
2018-03-23 00:08:11.307295;(26, (59010600, 628, 0, 628, 605, 0, 0, 269, 731, 0, 820, 1605, 0))
2018-03-23 00:08:11.330697;(1, (59010180, 2130, 0, 2130, 2034, 0, 0, 963, 2516, 0, 2800, 5513, 0))
2018-03-23 00:08:11.402411;(5, (59009880, 482, 0, 482, 465, 0, 0, 206, 525, 0, 642, 1196, 0))
2018-03-23 00:08:11.432793;(4, (59007420, 185, 0, 185, 179, 0, 0, 57, 167, 0, 242, 403, 0))
2018-03-23 00:08:11.494014;(9, (59009400, 472, 1, 471, 437, 0, 0, 266, 669, 1, 531, 1372, 0))
2018-03-23 00:08:11.506307;(20, (59007780, 228, 0, 228, 224, 0, 0, 81, 92, 0, 352, 397, 0))
2018-03-23 00:08:11.573519;(14, (59009130, 436, 0, 436, 408, 0, 0, 310, 479, 0, 578, 1197, 0))
2018-03-23 00:08:11.574607;(8, (59008950, 1242, 0, 1242, 1200, 0, 0, 448, 1183, 0, 1368, 2831, 0))
2018-03-23 00:08:11.588165;(11, (59009760, 734, 0, 734, 716, 0, 0, 139, 535, 0, 847, 1390, 0))
2018-03-23 00:08:11.637998;(22, (59010780, 718, 0, 718, 678, 0, 0, 385, 675, 0, 888, 1738, 0))
2018-03-23 00:08:11.651352;(23, (59009010, 197, 0, 197, 192, 0, 0, 51, 213, 0, 238, 456, 0))
2018-03-23 00:08:11.665675;(12, (59009910, 185, 0, 185, 174, 0, 0, 155, 157, 0, 308, 486, 0))
2018-03-23 00:08:11.730022;(10, (59008710, 910, 0, 910, 895, 0, 0, 193, 589, 0, 946, 1677, 0))
2018-03-23 00:08:11.736619;(16, (59008380, 504, 0, 504, 468, 0, 0, 298, 735, 0, 616, 1501, 0))
2018-03-23 00:08:11.764442;(7, (59008860, 268, 0, 268, 263, 0, 0, 104, 103, 0, 347, 470, 0))
2018-03-23 00:08:11.808239;(24, (59007210, 537, 0, 537, 515, 0, 0, 351, 667, 0, 613, 1533, 0))
2018-03-23 00:08:11.853504;(18, (59007420, 239, 0, 239, 236, 0, 0, 106, 43, 0, 270, 385, 0))
2018-03-23 00:09:10.924074;(21, (59009760, 1082, 0, 1082, 1052, 0, 0, 361, 711, 0, 1238, 2124, 0))
2018-03-23 00:09:10.976792;(17, (59009520, 293, 0, 293, 286, 0, 0, 78, 217, 0, 349, 581, 0))
2018-03-23 00:09:11.022586;(6, (59007990, 1092, 0, 1092, 1055, 0, 0, 372, 901, 0, 1210, 2328, 0))
2018-03-23 00:09:11.060418;(15, (59008170, 353, 0, 353, 324, 0, 0, 345, 490, 0, 406, 1159, 0))
2018-03-23 00:09:11.117190;(19, (59008350, 1252, 0, 1252, 1201, 0, 0, 536, 1471, 0, 1367, 3208, 0))
2018-03-23 00:09:11.157503;(2, (59007570, 1334, 0, 1334, 1307, 0, 0, 286, 593, 0, 1425, 2186, 0))
2018-03-23 00:09:11.204726;(3, (59009250, 584, 0, 584, 550, 0, 0, 267, 399, 0, 748, 1216, 0))
2018-03-23 00:09:11.225039;(13, (59007750, 277, 0, 277, 264, 0, 0, 128, 288, 0, 304, 680, 0))
2018-03-23 00:09:11.289795;(25, (59007720, 253, 0, 253, 243, 0, 0, 96, 205, 0, 313, 544, 0))
2018-03-23 00:09:11.321366;(26, (59008350, 768, 0, 768, 741, 0, 0, 317, 864, 0, 998, 1922, 0))
2018-03-23 00:09:11.342260;(1, (59008740, 2663, 1, 2662, 2540, 0, 0, 1172, 3160, 1, 3458, 6872, 0))
2018-03-23 00:09:11.417310;(5, (59009550, 575, 2, 573, 552, 0, 0, 254, 635, 2, 754, 1441, 0))
2018-03-23 00:09:11.447719;(4, (59007660, 234, 0, 234, 226, 0, 0, 65, 224, 0, 314, 515, 0))
2018-03-23 00:09:11.510488;(9, (59009070, 543, 1, 542, 500, 0, 0, 328, 826, 1, 619, 1654, 0))
2018-03-23 00:09:11.521752;(20, (59007690, 253, 0, 253, 249, 0, 0, 94, 139, 0, 394, 482, 0))
2018-03-23 00:09:11.586387;(14, (59008230, 547, 0, 547, 513, 0, 0, 401, 636, 0, 698, 1550, 0))
2018-03-23 00:09:11.588646;(8, (59009340, 1521, 0, 1521, 1465, 0, 0, 597, 1503, 0, 1663, 3565, 0))
2018-03-23 00:09:11.602527;(11, (59008320, 973, 0, 973, 951, 0, 0, 165, 675, 0, 1101, 1791, 0))
2018-03-23 00:09:11.652782;(22, (59009730, 915, 0, 915, 867, 0, 0, 460, 872, 0, 1116, 2199, 0))
2018-03-23 00:09:11.665256;(23, (59008500, 290, 0, 290, 283, 0, 0, 97, 302, 0, 344, 682, 0))
2018-03-23 00:09:11.678142;(12, (59009610, 221, 0, 221, 207, 0, 0, 182, 220, 0, 351, 609, 0))
2018-03-23 00:09:11.743092;(10, (59008230, 1216, 0, 1216, 1198, 0, 0, 246, 726, 0, 1252, 2170, 0))
2018-03-23 00:09:11.751555;(16, (59008590, 646, 0, 646, 598, 0, 0, 398, 948, 0, 773, 1944, 0))
2018-03-23 00:09:11.779102;(7, (59008170, 293, 0, 293, 287, 0, 0, 126, 170, 0, 383, 583, 0))
2018-03-23 00:09:11.820456;(24, (59008380, 803, 0, 803, 768, 0, 0, 470, 1031, 0, 871, 2269, 0))
2018-03-23 00:09:11.871972;(18, (59010960, 280, 0, 280, 274, 0, 0, 144, 64, 0, 302, 482, 0))
2018-03-23 00:10:10.939478;(21, (59007690, 1108, 0, 1108, 1077, 0, 0, 366, 751, 0, 1270, 2194, 0))
2018-03-23 00:10:10.991590;(17, (59008020, 388, 0, 388, 379, 0, 0, 98, 315, 0, 448, 792, 0))
2018-03-23 00:10:11.036958;(6, (59007690, 1621, 0, 1621, 1567, 0, 0, 522, 1106, 0, 1753, 3195, 0))
2018-03-23 00:10:11.075010;(15, (59008230, 398, 0, 398, 368, 0, 0, 388, 507, 0, 462, 1263, 0))
2018-03-23 00:10:11.130535;(19, (59009130, 1569, 0, 1569, 1510, 0, 0, 622, 1759, 0, 1698, 3891, 0))
2018-03-23 00:10:11.169475;(2, (59009400, 1539, 0, 1539, 1510, 0, 0, 323, 661, 0, 1633, 2494, 0))
2018-03-23 00:10:11.217061;(3, (59008320, 608, 0, 608, 574, 0, 0, 272, 414, 0, 785, 1260, 0))
2018-03-23 00:10:11.237110;(13, (59007900, 311, 0, 311, 295, 0, 0, 151, 327, 0, 336, 773, 0))
2018-03-23 00:10:11.302090;(25, (59007360, 278, 0, 278, 268, 0, 0, 100, 207, 0, 360, 575, 0))
2018-03-23 00:10:11.332903;(26, (59008470, 831, 0, 831, 800, 0, 0, 338, 939, 0, 1089, 2077, 0))
2018-03-23 00:10:11.351262;(1, (59010390, 3118, 1, 3117, 2976, 0, 0, 1309, 3527, 1, 3985, 7812, 0))
2018-03-23 00:10:11.430483;(5, (59007540, 664, 2, 662, 639, 0, 0, 300, 721, 2, 865, 1660, 0))
2018-03-23 00:10:11.461903;(4, (59008410, 304, 0, 304, 292, 0, 0, 74, 335, 0, 400, 701, 0))
2018-03-23 00:10:11.524790;(9, (59009070, 576, 1, 575, 532, 0, 0, 337, 850, 1, 657, 1719, 0))
2018-03-23 00:10:11.536271;(20, (59007780, 274, 0, 274, 270, 0, 0, 104, 139, 0, 429, 513, 0))
2018-03-23 00:10:11.601215;(8, (59008320, 1880, 0, 1880, 1816, 0, 0, 748, 1738, 0, 2049, 4302, 0))
2018-03-23 00:10:11.601630;(14, (59007780, 587, 0, 587, 551, 0, 0, 438, 696, 0, 748, 1685, 0))
2018-03-23 00:10:11.617688;(11, (59009430, 1091, 0, 1091, 1068, 0, 0, 171, 741, 0, 1238, 1980, 0))
2018-03-23 00:10:11.666379;(22, (59009790, 973, 0, 973, 924, 0, 0, 474, 894, 0, 1177, 2292, 0))
2018-03-23 00:10:11.680739;(23, (59007120, 332, 0, 332, 325, 0, 0, 106, 311, 0, 394, 742, 0))
2018-03-23 00:10:11.689684;(12, (59010630, 231, 0, 231, 215, 0, 0, 196, 234, 0, 371, 645, 0))
2018-03-23 00:10:11.758046;(10, (59009040, 1378, 0, 1378, 1359, 0, 0, 285, 749, 0, 1416, 2393, 0))
2018-03-23 00:10:11.764325;(16, (59010360, 680, 0, 680, 630, 0, 0, 426, 982, 0, 819, 2038, 0))
2018-03-23 00:10:11.791924;(7, (59007990, 331, 0, 331, 323, 0, 0, 137, 203, 0, 425, 663, 0))
2018-03-23 00:10:11.833171;(24, (59008290, 1026, 0, 1026, 986, 0, 0, 529, 1288, 0, 1100, 2803, 0))
2018-03-23 00:10:11.890054;(18, (59009970, 310, 0, 310, 304, 0, 0, 151, 64, 0, 327, 519, 0))
2018-03-23 00:11:10.954408;(21, (59007810, 1180, 0, 1180, 1149, 0, 0, 382, 790, 0, 1361, 2321, 0))
2018-03-23 00:11:11.005551;(17, (59008110, 525, 0, 525, 514, 0, 0, 121, 407, 0, 594, 1042, 0))
2018-03-23 00:11:11.053535;(6, (59007210, 2169, 0, 2169, 2098, 0, 0, 669, 1409, 0, 2318, 4176, 0))
2018-03-23 00:11:11.089296;(15, (59008380, 461, 0, 461, 429, 0, 0, 428, 582, 0, 533, 1439, 0))
2018-03-23 00:11:11.145902;(19, (59008650, 1890, 1, 1889, 1817, 0, 0, 777, 2162, 1, 2020, 4756, 0))
2018-03-23 00:11:11.181568;(2, (59008020, 1753, 0, 1753, 1723, 0, 0, 395, 714, 0, 1856, 2832, 0))
2018-03-23 00:11:11.229793;(3, (59009670, 682, 0, 682, 646, 0, 0, 296, 424, 0, 875, 1366, 0))
2018-03-23 00:11:11.249327;(13, (59007960, 352, 0, 352, 335, 0, 0, 170, 347, 0, 381, 852, 0))
2018-03-23 00:11:11.315477;(25, (59006910, 333, 0, 333, 321, 0, 0, 115, 300, 0, 425, 736, 0))
2018-03-23 00:11:11.347633;(26, (59008620, 928, 0, 928, 894, 0, 0, 349, 1026, 0, 1228, 2269, 0))
2018-03-23 00:11:11.362243;(1, (59008980, 3654, 1, 3653, 3488, 0, 0, 1478, 4077, 1, 4622, 9043, 0))
2018-03-23 00:11:11.443448;(5, (59007120, 721, 2, 719, 695, 0, 0, 316, 782, 2, 955, 1793, 0))
2018-03-23 00:11:11.475822;(4, (59007390, 411, 0, 411, 395, 0, 0, 87, 475, 0, 523, 957, 0))
2018-03-23 00:11:11.538833;(9, (59008950, 623, 1, 622, 575, 0, 0, 372, 913, 1, 730, 1860, 0))
2018-03-23 00:11:11.553880;(20, (59007690, 296, 0, 296, 291, 0, 0, 112, 142, 0, 465, 545, 0))
2018-03-23 00:11:11.615367;(14, (59017230, 708, 0, 708, 667, 0, 0, 503, 932, 0, 893, 2102, 0))
2018-03-23 00:11:11.617477;(8, (59008500, 2140, 0, 2140, 2067, 0, 0, 851, 1975, 0, 2333, 4893, 0))
2018-03-23 00:11:11.630080;(11, (59008440, 1273, 0, 1273, 1240, 0, 0, 210, 994, 0, 1423, 2444, 0))
2018-03-23 00:11:11.680609;(22, (59010390, 1147, 0, 1147, 1094, 0, 0, 524, 1006, 0, 1361, 2624, 0))
2018-03-23 00:11:11.693975;(23, (59007210, 361, 0, 361, 354, 0, 0, 116, 319, 0, 424, 789, 0))
2018-03-23 00:11:11.703616;(12, (59008200, 287, 0, 287, 267, 0, 0, 237, 308, 0, 432, 812, 0))
2018-03-23 00:11:11.773708;(10, (59017080, 1612, 0, 1612, 1591, 0, 0, 359, 986, 0, 1637, 2936, 0))
2018-03-23 00:11:11.776130;(16, (59008560, 896, 0, 896, 840, 0, 0, 519, 1118, 0, 1065, 2477, 0))
2018-03-23 00:11:11.804724;(7, (59011320, 434, 0, 434, 426, 0, 0, 166, 221, 0, 531, 813, 0))
2018-03-23 00:11:11.845998;(24, (59007900, 1288, 0, 1288, 1239, 0, 0, 669, 1610, 0, 1377, 3518, 0))
2018-03-23 00:11:11.906558;(18, (59010090, 375, 0, 375, 368, 0, 0, 171, 83, 0, 411, 622, 0))
2018-03-23 00:12:10.969326;(21, (59008170, 1227, 0, 1227, 1194, 0, 0, 398, 852, 0, 1429, 2444, 0))
2018-03-23 00:12:11.021296;(17, (59008440, 642, 0, 642, 631, 0, 0, 137, 442, 0, 709, 1210, 0))
2018-03-23 00:12:11.069516;(6, (59010720, 2704, 0, 2704, 2617, 0, 0, 800, 1641, 0, 2882, 5058, 0))
2018-03-23 00:12:11.104412;(15, (59008410, 514, 0, 514, 479, 0, 0, 483, 611, 0, 597, 1573, 0))
2018-03-23 00:12:11.159862;(19, (59008230, 2128, 1, 2127, 2041, 0, 0, 909, 2386, 1, 2272, 5336, 0))
2018-03-23 00:12:11.194912;(2, (59007660, 1998, 0, 1998, 1960, 0, 0, 524, 883, 0, 2110, 3367, 0))
2018-03-23 00:12:11.242919;(3, (59010510, 796, 0, 796, 758, 0, 0, 339, 455, 0, 1013, 1552, 0))
2018-03-23 00:12:11.263218;(13, (59007660, 401, 0, 401, 383, 0, 0, 183, 359, 0, 431, 925, 0))
2018-03-23 00:12:11.329330;(25, (59007870, 377, 0, 377, 364, 0, 0, 128, 317, 0, 489, 809, 0))
2018-03-23 00:12:11.359044;(26, (59008230, 986, 0, 986, 951, 0, 0, 366, 1032, 0, 1316, 2349, 0))
2018-03-23 00:12:11.373225;(1, (59008170, 4169, 1, 4168, 3986, 0, 0, 1641, 4470, 1, 5226, 10097, 0))
2018-03-23 00:12:11.455854;(5, (59010090, 761, 2, 759, 733, 0, 0, 335, 810, 2, 1028, 1878, 0))
2018-03-23 00:12:11.489249;(4, (59009010, 491, 0, 491, 471, 0, 0, 93, 589, 0, 623, 1153, 0))
2018-03-23 00:12:11.554007;(9, (59007870, 660, 1, 659, 612, 0, 0, 388, 930, 1, 787, 1930, 0))
2018-03-23 00:12:11.571092;(20, (59007240, 318, 0, 318, 312, 0, 0, 119, 179, 0, 507, 610, 0))
2018-03-23 00:12:11.629573;(14, (59008770, 778, 0, 778, 735, 0, 0, 537, 1074, 0, 990, 2346, 0))
2018-03-23 00:12:11.632606;(8, (59008590, 2498, 0, 2498, 2417, 0, 0, 969, 2362, 0, 2720, 5748, 0))
2018-03-23 00:12:11.648493;(11, (59009040, 1428, 0, 1428, 1393, 0, 0, 226, 1056, 0, 1592, 2675, 0))
2018-03-23 00:12:11.692262;(22, (59008410, 1261, 0, 1261, 1206, 0, 0, 554, 1128, 0, 1480, 2888, 0))
2018-03-23 00:12:11.707294;(23, (59007030, 432, 0, 432, 423, 0, 0, 137, 418, 0, 493, 978, 0))
2018-03-23 00:12:11.716691;(12, (59009310, 320, 0, 320, 299, 0, 0, 249, 322, 0, 489, 870, 0))
2018-03-23 00:12:11.786304;(10, (59010690, 1809, 0, 1809, 1784, 0, 0, 448, 1136, 0, 1836, 3368, 0))
2018-03-23 00:12:11.789949;(16, (59007150, 1088, 0, 1088, 1017, 0, 0, 640, 1423, 0, 1285, 3080, 0))
2018-03-23 00:12:11.816331;(7, (59009970, 462, 0, 462, 454, 0, 0, 186, 252, 0, 566, 892, 0))
2018-03-23 00:12:11.860675;(24, (59007030, 1484, 0, 1484, 1431, 0, 0, 770, 1848, 0, 1587, 4049, 0))
2018-03-23 00:12:11.923070;(18, (59008800, 413, 0, 413, 405, 0, 0, 197, 83, 0, 442, 685, 0))
2018-03-23 00:13:10.984116;(21, (59006640, 1496, 0, 1496, 1461, 0, 0, 435, 915, 0, 1716, 2811, 0))
2018-03-23 00:13:11.036477;(17, (59006910, 752, 0, 752, 740, 0, 0, 159, 480, 0, 827, 1379, 0))
2018-03-23 00:13:11.083637;(6, (59007870, 3052, 0, 3052, 2959, 0, 0, 868, 1757, 0, 3255, 5584, 0))
2018-03-23 00:13:11.119315;(15, (59007540, 570, 0, 570, 534, 0, 0, 533, 638, 0, 665, 1705, 0))
2018-03-23 00:13:11.173349;(19, (59008110, 2341, 1, 2340, 2244, 0, 0, 1008, 2594, 1, 2505, 5846, 0))
2018-03-23 00:13:11.209079;(2, (59008290, 2183, 0, 2183, 2141, 0, 0, 580, 1018, 0, 2306, 3739, 0))
2018-03-23 00:13:11.257750;(3, (59008860, 845, 0, 845, 806, 0, 0, 359, 469, 0, 1083, 1634, 0))
2018-03-23 00:13:11.275843;(13, (59006790, 452, 0, 452, 434, 0, 0, 194, 406, 0, 490, 1034, 0))
2018-03-23 00:13:11.340998;(25, (59006970, 426, 0, 426, 412, 0, 0, 136, 377, 0, 549, 925, 0))
2018-03-23 00:13:11.369900;(26, (59007510, 1040, 0, 1040, 1005, 0, 0, 373, 1056, 0, 1393, 2434, 0))
2018-03-23 00:13:11.383340;(1, (59008170, 4643, 1, 4642, 4439, 0, 0, 1830, 4815, 1, 5796, 11084, 0))
2018-03-23 00:13:11.469960;(5, (59008020, 822, 2, 820, 793, 0, 0, 360, 864, 2, 1120, 2017, 0))
2018-03-23 00:13:11.502558;(4, (59011770, 562, 0, 562, 540, 0, 0, 108, 668, 0, 712, 1316, 0))
2018-03-23 00:13:11.565746;(9, (59007120, 677, 1, 676, 629, 0, 0, 398, 943, 1, 821, 1970, 0))
2018-03-23 00:13:11.584521;(20, (59008020, 341, 0, 341, 335, 0, 0, 122, 186, 0, 547, 643, 0))
2018-03-23 00:13:11.641820;(14, (59009970, 818, 0, 818, 774, 0, 0, 552, 1179, 0, 1043, 2505, 0))
2018-03-23 00:13:11.650939;(8, (59009130, 2873, 0, 2873, 2787, 0, 0, 1040, 2649, 0, 3114, 6476, 0))
2018-03-23 00:13:11.665821;(11, (59008590, 1567, 0, 1567, 1531, 0, 0, 232, 1132, 0, 1745, 2895, 0))
2018-03-23 00:13:11.706158;(22, (59007810, 1304, 0, 1304, 1248, 0, 0, 561, 1165, 0, 1532, 2974, 0))
2018-03-23 00:13:11.720695;(23, (59007420, 524, 0, 524, 512, 0, 0, 168, 534, 0, 597, 1214, 0))
2018-03-23 00:13:11.731514;(12, (59007690, 350, 0, 350, 328, 0, 0, 261, 347, 0, 536, 936, 0))
2018-03-23 00:13:11.797303;(10, (59008230, 1986, 0, 1986, 1959, 0, 0, 503, 1225, 0, 2005, 3687, 0))
2018-03-23 00:13:11.803769;(16, (59007930, 1263, 0, 1263, 1186, 0, 0, 712, 1628, 0, 1466, 3526, 0))
2018-03-23 00:13:11.828572;(7, (59007840, 493, 0, 493, 484, 0, 0, 203, 294, 0, 595, 981, 0))
2018-03-23 00:13:11.875500;(24, (59008200, 1678, 0, 1678, 1620, 0, 0, 864, 2035, 0, 1804, 4519, 0))
2018-03-23 00:13:11.939382;(18, (59014470, 449, 0, 449, 439, 0, 0, 218, 94, 0, 475, 751, 0))
2018-03-23 00:14:10.998451;(21, (59006190, 1629, 0, 1629, 1592, 0, 0, 459, 974, 0, 1869, 3025, 0))
2018-03-23 00:14:11.054113;(17, (59007810, 826, 0, 826, 813, 0, 0, 187, 564, 0, 902, 1564, 0))
2018-03-23 00:14:11.099724;(6, (59006850, 3615, 0, 3615, 3510, 0, 0, 1020, 2054, 0, 3845, 6584, 0))
2018-03-23 00:14:11.134654;(15, (59007870, 633, 0, 633, 594, 0, 0, 592, 712, 0, 734, 1898, 0))
2018-03-23 00:14:11.187671;(19, (59007390, 2647, 1, 2646, 2541, 0, 0, 1129, 2875, 1, 2831, 6545, 0))
2018-03-23 00:14:11.221528;(2, (59008140, 2423, 0, 2423, 2379, 0, 0, 652, 1087, 0, 2556, 4118, 0))
2018-03-23 00:14:11.271475;(3, (59007330, 866, 0, 866, 827, 0, 0, 360, 472, 0, 1123, 1659, 0))
2018-03-23 00:14:11.287985;(13, (59008140, 493, 0, 493, 474, 0, 0, 201, 461, 0, 533, 1136, 0))
2018-03-23 00:14:11.353294;(25, (59006910, 476, 0, 476, 459, 0, 0, 161, 438, 0, 613, 1058, 0))
2018-03-23 00:14:11.381615;(26, (59008110, 1126, 0, 1126, 1087, 0, 0, 400, 1146, 0, 1503, 2633, 0))
2018-03-23 00:14:11.394130;(1, (59008260, 5172, 1, 5171, 4940, 0, 0, 2022, 5393, 1, 6428, 12355, 0))
2018-03-23 00:14:11.485037;(5, (59007900, 954, 2, 952, 921, 0, 0, 431, 965, 2, 1271, 2317, 0))
2018-03-23 00:14:11.518267;(4, (59008020, 611, 0, 611, 588, 0, 0, 110, 703, 0, 773, 1401, 0))
2018-03-23 00:14:11.580092;(9, (59007390, 714, 1, 713, 663, 0, 0, 427, 1005, 1, 876, 2095, 0))
2018-03-23 00:14:11.599116;(20, (59007270, 361, 0, 361, 355, 0, 0, 125, 193, 0, 585, 673, 0))
2018-03-23 00:14:11.657188;(14, (59007840, 871, 0, 871, 827, 0, 0, 561, 1247, 0, 1110, 2635, 0))
2018-03-23 00:14:11.666591;(8, (59008350, 3325, 0, 3325, 3220, 0, 0, 1198, 3185, 0, 3572, 7603, 0))
2018-03-23 00:14:11.681499;(11, (59009010, 1796, 0, 1796, 1751, 0, 0, 280, 1408, 0, 1976, 3439, 0))
2018-03-23 00:14:11.720723;(22, (59007270, 1385, 0, 1385, 1324, 0, 0, 594, 1219, 0, 1625, 3137, 0))
2018-03-23 00:14:11.736264;(23, (59007870, 637, 0, 637, 623, 0, 0, 194, 570, 0, 728, 1387, 0))
2018-03-23 00:14:11.745263;(12, (59007840, 390, 0, 390, 366, 0, 0, 292, 408, 0, 577, 1066, 0))
2018-03-23 00:14:11.808473;(10, (59008020, 2251, 0, 2251, 2219, 0, 0, 567, 1442, 0, 2273, 4228, 0))
2018-03-23 00:14:11.816798;(16, (59007540, 1339, 0, 1339, 1258, 0, 0, 738, 1724, 0, 1574, 3720, 0))
2018-03-23 00:14:11.840987;(7, (59010720, 547, 0, 547, 538, 0, 0, 220, 328, 0, 657, 1086, 0))
2018-03-23 00:14:11.892247;(24, (59007540, 1868, 0, 1868, 1804, 0, 0, 969, 2285, 0, 2003, 5058, 0))
2018-03-23 00:14:11.953973;(18, (59008740, 492, 0, 492, 481, 0, 0, 229, 105, 0, 508, 815, 0))
2018-03-23 00:15:11.012317;(21, (59006250, 1652, 0, 1652, 1615, 0, 0, 462, 974, 0, 1904, 3051, 0))
2018-03-23 00:15:11.068607;(17, (59008470, 885, 0, 885, 870, 0, 0, 204, 607, 0, 967, 1681, 0))
2018-03-23 00:15:11.114974;(6, (59008200, 4022, 0, 4022, 3906, 0, 0, 1121, 2224, 0, 4284, 7251, 0))
2018-03-23 00:15:11.150267;(15, (59009010, 693, 0, 693, 651, 0, 0, 647, 778, 0, 802, 2076, 0))
2018-03-23 00:15:11.201027;(19, (59007300, 2889, 1, 2888, 2770, 0, 0, 1208, 3192, 1, 3098, 7170, 0))
2018-03-23 00:15:11.236336;(2, (59007990, 2711, 0, 2711, 2661, 0, 0, 754, 1299, 0, 2845, 4714, 0))
2018-03-23 00:15:11.285029;(3, (59007120, 888, 0, 888, 847, 0, 0, 375, 501, 0, 1155, 1723, 0))
2018-03-23 00:15:11.302117;(13, (59007150, 559, 0, 559, 536, 0, 0, 215, 545, 0, 602, 1296, 0))
2018-03-23 00:15:11.365291;(25, (59007000, 534, 0, 534, 513, 0, 0, 196, 536, 0, 690, 1245, 0))
2018-03-23 00:15:11.392793;(26, (59007060, 1190, 0, 1190, 1148, 0, 0, 416, 1283, 0, 1594, 2847, 0))
2018-03-23 00:15:11.405365;(1, (59017260, 5667, 1, 5666, 5417, 0, 0, 2163, 5872, 1, 7028, 13452, 0))
2018-03-23 00:15:11.498213;(5, (59006700, 1073, 2, 1071, 1031, 0, 0, 509, 1123, 2, 1419, 2663, 0))
2018-03-23 00:15:11.532815;(4, (59008050, 667, 0, 667, 641, 0, 0, 138, 777, 0, 855, 1556, 0))
2018-03-23 00:15:11.594194;(9, (59007900, 757, 1, 756, 704, 0, 0, 460, 1034, 1, 935, 2198, 0))
2018-03-23 00:15:11.613578;(20, (59007360, 471, 0, 471, 462, 0, 0, 158, 252, 0, 739, 872, 0))
2018-03-23 00:15:11.671140;(14, (59009250, 922, 0, 922, 875, 0, 0, 579, 1324, 0, 1171, 2778, 0))
2018-03-23 00:15:11.680760;(8, (59009490, 3778, 0, 3778, 3669, 0, 0, 1346, 3544, 0, 4018, 8559, 0))
2018-03-23 00:15:11.695580;(11, (59008980, 1992, 0, 1992, 1939, 0, 0, 361, 1566, 0, 2181, 3866, 0))
2018-03-23 00:15:11.736920;(22, (59007120, 1429, 0, 1429, 1367, 0, 0, 605, 1244, 0, 1679, 3216, 0))
2018-03-23 00:15:11.752122;(23, (59007300, 695, 0, 695, 679, 0, 0, 201, 625, 0, 786, 1505, 0))
2018-03-23 00:15:11.762396;(12, (59006730, 425, 0, 425, 399, 0, 0, 318, 467, 0, 623, 1184, 0))
2018-03-23 00:15:11.820360;(10, (59007120, 2497, 0, 2497, 2461, 0, 0, 628, 1629, 0, 2530, 4718, 0))
2018-03-23 00:15:11.830732;(16, (59007090, 1409, 0, 1409, 1326, 0, 0, 751, 1811, 0, 1660, 3888, 0))
2018-03-23 00:15:11.853466;(7, (59008200, 676, 0, 676, 667, 0, 0, 254, 357, 0, 812, 1278, 0))
2018-03-23 00:15:11.906428;(24, (59006910, 2073, 0, 2073, 2002, 0, 0, 1048, 2486, 0, 2226, 5536, 0))
2018-03-23 00:15:11.969108;(18, (59007480, 566, 0, 566, 551, 0, 0, 270, 200, 0, 581, 1021, 0))
2018-03-23 00:16:11.027119;(21, (59016960, 1826, 0, 1826, 1788, 0, 0, 484, 986, 0, 2103, 3258, 0))
2018-03-23 00:16:11.083576;(17, (59009220, 959, 0, 959, 944, 0, 0, 207, 643, 0, 1054, 1794, 0))
2018-03-23 00:16:11.130573;(6, (59007390, 4061, 0, 4061, 3944, 0, 0, 1132, 2270, 0, 4338, 7346, 0))
2018-03-23 00:16:11.165126;(15, (59012040, 792, 0, 792, 749, 0, 0, 690, 831, 0, 911, 2270, 0))
2018-03-23 00:16:11.214529;(19, (59012790, 3143, 1, 3142, 3012, 0, 0, 1292, 3552, 1, 3359, 7856, 0))
2018-03-23 00:16:11.249861;(2, (59009370, 2928, 0, 2928, 2872, 0, 0, 837, 1378, 0, 3084, 5087, 0))
2018-03-23 00:16:11.298055;(3, (59008020, 910, 0, 910, 867, 0, 0, 388, 513, 0, 1185, 1768, 0))
2018-03-23 00:16:11.316207;(13, (59007450, 597, 0, 597, 574, 0, 0, 215, 567, 0, 657, 1356, 0))
2018-03-23 00:16:11.376432;(25, (59012940, 575, 0, 575, 553, 0, 0, 208, 607, 0, 753, 1368, 0))
2018-03-23 00:16:11.405289;(26, (59018940, 1229, 0, 1229, 1186, 0, 0, 419, 1312, 0, 1658, 2917, 0))
2018-03-23 00:16:11.416199;(1, (59012580, 6168, 1, 6167, 5902, 0, 0, 2337, 6363, 1, 7621, 14602, 0))
2018-03-23 00:16:11.513330;(5, (59008140, 1176, 2, 1174, 1129, 0, 0, 554, 1272, 2, 1537, 2955, 0))
2018-03-23 00:16:11.544746;(4, (59006880, 732, 0, 732, 704, 0, 0, 146, 836, 0, 923, 1686, 0))
2018-03-23 00:16:11.607558;(9, (59006880, 790, 1, 789, 735, 0, 0, 474, 1080, 1, 982, 2289, 0))
2018-03-23 00:16:11.626751;(20, (59015280, 500, 0, 500, 491, 0, 0, 162, 268, 0, 787, 921, 0))
2018-03-23 00:16:11.685348;(14, (59007420, 981, 0, 981, 933, 0, 0, 590, 1395, 0, 1250, 2918, 0))
2018-03-23 00:16:11.697657;(8, (59010450, 4298, 0, 4298, 4182, 0, 0, 1461, 3863, 0, 4536, 9506, 0))
2018-03-23 00:16:11.712589;(11, (59015520, 2113, 0, 2113, 2053, 0, 0, 376, 1734, 0, 2313, 4163, 0))
2018-03-23 00:16:11.752494;(22, (59012280, 1462, 0, 1462, 1400, 0, 0, 607, 1264, 0, 1720, 3271, 0))
2018-03-23 00:16:11.769335;(23, (59012310, 724, 0, 724, 707, 0, 0, 206, 635, 0, 826, 1548, 0))
2018-03-23 00:16:11.778878;(12, (59010390, 462, 0, 462, 435, 0, 0, 337, 498, 0, 671, 1270, 0))
2018-03-23 00:16:11.832875;(10, (59009880, 2676, 0, 2676, 2637, 0, 0, 664, 1787, 0, 2696, 5088, 0))
2018-03-23 00:16:11.845212;(16, (59010660, 1501, 0, 1501, 1418, 0, 0, 766, 1879, 0, 1769, 4063, 0))
2018-03-23 00:16:11.866877;(7, (59014050, 785, 0, 785, 776, 0, 0, 268, 377, 0, 924, 1421, 0))
2018-03-23 00:16:11.921796;(24, (59011830, 2296, 0, 2296, 2218, 0, 0, 1123, 2808, 0, 2468, 6149, 0))
2018-03-23 00:16:11.984102;(18, (59007210, 637, 0, 637, 621, 0, 0, 292, 234, 0, 658, 1147, 0))
2018-03-23 00:17:11.040688;(21, (59009340, 1896, 0, 1896, 1858, 0, 0, 487, 986, 0, 2223, 3331, 0))
2018-03-23 00:17:11.095091;(17, (59020800, 1011, 0, 1011, 996, 0, 0, 208, 659, 0, 1103, 1863, 0))
2018-03-23 00:17:11.144581;(6, (59018070, 4129, 0, 4129, 4012, 0, 0, 1132, 2270, 0, 4412, 7414, 0))
2018-03-23 00:17:11.176784;(15, (59019870, 874, 0, 874, 826, 0, 0, 720, 898, 0, 989, 2444, 0))
2018-03-23 00:17:11.225564;(19, (59014380, 3381, 1, 3380, 3248, 0, 0, 1327, 3642, 1, 3606, 8217, 0))
2018-03-23 00:17:11.264009;(2, (59015580, 3084, 0, 3084, 3027, 0, 0, 882, 1407, 0, 3256, 5316, 0))
2018-03-23 00:17:11.310328;(3, (59008770, 932, 0, 932, 889, 0, 0, 388, 513, 0, 1213, 1790, 0))
2018-03-23 00:17:11.328213;(13, (59007750, 621, 0, 621, 598, 0, 0, 215, 570, 0, 690, 1383, 0))
2018-03-23 00:17:11.387035;(25, (59014830, 595, 0, 595, 573, 0, 0, 208, 621, 0, 774, 1402, 0))
2018-03-23 00:17:11.419037;(26, (59015580, 1266, 0, 1266, 1222, 0, 0, 423, 1347, 0, 1706, 2992, 0))
2018-03-23 00:17:11.426780;(1, (59008590, 6642, 1, 6641, 6353, 0, 0, 2535, 6632, 1, 8157, 15520, 0))
2018-03-23 00:17:11.528703;(5, (59016120, 1242, 2, 1240, 1192, 0, 0, 576, 1330, 2, 1623, 3098, 0))
2018-03-23 00:17:11.559389;(4, (59017110, 759, 0, 759, 729, 0, 0, 150, 900, 0, 949, 1779, 0))
2018-03-23 00:17:11.616981;(9, (59008110, 804, 1, 803, 748, 0, 0, 483, 1097, 1, 1007, 2328, 0))
2018-03-23 00:17:11.638118;(20, (59020860, 563, 0, 563, 553, 0, 0, 174, 280, 0, 868, 1007, 0))
2018-03-23 00:17:11.701321;(14, (59009490, 1026, 0, 1026, 974, 0, 0, 620, 1419, 0, 1293, 3013, 0))
2018-03-23 00:17:11.713363;(8, (59017560, 4785, 0, 4785, 4666, 0, 0, 1534, 4026, 0, 5023, 10226, 0))
2018-03-23 00:17:11.725152;(11, (59012790, 2213, 0, 2213, 2153, 0, 0, 380, 1774, 0, 2406, 4307, 0))
2018-03-23 00:17:11.768259;(22, (59018340, 1486, 0, 1486, 1424, 0, 0, 608, 1264, 0, 1750, 3296, 0))
2018-03-23 00:17:11.785184;(23, (59020800, 768, 0, 768, 750, 0, 0, 220, 666, 0, 883, 1636, 0))
2018-03-23 00:17:11.796242;(12, (59020620, 501, 0, 501, 471, 0, 0, 360, 528, 0, 711, 1359, 0))
2018-03-23 00:17:11.845845;(10, (59009550, 2825, 0, 2825, 2786, 0, 0, 705, 1877, 0, 2845, 5368, 0))
2018-03-23 00:17:11.863411;(16, (59007720, 1573, 0, 1573, 1489, 0, 0, 786, 1919, 0, 1852, 4194, 0))
2018-03-23 00:17:11.880491;(7, (59016510, 867, 0, 867, 857, 0, 0, 283, 423, 0, 1014, 1563, 0))
2018-03-23 00:17:11.933121;(24, (59016780, 2506, 0, 2506, 2420, 0, 0, 1227, 3129, 0, 2663, 6776, 0))
2018-03-23 00:17:11.997440;(18, (59015520, 734, 0, 734, 716, 0, 0, 321, 277, 0, 749, 1314, 0))
2018-03-23 00:18:11.053200;(21, (59010030, 1934, 0, 1934, 1895, 0, 0, 491, 1008, 0, 2282, 3394, 0))
2018-03-23 00:18:11.107215;(17, (59010390, 1133, 0, 1133, 1116, 0, 0, 270, 814, 0, 1231, 2200, 0))
2018-03-23 00:18:11.156597;(6, (59009040, 4173, 0, 4173, 4056, 0, 0, 1144, 2270, 0, 4474, 7470, 0))
2018-03-23 00:18:11.187264;(15, (59012250, 981, 0, 981, 927, 0, 0, 793, 1018, 0, 1105, 2738, 0))
2018-03-23 00:18:11.236204;(19, (59013840, 3645, 1, 3644, 3496, 0, 0, 1440, 3916, 1, 3898, 8852, 0))
2018-03-23 00:18:11.277906;(2, (59014320, 3193, 0, 3193, 3132, 0, 0, 932, 1517, 0, 3387, 5581, 0))
2018-03-23 00:18:11.323646;(3, (59018910, 963, 0, 963, 919, 0, 0, 401, 524, 0, 1256, 1844, 0))
2018-03-23 00:18:11.341950;(13, (59018130, 674, 0, 674, 649, 0, 0, 227, 629, 0, 762, 1505, 0))
2018-03-23 00:18:11.398462;(25, (59012610, 665, 0, 665, 641, 0, 0, 218, 688, 0, 868, 1547, 0))
2018-03-23 00:18:11.432582;(26, (59012070, 1349, 0, 1349, 1302, 0, 0, 465, 1496, 0, 1826, 3263, 0))
2018-03-23 00:18:11.438061;(1, (59007990, 7125, 1, 7124, 6815, 0, 0, 2751, 7097, 1, 8744, 16663, 0))
2018-03-23 00:18:11.542517;(5, (59009850, 1369, 2, 1367, 1309, 0, 0, 644, 1556, 2, 1773, 3509, 0))
2018-03-23 00:18:11.573833;(4, (59018790, 816, 0, 816, 784, 0, 0, 160, 1000, 0, 1005, 1944, 0))
2018-03-23 00:18:11.627858;(9, (59017980, 833, 1, 832, 773, 0, 0, 502, 1149, 1, 1056, 2424, 0))
2018-03-23 00:18:11.651331;(20, (59010060, 615, 0, 615, 605, 0, 0, 193, 305, 0, 943, 1103, 0))
2018-03-23 00:18:11.714062;(14, (59016510, 1084, 0, 1084, 1030, 0, 0, 631, 1538, 0, 1376, 3199, 0))
2018-03-23 00:18:11.727657;(8, (59017620, 5261, 0, 5261, 5127, 0, 0, 1676, 4291, 0, 5517, 11094, 0))
2018-03-23 00:18:11.739856;(11, (59008860, 2371, 0, 2371, 2303, 0, 0, 419, 1973, 0, 2564, 4695, 0))
2018-03-23 00:18:11.781450;(22, (59010360, 1521, 0, 1521, 1457, 0, 0, 625, 1287, 0, 1798, 3369, 0))
2018-03-23 00:18:11.798130;(23, (59010630, 944, 0, 944, 919, 0, 0, 280, 820, 0, 1056, 2019, 0))
2018-03-23 00:18:11.808266;(12, (59014500, 544, 0, 544, 514, 0, 0, 377, 572, 0, 765, 1463, 0))
2018-03-23 00:18:11.860179;(10, (59009520, 3020, 0, 3020, 2974, 0, 0, 753, 2080, 0, 3041, 5807, 0))
2018-03-23 00:18:11.878691;(16, (59012070, 1648, 0, 1648, 1563, 0, 0, 803, 1973, 0, 1952, 4339, 0))
2018-03-23 00:18:11.896383;(7, (59012550, 1040, 0, 1040, 1027, 0, 0, 317, 480, 0, 1199, 1824, 0))
2018-03-23 00:18:11.945357;(24, (59009730, 2738, 0, 2738, 2645, 0, 0, 1385, 3367, 0, 2932, 7397, 0))
2018-03-23 00:18:12.010519;(18, (59009310, 819, 0, 819, 798, 0, 0, 350, 303, 0, 842, 1451, 0))
2018-03-23 00:19:11.067855;(21, (59007870, 1954, 0, 1954, 1915, 0, 0, 494, 1019, 0, 2313, 3428, 0))
2018-03-23 00:19:11.121248;(17, (59009610, 1184, 0, 1184, 1162, 0, 0, 314, 837, 0, 1291, 2313, 0))
2018-03-23 00:19:11.168368;(6, (59009340, 4292, 0, 4292, 4171, 0, 0, 1183, 2366, 0, 4613, 7720, 0))
2018-03-23 00:19:11.200243;(15, (59009430, 1040, 0, 1040, 982, 0, 0, 847, 1121, 0, 1174, 2950, 0))
2018-03-23 00:19:11.249843;(19, (59009610, 4026, 1, 4025, 3866, 0, 0, 1583, 4233, 1, 4286, 9682, 0))
2018-03-23 00:19:11.290543;(2, (59017950, 3351, 0, 3351, 3286, 0, 0, 1027, 1524, 0, 3555, 5837, 0))
2018-03-23 00:19:11.335928;(3, (59009550, 1055, 0, 1055, 1009, 0, 0, 423, 547, 0, 1361, 1979, 0))
2018-03-23 00:19:11.355868;(13, (59009400, 730, 0, 730, 704, 0, 0, 233, 658, 0, 836, 1595, 0))
2018-03-23 00:19:11.410941;(25, (59009760, 734, 0, 734, 707, 0, 0, 235, 751, 0, 952, 1693, 0))
2018-03-23 00:19:11.444682;(26, (59010480, 1427, 0, 1427, 1379, 0, 0, 478, 1568, 0, 1933, 3425, 0))
2018-03-23 00:19:11.448914;(1, (59007510, 7654, 1, 7653, 7307, 0, 0, 3074, 7691, 1, 9363, 18072, 0))
2018-03-23 00:19:11.558332;(5, (59012670, 1424, 2, 1422, 1362, 0, 0, 661, 1639, 2, 1852, 3662, 0))
2018-03-23 00:19:11.587152;(4, (59009610, 848, 0, 848, 814, 0, 0, 174, 1034, 0, 1054, 2022, 0))
2018-03-23 00:19:11.642527;(9, (59010030, 875, 1, 874, 813, 0, 0, 523, 1183, 1, 1116, 2519, 0))
2018-03-23 00:19:11.666800;(20, (59009610, 638, 0, 638, 627, 0, 0, 204, 328, 0, 972, 1159, 0))
2018-03-23 00:19:11.726499;(14, (59009520, 1140, 0, 1140, 1084, 0, 0, 640, 1647, 0, 1443, 3371, 0))
2018-03-23 00:19:11.741815;(8, (59008980, 5730, 0, 5730, 5577, 0, 0, 1896, 4640, 0, 6002, 12113, 0))
2018-03-23 00:19:11.753627;(11, (59008410, 2467, 0, 2467, 2393, 0, 0, 443, 2092, 0, 2668, 4928, 0))
2018-03-23 00:19:11.794231;(22, (59009670, 1563, 0, 1563, 1496, 0, 0, 652, 1356, 0, 1864, 3504, 0))
2018-03-23 00:19:11.811617;(23, (59009850, 981, 0, 981, 956, 0, 0, 286, 820, 0, 1097, 2062, 0))
2018-03-23 00:19:11.824168;(12, (59007240, 621, 0, 621, 586, 0, 0, 436, 634, 0, 849, 1656, 0))
2018-03-23 00:19:11.875966;(10, (59009670, 3154, 0, 3154, 3107, 0, 0, 783, 2207, 0, 3182, 6097, 0))
2018-03-23 00:19:11.898540;(16, (59007720, 1864, 0, 1864, 1770, 0, 0, 897, 2183, 0, 2174, 4850, 0))
2018-03-23 00:19:11.914396;(7, (59010750, 1111, 0, 1111, 1097, 0, 0, 333, 535, 0, 1270, 1965, 0))
2018-03-23 00:19:11.960790;(24, (59009820, 3029, 0, 3029, 2930, 0, 0, 1497, 3656, 0, 3253, 8083, 0))
2018-03-23 00:19:12.024615;(18, (59013090, 848, 0, 848, 827, 0, 0, 370, 306, 0, 869, 1503, 0))
2018-03-23 00:20:11.081391;(21, (59011740, 1975, 0, 1975, 1936, 0, 0, 496, 1028, 0, 2342, 3460, 0))
2018-03-23 00:20:11.137622;(17, (59020740, 1211, 0, 1211, 1188, 0, 0, 320, 848, 0, 1318, 2356, 0))
2018-03-23 00:20:11.180320;(6, (59008980, 4363, 0, 4363, 4240, 0, 0, 1196, 2383, 0, 4693, 7819, 0))
2018-03-23 00:20:11.212128;(15, (59009640, 1094, 0, 1094, 1035, 0, 0, 857, 1144, 0, 1233, 3036, 0))
2018-03-23 00:20:11.261724;(19, (59009310, 4349, 1, 4348, 4189, 0, 0, 1629, 4278, 1, 4626, 10096, 0))
2018-03-23 00:20:11.303181;(2, (59009910, 3495, 0, 3495, 3430, 0, 0, 1070, 1559, 0, 3712, 6059, 0))
2018-03-23 00:20:11.348257;(3, (59009220, 1087, 0, 1087, 1041, 0, 0, 424, 547, 0, 1402, 2012, 0))
2018-03-23 00:20:11.369665;(13, (59009310, 753, 0, 753, 727, 0, 0, 233, 658, 0, 862, 1618, 0))
2018-03-23 00:20:11.422840;(25, (59009700, 752, 0, 752, 725, 0, 0, 236, 751, 0, 972, 1712, 0))
2018-03-23 00:20:11.458328;(26, (59010510, 1477, 0, 1477, 1429, 0, 0, 478, 1568, 0, 1995, 3475, 0))
2018-03-23 00:20:11.461087;(1, (59008500, 8135, 1, 8134, 7770, 0, 0, 3313, 8086, 1, 9897, 19169, 0))
2018-03-23 00:20:11.573265;(5, (59009640, 1456, 2, 1454, 1394, 0, 0, 664, 1640, 2, 1899, 3698, 0))
2018-03-23 00:20:11.603159;(4, (59009250, 872, 0, 872, 838, 0, 0, 174, 1035, 0, 1081, 2047, 0))
2018-03-23 00:20:11.654879;(9, (59009910, 896, 1, 895, 834, 0, 0, 524, 1183, 1, 1152, 2541, 0))
2018-03-23 00:20:11.680562;(20, (59009610, 658, 0, 658, 647, 0, 0, 204, 328, 0, 1004, 1179, 0))
2018-03-23 00:20:11.740779;(14, (59009160, 1200, 0, 1200, 1144, 0, 0, 652, 1711, 0, 1500, 3507, 0))
2018-03-23 00:20:11.758973;(8, (59009250, 6195, 0, 6195, 6034, 0, 0, 2057, 4803, 0, 6480, 12894, 0))
2018-03-23 00:20:11.768999;(11, (59008950, 2519, 0, 2519, 2445, 0, 0, 452, 2116, 0, 2721, 5013, 0))
2018-03-23 00:20:11.807947;(22, (59009760, 1618, 0, 1618, 1549, 0, 0, 661, 1385, 0, 1937, 3595, 0))
2018-03-23 00:20:11.825982;(23, (59010450, 1035, 0, 1035, 1010, 0, 0, 292, 822, 0, 1149, 2124, 0))
2018-03-23 00:20:11.841511;(12, (59006970, 689, 0, 689, 651, 0, 0, 489, 667, 0, 916, 1807, 0))
2018-03-23 00:20:11.892444;(10, (59009100, 3253, 0, 3253, 3206, 0, 0, 787, 2224, 0, 3287, 6217, 0))
2018-03-23 00:20:11.911959;(16, (59008470, 1911, 0, 1911, 1816, 0, 0, 902, 2198, 0, 2227, 4916, 0))
2018-03-23 00:20:11.930427;(7, (59010990, 1165, 0, 1165, 1151, 0, 0, 340, 556, 0, 1329, 2047, 0))
2018-03-23 00:20:11.975617;(24, (59009160, 3282, 0, 3282, 3183, 0, 0, 1540, 3704, 0, 3508, 8427, 0))
2018-03-23 00:20:12.038849;(18, (59009910, 899, 0, 899, 876, 0, 0, 388, 329, 0, 924, 1593, 0))
2018-03-23 00:21:11.094608;(21, (59007900, 1996, 0, 1996, 1957, 0, 0, 504, 1028, 0, 2366, 3489, 0))
2018-03-23 00:21:11.152242;(17, (59011440, 1246, 0, 1246, 1223, 0, 0, 320, 860, 0, 1355, 2403, 0))
2018-03-23 00:21:11.192592;(6, (59009640, 4429, 0, 4429, 4303, 0, 0, 1213, 2415, 0, 4765, 7931, 0))
2018-03-23 00:21:11.225415;(15, (59009520, 1161, 0, 1161, 1101, 0, 0, 877, 1201, 0, 1305, 3179, 0))
2018-03-23 00:21:11.271340;(19, (59009880, 4627, 1, 4626, 4462, 0, 0, 1686, 4431, 1, 4907, 10579, 0))
2018-03-23 00:21:11.315753;(2, (59012880, 3563, 0, 3563, 3496, 0, 0, 1111, 1565, 0, 3790, 6172, 0))
2018-03-23 00:21:11.361212;(3, (59008110, 1110, 0, 1110, 1064, 0, 0, 429, 548, 0, 1434, 2041, 0))
2018-03-23 00:21:11.382263;(13, (59009310, 789, 0, 789, 760, 0, 0, 258, 658, 0, 898, 1676, 0))
2018-03-23 00:21:11.434890;(25, (59009400, 767, 0, 767, 740, 0, 0, 248, 766, 0, 993, 1754, 0))
2018-03-23 00:21:11.472041;(26, (59012340, 1523, 0, 1523, 1475, 0, 0, 478, 1592, 0, 2049, 3545, 0))
2018-03-23 00:21:11.472832;(1, (59008320, 8584, 1, 8583, 8205, 0, 0, 3480, 8458, 1, 10402, 20143, 0))
2018-03-23 00:21:11.588149;(5, (59009340, 1482, 2, 1480, 1419, 0, 0, 673, 1658, 2, 1948, 3750, 0))
2018-03-23 00:21:11.615697;(4, (59009340, 900, 0, 900, 866, 0, 0, 174, 1048, 0, 1119, 2088, 0))
2018-03-23 00:21:11.666651;(9, (59009460, 918, 1, 917, 856, 0, 0, 527, 1197, 1, 1188, 2580, 0))
2018-03-23 00:21:11.692903;(20, (59008680, 678, 0, 678, 667, 0, 0, 205, 330, 0, 1031, 1202, 0))
2018-03-23 00:21:11.754601;(14, (59009490, 1238, 0, 1238, 1180, 0, 0, 665, 1756, 0, 1534, 3601, 0))
2018-03-23 00:21:11.774010;(8, (59010240, 6582, 0, 6582, 6417, 0, 0, 2173, 4978, 0, 6876, 13568, 0))
2018-03-23 00:21:11.785341;(11, (59009430, 2587, 0, 2587, 2513, 0, 0, 452, 2116, 0, 2795, 5081, 0))
2018-03-23 00:21:11.825213;(22, (59009490, 1685, 0, 1685, 1613, 0, 0, 685, 1418, 0, 2019, 3716, 0))
2018-03-23 00:21:11.839709;(23, (59013180, 1064, 0, 1064, 1039, 0, 0, 301, 822, 0, 1177, 2162, 0))
2018-03-23 00:21:11.858084;(12, (59007270, 725, 0, 725, 686, 0, 0, 520, 690, 0, 951, 1896, 0))
2018-03-23 00:21:11.908576;(10, (59009130, 3369, 0, 3369, 3321, 0, 0, 799, 2241, 0, 3403, 6361, 0))
2018-03-23 00:21:11.924006;(16, (59008920, 1922, 0, 1922, 1827, 0, 0, 906, 2219, 0, 2236, 4952, 0))
2018-03-23 00:21:11.945938;(7, (59010630, 1311, 0, 1311, 1296, 0, 0, 353, 580, 0, 1477, 2229, 0))
2018-03-23 00:21:11.989854;(24, (59008770, 3507, 0, 3507, 3404, 0, 0, 1614, 3905, 0, 3739, 8923, 0))
2018-03-23 00:21:12.053053;(18, (59023170, 1002, 0, 1002, 979, 0, 0, 413, 355, 0, 1036, 1747, 0))
