2018-04-07 23:08:29.474921;(12, (63, 36, 0, 0, 0, 0, 0, 0, 0, 0))
2018-04-07 23:08:29.488637;(21, (59, 36, 0, 0, 0, 0, 0, 0, 0, 0))
2018-04-07 23:08:29.606225;(8, (97, 54, 0, 0, 0, 0, 0, 0, 0, 0))
2018-04-07 23:08:29.707376;(9, (35, 38, 0, 0, 0, 0, 0, 0, 0, 0))
2018-04-07 23:08:29.724127;(17, (32, 41, 0, 0, 0, 0, 0, 0, 0, 0))
2018-04-07 23:08:29.765339;(7, (85, 54, 6, 0, 0, 0, 0, 0, 0, 0))
2018-04-07 23:08:29.793434;(4, (47, 41, 0, 0, 0, 0, 0, 0, 0, 0))
2018-04-07 23:08:29.902006;(6, (57, 47, 0, 0, 0, 0, 0, 0, 0, 0))
2018-04-07 23:08:29.921357;(13, (61, 44, 0, 0, 0, 0, 0, 0, 0, 0))
2018-04-07 23:08:29.941369;(19, (55, 37, 0, 0, 0, 0, 0, 0, 0, 0))
2018-04-07 23:08:29.986340;(18, (77, 44, 0, 0, 0, 0, 0, 0, 0, 0))
2018-04-07 23:08:30.010341;(20, (88, 66, 8, 0, 0, 0, 0, 0, 0, 0))
2018-04-07 23:08:30.038849;(22, (84, 45, 0, 0, 0, 0, 0, 0, 0, 0))
2018-04-07 23:08:30.060094;(3, (143, 120, 6, 0, 0, 0, 0, 0, 0, 0))
2018-04-07 23:08:30.142484;(1, (258, 89, 60, 30, 0, 0, 0, 0, 0, 0))
2018-04-07 23:08:30.159900;(5, (53, 31, 0, 0, 0, 0, 0, 0, 0, 0))
2018-04-07 23:08:30.201088;(10, (150, 119, 40, 0, 0, 0, 0, 0, 0, 0))
2018-04-07 23:08:30.238293;(23, (83, 57, 8, 0, 0, 0, 0, 0, 0, 0))
2018-04-07 23:08:30.339029;(16, (63, 41, 0, 0, 0, 0, 0, 0, 0, 0))
2018-04-07 23:08:30.377438;(15, (96, 55, 8, 0, 0, 0, 0, 0, 0, 0))
2018-04-07 23:08:30.408765;(11, (55, 40, 0, 0, 0, 0, 0, 0, 0, 0))
2018-04-07 23:08:30.476440;(14, (83, 46, 0, 0, 0, 0, 0, 0, 0, 0))
2018-04-07 23:08:59.479341;(12, (116, 81, 4, 0, 0, 0, 0, 0, 0, 0))
2018-04-07 23:08:59.497477;(21, (219, 215, 44, 0, 0, 0, 0, 0, 0, 0))
2018-04-07 23:08:59.613481;(8, (219, 181, 28, 2, 0, 0, 0, 0, 0, 0))
2018-04-07 23:08:59.711515;(9, (79, 100, 0, 0, 0, 0, 0, 0, 0, 0))
2018-04-07 23:08:59.729364;(17, (99, 133, 4, 4, 0, 0, 0, 0, 0, 0))
2018-04-07 23:08:59.771944;(7, (227, 216, 46, 7, 0, 0, 0, 0, 0, 0))
2018-04-07 23:08:59.799790;(4, (176, 197, 22, 0, 0, 0, 0, 0, 0, 0))
2018-04-07 23:08:59.906748;(6, (187, 223, 9, 0, 0, 0, 0, 0, 0, 0))
2018-04-07 23:08:59.926715;(13, (260, 275, 88, 0, 0, 0, 0, 0, 0, 0))
2018-04-07 23:08:59.943125;(19, (88, 66, 3, 0, 0, 0, 0, 0, 0, 0))
2018-04-07 23:08:59.989221;(18, (213, 190, 53, 2, 0, 0, 0, 0, 0, 0))
2018-04-07 23:09:00.013979;(20, (246, 233, 102, 3, 0, 0, 0, 0, 0, 0))
2018-04-07 23:09:00.046806;(22, (325, 294, 135, 2, 0, 0, 0, 0, 0, 0))
2018-04-07 23:09:00.065757;(3, (337, 350, 55, 1, 0, 0, 0, 0, 0, 0))
2018-04-07 23:09:00.146707;(1, (1163, 918, 878, 439, 0, 0, 0, 0, 0, 0))
2018-04-07 23:09:00.165730;(5, (202, 200, 31, 0, 0, 0, 0, 0, 0, 0))
2018-04-07 23:09:00.206715;(10, (510, 502, 248, 0, 0, 0, 0, 0, 0, 0))
2018-04-07 23:09:00.245072;(23, (177, 135, 58, 0, 0, 0, 0, 0, 0, 0))
2018-04-07 23:09:00.343743;(16, (114, 95, 3, 0, 0, 0, 0, 0, 0, 0))
2018-04-07 23:09:00.382729;(15, (346, 333, 126, 0, 0, 0, 0, 0, 0, 0))
2018-04-07 23:09:00.413129;(11, (125, 119, 6, 1, 0, 0, 0, 0, 0, 0))
2018-04-07 23:09:00.481624;(14, (229, 207, 31, 2, 0, 0, 0, 0, 0, 0))
2018-04-07 23:09:29.482277;(12, (229, 195, 24, 1, 0, 0, 0, 0, 0, 0))
2018-04-07 23:09:29.508084;(21, (357, 368, 58, 0, 0, 0, 0, 0, 0, 0))
2018-04-07 23:09:29.620219;(8, (349, 317, 37, 3, 0, 0, 0, 0, 0, 0))
2018-04-07 23:09:29.716672;(9, (181, 233, 0, 0, 0, 0, 0, 0, 0, 0))
2018-04-07 23:09:29.734262;(17, (167, 232, 7, 5, 0, 0, 0, 0, 0, 0))
2018-04-07 23:09:29.777546;(7, (443, 430, 138, 8, 0, 0, 0, 0, 0, 0))
2018-04-07 23:09:29.807963;(4, (342, 388, 82, 0, 0, 0, 0, 0, 0, 0))
2018-04-07 23:09:29.913132;(6, (310, 388, 14, 1, 0, 0, 0, 0, 0, 0))
2018-04-07 23:09:29.931465;(13, (488, 534, 210, 0, 0, 0, 0, 0, 0, 0))
2018-04-07 23:09:29.946150;(19, (165, 140, 15, 3, 0, 0, 0, 0, 0, 0))
2018-04-07 23:09:29.995245;(18, (531, 535, 196, 2, 0, 0, 0, 0, 0, 0))
2018-04-07 23:09:30.018916;(20, (641, 648, 336, 3, 0, 0, 0, 0, 0, 0))
2018-04-07 23:09:30.055147;(22, (422, 397, 151, 5, 0, 0, 0, 0, 0, 0))
2018-04-07 23:09:30.071132;(3, (587, 612, 124, 4, 0, 0, 0, 0, 0, 0))
2018-04-07 23:09:30.151221;(1, (2243, 1911, 1861, 931, 0, 0, 0, 0, 0, 0))
2018-04-07 23:09:30.171644;(5, (337, 351, 47, 0, 0, 0, 0, 0, 0, 0))
2018-04-07 23:09:30.212708;(10, (653, 668, 266, 3, 0, 0, 0, 0, 0, 0))
2018-04-07 23:09:30.247063;(23, (409, 356, 235, 1, 0, 0, 0, 0, 0, 0))
2018-04-07 23:09:30.351793;(16, (307, 321, 40, 0, 0, 0, 0, 0, 0, 0))
2018-04-07 23:09:30.389308;(15, (775, 797, 404, 0, 0, 0, 0, 0, 0, 0))
2018-04-07 23:09:30.415443;(11, (206, 195, 29, 1, 0, 0, 0, 0, 0, 0))
2018-04-07 23:09:30.485835;(14, (388, 366, 67, 3, 0, 0, 0, 0, 0, 0))
2018-04-07 23:09:59.513442;(21, (476, 511, 68, 3, 0, 0, 0, 0, 0, 0))
2018-04-07 23:10:00.153489;(1, (3203, 2806, 2746, 1373, 0, 0, 0, 0, 0, 0))
2018-04-07 23:10:00.222138;(10, (824, 859, 305, 8, 0, 0, 0, 0, 0, 0))
2018-04-07 23:10:00.255065;(23, (656, 601, 431, 2, 0, 0, 0, 0, 0, 0))
2018-04-07 23:10:00.420232;(11, (312, 300, 55, 2, 0, 0, 0, 0, 0, 0))
2018-04-07 23:10:00.487717;(12, (297, 259, 30, 3, 0, 0, 0, 0, 0, 0))
2018-04-07 23:10:00.493139;(14, (586, 576, 118, 9, 0, 0, 0, 0, 0, 0))
2018-04-07 23:10:00.626312;(8, (410, 376, 38, 3, 0, 0, 0, 0, 0, 0))
2018-04-07 23:10:00.721483;(9, (281, 356, 4, 0, 0, 0, 0, 0, 0, 0))
2018-04-07 23:10:00.742158;(17, (199, 279, 7, 6, 0, 0, 0, 0, 0, 0))
2018-04-07 23:10:00.782020;(7, (601, 589, 160, 13, 0, 0, 0, 0, 0, 0))
2018-04-07 23:10:00.814519;(4, (511, 601, 140, 2, 0, 0, 0, 0, 0, 0))
2018-04-07 23:10:00.918766;(6, (481, 595, 57, 3, 0, 0, 0, 0, 0, 0))
2018-04-07 23:10:00.938513;(13, (717, 793, 323, 0, 0, 0, 0, 0, 0, 0))
2018-04-07 23:10:00.949148;(19, (210, 176, 19, 3, 0, 0, 0, 0, 0, 0))
2018-04-07 23:10:00.999539;(18, (722, 740, 250, 5, 0, 0, 0, 0, 0, 0))
2018-04-07 23:10:01.023504;(20, (987, 1021, 526, 8, 0, 0, 0, 0, 0, 0))
2018-04-07 23:10:01.060526;(22, (617, 620, 216, 7, 0, 0, 0, 0, 0, 0))
2018-04-07 23:10:01.081660;(3, (794, 830, 183, 8, 0, 0, 0, 0, 0, 0))
2018-04-07 23:10:01.179122;(5, (445, 483, 47, 0, 0, 0, 0, 0, 0, 0))
2018-04-07 23:10:01.357214;(16, (389, 401, 51, 2, 0, 0, 0, 0, 0, 0))
2018-04-07 23:10:01.395261;(15, (1070, 1112, 560, 0, 0, 0, 0, 0, 0, 0))
2018-04-07 23:10:30.155587;(1, (4118, 3646, 3576, 1788, 0, 0, 0, 0, 0, 0))
2018-04-07 23:10:30.494230;(12, (376, 336, 39, 3, 0, 0, 0, 0, 0, 0))
2018-04-07 23:10:30.518531;(21, (597, 663, 70, 3, 0, 0, 0, 0, 0, 0))
2018-04-07 23:10:30.633308;(8, (562, 519, 76, 3, 0, 0, 0, 0, 0, 0))
2018-04-07 23:10:30.725545;(9, (337, 443, 9, 0, 0, 0, 0, 0, 0, 0))
2018-04-07 23:10:30.751134;(17, (213, 299, 7, 12, 0, 0, 0, 0, 0, 0))
2018-04-07 23:10:30.785125;(7, (688, 659, 165, 16, 0, 0, 0, 0, 0, 0))
2018-04-07 23:10:30.824245;(4, (645, 759, 156, 3, 0, 0, 0, 0, 0, 0))
2018-04-07 23:10:30.923920;(6, (598, 746, 57, 7, 0, 0, 0, 0, 0, 0))
2018-04-07 23:10:30.945237;(13, (935, 1048, 413, 2, 0, 0, 0, 0, 0, 0))
2018-04-07 23:10:30.951727;(19, (248, 209, 20, 3, 0, 0, 0, 0, 0, 0))
2018-04-07 23:10:31.006456;(18, (923, 963, 322, 8, 0, 0, 0, 0, 0, 0))
2018-04-07 23:10:31.029559;(20, (1212, 1274, 606, 15, 0, 0, 0, 0, 0, 0))
2018-04-07 23:10:31.065920;(22, (893, 924, 327, 8, 0, 0, 0, 0, 0, 0))
2018-04-07 23:10:31.093150;(3, (995, 1036, 225, 9, 0, 0, 0, 0, 0, 0))
2018-04-07 23:10:31.184559;(5, (559, 614, 47, 0, 0, 0, 0, 0, 0, 0))
2018-04-07 23:10:31.226455;(10, (1124, 1171, 469, 9, 0, 0, 0, 0, 0, 0))
2018-04-07 23:10:31.257907;(23, (860, 799, 586, 2, 0, 0, 0, 0, 0, 0))
2018-04-07 23:10:31.360905;(16, (475, 483, 56, 2, 0, 0, 0, 0, 0, 0))
2018-04-07 23:10:31.404039;(15, (1330, 1378, 687, 0, 0, 0, 0, 0, 0, 0))
2018-04-07 23:10:31.423421;(11, (442, 434, 79, 4, 0, 0, 0, 0, 0, 0))
2018-04-07 23:10:31.498972;(14, (719, 708, 133, 11, 0, 0, 0, 0, 0, 0))
2018-04-07 23:11:00.159799;(1, (5130, 4583, 4503, 2252, 0, 0, 0, 0, 0, 0))
2018-04-07 23:11:00.497370;(12, (473, 429, 54, 4, 0, 0, 0, 0, 0, 0))
2018-04-07 23:11:00.531001;(21, (727, 821, 85, 3, 0, 0, 0, 0, 0, 0))
2018-04-07 23:11:00.640877;(8, (722, 700, 86, 3, 0, 0, 0, 0, 0, 0))
2018-04-07 23:11:00.729414;(9, (392, 524, 10, 3, 0, 0, 0, 0, 0, 0))
2018-04-07 23:11:00.758640;(17, (226, 321, 7, 21, 0, 0, 0, 0, 0, 0))
2018-04-07 23:11:00.791319;(7, (845, 827, 212, 19, 0, 0, 0, 0, 0, 0))
2018-04-07 23:11:00.829355;(4, (777, 922, 169, 3, 0, 0, 0, 0, 0, 0))
2018-04-07 23:11:00.928025;(6, (674, 855, 57, 7, 0, 0, 0, 0, 0, 0))
2018-04-07 23:11:00.950112;(13, (1149, 1289, 507, 2, 0, 0, 0, 0, 0, 0))
2018-04-07 23:11:00.954625;(19, (278, 230, 22, 3, 0, 0, 0, 0, 0, 0))
2018-04-07 23:11:01.012224;(18, (1200, 1264, 455, 12, 0, 0, 0, 0, 0, 0))
2018-04-07 23:11:01.035467;(20, (1486, 1570, 731, 18, 0, 0, 0, 0, 0, 0))
2018-04-07 23:11:01.071533;(22, (1091, 1146, 376, 12, 0, 0, 0, 0, 0, 0))
2018-04-07 23:11:01.098772;(3, (1129, 1196, 232, 9, 0, 0, 0, 0, 0, 0))
2018-04-07 23:11:01.190512;(5, (675, 751, 47, 0, 0, 0, 0, 0, 0, 0))
2018-04-07 23:11:01.233862;(10, (1393, 1450, 593, 9, 0, 0, 0, 0, 0, 0))
2018-04-07 23:11:01.261219;(23, (905, 833, 602, 2, 0, 0, 0, 0, 0, 0))
2018-04-07 23:11:01.364281;(16, (563, 586, 59, 4, 0, 0, 0, 0, 0, 0))
2018-04-07 23:11:01.414860;(15, (1663, 1729, 883, 0, 0, 0, 0, 0, 0, 0))
2018-04-07 23:11:01.503331;(14, (939, 941, 215, 12, 0, 0, 0, 0, 0, 0))
2018-04-07 23:11:30.501181;(12, (573, 538, 61, 5, 0, 0, 0, 0, 0, 0))
2018-04-07 23:11:30.539471;(21, (840, 958, 90, 3, 0, 0, 0, 0, 0, 0))
2018-04-07 23:11:30.643525;(8, (833, 809, 121, 9, 0, 0, 0, 0, 0, 0))
2018-04-07 23:11:30.761473;(17, (241, 338, 7, 27, 0, 0, 0, 0, 0, 0))
2018-04-07 23:11:30.796078;(7, (1067, 1061, 280, 24, 0, 0, 0, 0, 0, 0))
2018-04-07 23:11:30.834855;(4, (884, 1059, 169, 3, 0, 0, 0, 0, 0, 0))
2018-04-07 23:11:30.934047;(6, (782, 988, 57, 7, 0, 0, 0, 0, 0, 0))
2018-04-07 23:11:30.954726;(13, (1319, 1488, 571, 2, 0, 0, 0, 0, 0, 0))
2018-04-07 23:11:30.957767;(19, (323, 271, 22, 3, 0, 0, 0, 0, 0, 0))
2018-04-07 23:11:31.016938;(18, (1436, 1528, 551, 18, 0, 0, 0, 0, 0, 0))
2018-04-07 23:11:31.039933;(20, (1884, 2003, 960, 23, 0, 0, 0, 0, 0, 0))
2018-04-07 23:11:31.079710;(22, (1271, 1354, 415, 13, 0, 0, 0, 0, 0, 0))
2018-04-07 23:11:31.103971;(3, (1305, 1388, 266, 14, 0, 0, 0, 0, 0, 0))
2018-04-07 23:11:31.162490;(1, (6147, 5535, 5445, 2723, 0, 0, 0, 0, 0, 0))
2018-04-07 23:11:31.197376;(5, (780, 884, 47, 0, 0, 0, 0, 0, 0, 0))
2018-04-07 23:11:31.242033;(10, (1650, 1725, 725, 9, 0, 0, 0, 0, 0, 0))
2018-04-07 23:11:31.268331;(23, (924, 844, 602, 2, 0, 0, 0, 0, 0, 0))
2018-04-07 23:11:31.367876;(16, (661, 696, 68, 5, 0, 0, 0, 0, 0, 0))
2018-04-07 23:11:31.424543;(15, (1945, 2031, 1035, 0, 0, 0, 0, 0, 0, 0))
2018-04-07 23:11:31.507377;(14, (1090, 1093, 243, 14, 0, 0, 0, 0, 0, 0))
2018-04-07 23:12:00.505549;(12, (663, 641, 66, 7, 0, 0, 0, 0, 0, 0))
2018-04-07 23:12:00.545321;(21, (984, 1126, 120, 3, 0, 0, 0, 0, 0, 0))
2018-04-07 23:12:00.650796;(8, (967, 949, 138, 12, 0, 0, 0, 0, 0, 0))
2018-04-07 23:12:00.803353;(7, (1211, 1203, 344, 32, 0, 0, 0, 0, 0, 0))
2018-04-07 23:12:00.841591;(4, (998, 1211, 172, 3, 0, 0, 0, 0, 0, 0))
2018-04-07 23:12:00.939066;(6, (904, 1139, 62, 9, 0, 0, 0, 0, 0, 0))
2018-04-07 23:12:00.960252;(13, (1484, 1682, 619, 2, 0, 0, 0, 0, 0, 0))
2018-04-07 23:12:01.045361;(20, (2137, 2293, 1077, 26, 0, 0, 0, 0, 0, 0))
2018-04-07 23:12:01.086605;(22, (1604, 1697, 625, 17, 0, 0, 0, 0, 0, 0))
2018-04-07 23:12:01.108016;(3, (1402, 1493, 278, 16, 0, 0, 0, 0, 0, 0))
2018-04-07 23:12:01.165484;(1, (7078, 6407, 6307, 3154, 0, 0, 0, 0, 0, 0))
2018-04-07 23:12:01.203915;(5, (959, 1087, 113, 0, 0, 0, 0, 0, 0, 0))
2018-04-07 23:12:01.248068;(10, (2206, 2290, 1130, 9, 0, 0, 0, 0, 0, 0))
2018-04-07 23:12:01.270320;(23, (954, 870, 609, 2, 0, 0, 0, 0, 0, 0))
2018-04-07 23:12:01.379931;(16, (719, 754, 68, 5, 0, 0, 0, 0, 0, 0))
2018-04-07 23:12:01.439604;(11, (786, 807, 139, 8, 0, 0, 0, 0, 0, 0))
2018-04-07 23:12:01.513427;(14, (1253, 1269, 254, 14, 0, 0, 0, 0, 0, 0))
2018-04-07 23:12:01.734786;(9, (420, 572, 10, 23, 0, 0, 0, 0, 0, 0))
2018-04-07 23:12:01.962324;(19, (358, 294, 25, 3, 0, 0, 0, 0, 0, 0))
2018-04-07 23:12:31.170371;(1, (8054, 7317, 7207, 3604, 0, 0, 0, 0, 0, 0))
2018-04-07 23:12:31.254899;(10, (2623, 2739, 1401, 9, 0, 0, 0, 0, 0, 0))
2018-04-07 23:12:31.272389;(23, (1154, 1071, 760, 2, 0, 0, 0, 0, 0, 0))
2018-04-07 23:12:31.510707;(12, (775, 757, 84, 8, 0, 0, 0, 0, 0, 0))
2018-04-07 23:12:31.519058;(14, (1552, 1591, 388, 21, 0, 0, 0, 0, 0, 0))
2018-04-07 23:12:31.654390;(8, (1080, 1062, 160, 15, 0, 0, 0, 0, 0, 0))
2018-04-07 23:12:31.737590;(9, (433, 593, 10, 32, 0, 0, 0, 0, 0, 0))
2018-04-07 23:12:31.769589;(17, (265, 373, 7, 42, 0, 0, 0, 0, 0, 0))
2018-04-07 23:12:31.812363;(7, (1306, 1311, 349, 33, 0, 0, 0, 0, 0, 0))
2018-04-07 23:12:31.847181;(4, (1117, 1364, 177, 3, 0, 0, 0, 0, 0, 0))
2018-04-07 23:12:31.944353;(6, (1020, 1293, 64, 9, 0, 0, 0, 0, 0, 0))
2018-04-07 23:12:31.965206;(13, (1662, 1893, 685, 2, 0, 0, 0, 0, 0, 0))
2018-04-07 23:12:31.966492;(19, (399, 323, 26, 3, 0, 0, 0, 0, 0, 0))
2018-04-07 23:12:32.027560;(18, (1913, 2044, 750, 20, 0, 0, 0, 0, 0, 0))
2018-04-07 23:12:32.051520;(20, (2275, 2452, 1115, 27, 0, 0, 0, 0, 0, 0))
2018-04-07 23:12:32.092294;(22, (1980, 2078, 857, 17, 0, 0, 0, 0, 0, 0))
2018-04-07 23:12:32.111266;(3, (1508, 1596, 294, 16, 0, 0, 0, 0, 0, 0))
2018-04-07 23:12:32.213183;(5, (1158, 1310, 196, 0, 0, 0, 0, 0, 0, 0))
2018-04-07 23:12:32.385347;(16, (826, 874, 88, 6, 0, 0, 0, 0, 0, 0))
2018-04-07 23:12:32.440728;(15, (2581, 2734, 1407, 0, 0, 0, 0, 0, 0, 0))
2018-04-07 23:13:01.176047;(1, (9031, 8221, 8101, 4051, 0, 0, 0, 0, 0, 0))
2018-04-07 23:13:01.514297;(12, (893, 872, 116, 13, 0, 0, 0, 0, 0, 0))
2018-04-07 23:13:01.660693;(8, (1230, 1231, 170, 17, 0, 0, 0, 0, 0, 0))
2018-04-07 23:13:01.743151;(9, (447, 616, 10, 42, 0, 0, 0, 0, 0, 0))
2018-04-07 23:13:01.775541;(17, (281, 397, 7, 52, 0, 0, 0, 0, 0, 0))
2018-04-07 23:13:01.818173;(7, (1416, 1426, 356, 34, 0, 0, 0, 0, 0, 0))
2018-04-07 23:13:01.852845;(4, (1225, 1502, 179, 5, 0, 0, 0, 0, 0, 0))
2018-04-07 23:13:01.948364;(6, (1194, 1478, 148, 9, 0, 0, 0, 0, 0, 0))
2018-04-07 23:13:01.970022;(13, (1831, 2096, 745, 2, 0, 0, 0, 0, 0, 0))
2018-04-07 23:13:01.970794;(19, (502, 414, 76, 3, 0, 0, 0, 0, 0, 0))
2018-04-07 23:13:02.034062;(18, (2089, 2256, 791, 25, 0, 0, 0, 0, 0, 0))
2018-04-07 23:13:02.055201;(20, (2382, 2579, 1122, 34, 0, 0, 0, 0, 0, 0))
2018-04-07 23:13:02.099800;(22, (2496, 2623, 1198, 17, 0, 0, 0, 0, 0, 0))
2018-04-07 23:13:02.119251;(3, (1851, 1965, 472, 22, 0, 0, 0, 0, 0, 0))
2018-04-07 23:13:02.218417;(5, (1411, 1600, 330, 0, 0, 0, 0, 0, 0, 0))
2018-04-07 23:13:02.275120;(23, (1239, 1150, 813, 3, 0, 0, 0, 0, 0, 0))
2018-04-07 23:13:02.390577;(16, (918, 975, 92, 9, 0, 0, 0, 0, 0, 0))
2018-04-07 23:13:02.446145;(15, (2704, 2877, 1407, 0, 0, 0, 0, 0, 0, 0))
2018-04-07 23:13:02.454686;(11, (951, 990, 154, 9, 0, 0, 0, 0, 0, 0))
2018-04-07 23:13:02.523912;(14, (1781, 1824, 477, 26, 0, 0, 0, 0, 0, 0))
2018-04-07 23:13:31.178434;(1, (9896, 9025, 8895, 4448, 0, 0, 0, 0, 0, 0))
2018-04-07 23:13:31.519603;(12, (1258, 1239, 152, 13, 0, 0, 0, 0, 0, 0))
2018-04-07 23:13:31.561009;(21, (1434, 1634, 226, 3, 0, 0, 0, 0, 0, 0))
2018-04-07 23:13:31.664333;(8, (1575, 1597, 180, 17, 0, 0, 0, 0, 0, 0))
2018-04-07 23:13:31.747909;(9, (458, 637, 10, 51, 0, 0, 0, 0, 0, 0))
2018-04-07 23:13:31.778614;(17, (295, 417, 7, 59, 0, 0, 0, 0, 0, 0))
2018-04-07 23:13:31.823927;(7, (1551, 1577, 361, 35, 0, 0, 0, 0, 0, 0))
2018-04-07 23:13:31.858190;(4, (1330, 1634, 179, 5, 0, 0, 0, 0, 0, 0))
2018-04-07 23:13:31.952800;(6, (1322, 1633, 164, 11, 0, 0, 0, 0, 0, 0))
2018-04-07 23:13:31.975714;(13, (1996, 2296, 806, 2, 0, 0, 0, 0, 0, 0))
2018-04-07 23:13:31.976107;(19, (624, 521, 117, 4, 0, 0, 0, 0, 0, 0))
2018-04-07 23:13:32.037091;(18, (2368, 2554, 812, 27, 0, 0, 0, 0, 0, 0))
2018-04-07 23:13:32.059493;(20, (2491, 2707, 1144, 35, 0, 0, 0, 0, 0, 0))
2018-04-07 23:13:32.106428;(22, (2934, 3085, 1485, 21, 0, 0, 0, 0, 0, 0))
2018-04-07 23:13:32.125561;(3, (2142, 2262, 609, 25, 0, 0, 0, 0, 0, 0))
2018-04-07 23:13:32.223693;(5, (1541, 1765, 346, 0, 0, 0, 0, 0, 0, 0))
2018-04-07 23:13:32.266823;(10, (3690, 3846, 2151, 12, 0, 0, 0, 0, 0, 0))
2018-04-07 23:13:32.277824;(23, (1306, 1207, 846, 4, 0, 0, 0, 0, 0, 0))
2018-04-07 23:13:32.393948;(16, (964, 1017, 96, 9, 0, 0, 0, 0, 0, 0))
2018-04-07 23:13:32.450998;(15, (2931, 3133, 1502, 1, 0, 0, 0, 0, 0, 0))
2018-04-07 23:13:32.461107;(11, (1207, 1250, 169, 10, 0, 0, 0, 0, 0, 0))
2018-04-07 23:13:32.527241;(14, (2378, 2420, 583, 27, 0, 0, 0, 0, 0, 0))
2018-04-07 23:14:01.182093;(1, (10722, 9801, 9661, 4831, 0, 0, 0, 0, 0, 0))
2018-04-07 23:14:01.522592;(12, (1332, 1294, 175, 15, 0, 0, 0, 0, 0, 0))
2018-04-07 23:14:01.568232;(21, (1564, 1788, 244, 3, 0, 0, 0, 0, 0, 0))
2018-04-07 23:14:01.671303;(8, (1668, 1674, 186, 26, 0, 0, 0, 0, 0, 0))
2018-04-07 23:14:01.751805;(9, (470, 659, 10, 61, 0, 0, 0, 0, 0, 0))
2018-04-07 23:14:01.785475;(17, (310, 436, 7, 67, 0, 0, 0, 0, 0, 0))
2018-04-07 23:14:01.830455;(7, (1654, 1690, 379, 41, 0, 0, 0, 0, 0, 0))
2018-04-07 23:14:01.863416;(4, (1442, 1774, 183, 5, 0, 0, 0, 0, 0, 0))
2018-04-07 23:14:01.957997;(6, (1446, 1792, 170, 15, 0, 0, 0, 0, 0, 0))
2018-04-07 23:14:01.978744;(19, (664, 552, 118, 4, 0, 0, 0, 0, 0, 0))
2018-04-07 23:14:01.982004;(13, (2173, 2512, 869, 3, 0, 0, 0, 0, 0, 0))
2018-04-07 23:14:02.042465;(18, (2538, 2751, 856, 33, 0, 0, 0, 0, 0, 0))
2018-04-07 23:14:02.063443;(20, (2568, 2794, 1153, 38, 0, 0, 0, 0, 0, 0))
2018-04-07 23:14:02.113287;(22, (3158, 3312, 1606, 26, 0, 0, 0, 0, 0, 0))
2018-04-07 23:14:02.131133;(3, (2369, 2499, 695, 28, 0, 0, 0, 0, 0, 0))
2018-04-07 23:14:02.229657;(5, (1649, 1907, 347, 0, 0, 0, 0, 0, 0, 0))
2018-04-07 23:14:02.273135;(10, (4085, 4256, 2412, 12, 0, 0, 0, 0, 0, 0))
2018-04-07 23:14:02.281615;(23, (1485, 1383, 987, 4, 0, 0, 0, 0, 0, 0))
2018-04-07 23:14:02.401226;(16, (1033, 1087, 97, 12, 0, 0, 0, 0, 0, 0))
2018-04-07 23:14:02.461351;(15, (3370, 3590, 1807, 1, 0, 0, 0, 0, 0, 0))
2018-04-07 23:14:02.467447;(11, (1336, 1389, 187, 12, 0, 0, 0, 0, 0, 0))
2018-04-07 23:14:02.532172;(14, (2585, 2630, 670, 28, 0, 0, 0, 0, 0, 0))
2018-04-07 23:14:31.185305;(1, (11664, 10679, 10527, 5263, 0, 0, 0, 0, 0, 0))
2018-04-07 23:14:31.573930;(21, (1680, 1923, 244, 3, 0, 0, 0, 0, 0, 0))
2018-04-07 23:14:31.677833;(8, (1782, 1795, 193, 28, 0, 0, 0, 0, 0, 0))
2018-04-07 23:14:31.789372;(17, (324, 456, 7, 75, 0, 0, 0, 0, 0, 0))
2018-04-07 23:14:31.837929;(7, (1809, 1871, 394, 42, 0, 0, 0, 0, 0, 0))
2018-04-07 23:14:31.965370;(6, (1569, 1940, 176, 15, 0, 0, 0, 0, 0, 0))
2018-04-07 23:14:31.986359;(13, (2345, 2721, 935, 3, 0, 0, 0, 0, 0, 0))
2018-04-07 23:14:32.048806;(18, (2928, 3153, 1070, 39, 0, 0, 0, 0, 0, 0))
2018-04-07 23:14:32.067924;(20, (2663, 2916, 1159, 41, 0, 0, 0, 0, 0, 0))
2018-04-07 23:14:32.121584;(22, (3339, 3524, 1650, 26, 0, 0, 0, 0, 0, 0))
2018-04-07 23:14:32.136228;(3, (2664, 2822, 845, 37, 0, 0, 0, 0, 0, 0))
2018-04-07 23:14:32.235512;(5, (1755, 2040, 347, 0, 0, 0, 0, 0, 0, 0))
2018-04-07 23:14:32.278601;(10, (4408, 4605, 2604, 12, 0, 0, 0, 0, 0, 0))
2018-04-07 23:14:32.285311;(23, (1865, 1768, 1308, 4, 0, 0, 0, 0, 0, 0))
2018-04-07 23:14:32.409551;(16, (1122, 1188, 103, 17, 0, 0, 0, 0, 0, 0))
2018-04-07 23:14:32.466997;(15, (3784, 4018, 2079, 1, 0, 0, 0, 0, 0, 0))
2018-04-07 23:14:32.475571;(11, (1488, 1565, 231, 15, 0, 0, 0, 0, 0, 0))
2018-04-07 23:14:32.528714;(12, (1385, 1342, 183, 19, 0, 0, 0, 0, 0, 0))
2018-04-07 23:14:32.536098;(14, (2797, 2828, 762, 28, 0, 0, 0, 0, 0, 0))
2018-04-07 23:14:32.756228;(9, (485, 677, 10, 68, 0, 0, 0, 0, 0, 0))
2018-04-07 23:14:32.869546;(4, (1556, 1918, 185, 5, 0, 0, 0, 0, 0, 0))
2018-04-07 23:14:32.981260;(19, (735, 610, 149, 5, 0, 0, 0, 0, 0, 0))
2018-04-07 23:15:01.189527;(1, (12543, 11496, 11334, 5666, 0, 0, 0, 0, 0, 0))
2018-04-07 23:15:01.578444;(21, (1824, 2092, 276, 3, 0, 0, 0, 0, 0, 0))
2018-04-07 23:15:02.283875;(10, (4752, 4973, 2797, 13, 0, 0, 0, 0, 0, 0))
2018-04-07 23:15:02.287051;(23, (2165, 2060, 1552, 5, 0, 0, 0, 0, 0, 0))
2018-04-07 23:15:02.478336;(11, (1632, 1695, 318, 15, 0, 0, 0, 0, 0, 0))
2018-04-07 23:15:02.532029;(12, (1473, 1432, 194, 19, 0, 0, 0, 0, 0, 0))
2018-04-07 23:15:02.541375;(14, (2930, 2957, 785, 28, 0, 0, 0, 0, 0, 0))
2018-04-07 23:15:02.682344;(8, (1896, 1911, 203, 29, 0, 0, 0, 0, 0, 0))
2018-04-07 23:15:02.761183;(9, (497, 700, 10, 78, 0, 0, 0, 0, 0, 0))
2018-04-07 23:15:02.793661;(17, (338, 474, 7, 82, 0, 0, 0, 0, 0, 0))
2018-04-07 23:15:02.842512;(7, (1897, 1962, 412, 47, 0, 0, 0, 0, 0, 0))
2018-04-07 23:15:02.875734;(4, (1673, 2072, 190, 5, 0, 0, 0, 0, 0, 0))
2018-04-07 23:15:02.970458;(6, (1690, 2107, 177, 15, 0, 0, 0, 0, 0, 0))
2018-04-07 23:15:02.983951;(19, (779, 634, 152, 5, 0, 0, 0, 0, 0, 0))
2018-04-07 23:15:02.990812;(13, (2491, 2899, 970, 3, 0, 0, 0, 0, 0, 0))
2018-04-07 23:15:03.053093;(18, (3235, 3496, 1250, 43, 0, 0, 0, 0, 0, 0))
2018-04-07 23:15:03.075073;(20, (2769, 3040, 1163, 43, 0, 0, 0, 0, 0, 0))
2018-04-07 23:15:03.128196;(22, (3537, 3722, 1736, 29, 0, 0, 0, 0, 0, 0))
2018-04-07 23:15:03.141592;(3, (2868, 3046, 938, 42, 0, 0, 0, 0, 0, 0))
2018-04-07 23:15:03.244472;(5, (1865, 2173, 347, 0, 0, 0, 0, 0, 0, 0))
2018-04-07 23:15:03.417062;(16, (1256, 1340, 112, 17, 0, 0, 0, 0, 0, 0))
2018-04-07 23:15:03.472350;(15, (4277, 4533, 2414, 1, 0, 0, 0, 0, 0, 0))
2018-04-07 23:15:31.582553;(21, (1949, 2240, 290, 3, 0, 0, 0, 0, 0, 0))
2018-04-07 23:15:32.192002;(1, (13433, 12328, 12156, 6077, 0, 0, 0, 0, 0, 0))
2018-04-07 23:15:32.289464;(10, (5052, 5307, 2986, 18, 0, 0, 0, 0, 0, 0))
2018-04-07 23:15:32.290675;(23, (2513, 2397, 1850, 5, 0, 0, 0, 0, 0, 0))
2018-04-07 23:15:32.482312;(11, (1830, 1906, 421, 15, 0, 0, 0, 0, 0, 0))
2018-04-07 23:15:32.535940;(12, (1592, 1565, 210, 20, 0, 0, 0, 0, 0, 0))
2018-04-07 23:15:32.545576;(14, (3044, 3073, 819, 33, 0, 0, 0, 0, 0, 0))
2018-04-07 23:15:32.686428;(8, (1984, 1997, 207, 30, 0, 0, 0, 0, 0, 0))
2018-04-07 23:15:32.764602;(9, (511, 722, 10, 88, 0, 0, 0, 0, 0, 0))
2018-04-07 23:15:32.795806;(17, (353, 494, 7, 90, 0, 0, 0, 0, 0, 0))
2018-04-07 23:15:32.847400;(7, (2003, 2081, 436, 53, 0, 0, 0, 0, 0, 0))
2018-04-07 23:15:32.881957;(4, (1777, 2210, 190, 5, 0, 0, 0, 0, 0, 0))
2018-04-07 23:15:32.975975;(6, (1801, 2258, 177, 16, 0, 0, 0, 0, 0, 0))
2018-04-07 23:15:32.986907;(19, (834, 683, 163, 5, 0, 0, 0, 0, 0, 0))
2018-04-07 23:15:32.997242;(13, (2650, 3085, 1022, 3, 0, 0, 0, 0, 0, 0))
2018-04-07 23:15:33.058064;(18, (3560, 3853, 1441, 44, 0, 0, 0, 0, 0, 0))
2018-04-07 23:15:33.079972;(20, (2854, 3148, 1163, 50, 0, 0, 0, 0, 0, 0))
2018-04-07 23:15:33.134096;(22, (3775, 3969, 1848, 33, 0, 0, 0, 0, 0, 0))
2018-04-07 23:15:33.145098;(3, (3066, 3235, 1028, 48, 0, 0, 0, 0, 0, 0))
2018-04-07 23:15:33.249671;(5, (1959, 2290, 347, 3, 0, 0, 0, 0, 0, 0))
2018-04-07 23:15:33.423705;(16, (1371, 1485, 112, 19, 0, 0, 0, 0, 0, 0))
2018-04-07 23:15:33.477546;(15, (4827, 5098, 2803, 1, 0, 0, 0, 0, 0, 0))
2018-04-07 23:16:02.194983;(1, (14456, 13278, 13096, 6547, 0, 0, 0, 0, 0, 0))
2018-04-07 23:16:02.540272;(12, (1752, 1747, 250, 24, 0, 0, 0, 0, 0, 0))
2018-04-07 23:16:02.590972;(21, (2062, 2373, 290, 3, 0, 0, 0, 0, 0, 0))
2018-04-07 23:16:02.694529;(8, (2135, 2165, 236, 30, 0, 0, 0, 0, 0, 0))
2018-04-07 23:16:02.769163;(9, (521, 744, 10, 98, 0, 0, 0, 0, 0, 0))
2018-04-07 23:16:02.799066;(17, (367, 512, 7, 97, 0, 0, 0, 0, 0, 0))
2018-04-07 23:16:02.854043;(7, (2183, 2284, 488, 54, 0, 0, 0, 0, 0, 0))
2018-04-07 23:16:02.887761;(4, (1878, 2341, 190, 5, 0, 0, 0, 0, 0, 0))
2018-04-07 23:16:02.979624;(6, (1853, 2326, 177, 17, 0, 0, 0, 0, 0, 0))
2018-04-07 23:16:02.989891;(19, (884, 714, 174, 5, 0, 0, 0, 0, 0, 0))
2018-04-07 23:16:03.002910;(13, (2816, 3280, 1083, 3, 0, 0, 0, 0, 0, 0))
2018-04-07 23:16:03.063455;(18, (3894, 4219, 1626, 51, 0, 0, 0, 0, 0, 0))
2018-04-07 23:16:03.090080;(20, (2959, 3284, 1163, 50, 0, 0, 0, 0, 0, 0))
2018-04-07 23:16:03.140918;(22, (4155, 4374, 2076, 37, 0, 0, 0, 0, 0, 0))
2018-04-07 23:16:03.150104;(3, (3339, 3515, 1154, 48, 0, 0, 0, 0, 0, 0))
2018-04-07 23:16:03.256490;(5, (2073, 2433, 348, 7, 0, 0, 0, 0, 0, 0))
2018-04-07 23:16:03.294278;(10, (5499, 5786, 3284, 18, 0, 0, 0, 0, 0, 0))
2018-04-07 23:16:03.295205;(23, (2827, 2707, 2112, 5, 0, 0, 0, 0, 0, 0))
2018-04-07 23:16:03.430172;(16, (1491, 1636, 124, 19, 0, 0, 0, 0, 0, 0))
2018-04-07 23:16:03.483071;(15, (5303, 5601, 3127, 1, 0, 0, 0, 0, 0, 0))
2018-04-07 23:16:03.487438;(11, (2037, 2126, 471, 21, 0, 0, 0, 0, 0, 0))
2018-04-07 23:16:03.549706;(14, (3249, 3267, 930, 36, 0, 0, 0, 0, 0, 0))
2018-04-07 23:16:32.198384;(1, (15403, 14159, 13967, 6982, 0, 0, 0, 0, 0, 0))
2018-04-07 23:16:32.546206;(12, (1936, 1951, 328, 27, 0, 0, 0, 0, 0, 0))
2018-04-07 23:16:32.599375;(21, (2175, 2506, 290, 3, 0, 0, 0, 0, 0, 0))
2018-04-07 23:16:32.697136;(8, (2230, 2244, 255, 30, 0, 0, 0, 0, 0, 0))
2018-04-07 23:16:32.773945;(9, (534, 766, 10, 108, 0, 0, 0, 0, 0, 0))
2018-04-07 23:16:32.802607;(17, (381, 533, 7, 106, 0, 0, 0, 0, 0, 0))
2018-04-07 23:16:32.861966;(7, (2314, 2441, 495, 54, 0, 0, 0, 0, 0, 0))
2018-04-07 23:16:32.892771;(4, (1972, 2465, 193, 6, 0, 0, 0, 0, 0, 0))
2018-04-07 23:16:32.982827;(6, (1877, 2350, 177, 27, 0, 0, 0, 0, 0, 0))
2018-04-07 23:16:32.995241;(19, (929, 746, 186, 5, 0, 0, 0, 0, 0, 0))
2018-04-07 23:16:33.008363;(13, (2982, 3474, 1138, 3, 0, 0, 0, 0, 0, 0))
2018-04-07 23:16:33.071744;(18, (4317, 4663, 1879, 57, 0, 0, 0, 0, 0, 0))
2018-04-07 23:16:33.096192;(20, (3079, 3434, 1164, 50, 0, 0, 0, 0, 0, 0))
2018-04-07 23:16:33.146487;(22, (4402, 4624, 2207, 40, 0, 0, 0, 0, 0, 0))
2018-04-07 23:16:33.155135;(3, (3581, 3778, 1278, 50, 0, 0, 0, 0, 0, 0))
2018-04-07 23:16:33.261999;(5, (2163, 2549, 348, 7, 0, 0, 0, 0, 0, 0))
2018-04-07 23:16:33.300364;(10, (5804, 6112, 3458, 18, 0, 0, 0, 0, 0, 0))
2018-04-07 23:16:33.305604;(23, (3196, 3072, 2432, 5, 0, 0, 0, 0, 0, 0))
2018-04-07 23:16:33.435802;(16, (1632, 1804, 156, 22, 0, 0, 0, 0, 0, 0))
2018-04-07 23:16:33.490197;(15, (5805, 6130, 3485, 1, 0, 0, 0, 0, 0, 0))
2018-04-07 23:16:33.494288;(11, (2135, 2235, 482, 23, 0, 0, 0, 0, 0, 0))
2018-04-07 23:16:33.554621;(14, (3595, 3635, 1105, 40, 0, 0, 0, 0, 0, 0))
2018-04-07 23:17:02.202008;(1, (16313, 15009, 14807, 7402, 0, 0, 0, 0, 0, 0))
2018-04-07 23:17:02.608066;(21, (2288, 2642, 290, 3, 0, 0, 0, 0, 0, 0))
2018-04-07 23:17:02.701611;(8, (2362, 2381, 274, 32, 0, 0, 0, 0, 0, 0))
2018-04-07 23:17:02.805559;(17, (395, 550, 7, 112, 0, 0, 0, 0, 0, 0))
2018-04-07 23:17:02.868591;(7, (2481, 2633, 525, 55, 0, 0, 0, 0, 0, 0))
2018-04-07 23:17:02.898705;(4, (2075, 2598, 193, 6, 0, 0, 0, 0, 0, 0))
2018-04-07 23:17:02.986194;(6, (1897, 2371, 177, 36, 0, 0, 0, 0, 0, 0))
2018-04-07 23:17:03.013287;(13, (3147, 3669, 1200, 3, 0, 0, 0, 0, 0, 0))
2018-04-07 23:17:03.079807;(18, (4696, 5049, 2123, 57, 0, 0, 0, 0, 0, 0))
2018-04-07 23:17:03.101321;(20, (3178, 3548, 1171, 51, 0, 0, 0, 0, 0, 0))
2018-04-07 23:17:03.267602;(5, (2274, 2694, 350, 9, 0, 0, 0, 0, 0, 0))
2018-04-07 23:17:03.305513;(10, (6153, 6482, 3691, 18, 0, 0, 0, 0, 0, 0))
2018-04-07 23:17:03.308019;(23, (3541, 3411, 2732, 5, 0, 0, 0, 0, 0, 0))
2018-04-07 23:17:03.440673;(16, (1766, 1972, 172, 25, 0, 0, 0, 0, 0, 0))
2018-04-07 23:17:03.500898;(15, (6279, 6632, 3815, 1, 0, 0, 0, 0, 0, 0))
2018-04-07 23:17:03.501321;(11, (2242, 2373, 489, 24, 0, 0, 0, 0, 0, 0))
2018-04-07 23:17:03.548533;(12, (2043, 2039, 374, 27, 0, 0, 0, 0, 0, 0))
2018-04-07 23:17:03.561135;(14, (3924, 3979, 1272, 42, 0, 0, 0, 0, 0, 0))
2018-04-07 23:17:03.778441;(9, (546, 788, 10, 118, 0, 0, 0, 0, 0, 0))
2018-04-07 23:17:03.997940;(19, (967, 775, 190, 5, 0, 0, 0, 0, 0, 0))
2018-04-07 23:17:04.151692;(22, (4700, 4934, 2367, 40, 0, 0, 0, 0, 0, 0))
2018-04-07 23:17:04.159324;(3, (3845, 4059, 1388, 51, 0, 0, 0, 0, 0, 0))
2018-04-07 23:17:32.205482;(1, (17196, 15843, 15631, 7814, 0, 0, 0, 0, 0, 0))
2018-04-07 23:17:32.613589;(21, (2417, 2791, 305, 3, 0, 0, 0, 0, 0, 0))
2018-04-07 23:17:33.310646;(10, (6593, 6947, 4002, 18, 0, 0, 0, 0, 0, 0))
2018-04-07 23:17:33.312613;(23, (3756, 3642, 2912, 6, 0, 0, 0, 0, 0, 0))
2018-04-07 23:17:33.507746;(11, (2393, 2556, 509, 24, 0, 0, 0, 0, 0, 0))
2018-04-07 23:17:33.554440;(12, (2209, 2224, 397, 29, 0, 0, 0, 0, 0, 0))
2018-04-07 23:17:33.705439;(8, (2551, 2573, 365, 33, 0, 0, 0, 0, 0, 0))
2018-04-07 23:17:33.781431;(9, (558, 809, 10, 127, 0, 0, 0, 0, 0, 0))
2018-04-07 23:17:33.809787;(17, (409, 572, 7, 121, 0, 0, 0, 0, 0, 0))
2018-04-07 23:17:33.874869;(7, (2709, 2864, 635, 57, 0, 0, 0, 0, 0, 0))
2018-04-07 23:17:33.903680;(4, (2180, 2733, 193, 6, 0, 0, 0, 0, 0, 0))
2018-04-07 23:17:33.989694;(6, (1917, 2393, 177, 46, 0, 0, 0, 0, 0, 0))
2018-04-07 23:17:33.999912;(19, (995, 791, 190, 5, 0, 0, 0, 0, 0, 0))
2018-04-07 23:17:34.017881;(13, (3312, 3865, 1263, 3, 0, 0, 0, 0, 0, 0))
2018-04-07 23:17:34.085781;(18, (4929, 5292, 2261, 61, 0, 0, 0, 0, 0, 0))
2018-04-07 23:17:34.106575;(20, (3297, 3696, 1174, 51, 0, 0, 0, 0, 0, 0))
2018-04-07 23:17:34.156129;(22, (5066, 5311, 2614, 40, 0, 0, 0, 0, 0, 0))
2018-04-07 23:17:34.165099;(3, (4114, 4333, 1545, 54, 0, 0, 0, 0, 0, 0))
2018-04-07 23:17:34.272370;(5, (2339, 2786, 351, 12, 0, 0, 0, 0, 0, 0))
2018-04-07 23:17:34.443936;(16, (1818, 2028, 173, 27, 0, 0, 0, 0, 0, 0))
2018-04-07 23:17:34.508502;(15, (6616, 6983, 4001, 1, 0, 0, 0, 0, 0, 0))
2018-04-07 23:18:02.207572;(1, (18058, 16664, 16437, 8217, 0, 0, 0, 0, 0, 0))
2018-04-07 23:18:02.620399;(21, (2602, 2999, 379, 3, 0, 0, 0, 0, 0, 0))
2018-04-07 23:18:03.317367;(10, (6933, 7314, 4219, 18, 0, 0, 0, 0, 0, 0))
2018-04-07 23:18:03.317854;(23, (4029, 3910, 3152, 6, 0, 0, 0, 0, 0, 0))
2018-04-07 23:18:03.511822;(11, (2500, 2669, 522, 25, 0, 0, 0, 0, 0, 0))
2018-04-07 23:18:03.559579;(12, (2318, 2341, 417, 30, 0, 0, 0, 0, 0, 0))
2018-04-07 23:18:03.570795;(14, (4398, 4493, 1531, 48, 0, 0, 0, 0, 0, 0))
2018-04-07 23:18:03.709956;(8, (2735, 2765, 434, 33, 0, 0, 0, 0, 0, 0))
2018-04-07 23:18:03.784734;(9, (572, 831, 10, 137, 0, 0, 0, 0, 0, 0))
2018-04-07 23:18:03.814675;(17, (423, 589, 7, 127, 0, 0, 0, 0, 0, 0))
2018-04-07 23:18:03.879903;(7, (2817, 2990, 638, 60, 0, 0, 0, 0, 0, 0))
2018-04-07 23:18:03.909463;(4, (2261, 2839, 199, 13, 0, 0, 0, 0, 0, 0))
2018-04-07 23:18:03.992398;(6, (1934, 2414, 177, 54, 0, 0, 0, 0, 0, 0))
2018-04-07 23:18:04.003854;(19, (1050, 842, 192, 7, 0, 0, 0, 0, 0, 0))
2018-04-07 23:18:04.021373;(13, (3428, 4005, 1301, 6, 0, 0, 0, 0, 0, 0))
2018-04-07 23:18:04.091737;(18, (5218, 5597, 2449, 63, 0, 0, 0, 0, 0, 0))
2018-04-07 23:18:04.111128;(20, (3383, 3807, 1177, 52, 0, 0, 0, 0, 0, 0))
2018-04-07 23:18:04.162542;(22, (5355, 5628, 2760, 42, 0, 0, 0, 0, 0, 0))
2018-04-07 23:18:04.169809;(3, (4342, 4565, 1655, 64, 0, 0, 0, 0, 0, 0))
2018-04-07 23:18:04.278425;(5, (2461, 2938, 362, 12, 0, 0, 0, 0, 0, 0))
2018-04-07 23:18:04.447881;(16, (1876, 2094, 173, 27, 0, 0, 0, 0, 0, 0))
2018-04-07 23:18:04.514555;(15, (7058, 7445, 4308, 1, 0, 0, 0, 0, 0, 0))
2018-04-07 23:18:32.213572;(1, (18831, 17397, 17160, 8579, 0, 0, 0, 0, 0, 0))
2018-04-07 23:18:32.629301;(21, (2782, 3210, 449, 3, 0, 0, 0, 0, 0, 0))
2018-04-07 23:18:33.325276;(23, (4268, 4145, 3369, 6, 0, 0, 0, 0, 0, 0))
2018-04-07 23:18:33.519308;(11, (2607, 2787, 537, 25, 0, 0, 0, 0, 0, 0))
2018-04-07 23:18:33.562694;(12, (2421, 2448, 448, 34, 0, 0, 0, 0, 0, 0))
2018-04-07 23:18:33.717620;(8, (2962, 3025, 517, 34, 0, 0, 0, 0, 0, 0))
2018-04-07 23:18:33.790369;(9, (586, 854, 10, 147, 0, 0, 0, 0, 0, 0))
2018-04-07 23:18:33.820017;(17, (438, 610, 7, 136, 0, 0, 0, 0, 0, 0))
2018-04-07 23:18:33.884494;(7, (2989, 3166, 705, 62, 0, 0, 0, 0, 0, 0))
2018-04-07 23:18:33.918254;(4, (2276, 2862, 199, 22, 0, 0, 0, 0, 0, 0))
2018-04-07 23:18:33.997358;(6, (1953, 2433, 177, 62, 0, 0, 0, 0, 0, 0))
2018-04-07 23:18:34.011491;(19, (1123, 898, 219, 7, 0, 0, 0, 0, 0, 0))
2018-04-07 23:18:34.026309;(13, (3500, 4103, 1305, 9, 0, 0, 0, 0, 0, 0))
2018-04-07 23:18:34.101301;(18, (5498, 5898, 2600, 63, 0, 0, 0, 0, 0, 0))
2018-04-07 23:18:34.119261;(20, (3457, 3890, 1180, 53, 0, 0, 0, 0, 0, 0))
2018-04-07 23:18:34.168774;(22, (5629, 5922, 2924, 46, 0, 0, 0, 0, 0, 0))
2018-04-07 23:18:34.174610;(3, (4597, 4831, 1784, 70, 0, 0, 0, 0, 0, 0))
2018-04-07 23:18:34.285060;(5, (2567, 3080, 362, 14, 0, 0, 0, 0, 0, 0))
2018-04-07 23:18:34.325251;(10, (7283, 7694, 4431, 22, 0, 0, 0, 0, 0, 0))
2018-04-07 23:18:34.454074;(16, (1951, 2189, 174, 30, 0, 0, 0, 0, 0, 0))
2018-04-07 23:18:34.522659;(15, (7686, 8091, 4798, 1, 0, 0, 0, 0, 0, 0))
2018-04-07 23:18:34.577809;(14, (4646, 4751, 1632, 50, 0, 0, 0, 0, 0, 0))
2018-04-07 23:19:03.220259;(1, (19758, 18276, 18029, 9013, 0, 0, 0, 0, 0, 0))
2018-04-07 23:19:03.571941;(12, (2524, 2560, 470, 34, 0, 0, 0, 0, 0, 0))
2018-04-07 23:19:03.641785;(21, (2956, 3421, 515, 3, 0, 0, 0, 0, 0, 0))
2018-04-07 23:19:03.727650;(8, (3189, 3272, 585, 35, 0, 0, 0, 0, 0, 0))
2018-04-07 23:19:03.802547;(9, (598, 875, 10, 156, 0, 0, 0, 0, 0, 0))
2018-04-07 23:19:03.829517;(17, (453, 627, 7, 142, 0, 0, 0, 0, 0, 0))
2018-04-07 23:19:03.928259;(4, (2397, 3015, 202, 22, 0, 0, 0, 0, 0, 0))
2018-04-07 23:19:04.003230;(6, (1970, 2455, 177, 72, 0, 0, 0, 0, 0, 0))
2018-04-07 23:19:04.018175;(19, (1164, 932, 227, 7, 0, 0, 0, 0, 0, 0))
2018-04-07 23:19:04.038328;(13, (3673, 4307, 1376, 9, 0, 0, 0, 0, 0, 0))
2018-04-07 23:19:04.109833;(18, (5786, 6205, 2779, 67, 0, 0, 0, 0, 0, 0))
2018-04-07 23:19:04.127832;(20, (3549, 4009, 1181, 54, 0, 0, 0, 0, 0, 0))
2018-04-07 23:19:04.178150;(22, (6018, 6328, 3163, 46, 0, 0, 0, 0, 0, 0))
2018-04-07 23:19:04.185435;(3, (4966, 5229, 1988, 73, 0, 0, 0, 0, 0, 0))
2018-04-07 23:19:04.295650;(5, (2675, 3219, 362, 14, 0, 0, 0, 0, 0, 0))
2018-04-07 23:19:04.334079;(10, (7668, 8104, 4721, 24, 0, 0, 0, 0, 0, 0))
2018-04-07 23:19:04.337182;(23, (4518, 4388, 3579, 6, 0, 0, 0, 0, 0, 0))
2018-04-07 23:19:04.461705;(16, (2028, 2279, 174, 30, 0, 0, 0, 0, 0, 0))
2018-04-07 23:19:04.530685;(11, (2689, 2868, 561, 27, 0, 0, 0, 0, 0, 0))
2018-04-07 23:19:04.533703;(15, (8382, 8805, 5344, 1, 0, 0, 0, 0, 0, 0))
2018-04-07 23:19:04.587083;(14, (4920, 5041, 1746, 50, 0, 0, 0, 0, 0, 0))
2018-04-07 23:19:33.226380;(1, (20713, 19170, 18913, 9455, 0, 0, 0, 0, 0, 0))
2018-04-07 23:19:33.655134;(21, (3101, 3597, 540, 3, 0, 0, 0, 0, 0, 0))
2018-04-07 23:19:33.746169;(8, (3385, 3496, 636, 35, 0, 0, 0, 0, 0, 0))
2018-04-07 23:19:33.905227;(7, (3318, 3520, 796, 62, 0, 0, 0, 0, 0, 0))
2018-04-07 23:19:33.939276;(4, (2502, 3149, 202, 22, 0, 0, 0, 0, 0, 0))
2018-04-07 23:19:34.010049;(6, (1989, 2477, 177, 81, 0, 0, 0, 0, 0, 0))
2018-04-07 23:19:34.048379;(13, (3841, 4506, 1442, 9, 0, 0, 0, 0, 0, 0))
2018-04-07 23:19:34.138571;(20, (3649, 4136, 1181, 54, 0, 0, 0, 0, 0, 0))
2018-04-07 23:19:34.187454;(22, (6349, 6676, 3389, 46, 0, 0, 0, 0, 0, 0))
2018-04-07 23:19:34.303954;(5, (2756, 3337, 363, 22, 0, 0, 0, 0, 0, 0))
2018-04-07 23:19:34.346494;(23, (4795, 4654, 3814, 6, 0, 0, 0, 0, 0, 0))
2018-04-07 23:19:34.347517;(10, (8068, 8526, 4995, 24, 0, 0, 0, 0, 0, 0))
2018-04-07 23:19:34.468451;(16, (2139, 2400, 184, 31, 0, 0, 0, 0, 0, 0))
2018-04-07 23:19:34.542017;(15, (8781, 9224, 5600, 1, 0, 0, 0, 0, 0, 0))
2018-04-07 23:19:34.584771;(12, (2696, 2752, 516, 35, 0, 0, 0, 0, 0, 0))
2018-04-07 23:19:34.597305;(14, (5210, 5344, 1860, 56, 0, 0, 0, 0, 0, 0))
2018-04-07 23:19:34.810119;(9, (609, 896, 10, 165, 0, 0, 0, 0, 0, 0))
2018-04-07 23:19:34.835806;(17, (466, 648, 7, 151, 0, 0, 0, 0, 0, 0))
2018-04-07 23:19:35.026829;(19, (1245, 1026, 227, 7, 0, 0, 0, 0, 0, 0))
2018-04-07 23:19:35.120825;(18, (6105, 6543, 2949, 70, 0, 0, 0, 0, 0, 0))
2018-04-07 23:19:35.193476;(3, (5252, 5497, 2218, 73, 0, 0, 0, 0, 0, 0))
2018-04-07 23:20:03.236239;(1, (21661, 20087, 19819, 9908, 0, 0, 0, 0, 0, 0))
2018-04-07 23:20:03.668787;(21, (3208, 3733, 540, 3, 0, 0, 0, 0, 0, 0))
2018-04-07 23:20:04.353306;(23, (5008, 4864, 3997, 6, 0, 0, 0, 0, 0, 0))
2018-04-07 23:20:04.355775;(10, (8509, 8998, 5319, 24, 0, 0, 0, 0, 0, 0))
2018-04-07 23:20:04.547987;(11, (2947, 3141, 628, 32, 0, 0, 0, 0, 0, 0))
2018-04-07 23:20:04.595380;(12, (2858, 2936, 543, 39, 0, 0, 0, 0, 0, 0))
2018-04-07 23:20:04.608836;(14, (5508, 5678, 2002, 56, 0, 0, 0, 0, 0, 0))
2018-04-07 23:20:04.758652;(8, (3578, 3721, 717, 38, 0, 0, 0, 0, 0, 0))
2018-04-07 23:20:04.815500;(9, (619, 915, 10, 173, 0, 0, 0, 0, 0, 0))
2018-04-07 23:20:04.849475;(17, (480, 665, 7, 157, 0, 0, 0, 0, 0, 0))
2018-04-07 23:20:04.914385;(7, (3478, 3685, 867, 63, 0, 0, 0, 0, 0, 0))
2018-04-07 23:20:04.953778;(4, (2607, 3283, 202, 22, 0, 0, 0, 0, 0, 0))
2018-04-07 23:20:05.018221;(6, (2005, 2499, 177, 91, 0, 0, 0, 0, 0, 0))
2018-04-07 23:20:05.033871;(19, (1281, 1063, 227, 7, 0, 0, 0, 0, 0, 0))
2018-04-07 23:20:05.059225;(13, (4003, 4698, 1504, 9, 0, 0, 0, 0, 0, 0))
2018-04-07 23:20:05.135035;(18, (6372, 6829, 3074, 70, 0, 0, 0, 0, 0, 0))
2018-04-07 23:20:05.153089;(20, (3762, 4276, 1181, 55, 0, 0, 0, 0, 0, 0))
2018-04-07 23:20:05.208489;(22, (6752, 7088, 3677, 47, 0, 0, 0, 0, 0, 0))
2018-04-07 23:20:05.209342;(3, (5537, 5788, 2394, 80, 0, 0, 0, 0, 0, 0))
2018-04-07 23:20:05.315120;(5, (2860, 3471, 363, 22, 0, 0, 0, 0, 0, 0))
2018-04-07 23:20:05.482592;(16, (2240, 2527, 186, 32, 0, 0, 0, 0, 0, 0))
2018-04-07 23:20:05.550466;(15, (9104, 9569, 5790, 1, 0, 0, 0, 0, 0, 0))
2018-04-07 23:20:33.243084;(1, (22378, 20766, 20488, 10243, 0, 0, 0, 0, 0, 0))
2018-04-07 23:20:33.677626;(21, (3317, 3870, 540, 3, 0, 0, 0, 0, 0, 0))
2018-04-07 23:20:34.362706;(23, (5247, 5099, 4208, 6, 0, 0, 0, 0, 0, 0))
2018-04-07 23:20:34.365060;(10, (8714, 9224, 5403, 24, 0, 0, 0, 0, 0, 0))
2018-04-07 23:20:34.603557;(12, (3047, 3127, 606, 47, 0, 0, 0, 0, 0, 0))
2018-04-07 23:20:34.621928;(14, (5750, 5936, 2094, 58, 0, 0, 0, 0, 0, 0))
2018-04-07 23:20:34.767150;(8, (3677, 3812, 728, 45, 0, 0, 0, 0, 0, 0))
2018-04-07 23:20:34.831623;(9, (632, 937, 10, 183, 0, 0, 0, 0, 0, 0))
2018-04-07 23:20:34.861207;(17, (495, 687, 7, 167, 0, 0, 0, 0, 0, 0))
2018-04-07 23:20:34.922447;(7, (3602, 3804, 884, 67, 0, 0, 0, 0, 0, 0))
2018-04-07 23:20:34.963891;(4, (2720, 3425, 204, 22, 0, 0, 0, 0, 0, 0))
2018-04-07 23:20:35.034205;(6, (2020, 2519, 177, 99, 0, 0, 0, 0, 0, 0))
2018-04-07 23:20:35.039541;(19, (1337, 1118, 227, 8, 0, 0, 0, 0, 0, 0))
2018-04-07 23:20:35.070971;(13, (4180, 4910, 1573, 9, 0, 0, 0, 0, 0, 0))
2018-04-07 23:20:35.145968;(18, (6658, 7128, 3213, 72, 0, 0, 0, 0, 0, 0))
2018-04-07 23:20:35.158661;(20, (3845, 4362, 1197, 60, 0, 0, 0, 0, 0, 0))
2018-04-07 23:20:35.218546;(3, (5707, 5971, 2459, 81, 0, 0, 0, 0, 0, 0))
2018-04-07 23:20:35.219420;(22, (6882, 7215, 3766, 47, 0, 0, 0, 0, 0, 0))
2018-04-07 23:20:35.327288;(5, (2968, 3611, 363, 22, 0, 0, 0, 0, 0, 0))
2018-04-07 23:20:35.491785;(16, (2310, 2582, 200, 38, 0, 0, 0, 0, 0, 0))
2018-04-07 23:20:35.559510;(15, (9439, 9925, 5999, 1, 0, 0, 0, 0, 0, 0))
2018-04-07 23:21:03.249518;(1, (23412, 21757, 21469, 10733, 0, 0, 0, 0, 0, 0))
2018-04-07 23:21:03.685007;(21, (3423, 4007, 540, 3, 0, 0, 0, 0, 0, 0))
2018-04-07 23:21:04.366388;(23, (5323, 5171, 4267, 6, 0, 0, 0, 0, 0, 0))
2018-04-07 23:21:04.563237;(11, (3149, 3378, 653, 38, 0, 0, 0, 0, 0, 0))
2018-04-07 23:21:04.609900;(12, (3290, 3371, 752, 48, 0, 0, 0, 0, 0, 0))
2018-04-07 23:21:04.627333;(14, (6067, 6294, 2270, 58, 0, 0, 0, 0, 0, 0))
2018-04-07 23:21:04.773541;(8, (3798, 3965, 729, 48, 0, 0, 0, 0, 0, 0))
2018-04-07 23:21:04.837447;(9, (644, 959, 10, 193, 0, 0, 0, 0, 0, 0))
2018-04-07 23:21:04.863546;(17, (507, 706, 7, 174, 0, 0, 0, 0, 0, 0))
2018-04-07 23:21:04.929621;(7, (3750, 3988, 917, 67, 0, 0, 0, 0, 0, 0))
2018-04-07 23:21:04.970502;(4, (2823, 3557, 204, 22, 0, 0, 0, 0, 0, 0))
2018-04-07 23:21:05.037289;(6, (2032, 2538, 177, 107, 0, 0, 0, 0, 0, 0))
2018-04-07 23:21:05.043372;(19, (1364, 1140, 227, 8, 0, 0, 0, 0, 0, 0))
2018-04-07 23:21:05.078510;(13, (4349, 5109, 1634, 9, 0, 0, 0, 0, 0, 0))
2018-04-07 23:21:05.150774;(18, (6754, 7215, 3258, 72, 0, 0, 0, 0, 0, 0))
2018-04-07 23:21:05.165261;(20, (3964, 4507, 1205, 60, 0, 0, 0, 0, 0, 0))
2018-04-07 23:21:05.223614;(22, (7404, 7748, 4212, 47, 0, 0, 0, 0, 0, 0))
2018-04-07 23:21:05.226697;(3, (6038, 6319, 2670, 81, 0, 0, 0, 0, 0, 0))
2018-04-07 23:21:05.335345;(5, (3075, 3746, 363, 22, 0, 0, 0, 0, 0, 0))
2018-04-07 23:21:05.498426;(16, (2440, 2745, 203, 40, 0, 0, 0, 0, 0, 0))
2018-04-07 23:21:05.566543;(15, (9609, 10142, 6057, 1, 0, 0, 0, 0, 0, 0))
2018-04-07 23:21:33.252059;(1, (24281, 22565, 22267, 11132, 0, 0, 0, 0, 0, 0))
2018-04-07 23:21:33.692643;(21, (3535, 4143, 540, 3, 0, 0, 0, 0, 0, 0))
2018-04-07 23:21:34.369421;(23, (5422, 5269, 4338, 6, 0, 0, 0, 0, 0, 0))
2018-04-07 23:21:34.567576;(11, (3257, 3503, 669, 43, 0, 0, 0, 0, 0, 0))
2018-04-07 23:21:34.614747;(12, (3478, 3569, 838, 50, 0, 0, 0, 0, 0, 0))
2018-04-07 23:21:34.631419;(14, (6298, 6536, 2393, 64, 0, 0, 0, 0, 0, 0))
2018-04-07 23:21:34.780107;(8, (3888, 4063, 734, 49, 0, 0, 0, 0, 0, 0))
2018-04-07 23:21:34.841169;(9, (655, 981, 10, 203, 0, 0, 0, 0, 0, 0))
2018-04-07 23:21:34.867437;(17, (520, 725, 7, 182, 0, 0, 0, 0, 0, 0))
2018-04-07 23:21:34.937448;(7, (3846, 4091, 932, 70, 0, 0, 0, 0, 0, 0))
2018-04-07 23:21:34.976437;(4, (2927, 3690, 204, 22, 0, 0, 0, 0, 0, 0))
2018-04-07 23:21:35.040180;(6, (2047, 2560, 177, 117, 0, 0, 0, 0, 0, 0))
2018-04-07 23:21:35.045921;(19, (1411, 1181, 227, 8, 0, 0, 0, 0, 0, 0))
2018-04-07 23:21:35.085993;(13, (4515, 5304, 1698, 9, 0, 0, 0, 0, 0, 0))
2018-04-07 23:21:35.156194;(18, (6883, 7349, 3292, 74, 0, 0, 0, 0, 0, 0))
2018-04-07 23:21:35.171364;(20, (4069, 4628, 1207, 61, 0, 0, 0, 0, 0, 0))
2018-04-07 23:21:35.229096;(22, (7811, 8172, 4502, 50, 0, 0, 0, 0, 0, 0))
2018-04-07 23:21:35.232561;(3, (6270, 6576, 2784, 86, 0, 0, 0, 0, 0, 0))
2018-04-07 23:21:35.345412;(5, (3195, 3921, 372, 22, 0, 0, 0, 0, 0, 0))
2018-04-07 23:21:35.375438;(10, (9866, 10422, 6278, 24, 0, 0, 0, 0, 0, 0))
2018-04-07 23:21:35.501958;(16, (2517, 2839, 217, 46, 0, 0, 0, 0, 0, 0))
2018-04-07 23:21:35.572003;(15, (9838, 10417, 6152, 1, 0, 0, 0, 0, 0, 0))
2018-04-07 23:22:03.254955;(1, (25140, 23353, 23045, 11521, 0, 0, 0, 0, 0, 0))
2018-04-07 23:22:04.698636;(21, (3670, 4309, 558, 3, 0, 0, 0, 0, 0, 0))
2018-04-07 23:22:04.785745;(8, (4003, 4188, 747, 51, 0, 0, 0, 0, 0, 0))
2018-04-07 23:22:04.942452;(7, (3928, 4150, 954, 71, 0, 0, 0, 0, 0, 0))
2018-04-07 23:22:04.983223;(4, (3014, 3803, 207, 23, 0, 0, 0, 0, 0, 0))
2018-04-07 23:22:05.044681;(6, (2068, 2581, 177, 126, 0, 0, 0, 0, 0, 0))
2018-04-07 23:22:05.176001;(20, (4180, 4779, 1220, 68, 0, 0, 0, 0, 0, 0))
2018-04-07 23:22:05.235573;(22, (8237, 8622, 4765, 51, 0, 0, 0, 0, 0, 0))
2018-04-07 23:22:05.352129;(5, (3298, 4084, 372, 31, 0, 0, 0, 0, 0, 0))
2018-04-07 23:22:05.372043;(23, (5551, 5386, 4438, 6, 0, 0, 0, 0, 0, 0))
2018-04-07 23:22:05.381699;(10, (10344, 10936, 6609, 24, 0, 0, 0, 0, 0, 0))
2018-04-07 23:22:05.512364;(16, (2635, 2953, 251, 53, 0, 0, 0, 0, 0, 0))
2018-04-07 23:22:05.572081;(11, (3364, 3640, 682, 48, 0, 0, 0, 0, 0, 0))
2018-04-07 23:22:05.579770;(15, (10114, 10703, 6291, 1, 0, 0, 0, 0, 0, 0))
2018-04-07 23:22:05.618274;(12, (3686, 3771, 926, 54, 0, 0, 0, 0, 0, 0))
2018-04-07 23:22:05.639326;(14, (6561, 6802, 2520, 65, 0, 0, 0, 0, 0, 0))
2018-04-07 23:22:05.843493;(9, (668, 1003, 10, 213, 0, 0, 0, 0, 0, 0))
2018-04-07 23:22:05.870517;(17, (535, 745, 7, 190, 0, 0, 0, 0, 0, 0))
2018-04-07 23:22:06.050107;(19, (1463, 1232, 227, 9, 0, 0, 0, 0, 0, 0))
2018-04-07 23:22:06.092728;(13, (4674, 5495, 1747, 9, 0, 0, 0, 0, 0, 0))
2018-04-07 23:22:06.162160;(18, (7003, 7487, 3295, 74, 0, 0, 0, 0, 0, 0))
2018-04-07 23:22:06.238567;(3, (6461, 6791, 2857, 92, 0, 0, 0, 0, 0, 0))
2018-04-07 23:22:33.258543;(1, (25733, 23921, 23603, 11800, 0, 0, 0, 0, 0, 0))
2018-04-07 23:22:34.704159;(21, (3784, 4447, 558, 3, 0, 0, 0, 0, 0, 0))
2018-04-07 23:22:35.374633;(23, (5637, 5469, 4506, 6, 0, 0, 0, 0, 0, 0))
2018-04-07 23:22:35.387473;(10, (10652, 11269, 6795, 24, 0, 0, 0, 0, 0, 0))
2018-04-07 23:22:35.575893;(11, (3409, 3695, 693, 57, 0, 0, 0, 0, 0, 0))
2018-04-07 23:22:35.626002;(12, (3802, 3883, 965, 62, 0, 0, 0, 0, 0, 0))
2018-04-07 23:22:35.643825;(14, (6691, 6930, 2576, 74, 0, 0, 0, 0, 0, 0))
2018-04-07 23:22:35.791172;(8, (4085, 4268, 761, 56, 0, 0, 0, 0, 0, 0))
2018-04-07 23:22:35.849163;(9, (679, 1024, 10, 222, 0, 0, 0, 0, 0, 0))
2018-04-07 23:22:35.873541;(17, (548, 763, 7, 197, 0, 0, 0, 0, 0, 0))
2018-04-07 23:22:35.944328;(7, (3966, 4177, 956, 77, 0, 0, 0, 0, 0, 0))
2018-04-07 23:22:35.988923;(4, (3124, 3940, 207, 23, 0, 0, 0, 0, 0, 0))
2018-04-07 23:22:36.046772;(6, (2086, 2602, 177, 135, 0, 0, 0, 0, 0, 0))
2018-04-07 23:22:36.052347;(19, (1491, 1255, 227, 14, 0, 0, 0, 0, 0, 0))
2018-04-07 23:22:36.098135;(13, (4845, 5695, 1811, 9, 0, 0, 0, 0, 0, 0))
2018-04-07 23:22:36.168354;(18, (7126, 7623, 3295, 74, 0, 0, 0, 0, 0, 0))
2018-04-07 23:22:36.181040;(20, (4230, 4838, 1220, 73, 0, 0, 0, 0, 0, 0))
2018-04-07 23:22:36.245866;(22, (8490, 8894, 4885, 51, 0, 0, 0, 0, 0, 0))
2018-04-07 23:22:36.249342;(3, (6629, 6981, 2927, 100, 0, 0, 0, 0, 0, 0))
2018-04-07 23:22:36.354571;(5, (3312, 4107, 372, 40, 0, 0, 0, 0, 0, 0))
2018-04-07 23:22:36.515385;(16, (2712, 3032, 258, 60, 0, 0, 0, 0, 0, 0))
2018-04-07 23:22:36.584912;(15, (10301, 10912, 6357, 1, 0, 0, 0, 0, 0, 0))
2018-04-07 23:23:04.261360;(1, (26364, 24521, 24193, 12095, 0, 0, 0, 0, 0, 0))
2018-04-07 23:23:04.710127;(21, (3890, 4582, 558, 3, 0, 0, 0, 0, 0, 0))
2018-04-07 23:23:05.378445;(23, (5794, 5624, 4640, 6, 0, 0, 0, 0, 0, 0))
2018-04-07 23:23:05.392055;(10, (10909, 11552, 6955, 27, 0, 0, 0, 0, 0, 0))
2018-04-07 23:23:05.579009;(11, (3466, 3748, 700, 63, 0, 0, 0, 0, 0, 0))
2018-04-07 23:23:05.629459;(12, (3907, 3993, 981, 64, 0, 0, 0, 0, 0, 0))
2018-04-07 23:23:05.650699;(14, (6854, 7093, 2635, 81, 0, 0, 0, 0, 0, 0))
2018-04-07 23:23:05.798672;(8, (4196, 4368, 774, 59, 0, 0, 0, 0, 0, 0))
2018-04-07 23:23:05.851420;(9, (689, 1046, 10, 232, 0, 0, 0, 0, 0, 0))
2018-04-07 23:23:05.877066;(17, (563, 783, 7, 205, 0, 0, 0, 0, 0, 0))
2018-04-07 23:23:05.948538;(7, (4045, 4268, 958, 77, 0, 0, 0, 0, 0, 0))
2018-04-07 23:23:05.998244;(4, (3228, 4075, 207, 23, 0, 0, 0, 0, 0, 0))
2018-04-07 23:23:06.050556;(6, (2104, 2620, 177, 142, 0, 0, 0, 0, 0, 0))
2018-04-07 23:23:06.054084;(19, (1530, 1289, 234, 21, 0, 0, 0, 0, 0, 0))
2018-04-07 23:23:06.174865;(18, (7326, 7834, 3365, 74, 0, 0, 0, 0, 0, 0))
2018-04-07 23:23:06.251710;(22, (8723, 9144, 4999, 55, 0, 0, 0, 0, 0, 0))
2018-04-07 23:23:06.257593;(3, (6882, 7232, 3073, 108, 0, 0, 0, 0, 0, 0))
2018-04-07 23:23:06.358139;(5, (3325, 4126, 372, 47, 0, 0, 0, 0, 0, 0))
2018-04-07 23:23:06.518637;(16, (2769, 3077, 266, 63, 0, 0, 0, 0, 0, 0))
2018-04-07 23:23:06.591324;(15, (10560, 11194, 6493, 1, 0, 0, 0, 0, 0, 0))
2018-04-07 23:23:34.266298;(1, (27313, 25431, 25093, 12545, 0, 0, 0, 0, 0, 0))
2018-04-07 23:23:34.715361;(21, (3996, 4716, 560, 3, 0, 0, 0, 0, 0, 0))
2018-04-07 23:23:35.381370;(23, (5873, 5704, 4707, 6, 0, 0, 0, 0, 0, 0))
2018-04-07 23:23:35.398874;(10, (11582, 12252, 7490, 27, 0, 0, 0, 0, 0, 0))
2018-04-07 23:23:35.582623;(11, (3593, 3890, 736, 63, 0, 0, 0, 0, 0, 0))
2018-04-07 23:23:35.637668;(12, (4070, 4170, 1015, 66, 0, 0, 0, 0, 0, 0))
2018-04-07 23:23:35.656182;(14, (7206, 7465, 2840, 81, 0, 0, 0, 0, 0, 0))
2018-04-07 23:23:35.805576;(8, (4406, 4586, 849, 62, 0, 0, 0, 0, 0, 0))
2018-04-07 23:23:35.859780;(9, (699, 1068, 10, 242, 0, 0, 0, 0, 0, 0))
2018-04-07 23:23:35.881816;(17, (575, 801, 7, 212, 0, 0, 0, 0, 0, 0))
2018-04-07 23:23:35.953603;(7, (4176, 4420, 961, 78, 0, 0, 0, 0, 0, 0))
2018-04-07 23:23:36.004922;(4, (3330, 4205, 207, 23, 0, 0, 0, 0, 0, 0))
2018-04-07 23:23:36.053149;(6, (2118, 2642, 177, 152, 0, 0, 0, 0, 0, 0))
2018-04-07 23:23:36.062633;(19, (1573, 1326, 234, 22, 0, 0, 0, 0, 0, 0))
2018-04-07 23:23:36.117589;(13, (5178, 6090, 1933, 9, 0, 0, 0, 0, 0, 0))
2018-04-07 23:23:36.194340;(20, (4534, 5203, 1313, 81, 0, 0, 0, 0, 0, 0))
2018-04-07 23:23:36.261327;(22, (9331, 9788, 5465, 55, 0, 0, 0, 0, 0, 0))
2018-04-07 23:23:36.265451;(3, (7434, 7819, 3476, 108, 0, 0, 0, 0, 0, 0))
2018-04-07 23:23:36.361485;(5, (3337, 4148, 372, 57, 0, 0, 0, 0, 0, 0))
2018-04-07 23:23:36.527009;(16, (2894, 3238, 268, 64, 0, 0, 0, 0, 0, 0))
2018-04-07 23:23:36.598690;(15, (10736, 11399, 6557, 1, 0, 0, 0, 0, 0, 0))
2018-04-07 23:24:04.273106;(1, (28210, 26301, 25953, 12975, 0, 0, 0, 0, 0, 0))
2018-04-07 23:24:04.721035;(21, (4126, 4871, 581, 3, 0, 0, 0, 0, 0, 0))
2018-04-07 23:24:05.383428;(23, (5947, 5782, 4758, 6, 0, 0, 0, 0, 0, 0))
2018-04-07 23:24:05.587372;(11, (3739, 4046, 773, 65, 0, 0, 0, 0, 0, 0))
2018-04-07 23:24:05.643232;(12, (4234, 4342, 1064, 66, 0, 0, 0, 0, 0, 0))
2018-04-07 23:24:05.659650;(14, (7463, 7730, 3026, 85, 0, 0, 0, 0, 0, 0))
2018-04-07 23:24:05.811201;(8, (4576, 4759, 905, 63, 0, 0, 0, 0, 0, 0))
2018-04-07 23:24:05.959378;(7, (4276, 4538, 964, 79, 0, 0, 0, 0, 0, 0))
2018-04-07 23:24:06.010081;(4, (3434, 4343, 207, 23, 0, 0, 0, 0, 0, 0))
2018-04-07 23:24:06.057243;(6, (2135, 2665, 177, 162, 0, 0, 0, 0, 0, 0))
2018-04-07 23:24:06.069637;(19, (1664, 1443, 234, 23, 0, 0, 0, 0, 0, 0))
2018-04-07 23:24:06.125815;(13, (5346, 6289, 1997, 9, 0, 0, 0, 0, 0, 0))
2018-04-07 23:24:06.188773;(18, (7551, 8097, 3372, 77, 0, 0, 0, 0, 0, 0))
2018-04-07 23:24:06.198657;(20, (4652, 5348, 1361, 82, 0, 0, 0, 0, 0, 0))
2018-04-07 23:24:06.266814;(22, (9812, 10294, 5859, 60, 0, 0, 0, 0, 0, 0))
2018-04-07 23:24:06.365218;(5, (3350, 4170, 372, 66, 0, 0, 0, 0, 0, 0))
2018-04-07 23:24:06.531395;(16, (2984, 3346, 270, 65, 0, 0, 0, 0, 0, 0))
2018-04-07 23:24:06.608001;(15, (10866, 11552, 6566, 1, 0, 0, 0, 0, 0, 0))
2018-04-07 23:24:06.865407;(9, (710, 1089, 10, 251, 0, 0, 0, 0, 0, 0))
2018-04-07 23:24:06.883829;(17, (587, 822, 7, 221, 0, 0, 0, 0, 0, 0))
2018-04-07 23:24:07.271519;(3, (7880, 8293, 3811, 111, 0, 0, 0, 0, 0, 0))
2018-04-07 23:24:34.277683;(1, (28990, 27057, 26699, 13348, 0, 0, 0, 0, 0, 0))
2018-04-07 23:24:34.727390;(21, (4299, 5074, 648, 3, 0, 0, 0, 0, 0, 0))
2018-04-07 23:24:35.591947;(11, (3793, 4115, 773, 73, 0, 0, 0, 0, 0, 0))
2018-04-07 23:24:35.664714;(14, (7643, 7914, 3112, 86, 0, 0, 0, 0, 0, 0))
2018-04-07 23:24:35.815564;(8, (4651, 4830, 908, 65, 0, 0, 0, 0, 0, 0))
2018-04-07 23:24:35.966769;(7, (4416, 4693, 981, 83, 0, 0, 0, 0, 0, 0))
2018-04-07 23:24:36.195910;(18, (7676, 8237, 3374, 77, 0, 0, 0, 0, 0, 0))
2018-04-07 23:24:36.207320;(20, (4820, 5542, 1401, 85, 0, 0, 0, 0, 0, 0))
2018-04-07 23:24:36.274616;(22, (10298, 10806, 6209, 60, 0, 0, 0, 0, 0, 0))
2018-04-07 23:24:36.385492;(23, (6033, 5866, 4825, 6, 0, 0, 0, 0, 0, 0))
2018-04-07 23:24:36.411699;(10, (12718, 13449, 8385, 28, 0, 0, 0, 0, 0, 0))
2018-04-07 23:24:36.613454;(15, (10981, 11697, 6566, 1, 0, 0, 0, 0, 0, 0))
2018-04-07 23:24:36.649855;(12, (4375, 4484, 1133, 74, 0, 0, 0, 0, 0, 0))
2018-04-07 23:24:36.868368;(9, (721, 1111, 10, 261, 0, 0, 0, 0, 0, 0))
2018-04-07 23:24:36.886788;(17, (601, 839, 7, 227, 0, 0, 0, 0, 0, 0))
2018-04-07 23:24:37.016496;(4, (3537, 4475, 207, 23, 0, 0, 0, 0, 0, 0))
2018-04-07 23:24:37.061956;(6, (2151, 2686, 177, 171, 0, 0, 0, 0, 0, 0))
2018-04-07 23:24:37.077747;(19, (1788, 1584, 264, 23, 0, 0, 0, 0, 0, 0))
2018-04-07 23:24:37.134644;(13, (5512, 6485, 2059, 9, 0, 0, 0, 0, 0, 0))
2018-04-07 23:24:37.277489;(3, (8307, 8733, 4098, 111, 0, 0, 0, 0, 0, 0))
2018-04-07 23:24:37.367621;(5, (3362, 4191, 372, 75, 0, 0, 0, 0, 0, 0))
2018-04-07 23:24:37.535659;(16, (3051, 3415, 270, 70, 0, 0, 0, 0, 0, 0))
