2018-04-17 02:56:19.916516;(13, (34, 5, 39, 0))
2018-04-17 02:56:20.088262;(3, (33, 3, 36, 0))
2018-04-17 02:56:20.090217;(14, (32, 3, 35, 0))
2018-04-17 02:56:20.097917;(7, (37, 9, 46, 0))
2018-04-17 02:56:20.098668;(11, (5, 3, 9, 0))
2018-04-17 02:56:20.206439;(9, (33, 1, 34, 0))
2018-04-17 02:56:20.238398;(18, (24, 1, 25, 0))
2018-04-17 02:56:20.239834;(5, (34, 5, 39, 0))
2018-04-17 02:56:20.313378;(22, (7, 2, 10, 0))
2018-04-17 02:56:20.339541;(15, (19, 0, 19, 0))
2018-04-17 02:56:20.346600;(19, (16, 3, 19, 0))
2018-04-17 02:56:20.517222;(4, (31, 0, 31, 0))
2018-04-17 02:56:20.539939;(20, (31, 2, 33, 0))
2018-04-17 02:56:20.567798;(21, (33, 1, 34, 0))
2018-04-17 02:56:20.581556;(10, (36, 1, 37, 0))
2018-04-17 02:56:20.627488;(6, (47, 3, 50, 0))
2018-04-17 02:56:20.654182;(1, (0, 0, 0, 0))
2018-04-17 02:56:20.655658;(17, (11, 3, 15, 0))
2018-04-17 02:56:20.759338;(23, (0, 0, 0, 0))
2018-04-17 02:56:20.792366;(16, (36, 0, 36, 0))
2018-04-17 02:56:20.918513;(12, (43, 5, 48, 0))
2018-04-17 02:57:19.931485;(13, (94, 10, 104, 0))
2018-04-17 02:57:20.097262;(3, (93, 11, 104, 0))
2018-04-17 02:57:20.100096;(14, (92, 9, 101, 0))
2018-04-17 02:57:20.108096;(11, (22, 9, 32, 0))
2018-04-17 02:57:20.110015;(7, (97, 51, 148, 0))
2018-04-17 02:57:20.219966;(9, (93, 3, 96, 0))
2018-04-17 02:57:20.251417;(18, (84, 6, 90, 0))
2018-04-17 02:57:20.260490;(5, (94, 11, 105, 0))
2018-04-17 02:57:20.324277;(22, (38, 9, 48, 0))
2018-04-17 02:57:20.352003;(15, (79, 18, 97, 0))
2018-04-17 02:57:20.361632;(19, (76, 7, 83, 0))
2018-04-17 02:57:20.535812;(4, (91, 8, 99, 0))
2018-04-17 02:57:20.553746;(20, (91, 11, 102, 0))
2018-04-17 02:57:20.578082;(21, (93, 27, 120, 0))
2018-04-17 02:57:20.592013;(10, (96, 8, 104, 0))
2018-04-17 02:57:20.638913;(6, (107, 4, 111, 0))
2018-04-17 02:57:20.661472;(1, (0, 0, 0, 0))
2018-04-17 02:57:20.663131;(17, (30, 13, 43, 1))
2018-04-17 02:57:20.767714;(8, (93, 16, 110, 0))
2018-04-17 02:57:20.770593;(23, (0, 0, 0, 0))
2018-04-17 02:57:20.801864;(16, (96, 7, 103, 0))
2018-04-17 02:57:20.938810;(12, (103, 11, 114, 0))
2018-04-17 02:58:19.942255;(13, (154, 19, 173, 0))
2018-04-17 02:58:20.107967;(3, (153, 17, 170, 0))
2018-04-17 02:58:20.112476;(14, (152, 32, 184, 0))
2018-04-17 02:58:20.114675;(11, (40, 23, 64, 1))
2018-04-17 02:58:20.121596;(7, (151, 84, 236, 0))
2018-04-17 02:58:20.234715;(9, (153, 8, 161, 0))
2018-04-17 02:58:20.263804;(18, (144, 11, 155, 0))
2018-04-17 02:58:20.271794;(5, (154, 23, 177, 0))
2018-04-17 02:58:20.343955;(22, (97, 25, 123, 0))
2018-04-17 02:58:20.361385;(15, (139, 37, 176, 0))
2018-04-17 02:58:20.373517;(19, (136, 18, 155, 0))
2018-04-17 02:58:20.549605;(4, (151, 15, 166, 0))
2018-04-17 02:58:20.564465;(20, (151, 22, 173, 0))
2018-04-17 02:58:20.592008;(21, (153, 45, 198, 0))
2018-04-17 02:58:20.605821;(10, (156, 35, 191, 0))
2018-04-17 02:58:20.650301;(6, (168, 6, 174, 0))
2018-04-17 02:58:20.668374;(1, (0, 0, 0, 0))
2018-04-17 02:58:20.676287;(17, (82, 36, 119, 1))
2018-04-17 02:58:20.778538;(8, (155, 24, 179, 0))
2018-04-17 02:58:20.779340;(23, (0, 0, 0, 0))
2018-04-17 02:58:20.813557;(16, (157, 10, 167, 0))
2018-04-17 02:58:20.950729;(12, (163, 19, 182, 0))
2018-04-17 02:59:19.957243;(13, (215, 23, 238, 0))
2018-04-17 02:59:20.118560;(3, (214, 30, 244, 0))
2018-04-17 02:59:20.123678;(14, (199, 52, 251, 1))
2018-04-17 02:59:20.126155;(11, (91, 47, 139, 1))
2018-04-17 02:59:20.138003;(7, (214, 103, 317, 0))
2018-04-17 02:59:20.247387;(9, (214, 11, 225, 0))
2018-04-17 02:59:20.275864;(18, (204, 15, 219, 0))
2018-04-17 02:59:20.286410;(5, (214, 42, 256, 0))
2018-04-17 02:59:20.358053;(22, (159, 38, 197, 0))
2018-04-17 02:59:20.374063;(15, (200, 51, 251, 0))
2018-04-17 02:59:20.385684;(19, (197, 24, 221, 0))
2018-04-17 02:59:20.566210;(4, (211, 20, 231, 0))
2018-04-17 02:59:20.576112;(20, (211, 31, 242, 0))
2018-04-17 02:59:20.600462;(21, (213, 62, 275, 0))
2018-04-17 02:59:20.616013;(10, (216, 44, 260, 0))
2018-04-17 02:59:20.666455;(6, (228, 7, 235, 0))
2018-04-17 02:59:20.675876;(1, (0, 0, 0, 0))
2018-04-17 02:59:20.688266;(17, (141, 58, 199, 1))
2018-04-17 02:59:20.790775;(23, (0, 0, 0, 0))
2018-04-17 02:59:20.791070;(8, (215, 33, 248, 0))
2018-04-17 02:59:20.825621;(16, (217, 16, 233, 0))
2018-04-17 03:00:20.139360;(14, (259, 67, 326, 1))
2018-04-17 03:00:20.142396;(11, (152, 78, 230, 1))
2018-04-17 03:00:20.586593;(4, (272, 23, 295, 0))
2018-04-17 03:00:20.609828;(21, (273, 84, 357, 0))
2018-04-17 03:00:20.626615;(10, (276, 50, 326, 0))
2018-04-17 03:00:20.683145;(1, (0, 0, 0, 0))
2018-04-17 03:00:20.697549;(17, (167, 82, 250, 3))
2018-04-17 03:00:20.795864;(23, (0, 0, 0, 0))
2018-04-17 03:00:20.969947;(13, (275, 27, 302, 0))
2018-04-17 03:00:21.135604;(3, (274, 38, 312, 0))
2018-04-17 03:00:21.150633;(7, (273, 135, 408, 0))
2018-04-17 03:00:21.263136;(9, (274, 14, 288, 0))
2018-04-17 03:00:21.290223;(18, (264, 16, 280, 0))
2018-04-17 03:00:21.300443;(5, (274, 65, 340, 0))
2018-04-17 03:00:21.370580;(22, (211, 62, 274, 0))
2018-04-17 03:00:21.386400;(15, (260, 70, 330, 0))
2018-04-17 03:00:21.396304;(19, (257, 33, 290, 0))
2018-04-17 03:00:21.681916;(6, (288, 8, 296, 0))
2018-04-17 03:00:21.801027;(8, (275, 39, 314, 0))
2018-04-17 03:00:21.837096;(16, (277, 19, 296, 0))
2018-04-17 03:00:21.975137;(12, (283, 38, 321, 0))
2018-04-17 03:01:20.698302;(1, (0, 0, 0, 0))
2018-04-17 03:01:20.979929;(13, (335, 32, 367, 0))
2018-04-17 03:01:21.151677;(3, (334, 46, 380, 0))
2018-04-17 03:01:21.153651;(14, (319, 80, 400, 1))
2018-04-17 03:01:21.154939;(11, (209, 108, 317, 1))
2018-04-17 03:01:21.163630;(7, (333, 160, 494, 0))
2018-04-17 03:01:21.276742;(9, (334, 20, 354, 0))
2018-04-17 03:01:21.312727;(5, (335, 82, 417, 0))
2018-04-17 03:01:21.379548;(22, (246, 83, 330, 0))
2018-04-17 03:01:21.399175;(15, (320, 87, 407, 0))
2018-04-17 03:01:21.410919;(19, (317, 45, 362, 0))
2018-04-17 03:01:21.598441;(4, (332, 30, 362, 0))
2018-04-17 03:01:21.602145;(20, (332, 53, 385, 0))
2018-04-17 03:01:21.622130;(21, (334, 95, 429, 0))
2018-04-17 03:01:21.640145;(10, (336, 61, 398, 0))
2018-04-17 03:01:21.697674;(6, (348, 15, 363, 0))
2018-04-17 03:01:21.712364;(17, (227, 121, 349, 3))
2018-04-17 03:01:21.799955;(23, (0, 0, 0, 0))
2018-04-17 03:01:21.811580;(8, (335, 53, 389, 0))
2018-04-17 03:01:21.845785;(16, (337, 25, 362, 0))
2018-04-17 03:01:21.987174;(12, (343, 45, 388, 0))
2018-04-17 03:02:20.711206;(1, (0, 0, 0, 0))
2018-04-17 03:02:20.995146;(13, (395, 38, 433, 0))
2018-04-17 03:02:21.166033;(3, (394, 56, 450, 0))
2018-04-17 03:02:21.171161;(11, (268, 137, 406, 1))
2018-04-17 03:02:21.178962;(7, (393, 192, 586, 0))
2018-04-17 03:02:21.291955;(9, (394, 24, 418, 0))
2018-04-17 03:02:21.312362;(18, (385, 27, 412, 0))
2018-04-17 03:02:21.328039;(5, (395, 96, 491, 0))
2018-04-17 03:02:21.396663;(22, (301, 102, 404, 1))
2018-04-17 03:02:21.410944;(15, (380, 92, 472, 0))
2018-04-17 03:02:21.423082;(19, (365, 54, 419, 0))
2018-04-17 03:02:21.610204;(4, (392, 34, 426, 0))
2018-04-17 03:02:21.612318;(20, (392, 61, 453, 0))
2018-04-17 03:02:21.634007;(21, (394, 98, 492, 0))
2018-04-17 03:02:21.655350;(10, (397, 67, 464, 0))
2018-04-17 03:02:21.712001;(6, (408, 16, 424, 0))
2018-04-17 03:02:21.725489;(17, (271, 150, 422, 3))
2018-04-17 03:02:21.806502;(23, (0, 0, 0, 0))
2018-04-17 03:02:21.822323;(8, (396, 65, 461, 0))
2018-04-17 03:02:21.855335;(16, (397, 33, 430, 0))
2018-04-17 03:02:22.002003;(12, (403, 49, 452, 0))
2018-04-17 03:03:21.008475;(13, (455, 47, 502, 0))
2018-04-17 03:03:21.181892;(3, (454, 69, 523, 0))
2018-04-17 03:03:21.184484;(14, (439, 121, 560, 1))
2018-04-17 03:03:21.186693;(11, (324, 177, 501, 1))
2018-04-17 03:03:21.191766;(7, (454, 220, 674, 0))
2018-04-17 03:03:21.325629;(18, (445, 30, 475, 0))
2018-04-17 03:03:21.343835;(5, (455, 117, 572, 0))
2018-04-17 03:03:21.406749;(22, (361, 139, 501, 1))
2018-04-17 03:03:21.427541;(15, (440, 96, 536, 0))
2018-04-17 03:03:21.435195;(19, (406, 67, 473, 1))
2018-04-17 03:03:21.622892;(4, (452, 39, 491, 0))
2018-04-17 03:03:21.626271;(20, (452, 71, 523, 0))
2018-04-17 03:03:21.644522;(21, (454, 116, 570, 0))
2018-04-17 03:03:21.674872;(10, (457, 74, 531, 0))
2018-04-17 03:03:21.721452;(1, (0, 0, 0, 0))
2018-04-17 03:03:21.725699;(6, (468, 17, 485, 0))
2018-04-17 03:03:21.813468;(23, (0, 0, 0, 0))
2018-04-17 03:03:21.833444;(8, (456, 77, 533, 0))
2018-04-17 03:03:22.012144;(12, (463, 56, 519, 0))
2018-04-17 03:04:21.026599;(13, (516, 53, 569, 0))
2018-04-17 03:04:21.198120;(3, (515, 82, 597, 0))
2018-04-17 03:04:21.200022;(11, (351, 199, 551, 3))
2018-04-17 03:04:21.212069;(7, (514, 234, 748, 0))
2018-04-17 03:04:21.319908;(9, (515, 28, 543, 0))
2018-04-17 03:04:21.343373;(18, (505, 36, 541, 0))
2018-04-17 03:04:21.355339;(5, (515, 143, 658, 0))
2018-04-17 03:04:21.419585;(22, (385, 160, 546, 1))
2018-04-17 03:04:21.441711;(15, (501, 101, 602, 0))
2018-04-17 03:04:21.634424;(4, (512, 45, 557, 0))
2018-04-17 03:04:21.645614;(20, (512, 78, 590, 0))
2018-04-17 03:04:21.687849;(10, (517, 79, 596, 0))
2018-04-17 03:04:21.726970;(1, (0, 0, 0, 0))
2018-04-17 03:04:21.745154;(6, (529, 21, 550, 0))
2018-04-17 03:04:21.754307;(17, (391, 203, 595, 3))
2018-04-17 03:04:21.818841;(23, (0, 0, 0, 0))
2018-04-17 03:04:21.843573;(8, (505, 84, 589, 1))
2018-04-17 03:04:21.883186;(16, (518, 45, 563, 0))
2018-04-17 03:04:22.028441;(12, (524, 61, 585, 0))
2018-04-17 03:05:21.042889;(13, (576, 62, 638, 0))
2018-04-17 03:05:21.219231;(14, (550, 167, 717, 2))
2018-04-17 03:05:21.220025;(11, (391, 223, 615, 3))
2018-04-17 03:05:21.230764;(7, (574, 251, 825, 0))
2018-04-17 03:05:21.369467;(5, (575, 159, 734, 0))
2018-04-17 03:05:21.432504;(22, (439, 187, 626, 1))
2018-04-17 03:05:21.457019;(15, (561, 105, 666, 0))
2018-04-17 03:05:21.470294;(19, (527, 76, 603, 1))
2018-04-17 03:05:21.650465;(4, (572, 47, 619, 0))
2018-04-17 03:05:21.664252;(20, (573, 88, 661, 0))
2018-04-17 03:05:21.693677;(21, (574, 135, 709, 0))
2018-04-17 03:05:21.699298;(10, (577, 86, 663, 0))
2018-04-17 03:05:21.733631;(1, (0, 0, 0, 0))
2018-04-17 03:05:21.759920;(6, (589, 22, 611, 0))
2018-04-17 03:05:21.774026;(17, (451, 232, 684, 3))
2018-04-17 03:05:21.858401;(8, (565, 91, 656, 1))
2018-04-17 03:05:21.900523;(16, (578, 52, 630, 0))
2018-04-17 03:05:22.216468;(3, (575, 96, 671, 0))
2018-04-17 03:05:22.332171;(9, (575, 32, 607, 0))
2018-04-17 03:05:22.358441;(18, (565, 42, 607, 0))
2018-04-17 03:05:23.041926;(12, (584, 71, 655, 0))
2018-04-17 03:06:21.240210;(11, (450, 252, 703, 3))
2018-04-17 03:06:21.242676;(14, (610, 200, 810, 2))
2018-04-17 03:06:21.670554;(4, (633, 50, 683, 0))
2018-04-17 03:06:21.706843;(21, (634, 139, 773, 0))
2018-04-17 03:06:21.721642;(10, (637, 92, 729, 0))
2018-04-17 03:06:21.740314;(1, (0, 0, 0, 0))
2018-04-17 03:06:21.829117;(23, (0, 0, 0, 0))
2018-04-17 03:06:22.058601;(13, (636, 67, 703, 0))
2018-04-17 03:06:22.234368;(3, (635, 105, 740, 0))
2018-04-17 03:06:22.248512;(7, (635, 269, 904, 0))
2018-04-17 03:06:22.353346;(9, (635, 36, 671, 0))
2018-04-17 03:06:22.369615;(18, (626, 49, 675, 0))
2018-04-17 03:06:22.382050;(5, (636, 173, 809, 0))
2018-04-17 03:06:22.450168;(22, (492, 206, 698, 1))
2018-04-17 03:06:22.471130;(15, (621, 106, 727, 0))
2018-04-17 03:06:22.481375;(19, (587, 84, 671, 1))
2018-04-17 03:06:22.680271;(20, (633, 92, 725, 0))
2018-04-17 03:06:22.779476;(6, (649, 23, 672, 0))
2018-04-17 03:06:22.787608;(17, (505, 260, 765, 3))
2018-04-17 03:06:22.882548;(8, (625, 105, 730, 1))
2018-04-17 03:06:22.918129;(16, (637, 63, 701, 0))
2018-04-17 03:06:23.055242;(12, (644, 93, 737, 0))
2018-04-17 03:07:21.252090;(11, (501, 282, 784, 3))
2018-04-17 03:07:21.254824;(14, (670, 211, 882, 2))
2018-04-17 03:07:21.721582;(21, (695, 142, 837, 0))
2018-04-17 03:07:21.738837;(10, (697, 93, 790, 0))
2018-04-17 03:07:21.751528;(1, (0, 0, 0, 0))
2018-04-17 03:07:21.834598;(23, (0, 0, 0, 0))
2018-04-17 03:07:22.070418;(13, (696, 71, 767, 0))
2018-04-17 03:07:22.250149;(3, (695, 113, 808, 0))
2018-04-17 03:07:22.260317;(7, (694, 286, 981, 0))
2018-04-17 03:07:22.366614;(9, (695, 40, 735, 0))
2018-04-17 03:07:22.383179;(18, (686, 52, 738, 0))
2018-04-17 03:07:22.394962;(5, (696, 182, 878, 0))
2018-04-17 03:07:22.462467;(22, (548, 244, 793, 1))
2018-04-17 03:07:22.482250;(15, (681, 111, 792, 0))
2018-04-17 03:07:22.493999;(19, (647, 92, 739, 1))
2018-04-17 03:07:22.688396;(4, (693, 52, 745, 0))
2018-04-17 03:07:22.692087;(20, (693, 97, 790, 0))
2018-04-17 03:07:22.796424;(6, (709, 24, 733, 0))
2018-04-17 03:07:22.797605;(17, (551, 290, 842, 3))
2018-04-17 03:07:22.898101;(8, (686, 115, 801, 1))
2018-04-17 03:07:22.931991;(16, (698, 69, 767, 0))
2018-04-17 03:07:23.066740;(12, (704, 104, 808, 0))
2018-04-17 03:08:21.765927;(1, (0, 0, 0, 0))
2018-04-17 03:08:22.082963;(13, (756, 71, 827, 0))
2018-04-17 03:08:22.263515;(3, (755, 124, 879, 0))
2018-04-17 03:08:22.265828;(11, (564, 305, 870, 3))
2018-04-17 03:08:22.272178;(7, (755, 300, 1055, 0))
2018-04-17 03:08:22.379466;(9, (755, 44, 799, 0))
2018-04-17 03:08:22.394745;(18, (746, 56, 802, 0))
2018-04-17 03:08:22.407770;(5, (755, 185, 941, 0))
2018-04-17 03:08:22.473583;(22, (608, 277, 886, 1))
2018-04-17 03:08:22.493936;(15, (741, 111, 852, 0))
2018-04-17 03:08:22.507495;(19, (707, 100, 807, 1))
2018-04-17 03:08:22.705029;(4, (753, 57, 810, 0))
2018-04-17 03:08:22.707905;(20, (753, 103, 856, 0))
2018-04-17 03:08:22.734346;(21, (755, 145, 900, 0))
2018-04-17 03:08:22.754247;(10, (758, 107, 865, 0))
2018-04-17 03:08:22.807669;(17, (597, 317, 915, 3))
2018-04-17 03:08:22.810018;(6, (769, 26, 795, 0))
2018-04-17 03:08:22.844723;(23, (0, 0, 0, 0))
2018-04-17 03:08:22.918414;(8, (730, 135, 865, 3))
2018-04-17 03:08:22.944243;(16, (758, 76, 834, 0))
2018-04-17 03:08:23.077523;(12, (764, 123, 887, 0))
2018-04-17 03:09:21.774180;(1, (0, 0, 0, 0))
2018-04-17 03:09:22.095702;(13, (816, 72, 889, 0))
2018-04-17 03:09:22.278070;(3, (815, 136, 951, 0))
2018-04-17 03:09:22.279095;(11, (624, 318, 943, 3))
2018-04-17 03:09:22.279707;(14, (791, 252, 1043, 2))
2018-04-17 03:09:22.283113;(7, (815, 313, 1128, 0))
2018-04-17 03:09:22.393647;(9, (816, 47, 863, 0))
2018-04-17 03:09:22.407544;(18, (806, 60, 866, 0))
2018-04-17 03:09:22.422791;(5, (816, 188, 1004, 0))
2018-04-17 03:09:22.482540;(22, (659, 303, 963, 1))
2018-04-17 03:09:22.508541;(15, (801, 111, 913, 0))
2018-04-17 03:09:22.527258;(19, (767, 110, 878, 1))
2018-04-17 03:09:22.718828;(4, (813, 61, 874, 0))
2018-04-17 03:09:22.721845;(20, (813, 107, 920, 0))
2018-04-17 03:09:22.748505;(21, (815, 157, 972, 0))
2018-04-17 03:09:22.770659;(10, (818, 123, 941, 0))
2018-04-17 03:09:22.818554;(17, (637, 343, 981, 3))
2018-04-17 03:09:22.823975;(6, (830, 27, 857, 0))
2018-04-17 03:09:22.848300;(23, (0, 0, 0, 0))
2018-04-17 03:09:22.939560;(8, (790, 141, 931, 3))
2018-04-17 03:09:22.956738;(16, (819, 81, 900, 0))
2018-04-17 03:09:23.088354;(12, (824, 135, 959, 0))
2018-04-17 03:10:21.782531;(1, (0, 0, 0, 0))
2018-04-17 03:10:22.108488;(13, (877, 72, 949, 0))
2018-04-17 03:10:22.290330;(3, (876, 142, 1018, 0))
2018-04-17 03:10:22.291372;(11, (673, 341, 1015, 3))
2018-04-17 03:10:22.292640;(14, (851, 263, 1114, 2))
2018-04-17 03:10:22.294251;(7, (875, 326, 1201, 0))
2018-04-17 03:10:22.424096;(18, (866, 64, 930, 0))
2018-04-17 03:10:22.442013;(5, (876, 195, 1071, 0))
2018-04-17 03:10:22.496697;(22, (714, 336, 1051, 1))
2018-04-17 03:10:22.530138;(15, (862, 113, 975, 0))
2018-04-17 03:10:22.543663;(19, (827, 121, 948, 1))
2018-04-17 03:10:22.734125;(4, (873, 67, 940, 0))
2018-04-17 03:10:22.735586;(20, (873, 110, 983, 0))
2018-04-17 03:10:22.762348;(21, (875, 162, 1037, 0))
2018-04-17 03:10:22.787154;(10, (878, 129, 1007, 0))
2018-04-17 03:10:22.830425;(17, (686, 374, 1060, 4))
2018-04-17 03:10:22.839509;(6, (890, 31, 921, 0))
2018-04-17 03:10:22.857310;(23, (0, 0, 0, 0))
2018-04-17 03:10:22.956028;(8, (850, 149, 999, 3))
2018-04-17 03:10:22.970056;(16, (879, 85, 964, 0))
2018-04-17 03:10:23.101711;(12, (885, 140, 1025, 0))
2018-04-17 03:10:23.405666;(9, (876, 51, 927, 0))
2018-04-17 03:11:21.790695;(1, (0, 0, 0, 0))
2018-04-17 03:11:22.308296;(11, (717, 372, 1090, 4))
2018-04-17 03:11:22.309934;(14, (911, 285, 1196, 2))
2018-04-17 03:11:22.311541;(7, (935, 339, 1274, 0))
2018-04-17 03:11:22.457845;(5, (936, 197, 1133, 0))
2018-04-17 03:11:22.548255;(15, (922, 113, 1035, 0))
2018-04-17 03:11:22.558390;(19, (887, 132, 1019, 1))
2018-04-17 03:11:22.750418;(20, (934, 114, 1048, 0))
2018-04-17 03:11:22.750856;(4, (933, 74, 1008, 0))
2018-04-17 03:11:22.779168;(21, (935, 164, 1099, 0))
2018-04-17 03:11:22.796021;(10, (938, 133, 1071, 0))
2018-04-17 03:11:22.839907;(17, (726, 401, 1128, 4))
2018-04-17 03:11:22.852680;(6, (950, 31, 981, 0))
2018-04-17 03:11:22.862062;(23, (0, 0, 0, 0))
2018-04-17 03:11:22.967454;(8, (910, 156, 1066, 3))
2018-04-17 03:11:22.984688;(16, (939, 93, 1032, 0))
2018-04-17 03:11:23.125534;(13, (937, 75, 1012, 0))
2018-04-17 03:11:23.307338;(3, (936, 144, 1080, 0))
2018-04-17 03:11:23.418697;(9, (936, 58, 994, 0))
2018-04-17 03:11:23.443189;(18, (927, 68, 995, 0))
2018-04-17 03:11:23.507551;(22, (775, 371, 1146, 1))
2018-04-17 03:11:24.112632;(12, (945, 148, 1093, 0))
