2018-04-08 00:26:19.466536;(10, (10271, 12, 0, 12, 12, 0, 0, 6, 0, 0, 48, 18, 0))
2018-04-08 00:26:19.503235;(14, (6476, 21, 0, 21, 19, 0, 0, 5, 36, 0, 62, 60, 0))
2018-04-08 00:26:19.525594;(13, (5844, 21, 0, 21, 21, 0, 0, 7, 1, 0, 37, 29, 0))
2018-04-08 00:26:19.562224;(16, (6471, 22, 0, 22, 19, 0, 0, 5, 58, 0, 47, 82, 0))
2018-04-08 00:26:19.602873;(6, (9471, 13, 0, 13, 13, 0, 0, 1, 0, 0, 26, 14, 0))
2018-04-08 00:26:19.606682;(3, (5131, 25, 0, 25, 24, 0, 0, 2, 20, 0, 62, 46, 0))
2018-04-08 00:26:19.695912;(8, (9389, 15, 0, 15, 13, 0, 0, 4, 36, 0, 57, 53, 0))
2018-04-08 00:26:19.698089;(1, (4920, 25, 0, 25, 25, 0, 0, 3, 0, 0, 181, 28, 0))
2018-04-08 00:26:19.747008;(21, (8241, 16, 0, 16, 15, 0, 0, 5, 10, 0, 37, 30, 0))
2018-04-08 00:26:19.799596;(20, (3428, 37, 0, 37, 36, 0, 0, 5, 24, 0, 60, 65, 0))
2018-04-08 00:26:19.903132;(22, (2684, 48, 0, 48, 46, 0, 0, 31, 35, 0, 89, 112, 0))
2018-04-08 00:26:19.918346;(17, (10277, 12, 0, 12, 12, 0, 0, 0, 0, 0, 6, 12, 0))
2018-04-08 00:26:20.005931;(5, (10318, 13, 0, 13, 12, 0, 0, 4, 12, 0, 33, 28, 0))
2018-04-08 00:26:20.007309;(23, (3169, 40, 0, 40, 39, 0, 0, 4, 12, 0, 66, 55, 0))
2018-04-08 00:26:20.028373;(12, (7717, 16, 0, 16, 16, 0, 0, 1, 0, 0, 41, 17, 0))
2018-04-08 00:26:20.049260;(11, (8844, 14, 0, 14, 14, 0, 0, 8, 32, 0, 33, 54, 0))
2018-04-08 00:26:20.070449;(4, (8258, 15, 0, 15, 15, 0, 0, 1, 0, 0, 22, 16, 0))
2018-04-08 00:26:20.166770;(18, (4115, 30, 0, 30, 30, 0, 0, 1, 0, 0, 61, 31, 0))
2018-04-08 00:26:20.250469;(19, (8254, 15, 0, 15, 15, 0, 0, 4, 0, 0, 33, 19, 0))
2018-04-08 00:26:20.265568;(15, (7756, 16, 0, 16, 16, 0, 0, 4, 0, 0, 56, 20, 0))
2018-04-08 00:26:20.336346;(7, (5393, 23, 0, 23, 23, 0, 0, 1, 31, 0, 57, 55, 0))
2018-04-08 00:26:20.449167;(9, (10307, 14, 0, 14, 12, 0, 0, 18, 0, 0, 10, 30, 0))
2018-04-08 00:26:49.473148;(10, (2956, 22, 0, 22, 22, 0, 0, 6, 0, 0, 65, 28, 0))
2018-04-08 00:26:49.510271;(14, (1136, 49, 0, 49, 45, 0, 0, 12, 86, 0, 104, 143, 0))
2018-04-08 00:26:49.546212;(13, (2463, 33, 0, 33, 33, 0, 0, 7, 1, 0, 50, 41, 0))
2018-04-08 00:26:49.570786;(16, (985, 54, 0, 54, 49, 0, 0, 34, 84, 0, 79, 167, 0))
2018-04-08 00:26:49.611176;(6, (2275, 26, 0, 26, 26, 0, 0, 1, 0, 0, 42, 27, 0))
2018-04-08 00:26:49.614340;(3, (924, 57, 0, 57, 56, 0, 0, 3, 67, 0, 97, 126, 0))
2018-04-08 00:26:49.706839;(8, (1019, 46, 0, 46, 42, 0, 0, 13, 80, 0, 99, 135, 0))
2018-04-08 00:26:49.707948;(1, (183, 189, 0, 189, 186, 0, 0, 31, 200, 0, 388, 417, 0))
2018-04-08 00:26:49.756195;(21, (687, 61, 0, 61, 58, 0, 0, 16, 42, 0, 86, 116, 0))
2018-04-08 00:26:49.810462;(20, (447, 105, 0, 105, 102, 0, 0, 19, 62, 0, 135, 183, 0))
2018-04-08 00:26:49.911897;(22, (476, 114, 0, 114, 108, 0, 0, 87, 59, 0, 158, 254, 0))
2018-04-08 00:26:49.924146;(17, (4224, 19, 0, 19, 19, 0, 0, 0, 0, 0, 13, 19, 0))
2018-04-08 00:26:50.013661;(5, (2687, 24, 0, 24, 23, 0, 0, 4, 12, 0, 47, 39, 0))
2018-04-08 00:26:50.015491;(23, (278, 148, 0, 148, 145, 0, 0, 33, 40, 0, 175, 218, 0))
2018-04-08 00:26:50.047119;(12, (821, 53, 0, 53, 52, 0, 0, 13, 9, 0, 72, 74, 0))
2018-04-08 00:26:50.067906;(11, (1847, 33, 0, 33, 30, 0, 0, 21, 81, 0, 52, 132, 0))
2018-04-08 00:26:50.078621;(4, (953, 46, 0, 46, 46, 0, 0, 17, 0, 0, 54, 63, 0))
2018-04-08 00:26:50.185752;(18, (389, 108, 0, 108, 106, 0, 0, 12, 42, 0, 151, 160, 0))
2018-04-08 00:26:50.256137;(19, (4223, 22, 0, 22, 22, 0, 0, 4, 0, 0, 48, 26, 0))
2018-04-08 00:26:50.281696;(15, (2464, 28, 0, 28, 28, 0, 0, 4, 0, 0, 75, 32, 0))
2018-04-08 00:26:50.350563;(7, (1135, 49, 0, 49, 49, 0, 0, 2, 52, 0, 94, 103, 0))
2018-04-08 00:26:50.458114;(9, (2464, 26, 0, 26, 24, 0, 0, 18, 0, 0, 21, 42, 0))
2018-04-08 00:27:19.485068;(10, (2956, 32, 0, 32, 32, 0, 0, 6, 0, 0, 89, 38, 0))
2018-04-08 00:27:19.517203;(14, (410, 126, 0, 126, 117, 0, 0, 49, 128, 0, 183, 294, 0))
2018-04-08 00:27:19.558443;(13, (616, 81, 0, 81, 81, 0, 0, 8, 1, 0, 102, 90, 0))
2018-04-08 00:27:19.578039;(16, (1739, 71, 0, 71, 66, 0, 0, 34, 93, 0, 97, 193, 0))
2018-04-08 00:27:19.618869;(6, (821, 62, 0, 62, 62, 0, 0, 16, 24, 0, 83, 102, 0))
2018-04-08 00:27:19.625070;(3, (301, 161, 0, 161, 154, 0, 0, 16, 227, 0, 207, 397, 0))
2018-04-08 00:27:19.718120;(8, (2111, 60, 0, 60, 56, 0, 0, 14, 80, 0, 120, 150, 0))
2018-04-08 00:27:19.719400;(1, (144, 398, 1, 397, 391, 0, 0, 71, 516, 1, 637, 978, 0))
2018-04-08 00:27:19.763484;(21, (953, 92, 0, 92, 89, 0, 0, 19, 63, 0, 123, 171, 0))
2018-04-08 00:27:19.817198;(20, (161, 292, 0, 292, 285, 0, 0, 46, 174, 0, 327, 505, 0))
2018-04-08 00:27:19.920221;(22, (410, 187, 0, 187, 180, 0, 0, 102, 68, 0, 232, 350, 0))
2018-04-08 00:27:19.934566;(17, (2956, 29, 0, 29, 29, 0, 0, 1, 0, 0, 23, 30, 0))
2018-04-08 00:27:20.022157;(5, (642, 71, 0, 71, 69, 0, 0, 10, 42, 0, 96, 121, 0))
2018-04-08 00:27:20.023393;(23, (351, 235, 0, 235, 229, 0, 0, 73, 131, 0, 254, 433, 0))
2018-04-08 00:27:20.055875;(12, (642, 100, 0, 100, 98, 0, 0, 15, 39, 0, 115, 152, 0))
2018-04-08 00:27:20.075491;(11, (2463, 45, 0, 45, 42, 0, 0, 24, 99, 0, 69, 165, 0))
2018-04-08 00:27:20.091344;(4, (799, 83, 0, 83, 83, 0, 0, 17, 0, 0, 86, 100, 0))
2018-04-08 00:27:20.197755;(18, (528, 165, 0, 165, 162, 0, 0, 18, 101, 0, 218, 281, 0))
2018-04-08 00:27:20.263939;(19, (2274, 35, 0, 35, 35, 0, 0, 4, 0, 0, 64, 39, 0))
2018-04-08 00:27:20.297865;(15, (1847, 44, 0, 44, 44, 0, 0, 4, 0, 0, 98, 48, 0))
2018-04-08 00:27:20.359521;(7, (821, 85, 0, 85, 85, 0, 0, 3, 73, 0, 137, 161, 0))
2018-04-08 00:27:20.467448;(9, (2463, 38, 0, 38, 36, 0, 0, 18, 0, 0, 34, 54, 0))
2018-04-08 00:27:49.488352;(10, (347, 117, 0, 117, 117, 0, 0, 14, 28, 0, 183, 159, 0))
2018-04-08 00:27:49.521135;(14, (428, 196, 0, 196, 186, 0, 0, 65, 202, 0, 264, 453, 0))
2018-04-08 00:27:49.563029;(13, (416, 161, 0, 161, 152, 0, 0, 74, 106, 0, 167, 332, 0))
2018-04-08 00:27:49.582826;(16, (1642, 89, 0, 89, 84, 0, 0, 35, 95, 0, 119, 214, 0))
2018-04-08 00:27:49.623397;(6, (2111, 76, 0, 76, 76, 0, 0, 16, 24, 0, 101, 116, 0))
2018-04-08 00:27:49.632020;(3, (238, 291, 1, 290, 278, 0, 0, 39, 451, 1, 335, 768, 0))
2018-04-08 00:27:49.722721;(8, (821, 104, 0, 104, 92, 0, 0, 59, 154, 0, 167, 305, 0))
2018-04-08 00:27:49.724089;(1, (144, 607, 1, 606, 595, 0, 0, 85, 824, 1, 884, 1504, 0))
2018-04-08 00:27:49.767907;(21, (1738, 110, 0, 110, 106, 0, 0, 28, 63, 0, 145, 197, 0))
2018-04-08 00:27:49.821372;(20, (199, 445, 0, 445, 433, 0, 0, 83, 278, 0, 490, 794, 0))
2018-04-08 00:27:49.926458;(22, (509, 248, 0, 248, 238, 0, 0, 118, 103, 0, 312, 459, 0))
2018-04-08 00:27:49.938909;(17, (2462, 41, 0, 41, 41, 0, 0, 1, 0, 0, 34, 42, 0))
2018-04-08 00:27:50.030897;(5, (895, 104, 0, 104, 102, 0, 0, 12, 43, 0, 132, 157, 0))
2018-04-08 00:27:50.033440;(23, (656, 280, 0, 280, 274, 0, 0, 78, 145, 0, 302, 497, 0))
2018-04-08 00:27:50.061262;(12, (527, 157, 0, 157, 154, 0, 0, 25, 50, 0, 170, 229, 0))
2018-04-08 00:27:50.084073;(11, (2111, 61, 0, 61, 56, 0, 0, 37, 138, 0, 90, 231, 0))
2018-04-08 00:27:50.095117;(4, (616, 133, 0, 133, 131, 0, 0, 28, 58, 0, 135, 217, 0))
2018-04-08 00:27:50.205023;(18, (896, 198, 0, 198, 195, 0, 0, 18, 113, 0, 263, 326, 0))
2018-04-08 00:27:50.270927;(19, (2273, 48, 0, 48, 48, 0, 0, 4, 0, 0, 88, 52, 0))
2018-04-08 00:27:50.303355;(15, (462, 109, 0, 109, 108, 0, 0, 9, 37, 0, 173, 154, 0))
2018-04-08 00:27:50.365538;(7, (923, 117, 0, 117, 117, 0, 0, 3, 73, 0, 183, 193, 0))
2018-04-08 00:27:50.474494;(9, (2463, 50, 0, 50, 48, 0, 0, 18, 0, 0, 48, 66, 0))
2018-04-08 00:28:19.491939;(10, (410, 190, 0, 190, 189, 0, 0, 24, 39, 0, 263, 252, 0))
2018-04-08 00:28:19.523686;(14, (410, 270, 0, 270, 258, 0, 0, 72, 284, 0, 346, 614, 0))
2018-04-08 00:28:19.566363;(13, (537, 217, 0, 217, 207, 0, 0, 91, 187, 0, 221, 485, 0))
2018-04-08 00:28:19.587035;(16, (1848, 105, 0, 105, 100, 0, 0, 35, 95, 0, 144, 230, 0))
2018-04-08 00:28:19.626507;(6, (2111, 90, 0, 90, 90, 0, 0, 17, 37, 0, 118, 144, 0))
2018-04-08 00:28:19.637272;(3, (324, 389, 1, 388, 369, 0, 0, 65, 569, 1, 439, 1003, 0))
2018-04-08 00:28:19.726460;(8, (428, 179, 0, 179, 161, 0, 0, 90, 307, 0, 242, 558, 0))
2018-04-08 00:28:19.727030;(1, (149, 811, 1, 810, 792, 0, 0, 120, 1059, 1, 1125, 1971, 0))
2018-04-08 00:28:19.771878;(21, (1344, 133, 0, 133, 128, 0, 0, 31, 83, 0, 173, 242, 0))
2018-04-08 00:28:19.824200;(20, (193, 599, 0, 599, 586, 0, 0, 106, 317, 0, 653, 1009, 0))
2018-04-08 00:28:19.930323;(22, (527, 306, 0, 306, 294, 0, 0, 134, 139, 0, 376, 567, 0))
2018-04-08 00:28:19.944058;(17, (2956, 51, 0, 51, 51, 0, 0, 1, 0, 0, 44, 52, 0))
2018-04-08 00:28:20.034679;(5, (844, 141, 0, 141, 137, 0, 0, 21, 144, 0, 165, 302, 0))
2018-04-08 00:28:20.035159;(23, (738, 321, 0, 321, 314, 0, 0, 81, 166, 0, 343, 561, 0))
2018-04-08 00:28:20.065564;(12, (492, 219, 0, 219, 214, 0, 0, 33, 113, 0, 221, 360, 0))
2018-04-08 00:28:20.088126;(11, (2688, 73, 0, 73, 67, 0, 0, 44, 184, 0, 113, 295, 0))
2018-04-08 00:28:20.100006;(4, (657, 178, 0, 178, 176, 0, 0, 41, 72, 0, 174, 289, 0))
2018-04-08 00:28:20.207846;(18, (986, 228, 0, 228, 225, 0, 0, 20, 113, 0, 303, 358, 0))
2018-04-08 00:28:20.275792;(19, (799, 85, 0, 85, 85, 0, 0, 31, 26, 0, 139, 142, 0))
2018-04-08 00:28:20.308003;(15, (448, 175, 0, 175, 174, 0, 0, 14, 57, 0, 245, 245, 0))
2018-04-08 00:28:20.370943;(7, (953, 148, 0, 148, 148, 0, 0, 3, 73, 0, 224, 224, 0))
2018-04-08 00:28:20.477275;(9, (1971, 65, 0, 65, 63, 0, 0, 18, 0, 0, 64, 81, 0))
2018-04-08 00:28:49.495104;(10, (188, 347, 0, 347, 346, 0, 0, 27, 39, 0, 434, 412, 0))
2018-04-08 00:28:49.528114;(14, (469, 334, 0, 334, 321, 0, 0, 79, 339, 0, 405, 739, 0))
2018-04-08 00:28:49.570264;(13, (369, 300, 0, 300, 287, 0, 0, 117, 321, 0, 293, 725, 0))
2018-04-08 00:28:49.590193;(16, (2274, 118, 0, 118, 113, 0, 0, 35, 95, 0, 157, 243, 0))
2018-04-08 00:28:49.630173;(6, (1182, 115, 0, 115, 115, 0, 0, 19, 62, 0, 140, 196, 0))
2018-04-08 00:28:49.640139;(3, (758, 428, 1, 427, 408, 0, 0, 65, 579, 1, 483, 1052, 0))
2018-04-08 00:28:49.729074;(8, (454, 249, 0, 249, 226, 0, 0, 124, 390, 0, 316, 740, 0))
2018-04-08 00:28:49.730805;(1, (149, 1019, 1, 1018, 990, 0, 0, 159, 1368, 1, 1362, 2517, 0))
2018-04-08 00:28:49.775021;(21, (2955, 143, 0, 143, 138, 0, 0, 31, 83, 0, 190, 252, 0))
2018-04-08 00:28:49.826968;(20, (336, 687, 0, 687, 674, 0, 0, 109, 317, 0, 744, 1100, 0))
2018-04-08 00:28:49.935333;(22, (324, 404, 0, 404, 385, 0, 0, 177, 229, 0, 478, 791, 0))
2018-04-08 00:28:49.947392;(17, (2956, 61, 0, 61, 61, 0, 0, 1, 0, 0, 54, 62, 0))
2018-04-08 00:28:50.037816;(5, (1556, 162, 0, 162, 156, 0, 0, 25, 214, 0, 185, 395, 0))
2018-04-08 00:28:50.038638;(23, (703, 363, 0, 363, 356, 0, 0, 84, 166, 0, 387, 606, 0))
2018-04-08 00:28:50.070592;(12, (896, 252, 0, 252, 247, 0, 0, 33, 124, 0, 256, 404, 0))
2018-04-08 00:28:50.091293;(11, (2461, 85, 0, 85, 79, 0, 0, 44, 191, 0, 129, 314, 0))
2018-04-08 00:28:50.103213;(4, (518, 235, 0, 235, 233, 0, 0, 44, 121, 0, 237, 398, 0))
2018-04-08 00:28:50.210986;(18, (953, 260, 0, 260, 256, 0, 0, 30, 121, 0, 341, 407, 0))
2018-04-08 00:28:50.281392;(19, (2956, 95, 0, 95, 95, 0, 0, 31, 26, 0, 154, 152, 0))
2018-04-08 00:28:50.311703;(15, (441, 243, 0, 243, 241, 0, 0, 16, 116, 0, 320, 373, 0))
2018-04-08 00:28:50.374408;(7, (985, 178, 0, 178, 178, 0, 0, 3, 73, 0, 261, 254, 0))
2018-04-08 00:28:50.480178;(9, (1478, 85, 0, 85, 83, 0, 0, 18, 0, 0, 81, 101, 0))
2018-04-08 00:29:19.499610;(10, (212, 488, 0, 488, 485, 0, 0, 50, 138, 0, 587, 673, 0))
2018-04-08 00:29:19.531562;(14, (757, 373, 0, 373, 360, 0, 0, 79, 362, 0, 452, 801, 0))
2018-04-08 00:29:19.573190;(13, (448, 367, 0, 367, 353, 0, 0, 140, 333, 0, 361, 826, 0))
2018-04-08 00:29:19.593647;(16, (1848, 136, 0, 136, 129, 0, 0, 47, 124, 0, 183, 300, 0))
2018-04-08 00:29:19.635627;(6, (869, 151, 0, 151, 149, 0, 0, 30, 115, 0, 186, 294, 0))
2018-04-08 00:29:19.643604;(3, (379, 509, 1, 508, 486, 0, 0, 74, 665, 1, 582, 1225, 0))
2018-04-08 00:29:19.731733;(8, (657, 297, 0, 297, 271, 0, 0, 137, 481, 0, 367, 889, 0))
2018-04-08 00:29:19.734962;(1, (157, 1219, 1, 1218, 1177, 0, 0, 206, 1599, 1, 1611, 2982, 0))
2018-04-08 00:29:19.781620;(21, (821, 179, 0, 179, 174, 0, 0, 31, 111, 0, 239, 316, 0))
2018-04-08 00:29:19.829684;(20, (208, 830, 0, 830, 816, 0, 0, 128, 357, 0, 891, 1301, 0))
2018-04-08 00:29:19.953006;(17, (2957, 71, 0, 71, 71, 0, 0, 5, 0, 0, 64, 76, 0))
2018-04-08 00:29:20.041990;(5, (1738, 180, 0, 180, 173, 0, 0, 29, 252, 0, 202, 454, 0))
2018-04-08 00:29:20.042680;(23, (321, 459, 0, 459, 448, 0, 0, 114, 320, 0, 480, 882, 0))
2018-04-08 00:29:20.074329;(12, (518, 309, 0, 309, 304, 0, 0, 47, 159, 0, 319, 510, 0))
2018-04-08 00:29:20.098270;(11, (1135, 112, 0, 112, 105, 0, 0, 52, 233, 0, 172, 390, 0))
2018-04-08 00:29:20.107648;(4, (671, 279, 0, 279, 277, 0, 0, 46, 134, 0, 283, 457, 0))
2018-04-08 00:29:20.215331;(18, (394, 339, 0, 339, 331, 0, 0, 43, 204, 0, 423, 579, 0))
2018-04-08 00:29:20.285637;(19, (591, 145, 0, 145, 145, 0, 0, 34, 38, 0, 209, 217, 0))
2018-04-08 00:29:20.314794;(15, (304, 342, 0, 342, 338, 0, 0, 20, 188, 0, 439, 546, 0))
2018-04-08 00:29:20.378138;(7, (703, 220, 0, 220, 220, 0, 0, 5, 90, 0, 323, 315, 0))
2018-04-08 00:29:20.483084;(9, (1848, 101, 0, 101, 99, 0, 0, 19, 11, 0, 95, 129, 0))
2018-04-08 00:29:49.504093;(10, (923, 520, 0, 520, 517, 0, 0, 50, 138, 0, 626, 705, 0))
2018-04-08 00:29:49.534396;(14, (557, 427, 0, 427, 413, 0, 0, 82, 408, 0, 515, 903, 0))
2018-04-08 00:29:49.575825;(13, (484, 432, 0, 432, 414, 0, 0, 176, 417, 0, 424, 1007, 0))
2018-04-08 00:29:49.596335;(16, (2113, 150, 0, 150, 143, 0, 0, 47, 124, 0, 209, 314, 0))
2018-04-08 00:29:49.640267;(6, (2687, 162, 0, 162, 160, 0, 0, 30, 115, 0, 202, 305, 0))
2018-04-08 00:29:49.651687;(3, (493, 571, 1, 570, 546, 0, 0, 82, 720, 1, 656, 1348, 0))
2018-04-08 00:29:49.734574;(8, (1137, 323, 0, 323, 297, 0, 0, 138, 496, 0, 405, 931, 0))
2018-04-08 00:29:49.737946;(1, (151, 1427, 1, 1426, 1372, 0, 0, 262, 1895, 1, 1853, 3529, 0))
2018-04-08 00:29:49.789216;(21, (244, 301, 0, 301, 295, 0, 0, 52, 215, 0, 366, 562, 0))
2018-04-08 00:29:49.833145;(20, (170, 1008, 0, 1008, 989, 0, 0, 181, 394, 0, 1069, 1565, 0))
2018-04-08 00:29:49.955646;(17, (2688, 82, 0, 82, 82, 0, 0, 5, 0, 0, 74, 87, 0))
2018-04-08 00:29:50.046213;(23, (351, 548, 0, 548, 532, 0, 0, 141, 440, 0, 570, 1113, 0))
2018-04-08 00:29:50.047069;(5, (2686, 191, 0, 191, 184, 0, 0, 29, 262, 0, 215, 475, 0))
2018-04-08 00:29:50.101731;(11, (1970, 127, 0, 127, 120, 0, 0, 58, 233, 0, 195, 411, 0))
2018-04-08 00:29:50.112167;(4, (591, 330, 0, 330, 327, 0, 0, 53, 197, 0, 334, 577, 0))
2018-04-08 00:29:50.218612;(18, (335, 426, 0, 426, 419, 0, 0, 48, 257, 0, 515, 724, 0))
2018-04-08 00:29:50.289187;(19, (1137, 172, 0, 172, 171, 0, 0, 44, 47, 0, 243, 263, 0))
2018-04-08 00:29:50.319426;(15, (537, 397, 0, 397, 393, 0, 0, 20, 188, 0, 509, 601, 0))
2018-04-08 00:29:50.382148;(7, (462, 284, 0, 284, 284, 0, 0, 7, 116, 0, 395, 407, 0))
2018-04-08 00:29:50.485726;(9, (1478, 122, 0, 122, 119, 0, 0, 32, 49, 0, 109, 200, 0))
2018-04-08 00:30:19.506682;(10, (147, 726, 0, 726, 718, 0, 0, 94, 233, 0, 842, 1045, 0))
2018-04-08 00:30:19.538798;(14, (266, 543, 0, 543, 524, 0, 0, 120, 713, 0, 643, 1357, 0))
2018-04-08 00:30:19.578910;(13, (509, 491, 0, 491, 472, 0, 0, 183, 429, 0, 484, 1084, 0))
2018-04-08 00:30:19.643811;(6, (2465, 174, 0, 174, 172, 0, 0, 31, 123, 0, 221, 326, 0))
2018-04-08 00:30:19.657261;(3, (142, 791, 1, 790, 753, 0, 0, 202, 1130, 1, 898, 2085, 0))
2018-04-08 00:30:19.741393;(1, (160, 1628, 1, 1627, 1556, 0, 0, 435, 2149, 1, 2110, 4140, 0))
2018-04-08 00:30:19.790941;(21, (1135, 327, 0, 327, 321, 0, 0, 55, 243, 0, 398, 619, 0))
2018-04-08 00:30:19.958930;(17, (1055, 110, 0, 110, 110, 0, 0, 8, 38, 0, 95, 156, 0))
2018-04-08 00:30:20.049039;(23, (428, 619, 0, 619, 601, 0, 0, 156, 473, 0, 647, 1230, 0))
2018-04-08 00:30:20.050846;(5, (2114, 205, 0, 205, 198, 0, 0, 35, 283, 0, 227, 516, 0))
2018-04-08 00:30:20.105280;(11, (953, 159, 0, 159, 151, 0, 0, 78, 269, 0, 229, 498, 0))
2018-04-08 00:30:20.119675;(4, (656, 376, 0, 376, 372, 0, 0, 67, 197, 0, 377, 636, 0))
2018-04-08 00:30:20.223994;(18, (266, 542, 0, 542, 530, 0, 0, 77, 473, 0, 639, 1080, 0))
2018-04-08 00:30:20.293695;(19, (869, 206, 0, 206, 205, 0, 0, 58, 64, 0, 280, 327, 0))
2018-04-08 00:30:20.322678;(15, (236, 524, 0, 524, 518, 0, 0, 28, 281, 0, 652, 827, 0))
2018-04-08 00:30:20.386302;(7, (384, 365, 0, 365, 361, 0, 0, 45, 257, 0, 489, 663, 0))
2018-04-08 00:30:20.488340;(9, (1738, 139, 0, 139, 136, 0, 0, 33, 49, 0, 124, 218, 0))
2018-04-08 00:30:20.598687;(16, (1095, 179, 0, 179, 170, 0, 0, 60, 186, 0, 239, 416, 0))
2018-04-08 00:30:20.836200;(20, (374, 1094, 0, 1094, 1068, 0, 0, 232, 508, 0, 1171, 1808, 0))
2018-04-08 00:30:49.509927;(10, (109, 997, 0, 997, 988, 0, 0, 100, 245, 0, 1117, 1333, 0))
2018-04-08 00:30:49.541236;(14, (1136, 569, 0, 569, 550, 0, 0, 139, 724, 0, 684, 1413, 0))
2018-04-08 00:30:49.745742;(1, (134, 1847, 1, 1846, 1775, 0, 0, 448, 2343, 1, 2350, 4566, 0))
2018-04-08 00:30:49.795072;(21, (2957, 337, 0, 337, 331, 0, 0, 55, 243, 0, 410, 629, 0))
2018-04-08 00:30:49.962931;(17, (1739, 127, 0, 127, 127, 0, 0, 9, 38, 0, 109, 174, 0))
2018-04-08 00:30:50.051621;(23, (580, 671, 0, 671, 652, 0, 0, 159, 547, 0, 702, 1358, 0))
2018-04-08 00:30:50.054588;(5, (2689, 216, 0, 216, 209, 0, 0, 35, 285, 0, 239, 529, 0))
2018-04-08 00:30:50.109904;(11, (1478, 179, 0, 179, 171, 0, 0, 87, 269, 0, 259, 527, 0))
2018-04-08 00:30:50.123115;(4, (954, 407, 0, 407, 403, 0, 0, 67, 197, 0, 409, 667, 0))
2018-04-08 00:30:50.226936;(18, (657, 590, 0, 590, 575, 0, 0, 94, 544, 0, 694, 1213, 0))
2018-04-08 00:30:50.391079;(7, (739, 405, 0, 405, 401, 0, 0, 47, 257, 0, 543, 705, 0))
2018-04-08 00:30:50.492037;(9, (2689, 150, 0, 150, 147, 0, 0, 34, 49, 0, 135, 230, 0))
2018-04-08 00:30:50.581729;(13, (580, 542, 0, 542, 523, 0, 0, 185, 430, 0, 534, 1138, 0))
2018-04-08 00:30:50.601365;(16, (1345, 201, 0, 201, 192, 0, 0, 60, 186, 0, 265, 438, 0))
2018-04-08 00:30:50.648160;(6, (2686, 185, 0, 185, 183, 0, 0, 31, 123, 0, 235, 337, 0))
2018-04-08 00:30:50.661007;(3, (324, 883, 1, 882, 844, 0, 0, 215, 1130, 1, 1002, 2189, 0))
2018-04-08 00:30:50.839202;(20, (2112, 1108, 0, 1108, 1082, 0, 0, 232, 508, 0, 1189, 1822, 0))
2018-04-08 00:30:51.297260;(19, (2274, 219, 0, 219, 218, 0, 0, 60, 64, 0, 302, 342, 0))
2018-04-08 00:30:51.327023;(15, (492, 586, 0, 586, 578, 0, 0, 38, 336, 0, 720, 952, 0))
2018-04-08 00:31:19.517483;(10, (117, 1251, 0, 1251, 1239, 0, 0, 117, 415, 0, 1371, 1771, 0))
2018-04-08 00:31:19.544008;(14, (527, 628, 0, 628, 606, 0, 0, 155, 848, 0, 749, 1609, 0))
2018-04-08 00:31:19.748047;(1, (150, 2049, 1, 2048, 1971, 0, 0, 468, 2594, 1, 2583, 5033, 0))
2018-04-08 00:31:19.798211;(21, (2955, 347, 0, 347, 341, 0, 0, 55, 243, 0, 421, 639, 0))
2018-04-08 00:31:20.053903;(23, (501, 730, 0, 730, 711, 0, 0, 163, 573, 0, 768, 1447, 0))
2018-04-08 00:31:20.114266;(11, (798, 219, 0, 219, 208, 0, 0, 100, 346, 0, 302, 654, 0))
2018-04-08 00:31:20.585357;(13, (591, 592, 0, 592, 573, 0, 0, 185, 430, 0, 584, 1188, 0))
2018-04-08 00:31:20.603831;(16, (616, 252, 0, 252, 240, 0, 0, 76, 288, 0, 324, 604, 0))
2018-04-08 00:31:20.653857;(6, (1556, 204, 0, 204, 202, 0, 0, 42, 126, 0, 261, 370, 0))
2018-04-08 00:31:20.663662;(3, (360, 967, 1, 966, 926, 0, 0, 228, 1238, 1, 1106, 2392, 0))
2018-04-08 00:31:20.841955;(20, (1478, 1129, 0, 1129, 1102, 0, 0, 237, 535, 0, 1215, 1874, 0))
2018-04-08 00:31:20.967079;(17, (2112, 141, 0, 141, 141, 0, 0, 9, 38, 0, 122, 188, 0))
2018-04-08 00:31:21.059614;(5, (1847, 235, 0, 235, 225, 0, 0, 46, 350, 0, 262, 621, 0))
2018-04-08 00:31:21.126827;(4, (985, 437, 0, 437, 433, 0, 0, 68, 197, 0, 439, 698, 0))
2018-04-08 00:31:21.230090;(18, (615, 642, 0, 642, 623, 0, 0, 115, 624, 0, 761, 1362, 0))
2018-04-08 00:31:21.300018;(19, (1478, 241, 0, 241, 238, 0, 0, 69, 115, 0, 328, 422, 0))
2018-04-08 00:31:21.333357;(15, (423, 656, 0, 656, 648, 0, 0, 44, 364, 0, 797, 1056, 0))
2018-04-08 00:31:21.395167;(7, (603, 455, 0, 455, 450, 0, 0, 51, 335, 0, 607, 836, 0))
2018-04-08 00:31:21.498233;(9, (2956, 160, 0, 160, 157, 0, 0, 34, 49, 0, 145, 240, 0))
2018-04-08 00:31:49.520194;(10, (129, 1480, 0, 1480, 1468, 0, 0, 129, 418, 0, 1604, 2015, 0))
2018-04-08 00:31:49.752076;(1, (154, 2242, 1, 2241, 2162, 0, 0, 486, 2737, 1, 2802, 5385, 0))
2018-04-08 00:31:49.801616;(21, (2956, 357, 0, 357, 351, 0, 0, 55, 243, 0, 435, 649, 0))
2018-04-08 00:31:50.057533;(23, (394, 806, 0, 806, 786, 0, 0, 172, 600, 0, 845, 1558, 0))
2018-04-08 00:31:50.118312;(11, (895, 252, 0, 252, 241, 0, 0, 100, 360, 0, 340, 701, 0))
2018-04-08 00:31:50.546918;(14, (953, 659, 0, 659, 637, 0, 0, 159, 873, 0, 783, 1669, 0))
2018-04-08 00:31:50.588463;(13, (657, 639, 0, 639, 618, 0, 0, 200, 497, 0, 628, 1315, 0))
2018-04-08 00:31:50.606420;(16, (356, 339, 0, 339, 323, 0, 0, 93, 452, 0, 412, 868, 0))
2018-04-08 00:31:50.657624;(6, (1739, 221, 0, 221, 219, 0, 0, 48, 128, 0, 282, 395, 0))
2018-04-08 00:31:50.669014;(3, (379, 1045, 1, 1044, 1004, 0, 0, 229, 1256, 1, 1193, 2489, 0))
2018-04-08 00:31:50.844559;(20, (2463, 1141, 0, 1141, 1114, 0, 0, 239, 536, 0, 1229, 1889, 0))
2018-04-08 00:31:50.970948;(17, (2956, 151, 0, 151, 151, 0, 0, 9, 38, 0, 133, 198, 0))
2018-04-08 00:31:51.065455;(5, (2112, 249, 0, 249, 239, 0, 0, 53, 379, 0, 274, 671, 0))
2018-04-08 00:31:51.130698;(4, (895, 471, 0, 471, 466, 0, 0, 74, 243, 0, 477, 783, 0))
2018-04-08 00:31:51.233892;(18, (462, 710, 0, 710, 687, 0, 0, 143, 691, 0, 846, 1521, 0))
2018-04-08 00:31:51.305047;(19, (1739, 258, 0, 258, 255, 0, 0, 71, 131, 0, 347, 457, 0))
2018-04-08 00:31:51.337506;(15, (351, 740, 0, 740, 732, 0, 0, 52, 364, 0, 886, 1148, 0))
2018-04-08 00:31:51.399128;(7, (704, 497, 0, 497, 492, 0, 0, 53, 351, 0, 663, 896, 0))
2018-04-08 00:31:51.501646;(9, (2688, 171, 0, 171, 168, 0, 0, 34, 49, 0, 157, 251, 0))
2018-04-08 00:32:19.754909;(1, (179, 2408, 1, 2407, 2327, 0, 0, 499, 2834, 1, 2996, 5660, 0))
2018-04-08 00:32:20.523590;(10, (246, 1602, 0, 1602, 1588, 0, 0, 147, 527, 0, 1732, 2262, 0))
2018-04-08 00:32:20.549721;(14, (1407, 682, 0, 682, 658, 0, 0, 164, 911, 0, 813, 1733, 0))
2018-04-08 00:32:20.591130;(13, (29557, 640, 0, 640, 619, 0, 0, 200, 497, 0, 630, 1316, 0))
2018-04-08 00:32:20.611012;(16, (374, 418, 0, 418, 402, 0, 0, 104, 508, 0, 498, 1014, 0))
2018-04-08 00:32:20.662416;(6, (1182, 246, 0, 246, 244, 0, 0, 52, 141, 0, 311, 437, 0))
2018-04-08 00:32:20.671690;(3, (250, 1164, 1, 1163, 1122, 0, 0, 236, 1375, 1, 1319, 2733, 0))
2018-04-08 00:32:20.808754;(21, (2956, 367, 0, 367, 361, 0, 0, 55, 252, 0, 451, 668, 0))
2018-04-08 00:32:20.847183;(20, (1182, 1167, 0, 1167, 1139, 0, 0, 243, 580, 0, 1263, 1962, 0))
2018-04-08 00:32:20.973922;(17, (1971, 166, 0, 166, 166, 0, 0, 11, 38, 0, 146, 215, 0))
2018-04-08 00:32:21.061422;(23, (127, 1043, 0, 1043, 1017, 0, 0, 188, 713, 0, 1091, 1918, 0))
2018-04-08 00:32:21.071293;(5, (1846, 265, 0, 265, 255, 0, 0, 55, 412, 0, 290, 722, 0))
2018-04-08 00:32:21.122050;(11, (476, 315, 0, 315, 303, 0, 0, 101, 469, 0, 415, 873, 0))
2018-04-08 00:32:21.133526;(4, (29545, 472, 0, 472, 467, 0, 0, 74, 243, 0, 479, 784, 0))
2018-04-08 00:32:21.238265;(18, (188, 868, 0, 868, 844, 0, 0, 148, 723, 0, 1020, 1715, 0))
2018-04-08 00:32:21.309897;(19, (2276, 271, 0, 271, 268, 0, 0, 71, 131, 0, 373, 470, 0))
2018-04-08 00:32:21.341564;(15, (121, 984, 0, 984, 976, 0, 0, 53, 391, 0, 1138, 1420, 0))
2018-04-08 00:32:21.405950;(7, (616, 546, 0, 546, 540, 0, 0, 61, 431, 0, 723, 1032, 0))
2018-04-08 00:32:21.506719;(9, (29579, 172, 0, 172, 169, 0, 0, 34, 50, 0, 158, 253, 0))
2018-04-08 00:32:49.757562;(1, (169, 2585, 1, 2584, 2501, 0, 0, 508, 2941, 1, 3191, 5950, 0))
2018-04-08 00:32:50.527381;(10, (1642, 1622, 0, 1622, 1606, 0, 0, 151, 563, 0, 1757, 2320, 0))
2018-04-08 00:32:50.553399;(14, (2111, 696, 0, 696, 672, 0, 0, 164, 911, 0, 835, 1747, 0))
2018-04-08 00:32:50.595073;(13, (5913, 645, 0, 645, 624, 0, 0, 200, 498, 0, 637, 1322, 0))
2018-04-08 00:32:50.613741;(16, (287, 524, 0, 524, 505, 0, 0, 122, 619, 0, 600, 1246, 0))
2018-04-08 00:32:50.665767;(6, (369, 326, 0, 326, 324, 0, 0, 56, 141, 0, 398, 521, 0))
2018-04-08 00:32:50.683045;(3, (298, 1264, 1, 1263, 1221, 0, 0, 241, 1463, 1, 1425, 2925, 0))
2018-04-08 00:32:50.811978;(21, (2955, 377, 0, 377, 371, 0, 0, 55, 252, 0, 464, 678, 0))
2018-04-08 00:32:50.849837;(20, (1556, 1186, 0, 1186, 1158, 0, 0, 243, 580, 0, 1291, 1981, 0))
2018-04-08 00:32:50.977443;(17, (2112, 180, 0, 180, 180, 0, 0, 11, 38, 0, 161, 229, 0))
2018-04-08 00:32:51.063622;(23, (100, 1349, 0, 1349, 1312, 0, 0, 203, 949, 0, 1400, 2464, 0))
2018-04-08 00:32:51.074967;(5, (1847, 281, 0, 281, 271, 0, 0, 61, 438, 0, 302, 770, 0))
2018-04-08 00:32:51.125266;(11, (557, 371, 0, 371, 356, 0, 0, 104, 532, 0, 478, 992, 0))
2018-04-08 00:32:51.135808;(4, (29564, 473, 0, 473, 468, 0, 0, 74, 243, 0, 481, 785, 0))
2018-04-08 00:32:51.242344;(18, (166, 1046, 0, 1046, 1022, 0, 0, 158, 747, 0, 1200, 1927, 0))
2018-04-08 00:32:51.314453;(19, (844, 306, 0, 306, 303, 0, 0, 71, 143, 0, 415, 517, 0))
2018-04-08 00:32:51.345303;(15, (96, 1293, 0, 1293, 1284, 0, 0, 57, 498, 0, 1452, 1839, 0))
2018-04-08 00:32:51.410956;(7, (687, 589, 0, 589, 583, 0, 0, 65, 468, 0, 771, 1116, 0))
2018-04-08 00:32:51.510542;(9, (29580, 173, 0, 173, 170, 0, 0, 34, 50, 0, 159, 254, 0))
2018-04-08 00:33:19.759772;(1, (140, 2800, 1, 2799, 2711, 0, 0, 526, 3283, 1, 3464, 6520, 0))
2018-04-08 00:33:20.532106;(10, (252, 1744, 0, 1744, 1723, 0, 0, 179, 679, 0, 1883, 2581, 0))
2018-04-08 00:33:20.556752;(14, (1137, 723, 0, 723, 698, 0, 0, 166, 946, 0, 888, 1810, 0))
2018-04-08 00:33:20.598003;(13, (410, 718, 0, 718, 696, 0, 0, 223, 517, 0, 710, 1436, 0))
2018-04-08 00:33:20.617095;(16, (416, 598, 0, 598, 576, 0, 0, 146, 717, 0, 689, 1439, 0))
2018-04-08 00:33:20.670450;(6, (558, 380, 0, 380, 377, 0, 0, 94, 196, 0, 462, 667, 0))
2018-04-08 00:33:20.685993;(3, (336, 1357, 1, 1356, 1309, 0, 0, 268, 1644, 1, 1524, 3221, 0))
2018-04-08 00:33:20.816300;(21, (2463, 389, 0, 389, 383, 0, 0, 55, 262, 0, 487, 700, 0))
2018-04-08 00:33:20.852533;(20, (557, 1239, 0, 1239, 1211, 0, 0, 251, 615, 0, 1354, 2077, 0))
2018-04-08 00:33:20.980096;(17, (1739, 197, 0, 197, 197, 0, 0, 13, 38, 0, 176, 248, 0))
2018-04-08 00:33:21.067138;(23, (116, 1613, 0, 1613, 1566, 0, 0, 245, 1226, 0, 1667, 3037, 0))
2018-04-08 00:33:21.078689;(5, (1407, 302, 0, 302, 292, 0, 0, 72, 496, 0, 317, 860, 0))
2018-04-08 00:33:21.129386;(11, (314, 465, 0, 465, 450, 0, 0, 113, 636, 0, 571, 1199, 0))
2018-04-08 00:33:21.139824;(4, (568, 525, 0, 525, 520, 0, 0, 76, 255, 0, 540, 851, 0))
2018-04-08 00:33:21.246428;(18, (167, 1225, 0, 1225, 1199, 0, 0, 175, 826, 0, 1392, 2200, 0))
2018-04-08 00:33:21.319017;(19, (501, 367, 0, 367, 362, 0, 0, 87, 252, 0, 487, 701, 0))
2018-04-08 00:33:21.348664;(15, (115, 1553, 0, 1553, 1539, 0, 0, 72, 697, 0, 1727, 2308, 0))
2018-04-08 00:33:21.415905;(7, (603, 640, 0, 640, 632, 0, 0, 82, 489, 0, 833, 1203, 0))
2018-04-08 00:33:21.514491;(9, (1478, 194, 0, 194, 190, 0, 0, 44, 64, 0, 178, 298, 0))
2018-04-08 00:33:49.762509;(1, (148, 3002, 1, 3001, 2910, 0, 0, 545, 3476, 1, 3692, 6931, 0))
2018-04-08 00:33:50.534804;(10, (130, 1971, 0, 1971, 1949, 0, 0, 194, 698, 0, 2117, 2841, 0))
2018-04-08 00:33:50.559971;(14, (1738, 740, 0, 740, 715, 0, 0, 166, 965, 0, 908, 1846, 0))
2018-04-08 00:33:50.600764;(13, (869, 753, 0, 753, 730, 0, 0, 228, 584, 0, 745, 1542, 0))
2018-04-08 00:33:50.621146;(16, (369, 678, 0, 678, 656, 0, 0, 146, 729, 0, 766, 1531, 0))
2018-04-08 00:33:50.673805;(6, (1970, 395, 0, 395, 392, 0, 0, 96, 196, 0, 481, 684, 0))
2018-04-08 00:33:50.689742;(3, (1848, 1373, 1, 1372, 1325, 0, 0, 268, 1644, 1, 1546, 3237, 0))
2018-04-08 00:33:50.819908;(21, (628, 439, 0, 439, 430, 0, 0, 90, 303, 0, 544, 823, 0))
2018-04-08 00:33:50.858285;(20, (557, 1292, 0, 1292, 1264, 0, 0, 253, 616, 0, 1411, 2133, 0))
2018-04-08 00:33:50.982850;(17, (2275, 210, 0, 210, 210, 0, 0, 13, 38, 0, 187, 261, 0))
2018-04-08 00:33:51.071514;(23, (182, 1785, 0, 1785, 1728, 0, 0, 277, 1432, 0, 1842, 3437, 0))
2018-04-08 00:33:51.082472;(5, (1478, 333, 0, 333, 312, 0, 0, 126, 691, 0, 330, 1129, 0))
2018-04-08 00:33:51.132169;(11, (579, 516, 0, 516, 501, 0, 0, 118, 671, 0, 630, 1290, 0))
2018-04-08 00:33:51.143031;(4, (629, 572, 0, 572, 567, 0, 0, 89, 306, 0, 586, 962, 0))
2018-04-08 00:33:51.251527;(18, (186, 1385, 0, 1385, 1358, 0, 0, 180, 861, 0, 1563, 2399, 0))
2018-04-08 00:33:51.323593;(19, (2687, 379, 0, 379, 373, 0, 0, 92, 263, 0, 504, 728, 0))
2018-04-08 00:33:51.351774;(15, (284, 1658, 0, 1658, 1643, 0, 0, 79, 854, 0, 1841, 2576, 0))
2018-04-08 00:33:51.421102;(7, (923, 672, 0, 672, 664, 0, 0, 82, 489, 0, 877, 1235, 0))
2018-04-08 00:33:51.519971;(9, (1478, 214, 0, 214, 210, 0, 0, 45, 84, 0, 195, 339, 0))
2018-04-08 00:34:19.766621;(1, (149, 3206, 1, 3205, 3107, 0, 0, 581, 3679, 1, 3935, 7367, 0))
2018-04-08 00:34:20.538725;(10, (99, 2272, 0, 2272, 2246, 0, 0, 229, 832, 0, 2426, 3307, 0))
2018-04-08 00:34:20.565762;(14, (2274, 754, 0, 754, 728, 0, 0, 168, 986, 0, 933, 1882, 0))
2018-04-08 00:34:20.604930;(13, (896, 787, 0, 787, 763, 0, 0, 237, 618, 0, 782, 1618, 0))
2018-04-08 00:34:20.625409;(16, (642, 726, 0, 726, 702, 0, 0, 154, 803, 0, 821, 1659, 0))
2018-04-08 00:34:20.678924;(6, (757, 434, 0, 434, 431, 0, 0, 112, 208, 0, 531, 751, 0))
2018-04-08 00:34:20.693235;(3, (287, 1477, 1, 1476, 1428, 0, 0, 278, 1675, 1, 1659, 3381, 0))
2018-04-08 00:34:20.823292;(21, (672, 484, 0, 484, 474, 0, 0, 98, 365, 0, 601, 937, 0))
2018-04-08 00:34:20.862508;(20, (591, 1342, 0, 1342, 1314, 0, 0, 253, 616, 0, 1466, 2183, 0))
2018-04-08 00:34:20.986730;(17, (2957, 220, 0, 220, 220, 0, 0, 13, 38, 0, 198, 271, 0))
2018-04-08 00:34:21.075499;(23, (332, 1874, 0, 1874, 1817, 0, 0, 299, 1566, 0, 1925, 3682, 0))
2018-04-08 00:34:21.086731;(5, (1556, 358, 0, 358, 331, 0, 0, 144, 845, 0, 342, 1320, 0))
2018-04-08 00:34:21.135027;(11, (1182, 541, 0, 541, 526, 0, 0, 123, 683, 0, 652, 1332, 0))
2018-04-08 00:34:21.146671;(4, (568, 625, 0, 625, 619, 0, 0, 107, 331, 0, 633, 1057, 0))
2018-04-08 00:34:21.256406;(18, (369, 1472, 0, 1472, 1438, 0, 0, 220, 1021, 0, 1652, 2679, 0))
2018-04-08 00:34:21.329654;(19, (799, 416, 0, 416, 410, 0, 0, 95, 275, 0, 542, 780, 0))
2018-04-08 00:34:21.355973;(15, (399, 1734, 0, 1734, 1717, 0, 0, 96, 929, 0, 1930, 2742, 0))
2018-04-08 00:34:21.424169;(7, (952, 703, 0, 703, 695, 0, 0, 82, 489, 0, 916, 1266, 0))
2018-04-08 00:34:21.522833;(9, (1232, 238, 0, 238, 234, 0, 0, 45, 96, 0, 219, 375, 0))
2018-04-08 00:34:49.768658;(1, (144, 3418, 1, 3417, 3312, 0, 0, 605, 3901, 1, 4177, 7818, 0))
2018-04-08 00:34:50.542457;(10, (94, 2596, 0, 2596, 2560, 0, 0, 280, 1083, 0, 2754, 3923, 0))
2018-04-08 00:34:50.569175;(14, (2273, 767, 0, 767, 741, 0, 0, 168, 991, 0, 952, 1900, 0))
2018-04-08 00:34:50.610200;(13, (462, 852, 0, 852, 827, 0, 0, 268, 651, 0, 850, 1746, 0))
2018-04-08 00:34:50.629385;(16, (1556, 745, 0, 745, 721, 0, 0, 154, 803, 0, 836, 1678, 0))
2018-04-08 00:34:50.682778;(6, (2688, 445, 0, 445, 442, 0, 0, 112, 208, 0, 545, 762, 0))
2018-04-08 00:34:50.696996;(3, (318, 1570, 1, 1569, 1521, 0, 0, 280, 1676, 1, 1757, 3477, 0))
2018-04-08 00:34:50.827170;(21, (461, 548, 0, 548, 538, 0, 0, 107, 395, 0, 670, 1040, 0))
2018-04-08 00:34:50.866706;(20, (580, 1393, 0, 1393, 1365, 0, 0, 253, 616, 0, 1519, 2234, 0))
2018-04-08 00:34:50.989495;(17, (2687, 231, 0, 231, 231, 0, 0, 13, 38, 0, 208, 282, 0))
2018-04-08 00:34:51.079080;(23, (394, 1954, 0, 1954, 1892, 0, 0, 333, 1751, 0, 1996, 3976, 0))
2018-04-08 00:34:51.089611;(5, (3284, 369, 0, 369, 340, 0, 0, 154, 894, 0, 354, 1388, 0))
2018-04-08 00:34:51.139130;(11, (1738, 558, 0, 558, 543, 0, 0, 123, 683, 0, 670, 1349, 0))
2018-04-08 00:34:51.150758;(4, (687, 668, 0, 668, 662, 0, 0, 113, 343, 0, 676, 1118, 0))
2018-04-08 00:34:51.260002;(18, (518, 1532, 0, 1532, 1495, 0, 0, 231, 1086, 0, 1726, 2812, 0))
2018-04-08 00:34:51.334697;(19, (869, 450, 0, 450, 444, 0, 0, 95, 275, 0, 578, 814, 0))
2018-04-08 00:34:51.359298;(15, (321, 1834, 0, 1834, 1809, 0, 0, 113, 1088, 0, 2032, 3010, 0))
2018-04-08 00:34:51.427476;(7, (953, 734, 0, 734, 726, 0, 0, 84, 489, 0, 953, 1299, 0))
2018-04-08 00:34:51.525793;(9, (1344, 260, 0, 260, 256, 0, 0, 51, 98, 0, 232, 405, 0))
2018-04-08 00:35:19.772603;(1, (148, 3618, 1, 3617, 3511, 0, 0, 613, 4055, 1, 4392, 8179, 0))
2018-04-08 00:35:20.545853;(10, (115, 2851, 0, 2851, 2815, 0, 0, 280, 1083, 0, 3014, 4178, 0))
2018-04-08 00:35:20.573806;(14, (2687, 778, 0, 778, 752, 0, 0, 168, 1000, 0, 967, 1920, 0))
2018-04-08 00:35:20.613899;(13, (509, 910, 0, 910, 885, 0, 0, 269, 651, 0, 903, 1805, 0))
2018-04-08 00:35:20.633727;(16, (3285, 755, 0, 755, 730, 0, 0, 156, 823, 0, 849, 1709, 0))
2018-04-08 00:35:20.685909;(6, (2687, 456, 0, 456, 453, 0, 0, 112, 208, 0, 561, 773, 0))
2018-04-08 00:35:20.701219;(3, (268, 1680, 1, 1679, 1631, 0, 0, 280, 1676, 1, 1871, 3587, 0))
2018-04-08 00:35:20.830816;(21, (537, 603, 0, 603, 593, 0, 0, 107, 415, 0, 732, 1115, 0))
2018-04-08 00:35:20.871421;(20, (579, 1444, 0, 1444, 1416, 0, 0, 253, 623, 0, 1570, 2292, 0))
2018-04-08 00:35:20.992360;(17, (2688, 242, 0, 242, 242, 0, 0, 13, 38, 0, 219, 293, 0))
2018-04-08 00:35:21.082793;(23, (720, 1995, 0, 1995, 1933, 0, 0, 333, 1751, 0, 2037, 4017, 0))
2018-04-08 00:35:21.092418;(5, (1971, 386, 0, 386, 355, 0, 0, 162, 984, 0, 366, 1501, 0))
2018-04-08 00:35:21.142950;(11, (2111, 572, 0, 572, 557, 0, 0, 123, 683, 0, 681, 1363, 0))
2018-04-08 00:35:21.155094;(4, (869, 702, 0, 702, 696, 0, 0, 113, 343, 0, 712, 1152, 0))
2018-04-08 00:35:21.263495;(18, (985, 1562, 0, 1562, 1525, 0, 0, 231, 1086, 0, 1761, 2842, 0))
2018-04-08 00:35:21.338705;(19, (579, 501, 0, 501, 495, 0, 0, 95, 283, 0, 630, 873, 0))
2018-04-08 00:35:21.363062;(15, (2464, 1846, 0, 1846, 1821, 0, 0, 113, 1088, 0, 2055, 3022, 0))
2018-04-08 00:35:21.430827;(7, (953, 765, 0, 765, 757, 0, 0, 84, 489, 0, 986, 1330, 0))
2018-04-08 00:35:21.530510;(9, (2272, 273, 0, 273, 269, 0, 0, 51, 98, 0, 243, 418, 0))
2018-04-08 00:35:49.774713;(1, (144, 3824, 1, 3823, 3716, 0, 0, 614, 4171, 1, 4618, 8501, 0))
2018-04-08 00:35:50.550055;(10, (125, 3087, 0, 3087, 3051, 0, 0, 280, 1083, 0, 3254, 4414, 0))
2018-04-08 00:35:50.576551;(14, (1642, 796, 0, 796, 770, 0, 0, 168, 1000, 0, 989, 1938, 0))
2018-04-08 00:35:50.617513;(13, (557, 963, 0, 963, 938, 0, 0, 269, 651, 0, 956, 1858, 0))
2018-04-08 00:35:50.636493;(16, (2112, 769, 0, 769, 744, 0, 0, 156, 823, 0, 872, 1723, 0))
2018-04-08 00:35:50.689632;(6, (2956, 466, 0, 466, 463, 0, 0, 112, 208, 0, 573, 783, 0))
2018-04-08 00:35:50.705964;(3, (314, 1774, 1, 1773, 1725, 0, 0, 280, 1676, 1, 1970, 3681, 0))
2018-04-08 00:35:50.834886;(21, (351, 688, 0, 688, 677, 0, 0, 121, 437, 0, 820, 1235, 0))
2018-04-08 00:35:50.874243;(20, (591, 1494, 0, 1494, 1466, 0, 0, 253, 623, 0, 1622, 2342, 0))
2018-04-08 00:35:50.996717;(17, (2957, 252, 0, 252, 252, 0, 0, 13, 38, 0, 229, 303, 0))
2018-04-08 00:35:51.086113;(23, (378, 2075, 0, 2075, 2011, 0, 0, 351, 1793, 0, 2116, 4155, 0))
2018-04-08 00:35:51.095744;(5, (2464, 398, 0, 398, 367, 0, 0, 162, 1015, 0, 378, 1544, 0))
2018-04-08 00:35:51.146145;(11, (603, 621, 0, 621, 606, 0, 0, 123, 747, 0, 730, 1476, 0))
2018-04-08 00:35:51.159670;(4, (954, 733, 0, 733, 727, 0, 0, 113, 343, 0, 744, 1183, 0))
2018-04-08 00:35:51.266702;(18, (389, 1640, 0, 1640, 1601, 0, 0, 239, 1141, 0, 1845, 2981, 0))
2018-04-08 00:35:51.342157;(19, (739, 541, 0, 541, 535, 0, 0, 95, 283, 0, 675, 913, 0))
2018-04-08 00:35:51.366455;(15, (2688, 1857, 0, 1857, 1832, 0, 0, 114, 1088, 0, 2071, 3034, 0))
2018-04-08 00:35:51.434366;(7, (985, 795, 0, 795, 787, 0, 0, 84, 489, 0, 1024, 1360, 0))
2018-04-08 00:35:51.534437;(9, (2956, 283, 0, 283, 279, 0, 0, 51, 98, 0, 253, 428, 0))
2018-04-08 00:36:20.554658;(10, (112, 3351, 0, 3351, 3314, 0, 0, 287, 1147, 0, 3524, 4748, 0))
2018-04-08 00:36:20.579289;(14, (985, 826, 0, 826, 800, 0, 0, 168, 1024, 0, 1027, 1992, 0))
2018-04-08 00:36:20.620822;(13, (421, 1034, 0, 1034, 1008, 0, 0, 282, 693, 0, 1025, 1983, 0))
2018-04-08 00:36:20.692528;(6, (2957, 476, 0, 476, 473, 0, 0, 117, 208, 0, 589, 798, 0))
2018-04-08 00:36:20.710979;(3, (242, 1896, 1, 1895, 1847, 0, 0, 282, 1677, 1, 2100, 3806, 0))
2018-04-08 00:36:20.777872;(1, (144, 4029, 1, 4028, 3920, 0, 0, 630, 4382, 1, 4857, 8932, 0))
2018-04-08 00:36:20.838567;(21, (484, 752, 0, 752, 738, 0, 0, 143, 478, 0, 892, 1359, 0))
2018-04-08 00:36:20.879112;(20, (579, 1545, 0, 1545, 1517, 0, 0, 253, 623, 0, 1676, 2393, 0))
2018-04-08 00:36:21.000133;(17, (2687, 263, 0, 263, 263, 0, 0, 13, 38, 0, 239, 314, 0))
2018-04-08 00:36:21.089287;(23, (476, 2140, 0, 2140, 2073, 0, 0, 373, 1927, 0, 2172, 4373, 0))
2018-04-08 00:36:21.099175;(5, (2112, 413, 0, 413, 381, 0, 0, 172, 1087, 0, 389, 1640, 0))
2018-04-08 00:36:21.148916;(11, (721, 662, 0, 662, 647, 0, 0, 132, 806, 0, 774, 1585, 0))
2018-04-08 00:36:21.165458;(4, (604, 782, 0, 782, 776, 0, 0, 113, 370, 0, 796, 1259, 0))
2018-04-08 00:36:21.271646;(18, (568, 1696, 0, 1696, 1653, 0, 0, 254, 1237, 0, 1916, 3144, 0))
2018-04-08 00:36:21.346605;(19, (703, 584, 0, 584, 577, 0, 0, 103, 286, 0, 725, 966, 0))
2018-04-08 00:36:21.370074;(15, (2689, 1868, 0, 1868, 1843, 0, 0, 114, 1099, 0, 2091, 3056, 0))
2018-04-08 00:36:21.438129;(7, (953, 826, 0, 826, 818, 0, 0, 84, 498, 0, 1063, 1400, 0))
2018-04-08 00:36:21.537751;(9, (1742, 300, 0, 300, 296, 0, 0, 51, 98, 0, 268, 445, 0))
2018-04-08 00:36:21.639320;(16, (1182, 794, 0, 794, 769, 0, 0, 159, 833, 0, 899, 1761, 0))
2018-04-08 00:36:50.559873;(10, (115, 3606, 0, 3606, 3569, 0, 0, 287, 1150, 0, 3780, 5006, 0))
2018-04-08 00:36:50.584108;(14, (2687, 837, 0, 837, 811, 0, 0, 168, 1024, 0, 1049, 2003, 0))
2018-04-08 00:36:50.623890;(13, (657, 1080, 0, 1080, 1053, 0, 0, 304, 737, 0, 1071, 2094, 0))
2018-04-08 00:36:50.699791;(6, (2688, 487, 0, 487, 484, 0, 0, 117, 208, 0, 600, 809, 0))
2018-04-08 00:36:50.717251;(3, (259, 2011, 1, 2010, 1961, 0, 0, 290, 1677, 1, 2220, 3928, 0))
2018-04-08 00:36:50.780243;(1, (146, 4230, 1, 4229, 4121, 0, 0, 634, 4446, 1, 5068, 9201, 0))
2018-04-08 00:36:50.842635;(21, (416, 823, 0, 823, 809, 0, 0, 146, 478, 0, 966, 1433, 0))
2018-04-08 00:36:51.003974;(17, (2956, 273, 0, 273, 273, 0, 0, 13, 38, 0, 250, 324, 0))
2018-04-08 00:36:51.092041;(23, (720, 2181, 0, 2181, 2114, 0, 0, 383, 1936, 0, 2216, 4433, 0))
2018-04-08 00:36:51.102028;(5, (2687, 426, 0, 426, 392, 0, 0, 182, 1126, 0, 400, 1700, 0))
2018-04-08 00:36:51.153155;(11, (2463, 674, 0, 674, 659, 0, 0, 132, 806, 0, 796, 1597, 0))
2018-04-08 00:36:51.169071;(4, (568, 835, 0, 835, 828, 0, 0, 145, 404, 0, 850, 1377, 0))
2018-04-08 00:36:51.274612;(18, (923, 1729, 0, 1729, 1685, 0, 0, 255, 1265, 0, 1955, 3205, 0))
2018-04-08 00:36:51.352395;(19, (985, 614, 0, 614, 607, 0, 0, 103, 286, 0, 761, 996, 0))
2018-04-08 00:36:51.441992;(7, (953, 857, 0, 857, 849, 0, 0, 84, 498, 0, 1099, 1431, 0))
2018-04-08 00:36:51.541513;(9, (1183, 325, 0, 325, 321, 0, 0, 52, 130, 0, 292, 503, 0))
2018-04-08 00:36:51.643354;(16, (1644, 812, 0, 812, 787, 0, 0, 159, 833, 0, 920, 1779, 0))
2018-04-08 00:36:51.884079;(20, (591, 1595, 0, 1595, 1567, 0, 0, 253, 623, 0, 1728, 2443, 0))
2018-04-08 00:36:52.373604;(15, (2956, 1878, 0, 1878, 1853, 0, 0, 114, 1099, 0, 2104, 3066, 0))
2018-04-08 00:37:20.565247;(10, (105, 3886, 0, 3886, 3849, 0, 0, 287, 1150, 0, 4063, 5286, 0))
2018-04-08 00:37:20.587419;(14, (2687, 848, 0, 848, 822, 0, 0, 168, 1024, 0, 1064, 2014, 0))
2018-04-08 00:37:20.627099;(13, (591, 1132, 0, 1132, 1103, 0, 0, 349, 784, 0, 1120, 2236, 0))
2018-04-08 00:37:20.710940;(6, (2958, 497, 0, 497, 494, 0, 0, 117, 208, 0, 614, 819, 0))
2018-04-08 00:37:20.783420;(1, (148, 4429, 1, 4428, 4320, 0, 0, 634, 4458, 1, 5281, 9412, 0))
2018-04-08 00:37:20.846015;(21, (501, 882, 0, 882, 868, 0, 0, 149, 478, 0, 1029, 1495, 0))
2018-04-08 00:37:21.007163;(17, (2687, 284, 0, 284, 284, 0, 0, 13, 38, 0, 260, 335, 0))
2018-04-08 00:37:21.095054;(23, (703, 2223, 0, 2223, 2156, 0, 0, 393, 1936, 0, 2258, 4485, 0))
2018-04-08 00:37:21.104828;(5, (2687, 437, 0, 437, 403, 0, 0, 190, 1135, 0, 411, 1728, 0))
2018-04-08 00:37:21.157374;(11, (2956, 684, 0, 684, 669, 0, 0, 132, 806, 0, 809, 1607, 0))
2018-04-08 00:37:21.171721;(4, (799, 873, 0, 873, 865, 0, 0, 150, 449, 0, 889, 1464, 0))
2018-04-08 00:37:21.277687;(18, (985, 1759, 0, 1759, 1715, 0, 0, 255, 1265, 0, 1988, 3235, 0))
2018-04-08 00:37:21.445913;(7, (985, 887, 0, 887, 879, 0, 0, 84, 498, 0, 1133, 1461, 0))
2018-04-08 00:37:21.647957;(16, (2957, 822, 0, 822, 797, 0, 0, 159, 833, 0, 933, 1789, 0))
2018-04-08 00:37:21.722473;(3, (266, 2122, 1, 2121, 2072, 0, 0, 290, 1677, 1, 2334, 4039, 0))
2018-04-08 00:37:21.889458;(20, (580, 1646, 0, 1646, 1618, 0, 0, 253, 623, 0, 1781, 2494, 0))
2018-04-08 00:37:22.357513;(19, (954, 645, 0, 645, 638, 0, 0, 104, 286, 0, 795, 1028, 0))
2018-04-08 00:37:22.377115;(15, (721, 1919, 0, 1919, 1894, 0, 0, 114, 1099, 0, 2152, 3107, 0))
2018-04-08 00:37:22.545737;(9, (1971, 340, 0, 340, 336, 0, 0, 52, 130, 0, 306, 518, 0))
2018-04-08 00:37:50.570389;(10, (156, 4079, 0, 4079, 4038, 0, 0, 331, 1423, 0, 4266, 5792, 0))
2018-04-08 00:37:50.591410;(14, (656, 897, 0, 897, 867, 0, 0, 179, 1116, 0, 1136, 2162, 0))
2018-04-08 00:37:50.786710;(1, (164, 4613, 1, 4612, 4500, 0, 0, 650, 4567, 1, 5512, 9717, 0))
2018-04-08 00:37:50.851082;(21, (240, 1008, 0, 1008, 991, 0, 0, 183, 583, 0, 1162, 1757, 0))
2018-04-08 00:37:51.098235;(23, (246, 2345, 0, 2345, 2276, 0, 0, 414, 2058, 0, 2392, 4748, 0))
2018-04-08 00:37:51.159696;(11, (1019, 715, 0, 715, 698, 0, 0, 145, 874, 0, 847, 1717, 0))
2018-04-08 00:37:51.450480;(7, (476, 951, 0, 951, 941, 0, 0, 99, 605, 0, 1209, 1645, 0))
2018-04-08 00:37:51.630708;(13, (537, 1187, 0, 1187, 1158, 0, 0, 351, 798, 0, 1178, 2307, 0))
2018-04-08 00:37:51.654209;(16, (528, 879, 0, 879, 853, 0, 0, 181, 934, 0, 993, 1968, 0))
2018-04-08 00:37:51.720541;(6, (896, 531, 0, 531, 527, 0, 0, 132, 222, 0, 656, 881, 0))
2018-04-08 00:37:51.726142;(3, (222, 2260, 1, 2259, 2205, 0, 0, 315, 1952, 1, 2491, 4472, 0))
2018-04-08 00:37:51.893657;(20, (591, 1699, 0, 1699, 1668, 0, 0, 273, 743, 0, 1845, 2684, 0))
2018-04-08 00:37:52.010634;(17, (1642, 302, 0, 302, 302, 0, 0, 13, 50, 0, 275, 365, 0))
2018-04-08 00:37:52.107732;(5, (1556, 457, 0, 457, 422, 0, 0, 196, 1168, 0, 443, 1786, 0))
2018-04-08 00:37:52.174896;(4, (778, 912, 0, 912, 903, 0, 0, 151, 483, 0, 927, 1537, 0))
2018-04-08 00:37:52.280880;(18, (343, 1846, 0, 1846, 1801, 0, 0, 276, 1329, 0, 2094, 3406, 0))
2018-04-08 00:37:52.361613;(19, (615, 696, 0, 696, 686, 0, 0, 129, 353, 0, 856, 1168, 0))
2018-04-08 00:37:52.381825;(15, (642, 1966, 0, 1966, 1940, 0, 0, 117, 1147, 0, 2199, 3204, 0))
2018-04-08 00:37:52.551789;(9, (2274, 353, 0, 353, 349, 0, 0, 52, 130, 0, 321, 531, 0))
2018-04-08 00:38:20.573747;(10, (238, 4206, 0, 4206, 4162, 0, 0, 353, 1524, 0, 4399, 6039, 0))
2018-04-08 00:38:20.594806;(14, (1231, 924, 0, 924, 891, 0, 0, 188, 1210, 0, 1183, 2289, 0))
2018-04-08 00:38:20.791715;(1, (141, 4826, 1, 4825, 4708, 0, 0, 663, 4847, 1, 5773, 10218, 0))
2018-04-08 00:38:20.854800;(21, (159, 1198, 0, 1198, 1176, 0, 0, 230, 671, 0, 1357, 2077, 0))
2018-04-08 00:38:21.101993;(23, (163, 2529, 0, 2529, 2457, 0, 0, 448, 2167, 0, 2580, 5072, 0))
2018-04-08 00:38:21.163348;(11, (422, 787, 0, 787, 768, 0, 0, 148, 987, 0, 919, 1903, 0))
2018-04-08 00:38:21.634509;(13, (568, 1239, 0, 1239, 1210, 0, 0, 359, 815, 0, 1231, 2384, 0))
2018-04-08 00:38:21.658781;(16, (318, 978, 0, 978, 946, 0, 0, 216, 1104, 0, 1110, 2266, 0))
2018-04-08 00:38:21.725606;(6, (509, 589, 0, 589, 585, 0, 0, 141, 231, 0, 718, 957, 0))
2018-04-08 00:38:21.734230;(3, (242, 2386, 1, 2385, 2327, 0, 0, 355, 2076, 1, 2633, 4758, 0))
2018-04-08 00:38:21.899670;(20, (1137, 1726, 0, 1726, 1694, 0, 0, 283, 775, 0, 1882, 2752, 0))
2018-04-08 00:38:22.015595;(17, (2686, 313, 0, 313, 313, 0, 0, 21, 50, 0, 282, 384, 0))
2018-04-08 00:38:22.113850;(5, (2464, 469, 0, 469, 434, 0, 0, 196, 1168, 0, 460, 1798, 0))
2018-04-08 00:38:22.179883;(4, (953, 943, 0, 943, 934, 0, 0, 152, 483, 0, 960, 1569, 0))
2018-04-08 00:38:22.283862;(18, (278, 1953, 0, 1953, 1907, 0, 0, 289, 1369, 0, 2221, 3565, 0))
2018-04-08 00:38:22.365810;(19, (1478, 718, 0, 718, 706, 0, 0, 140, 371, 0, 888, 1217, 0))
2018-04-08 00:38:22.386325;(15, (199, 2118, 0, 2118, 2088, 0, 0, 140, 1242, 0, 2361, 3470, 0))
2018-04-08 00:38:22.455136;(7, (591, 1001, 0, 1001, 991, 0, 0, 118, 678, 0, 1270, 1787, 0))
2018-04-08 00:38:22.555938;(9, (2688, 364, 0, 364, 360, 0, 0, 52, 130, 0, 333, 542, 0))
2018-04-08 00:38:50.578227;(10, (160, 4390, 0, 4390, 4346, 0, 0, 354, 1527, 0, 4586, 6227, 0))
2018-04-08 00:38:50.597830;(14, (2463, 936, 0, 936, 903, 0, 0, 188, 1210, 0, 1202, 2301, 0))
2018-04-08 00:38:50.794531;(1, (146, 5028, 1, 5027, 4909, 0, 0, 669, 4910, 1, 5987, 10488, 0))
2018-04-08 00:38:50.859105;(21, (292, 1299, 0, 1299, 1277, 0, 0, 230, 671, 0, 1461, 2178, 0))
2018-04-08 00:38:51.105117;(23, (321, 2622, 0, 2622, 2549, 0, 0, 457, 2194, 0, 2675, 5200, 0))
2018-04-08 00:38:51.167063;(11, (2686, 798, 0, 798, 779, 0, 0, 148, 987, 0, 935, 1914, 0))
2018-04-08 00:38:51.638166;(13, (369, 1323, 0, 1323, 1290, 0, 0, 382, 987, 0, 1305, 2659, 0))
2018-04-08 00:38:51.663021;(16, (1407, 999, 0, 999, 967, 0, 0, 216, 1104, 0, 1137, 2287, 0))
2018-04-08 00:38:51.730145;(6, (1407, 610, 0, 610, 606, 0, 0, 141, 235, 0, 742, 982, 0))
2018-04-08 00:38:51.738021;(3, (217, 2523, 1, 2522, 2463, 0, 0, 357, 2095, 1, 2777, 4915, 0))
2018-04-08 00:38:51.906484;(20, (2688, 1737, 0, 1737, 1705, 0, 0, 283, 775, 0, 1898, 2763, 0))
2018-04-08 00:38:52.021001;(17, (2274, 326, 0, 326, 326, 0, 0, 21, 50, 0, 293, 397, 0))
2018-04-08 00:38:52.119660;(5, (2688, 481, 0, 481, 445, 0, 0, 198, 1273, 0, 472, 1916, 0))
2018-04-08 00:38:52.184493;(4, (537, 999, 0, 999, 989, 0, 0, 155, 542, 0, 1022, 1686, 0))
2018-04-08 00:38:52.286810;(18, (579, 2004, 0, 2004, 1958, 0, 0, 303, 1369, 0, 2280, 3630, 0))
2018-04-08 00:38:52.370214;(19, (2687, 729, 0, 729, 717, 0, 0, 140, 371, 0, 905, 1228, 0))
2018-04-08 00:38:52.390368;(15, (145, 2322, 0, 2322, 2291, 0, 0, 152, 1319, 0, 2568, 3762, 0))
2018-04-08 00:38:52.458429;(7, (923, 1033, 0, 1033, 1023, 0, 0, 118, 678, 0, 1311, 1819, 0))
2018-04-08 00:38:52.559434;(9, (1642, 382, 0, 382, 378, 0, 0, 52, 130, 0, 348, 560, 0))
2018-04-08 00:39:20.798809;(1, (152, 5223, 1, 5222, 5103, 0, 0, 674, 5039, 1, 6225, 10816, 0))
2018-04-08 00:39:21.107391;(23, (289, 2730, 0, 2730, 2651, 0, 0, 488, 2332, 0, 2782, 5471, 0))
2018-04-08 00:39:21.170563;(11, (1555, 817, 0, 817, 798, 0, 0, 149, 1027, 0, 959, 1974, 0))
2018-04-08 00:39:21.581435;(10, (149, 4590, 0, 4590, 4544, 0, 0, 380, 1702, 0, 4803, 6626, 0))
2018-04-08 00:39:21.601881;(14, (1971, 951, 0, 951, 918, 0, 0, 189, 1229, 0, 1227, 2336, 0))
2018-04-08 00:39:21.644244;(13, (434, 1393, 0, 1393, 1358, 0, 0, 408, 1029, 0, 1376, 2795, 0))
2018-04-08 00:39:21.666294;(16, (1182, 1025, 0, 1025, 992, 0, 0, 220, 1135, 0, 1169, 2347, 0))
2018-04-08 00:39:21.735576;(6, (629, 659, 0, 659, 653, 0, 0, 152, 300, 0, 800, 1105, 0))
2018-04-08 00:39:21.745383;(3, (197, 2685, 1, 2684, 2613, 0, 0, 400, 2450, 1, 2947, 5463, 0))
2018-04-08 00:39:21.863537;(21, (298, 1399, 0, 1399, 1376, 0, 0, 247, 699, 0, 1566, 2322, 0))
2018-04-08 00:39:21.910859;(20, (1137, 1764, 0, 1764, 1731, 0, 0, 285, 840, 0, 1930, 2856, 0))
2018-04-08 00:39:22.023633;(17, (2112, 340, 0, 340, 340, 0, 0, 21, 50, 0, 306, 411, 0))
2018-04-08 00:39:22.123439;(5, (1478, 501, 0, 501, 465, 0, 0, 210, 1344, 0, 491, 2019, 0))
2018-04-08 00:39:22.189399;(4, (501, 1059, 0, 1059, 1048, 0, 0, 158, 614, 0, 1082, 1820, 0))
2018-04-08 00:39:22.291542;(18, (528, 2063, 0, 2063, 2014, 0, 0, 318, 1436, 0, 2346, 3768, 0))
2018-04-08 00:39:22.373454;(19, (1478, 750, 0, 750, 737, 0, 0, 145, 405, 0, 936, 1287, 0))
2018-04-08 00:39:22.393073;(15, (137, 2542, 0, 2542, 2506, 0, 0, 175, 1453, 0, 2802, 4134, 0))
2018-04-08 00:39:22.461097;(7, (469, 1099, 0, 1099, 1086, 0, 0, 134, 850, 0, 1386, 2070, 0))
2018-04-08 00:39:22.565075;(9, (985, 412, 0, 412, 408, 0, 0, 59, 154, 0, 380, 621, 0))
2018-04-08 00:39:50.802723;(1, (146, 5431, 1, 5430, 5305, 0, 0, 730, 5508, 1, 6499, 11543, 0))
2018-04-08 00:39:51.113986;(23, (777, 2770, 0, 2770, 2689, 0, 0, 500, 2420, 0, 2836, 5609, 0))
2018-04-08 00:39:51.584937;(10, (113, 4857, 0, 4857, 4805, 0, 0, 436, 1879, 0, 5085, 7120, 0))
2018-04-08 00:39:51.604662;(14, (671, 995, 0, 995, 962, 0, 0, 192, 1285, 0, 1294, 2439, 0))
2018-04-08 00:39:51.648025;(13, (422, 1465, 0, 1465, 1428, 0, 0, 440, 1059, 0, 1449, 2927, 0))
2018-04-08 00:39:51.670109;(16, (799, 1065, 0, 1065, 1029, 0, 0, 237, 1212, 0, 1212, 2478, 0))
2018-04-08 00:39:51.739275;(6, (1136, 687, 0, 687, 679, 0, 0, 177, 325, 0, 822, 1181, 0))
2018-04-08 00:39:51.749007;(3, (149, 2892, 2, 2890, 2811, 0, 0, 453, 2696, 2, 3169, 5960, 0))
2018-04-08 00:39:51.866953;(21, (671, 1446, 0, 1446, 1420, 0, 0, 269, 789, 0, 1619, 2478, 0))
2018-04-08 00:39:51.914648;(20, (364, 1850, 0, 1850, 1812, 0, 0, 308, 951, 0, 2033, 3071, 0))
2018-04-08 00:39:52.027219;(17, (1137, 366, 0, 366, 366, 0, 0, 25, 50, 0, 322, 441, 0))
2018-04-08 00:39:52.128016;(5, (2464, 513, 0, 513, 477, 0, 0, 210, 1354, 0, 506, 2041, 0))
2018-04-08 00:39:52.174015;(11, (1643, 837, 0, 837, 816, 0, 0, 158, 1079, 0, 988, 2053, 0))
2018-04-08 00:39:52.194072;(4, (778, 1099, 0, 1099, 1086, 0, 0, 174, 614, 0, 1126, 1874, 0))
2018-04-08 00:39:52.295953;(18, (389, 2143, 0, 2143, 2090, 0, 0, 378, 1522, 0, 2424, 3990, 0))
2018-04-08 00:39:52.377110;(19, (384, 830, 0, 830, 814, 0, 0, 184, 492, 0, 1021, 1490, 0))
2018-04-08 00:39:52.395935;(15, (99, 2851, 0, 2851, 2802, 0, 0, 226, 1759, 0, 3125, 4787, 0))
2018-04-08 00:39:52.463918;(7, (328, 1194, 0, 1194, 1176, 0, 0, 159, 1012, 0, 1487, 2347, 0))
2018-04-08 00:39:52.567719;(9, (1182, 439, 0, 439, 433, 0, 0, 97, 159, 0, 395, 689, 0))
2018-04-08 00:40:20.807866;(1, (168, 5608, 1, 5607, 5480, 0, 0, 743, 5692, 1, 6744, 11915, 0))
2018-04-08 00:40:21.588849;(10, (127, 5097, 1, 5096, 5037, 0, 0, 488, 2237, 1, 5335, 7762, 0))
2018-04-08 00:40:21.607284;(14, (252, 1120, 0, 1120, 1079, 0, 0, 222, 1556, 0, 1437, 2857, 0))
2018-04-08 00:40:21.650960;(13, (579, 1516, 0, 1516, 1479, 0, 0, 442, 1059, 0, 1502, 2980, 0))
2018-04-08 00:40:21.676863;(16, (404, 1143, 0, 1143, 1102, 0, 0, 280, 1335, 0, 1301, 2717, 0))
2018-04-08 00:40:21.744140;(6, (568, 743, 0, 743, 731, 0, 0, 215, 387, 0, 884, 1333, 0))
2018-04-08 00:40:21.753214;(3, (250, 3012, 2, 3010, 2929, 0, 0, 481, 2875, 2, 3311, 6285, 0))
2018-04-08 00:40:21.870929;(21, (2463, 1458, 0, 1458, 1432, 0, 0, 269, 789, 0, 1636, 2490, 0))
2018-04-08 00:40:21.918139;(20, (758, 1891, 0, 1891, 1851, 0, 0, 318, 1036, 0, 2086, 3205, 0))
2018-04-08 00:40:22.030251;(17, (2462, 378, 0, 378, 378, 0, 0, 29, 74, 0, 329, 481, 0))
2018-04-08 00:40:22.117173;(23, (656, 2815, 0, 2815, 2734, 0, 0, 512, 2456, 0, 2886, 5702, 0))
2018-04-08 00:40:22.134933;(5, (537, 569, 0, 569, 532, 0, 0, 220, 1373, 0, 571, 2125, 0))
2018-04-08 00:40:22.178026;(11, (687, 880, 0, 880, 859, 0, 0, 159, 1108, 0, 1035, 2126, 0))
2018-04-08 00:40:22.198212;(4, (953, 1130, 0, 1130, 1117, 0, 0, 174, 614, 0, 1158, 1905, 0))
2018-04-08 00:40:22.299854;(18, (687, 2187, 0, 2187, 2133, 0, 0, 389, 1587, 0, 2482, 4109, 0))
2018-04-08 00:40:22.381202;(19, (568, 884, 0, 884, 866, 0, 0, 216, 557, 0, 1073, 1639, 0))
2018-04-08 00:40:22.399780;(15, (704, 2894, 0, 2894, 2844, 0, 0, 232, 1777, 0, 3191, 4853, 0))
2018-04-08 00:40:22.467611;(7, (703, 1237, 0, 1237, 1218, 0, 0, 173, 1080, 0, 1547, 2471, 0))
2018-04-08 00:40:22.570722;(9, (2689, 450, 0, 450, 444, 0, 0, 97, 159, 0, 406, 700, 0))
2018-04-08 00:40:50.811065;(1, (139, 5824, 1, 5823, 5692, 0, 0, 779, 5938, 1, 7008, 12409, 0))
2018-04-08 00:40:51.592034;(10, (117, 5357, 1, 5356, 5288, 0, 0, 545, 2450, 1, 5599, 8283, 0))
2018-04-08 00:40:51.610149;(14, (314, 1218, 0, 1218, 1173, 0, 0, 257, 1698, 0, 1557, 3128, 0))
2018-04-08 00:40:51.655103;(13, (591, 1566, 0, 1566, 1529, 0, 0, 445, 1059, 0, 1552, 3033, 0))
2018-04-08 00:40:51.681988;(16, (591, 1193, 0, 1193, 1152, 0, 0, 296, 1388, 0, 1352, 2836, 0))
2018-04-08 00:40:51.749232;(6, (2687, 754, 0, 754, 742, 0, 0, 215, 387, 0, 900, 1344, 0))
2018-04-08 00:40:51.758792;(3, (161, 3197, 2, 3195, 3112, 0, 0, 512, 3047, 2, 3518, 6671, 0))
2018-04-08 00:40:51.874407;(21, (2956, 1468, 0, 1468, 1442, 0, 0, 269, 789, 0, 1648, 2500, 0))
2018-04-08 00:40:51.922641;(20, (1477, 1911, 0, 1911, 1871, 0, 0, 320, 1051, 0, 2113, 3242, 0))
2018-04-08 00:40:52.033876;(17, (1643, 397, 0, 397, 396, 0, 0, 36, 102, 0, 337, 534, 0))
2018-04-08 00:40:52.121426;(23, (428, 2884, 0, 2884, 2803, 0, 0, 522, 2456, 0, 2958, 5781, 0))
2018-04-08 00:40:52.141732;(5, (953, 600, 0, 600, 563, 0, 0, 220, 1373, 0, 604, 2156, 0))
2018-04-08 00:40:52.182695;(11, (1285, 903, 0, 903, 882, 0, 0, 159, 1108, 0, 1062, 2149, 0))
2018-04-08 00:40:52.202278;(4, (985, 1160, 0, 1160, 1147, 0, 0, 174, 614, 0, 1189, 1935, 0))
2018-04-08 00:40:52.305917;(18, (509, 2246, 0, 2246, 2191, 0, 0, 393, 1612, 0, 2555, 4196, 0))
2018-04-08 00:40:52.384606;(19, (308, 983, 0, 983, 962, 0, 0, 227, 664, 0, 1186, 1853, 0))
2018-04-08 00:40:52.403664;(15, (2956, 2904, 0, 2904, 2854, 0, 0, 232, 1777, 0, 3209, 4863, 0))
2018-04-08 00:40:52.471075;(7, (704, 1281, 0, 1281, 1260, 0, 0, 178, 1132, 0, 1597, 2570, 0))
2018-04-08 00:40:52.573619;(9, (2464, 462, 0, 462, 456, 0, 0, 97, 159, 0, 416, 712, 0))
2018-04-08 00:41:20.814550;(1, (139, 6036, 1, 6035, 5903, 0, 0, 798, 6116, 1, 7257, 12817, 0))
2018-04-08 00:41:21.595747;(10, (171, 5531, 1, 5530, 5460, 0, 0, 560, 2570, 1, 5778, 8590, 0))
2018-04-08 00:41:21.614706;(14, (278, 1327, 0, 1327, 1279, 0, 0, 274, 1843, 0, 1681, 3396, 0))
2018-04-08 00:41:21.658572;(13, (579, 1617, 0, 1617, 1580, 0, 0, 450, 1059, 0, 1603, 3089, 0))
2018-04-08 00:41:21.685530;(16, (778, 1231, 0, 1231, 1190, 0, 0, 301, 1401, 0, 1392, 2892, 0))
2018-04-08 00:41:21.753365;(6, (2687, 765, 0, 765, 753, 0, 0, 216, 397, 0, 916, 1366, 0))
2018-04-08 00:41:21.762533;(3, (227, 3330, 2, 3328, 3242, 0, 0, 529, 3154, 2, 3671, 6925, 0))
2018-04-08 00:41:21.878059;(21, (2687, 1479, 0, 1479, 1453, 0, 0, 269, 789, 0, 1660, 2511, 0))
2018-04-08 00:41:21.926284;(20, (1095, 1939, 0, 1939, 1898, 0, 0, 325, 1101, 0, 2141, 3324, 0))
2018-04-08 00:41:22.038374;(17, (1558, 416, 0, 416, 415, 0, 0, 37, 102, 0, 350, 554, 0))
2018-04-08 00:41:22.125525;(23, (218, 3023, 0, 3023, 2938, 0, 0, 553, 2506, 0, 3103, 5997, 0))
2018-04-08 00:41:22.148826;(5, (985, 630, 0, 630, 593, 0, 0, 220, 1377, 0, 638, 2190, 0))
2018-04-08 00:41:22.186426;(11, (1555, 922, 0, 922, 901, 0, 0, 159, 1139, 0, 1087, 2199, 0))
2018-04-08 00:41:22.205757;(4, (953, 1191, 0, 1191, 1178, 0, 0, 175, 614, 0, 1222, 1967, 0))
2018-04-08 00:41:22.314903;(18, (223, 2380, 0, 2380, 2323, 0, 0, 418, 1670, 0, 2699, 4411, 0))
2018-04-08 00:41:22.388386;(19, (339, 1072, 0, 1072, 1049, 0, 0, 245, 697, 0, 1285, 1991, 0))
2018-04-08 00:41:22.407175;(15, (2688, 2915, 0, 2915, 2865, 0, 0, 232, 1777, 0, 3229, 4874, 0))
2018-04-08 00:41:22.474987;(7, (509, 1339, 0, 1339, 1318, 0, 0, 182, 1160, 0, 1671, 2660, 0))
2018-04-08 00:41:22.577379;(9, (2689, 473, 0, 473, 467, 0, 0, 97, 159, 0, 428, 723, 0))
2018-04-08 00:41:50.818558;(1, (151, 6238, 2, 6236, 6098, 0, 0, 858, 6414, 2, 7495, 13370, 0))
2018-04-08 00:41:51.600864;(10, (202, 5679, 1, 5678, 5606, 0, 0, 570, 2640, 1, 5927, 8816, 0))
2018-04-08 00:41:51.618050;(14, (603, 1377, 0, 1377, 1328, 0, 0, 275, 1922, 0, 1739, 3525, 0))
2018-04-08 00:41:51.663070;(13, (454, 1684, 0, 1684, 1645, 0, 0, 478, 1106, 0, 1665, 3229, 0))
2018-04-08 00:41:51.690273;(16, (394, 1308, 0, 1308, 1265, 0, 0, 316, 1488, 0, 1479, 3069, 0))
2018-04-08 00:41:51.757644;(6, (2956, 777, 0, 777, 763, 0, 0, 228, 433, 0, 930, 1424, 0))
2018-04-08 00:41:51.766341;(3, (318, 3423, 2, 3421, 3335, 0, 0, 531, 3181, 2, 3781, 7047, 0))
2018-04-08 00:41:51.884463;(21, (2955, 1489, 0, 1489, 1463, 0, 0, 269, 789, 0, 1675, 2521, 0))
2018-04-08 00:41:51.930172;(20, (1555, 1958, 0, 1958, 1917, 0, 0, 327, 1101, 0, 2158, 3345, 0))
2018-04-08 00:41:52.043419;(17, (2272, 429, 0, 429, 428, 0, 0, 37, 102, 0, 364, 567, 0))
2018-04-08 00:41:52.135124;(23, (223, 3156, 0, 3156, 3070, 0, 0, 587, 2578, 0, 3241, 6235, 0))
2018-04-08 00:41:52.151427;(5, (1056, 658, 0, 658, 621, 0, 0, 225, 1430, 0, 664, 2276, 0))
2018-04-08 00:41:52.190457;(11, (1343, 945, 0, 945, 923, 0, 0, 161, 1190, 0, 1114, 2274, 0))
2018-04-08 00:41:52.209139;(4, (616, 1242, 0, 1242, 1226, 0, 0, 190, 659, 0, 1277, 2075, 0))
2018-04-08 00:41:52.319179;(18, (227, 2514, 0, 2514, 2453, 0, 0, 434, 1758, 0, 2838, 4645, 0))
2018-04-08 00:41:52.391995;(19, (469, 1135, 0, 1135, 1112, 0, 0, 247, 708, 0, 1360, 2067, 0))
2018-04-08 00:41:52.410992;(15, (2689, 2926, 0, 2926, 2876, 0, 0, 232, 1779, 0, 3247, 4887, 0))
2018-04-08 00:41:52.478468;(7, (629, 1386, 0, 1386, 1365, 0, 0, 189, 1211, 0, 1732, 2765, 0))
2018-04-08 00:41:52.581138;(9, (1182, 499, 0, 499, 492, 0, 0, 101, 219, 0, 452, 812, 0))
2018-04-08 00:42:20.821525;(1, (148, 6441, 2, 6439, 6297, 0, 0, 888, 6637, 2, 7745, 13822, 0))
2018-04-08 00:42:21.603808;(10, (180, 5845, 1, 5844, 5770, 0, 0, 591, 2677, 1, 6104, 9038, 0))
2018-04-08 00:42:21.622192;(14, (263, 1496, 0, 1496, 1440, 0, 0, 318, 2121, 0, 1877, 3879, 0))
2018-04-08 00:42:21.668276;(13, (537, 1740, 0, 1740, 1700, 0, 0, 488, 1119, 0, 1718, 3307, 0))
2018-04-08 00:42:21.693959;(16, (394, 1386, 0, 1386, 1340, 0, 0, 361, 1593, 0, 1565, 3294, 0))
2018-04-08 00:42:21.761286;(6, (1556, 796, 0, 796, 782, 0, 0, 229, 434, 0, 958, 1445, 0))
2018-04-08 00:42:21.770781;(3, (195, 3578, 2, 3576, 3486, 0, 0, 554, 3404, 2, 3956, 7444, 0))
2018-04-08 00:42:21.891074;(21, (2956, 1499, 0, 1499, 1473, 0, 0, 269, 789, 0, 1693, 2531, 0))
2018-04-08 00:42:21.933331;(20, (1055, 1989, 0, 1989, 1945, 0, 0, 358, 1174, 0, 2191, 3477, 0))
2018-04-08 00:42:22.047530;(17, (1556, 448, 0, 448, 447, 0, 0, 44, 116, 0, 381, 607, 0))
2018-04-08 00:42:22.138134;(23, (820, 3194, 0, 3194, 3106, 0, 0, 598, 2623, 0, 3290, 6327, 0))
2018-04-08 00:42:22.155640;(5, (1408, 679, 0, 679, 642, 0, 0, 227, 1430, 0, 685, 2299, 0))
2018-04-08 00:42:22.195949;(11, (527, 1002, 0, 1002, 979, 0, 0, 176, 1262, 0, 1184, 2417, 0))
2018-04-08 00:42:22.212438;(4, (672, 1286, 0, 1286, 1270, 0, 0, 200, 685, 0, 1318, 2155, 0))
2018-04-08 00:42:22.324202;(18, (389, 2593, 1, 2592, 2529, 0, 0, 458, 1941, 1, 2911, 4928, 0))
2018-04-08 00:42:22.395425;(19, (501, 1198, 0, 1198, 1171, 0, 0, 277, 780, 0, 1429, 2229, 0))
2018-04-08 00:42:22.415917;(15, (242, 3051, 0, 3051, 2998, 0, 0, 271, 1841, 0, 3389, 5110, 0))
2018-04-08 00:42:22.481490;(7, (591, 1439, 0, 1439, 1415, 0, 0, 203, 1304, 0, 1794, 2922, 0))
2018-04-08 00:42:22.584194;(9, (1739, 518, 0, 518, 509, 0, 0, 111, 257, 0, 471, 877, 0))
