2018-03-20 21:00:22.198605;(12, (147, 139, 0, 0, 0, 0, 0, 0, 0, 0))
2018-03-20 21:00:22.212558;(3, (360, 338, 173, 0, 0, 0, 0, 0, 0, 0))
2018-03-20 21:00:22.294563;(11, (178, 170, 34, 0, 0, 0, 0, 0, 0, 0))
2018-03-20 21:00:22.312261;(6, (249, 249, 76, 0, 0, 0, 0, 0, 0, 0))
2018-03-20 21:00:22.395617;(4, (216, 258, 32, 1, 0, 0, 0, 0, 0, 0))
2018-03-20 21:00:22.487309;(23, (300, 254, 184, 0, 0, 0, 0, 0, 0, 0))
2018-03-20 21:00:22.498817;(15, (61, 36, 0, 0, 0, 0, 0, 0, 0, 0))
2018-03-20 21:00:22.591043;(21, (152, 91, 41, 0, 0, 0, 0, 0, 0, 0))
2018-03-20 21:00:22.597869;(20, (128, 66, 27, 0, 0, 0, 0, 0, 0, 0))
2018-03-20 21:00:22.666521;(14, (147, 93, 0, 0, 0, 0, 0, 0, 0, 0))
2018-03-20 21:00:22.692388;(2, (231, 277, 8, 0, 0, 0, 0, 0, 0, 0))
2018-03-20 21:00:22.757917;(1, (941, 754, 732, 0, 0, 0, 0, 0, 0, 0))
2018-03-20 21:00:22.764896;(9, (148, 114, 19, 0, 0, 0, 0, 0, 0, 0))
2018-03-20 21:00:22.794536;(16, (270, 224, 128, 0, 0, 0, 0, 0, 0, 0))
2018-03-20 21:00:22.849841;(10, (258, 265, 72, 0, 0, 0, 0, 0, 0, 0))
2018-03-20 21:00:22.863498;(19, (180, 118, 72, 0, 0, 0, 0, 0, 0, 0))
2018-03-20 21:00:22.886130;(24, (69, 38, 0, 0, 0, 0, 0, 0, 0, 0))
2018-03-20 21:00:22.920448;(8, (167, 176, 0, 0, 0, 0, 0, 0, 0, 0))
2018-03-20 21:00:22.931844;(18, (48, 39, 0, 0, 0, 0, 0, 0, 0, 0))
2018-03-20 21:00:22.967439;(5, (271, 207, 137, 0, 0, 0, 0, 0, 0, 0))
2018-03-20 21:00:23.004052;(7, (189, 190, 0, 0, 0, 0, 0, 0, 0, 0))
2018-03-20 21:00:23.019523;(17, (66, 47, 6, 0, 0, 0, 0, 0, 0, 0))
2018-03-20 21:00:23.043097;(22, (87, 34, 0, 0, 0, 0, 0, 0, 0, 0))
2018-03-20 21:00:23.096877;(25, (65, 41, 0, 0, 0, 0, 0, 0, 0, 0))
2018-03-20 21:00:23.134236;(26, (129, 79, 20, 0, 0, 0, 0, 0, 0, 0))
2018-03-20 21:01:22.217008;(12, (403, 464, 10, 0, 0, 0, 0, 0, 0, 0))
2018-03-20 21:01:22.232225;(3, (1451, 1505, 955, 0, 0, 0, 0, 0, 0, 0))
2018-03-20 21:01:22.309960;(11, (545, 621, 141, 0, 0, 0, 0, 0, 0, 0))
2018-03-20 21:01:22.329865;(6, (662, 774, 247, 0, 0, 0, 0, 0, 0, 0))
2018-03-20 21:01:22.406561;(4, (327, 406, 42, 1, 0, 0, 0, 0, 0, 0))
2018-03-20 21:01:22.419256;(13, (322, 347, 24, 0, 0, 0, 0, 0, 0, 0))
2018-03-20 21:01:22.500489;(23, (758, 729, 466, 0, 0, 0, 0, 0, 0, 0))
2018-03-20 21:01:22.509216;(15, (150, 121, 4, 0, 0, 0, 0, 0, 0, 0))
2018-03-20 21:01:22.602852;(21, (465, 361, 232, 0, 0, 0, 0, 0, 0, 0))
2018-03-20 21:01:22.616193;(20, (515, 503, 169, 0, 0, 0, 0, 0, 0, 0))
2018-03-20 21:01:22.683629;(14, (408, 443, 21, 0, 0, 0, 0, 0, 0, 0))
2018-03-20 21:01:22.709193;(2, (610, 737, 149, 0, 0, 0, 0, 0, 0, 0))
2018-03-20 21:01:22.767437;(1, (3311, 2898, 2866, 0, 0, 0, 0, 0, 0, 0))
2018-03-20 21:01:22.780984;(9, (447, 483, 68, 0, 0, 0, 0, 0, 0, 0))
2018-03-20 21:01:22.817298;(16, (980, 988, 515, 0, 0, 0, 0, 0, 0, 0))
2018-03-20 21:01:22.870536;(10, (736, 820, 276, 0, 0, 0, 0, 0, 0, 0))
2018-03-20 21:01:22.884105;(19, (464, 421, 152, 0, 0, 0, 0, 0, 0, 0))
2018-03-20 21:01:22.900019;(24, (246, 187, 32, 0, 0, 0, 0, 0, 0, 0))
2018-03-20 21:01:22.933846;(8, (380, 451, 27, 0, 0, 0, 0, 0, 0, 0))
2018-03-20 21:01:22.946183;(18, (229, 304, 2, 0, 0, 0, 0, 0, 0, 0))
2018-03-20 21:01:22.977122;(5, (447, 345, 177, 0, 0, 0, 0, 0, 0, 0))
2018-03-20 21:01:23.019907;(7, (423, 469, 11, 0, 0, 0, 0, 0, 0, 0))
2018-03-20 21:01:23.031517;(17, (253, 250, 45, 0, 0, 0, 0, 0, 0, 0))
2018-03-20 21:01:23.055451;(22, (234, 191, 33, 0, 0, 0, 0, 0, 0, 0))
2018-03-20 21:01:23.106807;(25, (145, 99, 9, 0, 0, 0, 0, 0, 0, 0))
2018-03-20 21:01:23.143410;(26, (321, 232, 88, 0, 0, 0, 0, 0, 0, 0))
2018-03-20 21:02:22.233511;(12, (615, 899, 26, 0, 0, 0, 0, 0, 0, 0))
2018-03-20 21:02:22.252679;(3, (2245, 2385, 1453, 0, 0, 0, 0, 0, 0, 0))
2018-03-20 21:02:22.321208;(11, (674, 778, 179, 0, 0, 0, 0, 0, 0, 0))
2018-03-20 21:02:22.346079;(6, (1438, 1665, 738, 0, 0, 0, 0, 0, 0, 0))
2018-03-20 21:02:22.417206;(4, (439, 554, 56, 1, 0, 0, 0, 0, 0, 0))
2018-03-20 21:02:22.431810;(13, (442, 490, 42, 0, 0, 0, 0, 0, 0, 0))
2018-03-20 21:02:22.515804;(23, (1169, 1178, 683, 0, 0, 0, 0, 0, 0, 0))
2018-03-20 21:02:22.521069;(15, (290, 232, 30, 0, 0, 0, 0, 0, 0, 0))
2018-03-20 21:02:22.613885;(21, (698, 576, 340, 0, 0, 0, 0, 0, 0, 0))
2018-03-20 21:02:22.635966;(20, (1038, 1075, 411, 0, 0, 0, 0, 0, 0, 0))
2018-03-20 21:02:22.699715;(14, (630, 739, 41, 0, 0, 0, 0, 0, 0, 0))
2018-03-20 21:02:22.727661;(2, (1007, 1245, 291, 0, 0, 0, 0, 0, 0, 0))
2018-03-20 21:02:22.777024;(1, (4860, 4241, 4199, 0, 0, 0, 0, 0, 0, 0))
2018-03-20 21:02:22.792256;(9, (663, 735, 138, 0, 0, 0, 0, 0, 0, 0))
2018-03-20 21:02:22.837133;(16, (1443, 1601, 698, 0, 0, 0, 0, 0, 0, 0))
2018-03-20 21:02:22.890556;(10, (968, 1191, 332, 0, 0, 0, 0, 0, 0, 0))
2018-03-20 21:02:22.900998;(19, (731, 676, 234, 0, 0, 0, 0, 0, 0, 0))
2018-03-20 21:02:22.913195;(24, (409, 323, 79, 0, 0, 0, 0, 0, 0, 0))
2018-03-20 21:02:22.947682;(8, (830, 931, 247, 0, 0, 0, 0, 0, 0, 0))
2018-03-20 21:02:22.959774;(18, (319, 469, 2, 0, 0, 0, 0, 0, 0, 0))
2018-03-20 21:02:22.987218;(5, (564, 429, 194, 0, 0, 0, 0, 0, 0, 0))
2018-03-20 21:02:23.038827;(7, (898, 1020, 204, 0, 0, 0, 0, 0, 0, 0))
2018-03-20 21:02:23.046072;(17, (319, 326, 49, 0, 0, 0, 0, 0, 0, 0))
2018-03-20 21:02:23.067622;(22, (836, 763, 453, 0, 0, 0, 0, 0, 0, 0))
2018-03-20 21:02:23.119726;(25, (239, 174, 26, 0, 0, 0, 0, 0, 0, 0))
2018-03-20 21:02:23.153828;(26, (475, 346, 139, 0, 0, 0, 0, 0, 0, 0))
2018-03-20 21:03:22.245098;(12, (704, 1077, 29, 0, 0, 0, 0, 0, 0, 0))
2018-03-20 21:03:22.271761;(3, (3115, 3300, 2073, 0, 0, 0, 0, 0, 0, 0))
2018-03-20 21:03:22.333975;(11, (714, 838, 179, 0, 0, 0, 0, 0, 0, 0))
2018-03-20 21:03:22.357105;(6, (1597, 1932, 800, 0, 0, 0, 0, 0, 0, 0))
2018-03-20 21:03:22.427180;(4, (515, 671, 63, 1, 0, 0, 0, 0, 0, 0))
2018-03-20 21:03:22.442994;(13, (526, 606, 53, 0, 0, 0, 0, 0, 0, 0))
2018-03-20 21:03:22.534685;(23, (1510, 1575, 806, 0, 0, 0, 0, 0, 0, 0))
2018-03-20 21:03:22.536891;(15, (334, 269, 30, 0, 0, 0, 0, 0, 0, 0))
2018-03-20 21:03:22.628772;(21, (783, 648, 374, 0, 0, 0, 0, 0, 0, 0))
2018-03-20 21:03:22.659727;(20, (1750, 1824, 879, 0, 0, 0, 0, 0, 0, 0))
2018-03-20 21:03:22.716612;(14, (711, 842, 44, 0, 0, 0, 0, 0, 0, 0))
2018-03-20 21:03:22.742849;(2, (1213, 1523, 291, 0, 0, 0, 0, 0, 0, 0))
2018-03-20 21:03:22.787255;(1, (5713, 5060, 5008, 0, 0, 0, 0, 0, 0, 0))
2018-03-20 21:03:22.804633;(9, (767, 908, 153, 0, 0, 0, 0, 0, 0, 0))
2018-03-20 21:03:22.856863;(16, (1557, 1797, 711, 0, 0, 0, 0, 0, 0, 0))
2018-03-20 21:03:22.911462;(10, (1052, 1460, 332, 0, 0, 0, 0, 0, 0, 0))
2018-03-20 21:03:22.921958;(19, (818, 758, 251, 0, 0, 0, 0, 0, 0, 0))
2018-03-20 21:03:22.929006;(24, (483, 388, 93, 0, 0, 0, 0, 0, 0, 0))
2018-03-20 21:03:22.958346;(8, (947, 1067, 275, 0, 0, 0, 0, 0, 0, 0))
2018-03-20 21:03:22.970824;(18, (368, 608, 2, 0, 0, 0, 0, 0, 0, 0))
2018-03-20 21:03:22.995871;(5, (621, 465, 199, 0, 0, 0, 0, 0, 0, 0))
2018-03-20 21:03:23.060224;(17, (365, 386, 49, 0, 0, 0, 0, 0, 0, 0))
2018-03-20 21:03:23.080359;(22, (929, 850, 486, 0, 0, 0, 0, 0, 0, 0))
2018-03-20 21:03:23.132868;(25, (277, 202, 26, 0, 0, 0, 0, 0, 0, 0))
2018-03-20 21:03:23.167665;(26, (546, 401, 147, 0, 0, 0, 0, 0, 0, 0))
2018-03-20 21:04:22.256621;(12, (754, 1215, 29, 0, 0, 0, 0, 0, 0, 0))
2018-03-20 21:04:22.290260;(3, (3919, 4164, 2657, 0, 0, 0, 0, 0, 0, 0))
2018-03-20 21:04:22.343790;(11, (744, 905, 179, 0, 0, 0, 0, 0, 0, 0))
2018-03-20 21:04:22.365960;(6, (1652, 2099, 800, 0, 0, 0, 0, 0, 0, 0))
2018-03-20 21:04:22.436704;(4, (551, 763, 63, 1, 0, 0, 0, 0, 0, 0))
2018-03-20 21:04:22.454937;(13, (558, 684, 53, 0, 0, 0, 0, 0, 0, 0))
2018-03-20 21:04:22.555867;(23, (1720, 1842, 806, 0, 0, 0, 0, 0, 0, 0))
2018-03-20 21:04:22.556464;(15, (353, 305, 30, 0, 0, 0, 0, 0, 0, 0))
2018-03-20 21:04:22.644348;(21, (809, 673, 374, 0, 0, 0, 0, 0, 0, 0))
2018-03-20 21:04:22.680686;(20, (2392, 2523, 1304, 0, 0, 0, 0, 0, 0, 0))
2018-03-20 21:04:22.729319;(14, (752, 935, 44, 0, 0, 0, 0, 0, 0, 0))
2018-03-20 21:04:22.766404;(2, (1419, 1788, 291, 0, 0, 0, 0, 0, 0, 0))
2018-03-20 21:04:22.797680;(1, (6498, 5835, 5773, 0, 0, 0, 0, 0, 0, 0))
2018-03-20 21:04:22.822340;(9, (814, 1034, 153, 0, 0, 0, 0, 0, 0, 0))
2018-03-20 21:04:22.874166;(16, (1612, 1961, 711, 0, 0, 0, 0, 0, 0, 0))
2018-03-20 21:04:22.932594;(10, (1134, 1747, 332, 0, 0, 0, 0, 0, 0, 0))
2018-03-20 21:04:22.935919;(19, (847, 800, 251, 0, 0, 0, 0, 0, 0, 0))
2018-03-20 21:04:22.939913;(24, (504, 416, 93, 0, 0, 0, 0, 0, 0, 0))
2018-03-20 21:04:22.968867;(8, (982, 1135, 275, 0, 0, 0, 0, 0, 0, 0))
2018-03-20 21:04:22.984794;(18, (415, 747, 2, 0, 0, 0, 0, 0, 0, 0))
2018-03-20 21:04:23.007094;(5, (644, 491, 199, 0, 0, 0, 0, 0, 0, 0))
2018-03-20 21:04:23.081554;(7, (1535, 1774, 425, 0, 0, 0, 0, 0, 0, 0))
2018-03-20 21:04:23.083298;(17, (388, 432, 49, 0, 0, 0, 0, 0, 0, 0))
2018-03-20 21:04:23.095990;(22, (954, 884, 486, 0, 0, 0, 0, 0, 0, 0))
2018-03-20 21:04:23.145649;(25, (300, 229, 26, 0, 0, 0, 0, 0, 0, 0))
2018-03-20 21:04:23.180172;(26, (569, 428, 147, 0, 0, 0, 0, 0, 0, 0))
2018-03-20 21:05:22.267782;(12, (839, 1384, 29, 0, 0, 0, 0, 0, 0, 0))
2018-03-20 21:05:22.311143;(3, (4760, 5051, 3265, 0, 0, 0, 0, 0, 0, 0))
2018-03-20 21:05:22.353302;(11, (803, 992, 192, 0, 0, 0, 0, 0, 0, 0))
2018-03-20 21:05:22.379474;(6, (1861, 2407, 872, 1, 0, 0, 0, 0, 0, 0))
2018-03-20 21:05:22.448463;(4, (613, 876, 69, 1, 0, 0, 0, 0, 0, 0))
2018-03-20 21:05:22.467116;(13, (613, 773, 54, 0, 0, 0, 0, 0, 0, 0))
2018-03-20 21:05:22.569069;(15, (412, 357, 32, 0, 0, 0, 0, 0, 0, 0))
2018-03-20 21:05:22.575941;(23, (2028, 2213, 892, 0, 0, 0, 0, 0, 0, 0))
2018-03-20 21:05:22.658153;(21, (1123, 986, 596, 0, 0, 0, 0, 0, 0, 0))
2018-03-20 21:05:22.700457;(20, (3102, 3283, 1769, 0, 0, 0, 0, 0, 0, 0))
2018-03-20 21:05:22.745151;(14, (825, 1033, 44, 0, 0, 0, 0, 0, 0, 0))
2018-03-20 21:05:22.785461;(2, (1644, 2077, 298, 0, 0, 0, 0, 0, 0, 0))
2018-03-20 21:05:22.810096;(1, (7574, 6857, 6785, 0, 0, 0, 0, 0, 0, 0))
2018-03-20 21:05:22.837147;(9, (930, 1202, 162, 0, 0, 0, 0, 0, 0, 0))
2018-03-20 21:05:22.891916;(16, (1752, 2176, 723, 0, 0, 0, 0, 0, 0, 0))
2018-03-20 21:05:22.949245;(10, (1242, 2043, 333, 0, 0, 0, 0, 0, 0, 0))
2018-03-20 21:05:22.950104;(19, (1064, 1011, 357, 0, 0, 0, 0, 0, 0, 0))
2018-03-20 21:05:22.951124;(24, (567, 473, 104, 0, 0, 0, 0, 0, 0, 0))
2018-03-20 21:05:22.982508;(8, (1278, 1485, 421, 0, 0, 0, 0, 0, 0, 0))
2018-03-20 21:05:22.997048;(18, (469, 886, 2, 0, 0, 0, 0, 0, 0, 0))
2018-03-20 21:05:23.018291;(5, (692, 533, 204, 0, 0, 0, 0, 0, 0, 0))
2018-03-20 21:05:23.101321;(7, (1860, 2162, 528, 0, 0, 0, 0, 0, 0, 0))
2018-03-20 21:05:23.101708;(17, (446, 511, 55, 0, 0, 0, 0, 0, 0, 0))
2018-03-20 21:05:23.112099;(22, (1106, 1041, 566, 0, 0, 0, 0, 0, 0, 0))
2018-03-20 21:05:23.158190;(25, (337, 265, 26, 0, 0, 0, 0, 0, 0, 0))
2018-03-20 21:05:23.192297;(26, (660, 504, 178, 0, 0, 0, 0, 0, 0, 0))
2018-03-20 21:06:22.278375;(12, (898, 1546, 29, 0, 0, 0, 0, 0, 0, 0))
2018-03-20 21:06:22.330515;(3, (5570, 5912, 3843, 0, 0, 0, 0, 0, 0, 0))
2018-03-20 21:06:22.362574;(11, (839, 1060, 192, 0, 0, 0, 0, 0, 0, 0))
2018-03-20 21:06:22.390985;(6, (1920, 2570, 872, 1, 0, 0, 0, 0, 0, 0))
2018-03-20 21:06:22.460124;(4, (655, 965, 69, 1, 0, 0, 0, 0, 0, 0))
2018-03-20 21:06:22.480615;(13, (654, 850, 54, 0, 0, 0, 0, 0, 0, 0))
2018-03-20 21:06:22.580537;(15, (443, 400, 32, 0, 0, 0, 0, 0, 0, 0))
2018-03-20 21:06:22.600016;(23, (2252, 2489, 901, 0, 0, 0, 0, 0, 0, 0))
2018-03-20 21:06:22.670675;(21, (1153, 1014, 596, 0, 0, 0, 0, 0, 0, 0))
2018-03-20 21:06:22.723366;(20, (3755, 3984, 2197, 0, 0, 0, 0, 0, 0, 0))
2018-03-20 21:06:22.759223;(14, (874, 1120, 44, 0, 0, 0, 0, 0, 0, 0))
2018-03-20 21:06:22.810414;(2, (1853, 2354, 298, 0, 0, 0, 0, 0, 0, 0))
2018-03-20 21:06:22.825314;(1, (8354, 7621, 7539, 0, 0, 0, 0, 0, 0, 0))
2018-03-20 21:06:22.854135;(9, (977, 1291, 162, 0, 0, 0, 0, 0, 0, 0))
2018-03-20 21:06:22.908501;(16, (1811, 2325, 723, 0, 0, 0, 0, 0, 0, 0))
2018-03-20 21:06:22.963189;(10, (1323, 2298, 333, 0, 0, 0, 0, 0, 0, 0))
2018-03-20 21:06:22.964220;(24, (594, 502, 104, 0, 0, 0, 0, 0, 0, 0))
2018-03-20 21:06:22.965442;(19, (1101, 1059, 357, 0, 0, 0, 0, 0, 0, 0))
2018-03-20 21:06:22.996606;(8, (1343, 1668, 421, 0, 0, 0, 0, 0, 0, 0))
2018-03-20 21:06:23.010588;(18, (518, 1026, 2, 0, 0, 0, 0, 0, 0, 0))
2018-03-20 21:06:23.029285;(5, (725, 555, 204, 0, 0, 0, 0, 0, 0, 0))
2018-03-20 21:06:23.120651;(7, (2175, 2534, 626, 0, 0, 0, 0, 0, 0, 0))
2018-03-20 21:06:23.121222;(17, (477, 562, 55, 0, 0, 0, 0, 0, 0, 0))
2018-03-20 21:06:23.128948;(22, (1133, 1070, 566, 0, 0, 0, 0, 0, 0, 0))
2018-03-20 21:06:23.171539;(25, (360, 288, 26, 0, 0, 0, 0, 0, 0, 0))
2018-03-20 21:06:23.201133;(26, (692, 532, 178, 0, 0, 0, 0, 0, 0, 0))
2018-03-20 21:07:22.288132;(12, (950, 1702, 29, 0, 0, 0, 0, 0, 0, 0))
2018-03-20 21:07:22.348454;(3, (6418, 6814, 4462, 0, 0, 0, 0, 0, 0, 0))
2018-03-20 21:07:22.370605;(11, (866, 1119, 192, 0, 0, 0, 0, 0, 0, 0))
2018-03-20 21:07:22.401994;(6, (1974, 2731, 873, 1, 0, 0, 0, 0, 0, 0))
2018-03-20 21:07:22.471718;(4, (688, 1051, 69, 1, 0, 0, 0, 0, 0, 0))
2018-03-20 21:07:22.492811;(13, (687, 926, 54, 0, 0, 0, 0, 0, 0, 0))
2018-03-20 21:07:22.591872;(15, (465, 437, 32, 0, 0, 0, 0, 0, 0, 0))
2018-03-20 21:07:22.621304;(23, (2458, 2754, 901, 0, 0, 0, 0, 0, 0, 0))
2018-03-20 21:07:22.683394;(21, (1215, 1097, 618, 0, 0, 0, 0, 0, 0, 0))
2018-03-20 21:07:22.740453;(20, (4424, 4708, 2650, 0, 0, 0, 0, 0, 0, 0))
2018-03-20 21:07:22.772191;(14, (918, 1209, 44, 0, 0, 0, 0, 0, 0, 0))
2018-03-20 21:07:22.839996;(2, (2059, 2624, 298, 0, 0, 0, 0, 0, 0, 0))
2018-03-20 21:07:22.848994;(1, (9201, 8457, 8365, 0, 0, 0, 0, 0, 0, 0))
2018-03-20 21:07:22.874289;(9, (1013, 1383, 162, 0, 0, 0, 0, 0, 0, 0))
2018-03-20 21:07:22.925193;(16, (1863, 2471, 723, 0, 0, 0, 0, 0, 0, 0))
2018-03-20 21:07:22.979606;(10, (1402, 2557, 333, 0, 0, 0, 0, 0, 0, 0))
2018-03-20 21:07:22.981473;(24, (612, 523, 104, 0, 0, 0, 0, 0, 0, 0))
2018-03-20 21:07:22.981690;(19, (1130, 1110, 357, 0, 0, 0, 0, 0, 0, 0))
2018-03-20 21:07:23.011280;(8, (1422, 1874, 421, 0, 0, 0, 0, 0, 0, 0))
2018-03-20 21:07:23.026133;(18, (585, 1192, 3, 0, 0, 0, 0, 0, 0, 0))
2018-03-20 21:07:23.040500;(5, (745, 581, 204, 0, 0, 0, 0, 0, 0, 0))
2018-03-20 21:07:23.139588;(17, (498, 601, 55, 0, 0, 0, 0, 0, 0, 0))
2018-03-20 21:07:23.140938;(7, (2385, 2804, 627, 0, 0, 0, 0, 0, 0, 0))
2018-03-20 21:07:23.144277;(22, (1157, 1100, 567, 0, 0, 0, 0, 0, 0, 0))
2018-03-20 21:07:23.183320;(25, (380, 314, 26, 0, 0, 0, 0, 0, 0, 0))
2018-03-20 21:07:23.208081;(26, (711, 553, 178, 0, 0, 0, 0, 0, 0, 0))
2018-03-20 21:08:22.299187;(12, (1054, 1840, 64, 0, 0, 0, 0, 0, 0, 0))
2018-03-20 21:08:22.367141;(3, (7383, 7823, 5166, 0, 0, 0, 0, 0, 0, 0))
2018-03-20 21:08:22.381816;(11, (961, 1230, 216, 0, 0, 0, 0, 0, 0, 0))
2018-03-20 21:08:22.414431;(6, (2073, 2920, 877, 1, 0, 0, 0, 0, 0, 0))
2018-03-20 21:08:22.483276;(4, (769, 1160, 72, 1, 0, 0, 0, 0, 0, 0))
2018-03-20 21:08:22.504877;(13, (767, 1023, 58, 0, 0, 0, 0, 0, 0, 0))
2018-03-20 21:08:22.603740;(15, (550, 517, 45, 0, 0, 0, 0, 0, 0, 0))
2018-03-20 21:08:22.643531;(23, (2680, 3028, 904, 0, 0, 0, 0, 0, 0, 0))
2018-03-20 21:08:22.693179;(21, (1411, 1298, 702, 0, 0, 0, 0, 0, 0, 0))
2018-03-20 21:08:22.758759;(20, (5154, 5489, 3142, 0, 0, 0, 0, 0, 0, 0))
2018-03-20 21:08:22.784956;(14, (1062, 1369, 88, 1, 0, 0, 0, 0, 0, 0))
2018-03-20 21:08:22.871609;(1, (10165, 9378, 9276, 0, 0, 0, 0, 0, 0, 0))
2018-03-20 21:08:22.872127;(2, (2281, 2906, 308, 0, 0, 0, 0, 0, 0, 0))
2018-03-20 21:08:22.898306;(9, (1083, 1478, 162, 0, 0, 0, 0, 0, 0, 0))
2018-03-20 21:08:22.944681;(16, (1987, 2710, 726, 0, 0, 0, 0, 0, 0, 0))
2018-03-20 21:08:22.995387;(19, (1325, 1292, 409, 0, 0, 0, 0, 0, 0, 0))
2018-03-20 21:08:22.995713;(10, (1568, 2946, 360, 0, 0, 0, 0, 0, 0, 0))
2018-03-20 21:08:22.997351;(24, (717, 621, 111, 0, 0, 0, 0, 0, 0, 0))
2018-03-20 21:08:23.030340;(8, (1616, 2261, 456, 0, 0, 0, 0, 0, 0, 0))
2018-03-20 21:08:23.045844;(18, (764, 1597, 51, 0, 0, 0, 0, 0, 0, 0))
2018-03-20 21:08:23.056428;(5, (839, 649, 218, 0, 0, 0, 0, 0, 0, 0))
2018-03-20 21:08:23.154015;(17, (561, 672, 64, 0, 0, 0, 0, 0, 0, 0))
2018-03-20 21:08:23.160954;(22, (1225, 1170, 571, 0, 0, 0, 0, 0, 0, 0))
2018-03-20 21:08:23.165640;(7, (2606, 3082, 632, 0, 0, 0, 0, 0, 0, 0))
2018-03-20 21:08:23.195280;(25, (449, 368, 32, 0, 0, 0, 0, 0, 0, 0))
2018-03-20 21:08:23.217818;(26, (853, 677, 209, 0, 0, 0, 0, 0, 0, 0))
2018-03-20 21:09:22.311424;(12, (1087, 1925, 64, 0, 0, 0, 0, 0, 0, 0))
2018-03-20 21:09:22.384364;(3, (7862, 8293, 5358, 0, 0, 0, 0, 0, 0, 0))
2018-03-20 21:09:22.426519;(6, (2118, 3060, 877, 1, 0, 0, 0, 0, 0, 0))
2018-03-20 21:09:22.495401;(4, (802, 1245, 72, 1, 0, 0, 0, 0, 0, 0))
2018-03-20 21:09:22.518942;(13, (801, 1106, 58, 0, 0, 0, 0, 0, 0, 0))
2018-03-20 21:09:22.618233;(15, (573, 553, 45, 0, 0, 0, 0, 0, 0, 0))
2018-03-20 21:09:22.668055;(23, (2885, 3296, 904, 0, 0, 0, 0, 0, 0, 0))
2018-03-20 21:09:22.704569;(21, (1435, 1344, 702, 0, 0, 0, 0, 0, 0, 0))
2018-03-20 21:09:22.776730;(20, (5813, 6269, 3579, 0, 0, 0, 0, 0, 0, 0))
2018-03-20 21:09:22.796881;(14, (1103, 1466, 88, 1, 0, 0, 0, 0, 0, 0))
2018-03-20 21:09:22.898745;(2, (2488, 3178, 308, 0, 0, 0, 0, 0, 0, 0))
2018-03-20 21:09:22.916437;(9, (1120, 1563, 162, 0, 0, 0, 0, 0, 0, 0))
2018-03-20 21:09:22.959352;(16, (2059, 2926, 726, 0, 0, 0, 0, 0, 0, 0))
2018-03-20 21:09:23.009225;(19, (1354, 1343, 409, 0, 0, 0, 0, 0, 0, 0))
2018-03-20 21:09:23.012602;(10, (1663, 3287, 360, 0, 0, 0, 0, 0, 0, 0))
2018-03-20 21:09:23.013014;(24, (738, 648, 111, 0, 0, 0, 0, 0, 0, 0))
2018-03-20 21:09:23.047553;(8, (1712, 2592, 456, 0, 0, 0, 0, 0, 0, 0))
2018-03-20 21:09:23.063327;(18, (866, 1953, 51, 0, 0, 0, 0, 0, 0, 0))
2018-03-20 21:09:23.072899;(5, (858, 669, 218, 0, 0, 0, 0, 0, 0, 0))
2018-03-20 21:09:23.166533;(17, (581, 710, 64, 0, 0, 0, 0, 0, 0, 0))
2018-03-20 21:09:23.174832;(22, (1251, 1213, 571, 0, 0, 0, 0, 0, 0, 0))
2018-03-20 21:09:23.189512;(7, (2813, 3352, 632, 0, 0, 0, 0, 0, 0, 0))
2018-03-20 21:09:23.206356;(25, (468, 395, 32, 0, 0, 0, 0, 0, 0, 0))
2018-03-20 21:09:23.397123;(11, (992, 1298, 216, 0, 0, 0, 0, 0, 0, 0))
2018-03-20 21:09:23.888309;(1, (10957, 10157, 10043, 0, 0, 0, 0, 0, 0, 0))
2018-03-20 21:09:24.226245;(26, (873, 697, 209, 0, 0, 0, 0, 0, 0, 0))
2018-03-20 21:10:22.691860;(23, (3180, 3712, 970, 0, 0, 0, 0, 0, 0, 0))
2018-03-20 21:10:22.924159;(2, (2881, 3613, 446, 0, 0, 0, 0, 0, 0, 0))
2018-03-20 21:10:23.209663;(7, (3040, 3700, 640, 0, 0, 0, 0, 0, 0, 0))
2018-03-20 21:10:23.324065;(12, (1150, 2038, 64, 0, 0, 0, 0, 0, 0, 0))
2018-03-20 21:10:23.402606;(3, (8323, 8795, 5555, 0, 0, 0, 0, 0, 0, 0))
2018-03-20 21:10:23.410162;(11, (1025, 1373, 216, 0, 0, 0, 0, 0, 0, 0))
2018-03-20 21:10:23.441007;(6, (2335, 3364, 997, 1, 0, 0, 0, 0, 0, 0))
2018-03-20 21:10:23.507192;(4, (852, 1356, 75, 1, 0, 0, 0, 0, 0, 0))
2018-03-20 21:10:23.532191;(13, (837, 1186, 58, 0, 0, 0, 0, 0, 0, 0))
2018-03-20 21:10:23.631825;(15, (609, 600, 45, 0, 0, 0, 0, 0, 0, 0))
2018-03-20 21:10:23.716236;(21, (1581, 1498, 748, 0, 0, 0, 0, 0, 0, 0))
2018-03-20 21:10:23.795294;(20, (6377, 6875, 3845, 0, 0, 0, 0, 0, 0, 0))
2018-03-20 21:10:23.810581;(14, (1162, 1561, 93, 1, 0, 0, 0, 0, 0, 0))
2018-03-20 21:10:23.902061;(1, (12088, 11212, 11087, 0, 0, 0, 0, 0, 0, 0))
2018-03-20 21:10:23.931439;(9, (1173, 1663, 162, 0, 0, 0, 0, 0, 0, 0))
2018-03-20 21:10:23.976538;(16, (2180, 3197, 740, 0, 0, 0, 0, 0, 0, 0))
2018-03-20 21:10:24.023272;(19, (1464, 1480, 454, 0, 0, 0, 0, 0, 0, 0))
2018-03-20 21:10:24.032180;(10, (1774, 3644, 360, 0, 0, 0, 0, 0, 0, 0))
2018-03-20 21:10:24.032668;(24, (774, 684, 114, 0, 0, 0, 0, 0, 0, 0))
2018-03-20 21:10:24.067356;(8, (1945, 3037, 521, 0, 0, 0, 0, 0, 0, 0))
2018-03-20 21:10:24.083441;(18, (988, 2320, 53, 0, 0, 0, 0, 0, 0, 0))
2018-03-20 21:10:24.088170;(5, (898, 710, 223, 0, 0, 0, 0, 0, 0, 0))
2018-03-20 21:10:24.179191;(17, (609, 760, 64, 0, 0, 0, 0, 0, 0, 0))
2018-03-20 21:10:24.191202;(22, (1355, 1331, 600, 0, 0, 0, 0, 0, 0, 0))
2018-03-20 21:10:24.219949;(25, (495, 423, 34, 0, 0, 0, 0, 0, 0, 0))
2018-03-20 21:10:24.234931;(26, (906, 728, 210, 0, 0, 0, 0, 0, 0, 0))
2018-03-20 21:11:23.231041;(7, (3254, 3999, 640, 0, 0, 0, 0, 0, 0, 0))
2018-03-20 21:11:23.333549;(12, (1245, 2153, 73, 0, 0, 0, 0, 0, 0, 0))
2018-03-20 21:11:23.418742;(3, (9610, 10124, 6520, 0, 0, 0, 0, 0, 0, 0))
2018-03-20 21:11:23.422199;(11, (1102, 1479, 230, 0, 0, 0, 0, 0, 0, 0))
2018-03-20 21:11:23.459933;(6, (2919, 4031, 1320, 1, 0, 0, 0, 0, 0, 0))
2018-03-20 21:11:23.520523;(4, (1106, 1637, 186, 1, 0, 0, 0, 0, 0, 0))
2018-03-20 21:11:23.544023;(13, (985, 1352, 67, 0, 0, 0, 0, 0, 0, 0))
2018-03-20 21:11:23.643802;(15, (682, 649, 51, 0, 0, 0, 0, 0, 0, 0))
2018-03-20 21:11:23.709821;(23, (3528, 4172, 1096, 1, 0, 0, 0, 0, 0, 0))
2018-03-20 21:11:23.725727;(21, (1690, 1580, 760, 0, 0, 0, 0, 0, 0, 0))
2018-03-20 21:11:23.814011;(20, (7008, 7552, 4221, 0, 0, 0, 0, 0, 0, 0))
2018-03-20 21:11:23.827629;(14, (1293, 1694, 103, 1, 0, 0, 0, 0, 0, 0))
2018-03-20 21:11:23.915564;(1, (13381, 12395, 12259, 0, 0, 0, 0, 0, 0, 0))
2018-03-20 21:11:23.944919;(2, (3223, 4028, 557, 0, 0, 0, 0, 0, 0, 0))
2018-03-20 21:11:23.945378;(9, (1306, 1802, 182, 0, 0, 0, 0, 0, 0, 0))
2018-03-20 21:11:23.991125;(16, (2317, 3357, 751, 0, 0, 0, 0, 0, 0, 0))
2018-03-20 21:11:24.037118;(19, (1609, 1596, 475, 0, 0, 0, 0, 0, 0, 0))
2018-03-20 21:11:24.043109;(24, (927, 812, 137, 0, 0, 0, 0, 0, 0, 0))
2018-03-20 21:11:24.053597;(10, (1890, 4000, 360, 0, 0, 0, 0, 0, 0, 0))
2018-03-20 21:11:24.090001;(8, (2225, 3362, 565, 0, 0, 0, 0, 0, 0, 0))
2018-03-20 21:11:24.102207;(18, (1108, 2682, 53, 0, 0, 0, 0, 0, 0, 0))
2018-03-20 21:11:24.105137;(5, (1003, 772, 239, 0, 0, 0, 0, 0, 0, 0))
2018-03-20 21:11:24.191322;(17, (676, 827, 72, 0, 0, 0, 0, 0, 0, 0))
2018-03-20 21:11:24.210151;(22, (1790, 1797, 771, 0, 0, 0, 0, 0, 0, 0))
2018-03-20 21:11:24.232970;(25, (688, 604, 137, 2, 0, 0, 0, 0, 0, 0))
2018-03-20 21:11:24.245195;(26, (1051, 833, 251, 0, 0, 0, 0, 0, 0, 0))
2018-03-20 21:12:23.346883;(12, (1287, 2230, 73, 0, 0, 0, 0, 0, 0, 0))
2018-03-20 21:12:23.435289;(11, (1161, 1572, 239, 0, 0, 0, 0, 0, 0, 0))
2018-03-20 21:12:23.439600;(3, (10501, 11055, 7157, 0, 0, 0, 0, 0, 0, 0))
2018-03-20 21:12:23.480015;(6, (3112, 4550, 1353, 1, 0, 0, 0, 0, 0, 0))
2018-03-20 21:12:23.533946;(4, (1160, 1738, 187, 1, 0, 0, 0, 0, 0, 0))
2018-03-20 21:12:23.558069;(13, (1054, 1455, 72, 0, 0, 0, 0, 0, 0, 0))
2018-03-20 21:12:23.657906;(15, (718, 684, 51, 0, 0, 0, 0, 0, 0, 0))
2018-03-20 21:12:23.730580;(23, (3799, 4499, 1143, 1, 0, 0, 0, 0, 0, 0))
2018-03-20 21:12:23.739512;(21, (1753, 1666, 760, 0, 0, 0, 0, 0, 0, 0))
2018-03-20 21:12:23.839007;(20, (7723, 8327, 4701, 0, 0, 0, 0, 0, 0, 0))
2018-03-20 21:12:23.847669;(14, (1357, 1791, 104, 1, 0, 0, 0, 0, 0, 0))
2018-03-20 21:12:23.929160;(1, (14253, 13236, 13088, 0, 0, 0, 0, 0, 0, 0))
2018-03-20 21:12:23.955540;(9, (1360, 1884, 184, 0, 0, 0, 0, 0, 0, 0))
2018-03-20 21:12:23.963059;(2, (3709, 4571, 818, 0, 0, 0, 0, 0, 0, 0))
2018-03-20 21:12:24.002275;(16, (2371, 3435, 754, 0, 0, 0, 0, 0, 0, 0))
2018-03-20 21:12:24.051493;(19, (1655, 1650, 475, 0, 0, 0, 0, 0, 0, 0))
2018-03-20 21:12:24.052999;(24, (964, 842, 137, 0, 0, 0, 0, 0, 0, 0))
2018-03-20 21:12:24.070561;(10, (2002, 4359, 363, 0, 0, 0, 0, 0, 0, 0))
2018-03-20 21:12:24.107823;(8, (2269, 3428, 565, 0, 0, 0, 0, 0, 0, 0))
2018-03-20 21:12:24.122927;(18, (1217, 3038, 53, 0, 0, 0, 0, 0, 0, 0))
2018-03-20 21:12:24.124261;(5, (1041, 794, 239, 0, 0, 0, 0, 0, 0, 0))
2018-03-20 21:12:24.204363;(17, (718, 888, 77, 0, 0, 0, 0, 0, 0, 0))
2018-03-20 21:12:24.222132;(22, (1912, 2012, 795, 0, 0, 0, 0, 0, 0, 0))
2018-03-20 21:12:24.248901;(7, (3466, 4280, 642, 0, 0, 0, 0, 0, 0, 0))
2018-03-20 21:12:24.249602;(25, (723, 637, 139, 2, 0, 0, 0, 0, 0, 0))
2018-03-20 21:12:24.258131;(26, (1103, 866, 256, 0, 0, 0, 0, 0, 0, 0))
2018-03-20 21:13:23.359341;(12, (1370, 2336, 80, 0, 0, 0, 0, 0, 0, 0))
2018-03-20 21:13:23.449677;(11, (1361, 1798, 293, 0, 0, 0, 0, 0, 0, 0))
2018-03-20 21:13:23.461472;(3, (11567, 12164, 7939, 0, 0, 0, 0, 0, 0, 0))
2018-03-20 21:13:23.499909;(6, (3269, 5056, 1353, 1, 0, 0, 0, 0, 0, 0))
2018-03-20 21:13:23.547109;(4, (1255, 1860, 189, 1, 0, 0, 0, 0, 0, 0))
2018-03-20 21:13:23.570366;(13, (1161, 1555, 83, 0, 0, 0, 0, 0, 0, 0))
2018-03-20 21:13:23.670901;(15, (785, 729, 55, 0, 0, 0, 0, 0, 0, 0))
2018-03-20 21:13:23.750645;(23, (4321, 5111, 1410, 1, 0, 0, 0, 0, 0, 0))
2018-03-20 21:13:23.752316;(21, (1807, 1721, 760, 0, 0, 0, 0, 0, 0, 0))
2018-03-20 21:13:23.864267;(20, (8618, 9259, 5317, 0, 0, 0, 0, 0, 0, 0))
2018-03-20 21:13:23.867720;(14, (1484, 1935, 121, 1, 0, 0, 0, 0, 0, 0))
2018-03-20 21:13:23.942494;(1, (15295, 14217, 14059, 0, 0, 0, 0, 0, 0, 0))
2018-03-20 21:13:23.965927;(9, (1466, 2009, 198, 0, 0, 0, 0, 0, 0, 0))
2018-03-20 21:13:23.981001;(2, (4478, 5436, 1331, 0, 0, 0, 0, 0, 0, 0))
2018-03-20 21:13:24.015013;(16, (2476, 3555, 767, 0, 0, 0, 0, 0, 0, 0))
2018-03-20 21:13:24.065655;(19, (1901, 1879, 566, 0, 0, 0, 0, 0, 0, 0))
2018-03-20 21:13:24.067210;(24, (1120, 974, 167, 0, 0, 0, 0, 0, 0, 0))
2018-03-20 21:13:24.092208;(10, (2428, 4907, 539, 0, 0, 0, 0, 0, 0, 0))
2018-03-20 21:13:24.145833;(18, (1366, 3313, 55, 0, 0, 0, 0, 0, 0, 0))
2018-03-20 21:13:24.146314;(5, (1196, 920, 266, 0, 0, 0, 0, 0, 0, 0))
2018-03-20 21:13:24.216922;(17, (813, 975, 97, 0, 0, 0, 0, 0, 0, 0))
2018-03-20 21:13:24.232745;(22, (1990, 2157, 795, 0, 0, 0, 0, 0, 0, 0))
2018-03-20 21:13:24.266878;(25, (803, 698, 148, 2, 0, 0, 0, 0, 0, 0))
2018-03-20 21:13:24.267766;(7, (3704, 4635, 669, 0, 0, 0, 0, 0, 0, 0))
2018-03-20 21:13:24.272165;(26, (1292, 1017, 327, 0, 0, 0, 0, 0, 0, 0))
